time startPrice highestPrice lowestPrice endPrice transactionCount
20130815	123	123	123	5.61646717688256	1234
20130815	123	123	123	11.60351563371719	1234
20130815	123	123	123	11.319507617430563	1234
20130815	123	123	123	15.139758880905966	1234
20130815	123	123	123	16.143313644920386	1234
20130815	123	123	123	12.929464558179696	1234
20130815	123	123	123	11.011966769406564	1234
20130815	123	123	123	13.08053909611537	1234
20130815	123	123	123	4.834154185758748	1234
20130815	123	123	123	0.6871713771618282	1234
20130815	123	123	123	15.29908367757422	1234
20130815	123	123	123	5.317235913761593	1234
20130815	123	123	123	1.3626146563404817	1234
20130815	123	123	123	4.7885948529460105	1234
20130815	123	123	123	12.522328399955489	1234
20130815	123	123	123	13.347440907797182	1234
20130815	123	123	123	6.402460890074073	1234
20130815	123	123	123	7.51264962870467	1234
20130815	123	123	123	13.139921882661794	1234
20130815	123	123	123	18.67600796961239	1234
20130815	123	123	123	166.97314424327084	1234
20130815	123	123	123	247.07179552853643	1234
20130815	123	123	123	314.93733947026425	1234
20130815	123	123	123	362.08584813379844	1234
20130815	123	123	123	449.2262599867545	1234
20130815	123	123	123	484.5110528479573	1234
20130815	123	123	123	511.704998817492	1234
20130815	123	123	123	453.7492695524791	1234
20130815	123	123	123	372.2456445571287	1234
20130815	123	123	123	399.9841563398884	1234
20130815	123	123	123	424.9164398185078	1234
20130815	123	123	123	453.0799223076118	1234
20130815	123	123	123	501.75776743528513	1234
20130815	123	123	123	422.017025818692	1234
20130815	123	123	123	394.65233595180536	1234
20130815	123	123	123	368.52349125014746	1234
20130815	123	123	123	324.4938471077947	1234
20130815	123	123	123	283.1364409697964	1234
20130815	123	123	123	204.67870141878674	1234
20130815	123	123	123	168.0	1234
20130815	123	123	123	1.038023667206589	1234
20130815	123	123	123	16.03737316815689	1234
20130815	123	123	123	11.7046380878834	1234
20130815	123	123	123	7.4071679717085415	1234
20130815	123	123	123	8.49825254979696	1234
20130815	123	123	123	17.43930765819337	1234
20130815	123	123	123	3.963389347545878	1234
20130815	123	123	123	14.391563928721336	1234
20130815	123	123	123	9.75308959765669	1234
20130815	123	123	123	16.78570400930401	1234
20130815	123	123	123	6.330183106314653	1234
20130815	123	123	123	12.407330071774394	1234
20130815	123	123	123	14.842899628998811	1234
20130815	123	123	123	3.8084393203299083	1234
20130815	123	123	123	5.628569471412009	1234
20130815	123	123	123	9.530126306909803	1234
20130815	123	123	123	17.768704365747283	1234
20130815	123	123	123	9.13682307978614	1234
20130815	123	123	123	3.2692270088052	1234
20130815	123	123	123	16.14781429313597	1234