time startPrice highestPrice lowestPrice endPrice transactionCount
20130815	123	123	123	16.5915571377805	1234
20130815	123	123	123	10.874274769334178	1234
20130815	123	123	123	11.822985918521535	1234
20130815	123	123	123	16.411898299571597	1234
20130815	123	123	123	3.5346563856903623	1234
20130815	123	123	123	12.852568494097694	1234
20130815	123	123	123	5.290111700668733	1234
20130815	123	123	123	12.225394687811768	1234
20130815	123	123	123	15.368382772703129	1234
20130815	123	123	123	19.94244153824178	1234
20130815	123	123	123	10.30657911950776	1234
20130815	123	123	123	19.67186852621704	1234
20130815	123	123	123	7.874334087240086	1234
20130815	123	123	123	5.975896237421341	1234
20130815	123	123	123	10.178503103989517	1234
20130815	123	123	123	5.948376136749811	1234
20130815	123	123	123	7.5978110329986	1234
20130815	123	123	123	4.5432545082442255	1234
20130815	123	123	123	5.812163864699979	1234
20130815	123	123	123	19.05737317438775	1234
20130815	123	123	123	167.58491347587488	1234
20130815	123	123	123	216.80141001265736	1234
20130815	123	123	123	357.76716093809654	1234
20130815	123	123	123	385.1705619597116	1234
20130815	123	123	123	418.5795472307312	1234
20130815	123	123	123	449.90196700239557	1234
20130815	123	123	123	511.6792884634419	1234
20130815	123	123	123	454.59458181976885	1234
20130815	123	123	123	423.3115747058774	1234
20130815	123	123	123	374.14271742154585	1234
20130815	123	123	123	428.24261701257973	1234
20130815	123	123	123	450.8630414318828	1234
20130815	123	123	123	478.9268724407256	1234
20130815	123	123	123	499.58318796232646	1234
20130815	123	123	123	473.2498939973411	1234
20130815	123	123	123	422.19999999999993	1234
20130815	123	123	123	361.81485059785274	1234
20130815	123	123	123	323.04899093320404	1234
20130815	123	123	123	284.2334649764968	1234
20130815	123	123	123	168.0	1234
20130815	123	123	123	6.027108212680954	1234
20130815	123	123	123	10.557193228739653	1234
20130815	123	123	123	7.619975929516444	1234
20130815	123	123	123	10.969879723403889	1234
20130815	123	123	123	13.182616015834764	1234
20130815	123	123	123	8.958065340150732	1234
20130815	123	123	123	18.950833842618632	1234
20130815	123	123	123	13.240298059170572	1234
20130815	123	123	123	14.849740708923711	1234
20130815	123	123	123	14.19392880606863	1234
20130815	123	123	123	14.116725123520668	1234
20130815	123	123	123	11.684813976877603	1234
20130815	123	123	123	14.271680641574832	1234
20130815	123	123	123	15.221985940937873	1234
20130815	123	123	123	10.982048001419066	1234
20130815	123	123	123	10.661105430319314	1234
20130815	123	123	123	1.3251323607487775	1234
20130815	123	123	123	2.516424610708141	1234
20130815	123	123	123	10.601593073373278	1234
20130815	123	123	123	2.037860881627349	1234