time startPrice highestPrice lowestPrice endPrice transactionCount
20130815	123	123	123	13.201315157121654	1234
20130815	123	123	123	10.749245132929726	1234
20130815	123	123	123	10.929752458685387	1234
20130815	123	123	123	8.94175465996492	1234
20130815	123	123	123	19.068553140830012	1234
20130815	123	123	123	15.151777795101019	1234
20130815	123	123	123	16.36268970140071	1234
20130815	123	123	123	13.500989937778868	1234
20130815	123	123	123	19.09861598160228	1234
20130815	123	123	123	2.610908292101597	1234
20130815	123	123	123	1.9155788436110477	1234
20130815	123	123	123	9.11713636196616	1234
20130815	123	123	123	6.827261199256651	1234
20130815	123	123	123	13.588881685116164	1234
20130815	123	123	123	19.16149229336935	1234
20130815	123	123	123	14.975304290438284	1234
20130815	123	123	123	14.38585178284251	1234
20130815	123	123	123	17.829611835554978	1234
20130815	123	123	123	14.501418309829681	1234
20130815	123	123	123	0.5224620536870273	1234
20130815	123	123	123	168.05703376638544	1234
20130815	123	123	123	241.53202404058644	1234
20130815	123	123	123	276.2	1234
20130815	123	123	123	317.8867756186695	1234
20130815	123	123	123	353.73710632503474	1234
20130815	123	123	123	404.07072945065914	1234
20130815	123	123	123	510.0760454959133	1234
20130815	123	123	123	482.03183414458255	1234
20130815	123	123	123	454.3905369663691	1234
20130815	123	123	123	396.2377886604539	1234
20130815	123	123	123	374.1449039125757	1234
20130815	123	123	123	405.73302857005933	1234
20130815	123	123	123	451.44621762977994	1234
20130815	123	123	123	479.7971907698425	1234
20130815	123	123	123	500.3088188963328	1234
20130815	123	123	123	470.85409381924967	1234
20130815	123	123	123	367.0438248445167	1234
20130815	123	123	123	322.9912394516513	1234
20130815	123	123	123	288.6	1234
20130815	123	123	123	168.0	1234
20130815	123	123	123	17.812736084737047	1234
20130815	123	123	123	2.9364576758566585	1234
20130815	123	123	123	12.688769073215681	1234
20130815	123	123	123	12.03411418031634	1234
20130815	123	123	123	0.999291760221388	1234
20130815	123	123	123	4.325905622972305	1234
20130815	123	123	123	7.138272393020799	1234
20130815	123	123	123	19.55865363025295	1234
20130815	123	123	123	6.137450510468807	1234
20130815	123	123	123	1.635887071436446	1234
20130815	123	123	123	11.848956135435863	1234
20130815	123	123	123	5.421636923098032	1234
20130815	123	123	123	1.3675629422606117	1234
20130815	123	123	123	14.030757433904036	1234
20130815	123	123	123	12.915470659419215	1234
20130815	123	123	123	15.648020184182922	1234
20130815	123	123	123	4.782481170801562	1234
20130815	123	123	123	4.833223149140715	1234
20130815	123	123	123	16.37152067302071	1234
20130815	123	123	123	16.461162525439036	1234