time startPrice highestPrice lowestPrice endPrice transactionCount
20130815	123	123	123	12.309719754911086	1234
20130815	123	123	123	1.104024826299892	1234
20130815	123	123	123	18.61625524817413	1234
20130815	123	123	123	9.159939236090512	1234
20130815	123	123	123	13.941305231850041	1234
20130815	123	123	123	17.02416758630781	1234
20130815	123	123	123	9.059221973722078	1234
20130815	123	123	123	15.622249032734992	1234
20130815	123	123	123	0.6657875693176329	1234
20130815	123	123	123	1.5345076883823716	1234
20130815	123	123	123	4.082469189463396	1234
20130815	123	123	123	2.7075915500398207	1234
20130815	123	123	123	5.557669335993998	1234
20130815	123	123	123	2.0242543432050564	1234
20130815	123	123	123	13.667684782144345	1234
20130815	123	123	123	3.4824045560114114	1234
20130815	123	123	123	1.2842918199064313	1234
20130815	123	123	123	10.294449669335535	1234
20130815	123	123	123	2.010015263010365	1234
20130815	123	123	123	1.249909130437017	1234
20130815	123	123	123	162.76698766810523	1234
20130815	123	123	123	280.10769041875074	1234
20130815	123	123	123	353.32843935933363	1234
20130815	123	123	123	388.05296842305313	1234
20130815	123	123	123	417.0	1234
20130815	123	123	123	455.60213015527864	1234
20130815	123	123	123	509.16635541457254	1234
20130815	123	123	123	450.7389728979001	1234
20130815	123	123	123	372.1722123769919	1234
20130815	123	123	123	428.05005610028815	1234
20130815	123	123	123	476.059850584352	1234
20130815	123	123	123	495.1847950003299	1234
20130815	123	123	123	420.1206232638312	1234
20130815	123	123	123	394.2977543306983	1234
20130815	123	123	123	366.73856143589256	1234
20130815	123	123	123	328.8	1234
20130815	123	123	123	285.803229502307	1234
20130815	123	123	123	248.40000000000003	1234
20130815	123	123	123	206.89192862335207	1234
20130815	123	123	123	168.0	1234
20130815	123	123	123	15.093313047391018	1234
20130815	123	123	123	17.926402664140866	1234
20130815	123	123	123	8.143597960560129	1234
20130815	123	123	123	10.337253626583419	1234
20130815	123	123	123	10.302272129112671	1234
20130815	123	123	123	19.731346818461162	1234
20130815	123	123	123	3.035307588307492	1234
20130815	123	123	123	4.6883093966075995	1234
20130815	123	123	123	9.852387352448456	1234
20130815	123	123	123	18.36787730853509	1234
20130815	123	123	123	18.796753511965385	1234
20130815	123	123	123	1.57718456282387	1234
20130815	123	123	123	16.57074746616808	1234
20130815	123	123	123	16.82698667761496	1234
20130815	123	123	123	5.059069720131271	1234
20130815	123	123	123	14.183299051746943	1234
20130815	123	123	123	9.49208689903832	1234
20130815	123	123	123	9.722816335431293	1234
20130815	123	123	123	2.574598872965832	1234
20130815	123	123	123	13.819642951816903	1234