time startPrice highestPrice lowestPrice endPrice transactionCount
20130815	123	123	123	19.604709925596012	1234
20130815	123	123	123	8.19998330974552	1234
20130815	123	123	123	3.9808694426410707	1234
20130815	123	123	123	11.65178938833819	1234
20130815	123	123	123	3.8285461190906434	1234
20130815	123	123	123	18.997569997820328	1234
20130815	123	123	123	1.3951674486977717	1234
20130815	123	123	123	2.013889731890941	1234
20130815	123	123	123	12.637807152692695	1234
20130815	123	123	123	7.951119722702731	1234
20130815	123	123	123	12.802915002104044	1234
20130815	123	123	123	5.878677052796368	1234
20130815	123	123	123	5.034605618282935	1234
20130815	123	123	123	16.01761277221104	1234
20130815	123	123	123	17.156624175083692	1234
20130815	123	123	123	3.7943033303293427	1234
20130815	123	123	123	17.062483831863226	1234
20130815	123	123	123	16.55450875405475	1234
20130815	123	123	123	4.8607604549938355	1234
20130815	123	123	123	14.632634344810802	1234
20130815	123	123	123	162.23847617057348	1234
20130815	123	123	123	199.76478608648065	1234
20130815	123	123	123	238.62530462228978	1234
20130815	123	123	123	318.2720948690023	1234
20130815	123	123	123	354.1227600432816	1234
20130815	123	123	123	417.0	1234
20130815	123	123	123	449.0	1234
20130815	123	123	123	510.07227166499763	1234
20130815	123	123	123	453.28060527877733	1234
20130815	123	123	123	426.3761439778565	1234
20130815	123	123	123	399.32613637940585	1234
20130815	123	123	123	372.0	1234
20130815	123	123	123	426.3369463731333	1234
20130815	123	123	123	501.58022007795597	1234
20130815	123	123	123	463.5058749627176	1234
20130815	123	123	123	368.6742881748879	1234
20130815	123	123	123	328.0921376176416	1234
20130815	123	123	123	281.6033837360719	1234
20130815	123	123	123	204.96801140716198	1234
20130815	123	123	123	168.0	1234
20130815	123	123	123	18.51511609511769	1234
20130815	123	123	123	17.76493604509538	1234
20130815	123	123	123	17.96091006834867	1234
20130815	123	123	123	13.468409845352198	1234
20130815	123	123	123	4.654187854761183	1234
20130815	123	123	123	4.592521596501058	1234
20130815	123	123	123	3.6090274624083807	1234
20130815	123	123	123	10.214501095663229	1234
20130815	123	123	123	2.9126432184203033	1234
20130815	123	123	123	16.62896282330177	1234
20130815	123	123	123	1.4938508798400196	1234
20130815	123	123	123	5.42988134888398	1234
20130815	123	123	123	4.891532717759677	1234
20130815	123	123	123	13.460735436154822	1234
20130815	123	123	123	16.570103278589887	1234
20130815	123	123	123	7.39272403304001	1234
20130815	123	123	123	9.915717445834069	1234
20130815	123	123	123	4.36961333972709	1234
20130815	123	123	123	14.689632662886043	1234
20130815	123	123	123	2.8318150642685436	1234