time startPrice highestPrice lowestPrice endPrice transactionCount
20130815	123	123	123	12.135979656053594	1234
20130815	123	123	123	1.364297008839661	1234
20130815	123	123	123	6.454688137035696	1234
20130815	123	123	123	15.134222940833917	1234
20130815	123	123	123	2.192704830128267	1234
20130815	123	123	123	8.805140605241013	1234
20130815	123	123	123	4.851049108195955	1234
20130815	123	123	123	5.260952157087617	1234
20130815	123	123	123	6.180161604426244	1234
20130815	123	123	123	13.388608380914151	1234
20130815	123	123	123	0.9249075212201419	1234
20130815	123	123	123	2.3795704571924525	1234
20130815	123	123	123	11.277991116274285	1234
20130815	123	123	123	10.822960976365955	1234
20130815	123	123	123	18.05378032489568	1234
20130815	123	123	123	7.5655407535193975	1234
20130815	123	123	123	7.3321654919002555	1234
20130815	123	123	123	12.084604983652907	1234
20130815	123	123	123	5.904668178245453	1234
20130815	123	123	123	14.737760399665493	1234
20130815	123	123	123	181.43989475521806	1234
20130815	123	123	123	316.2013502830248	1234
20130815	123	123	123	370.52192914591075	1234
20130815	123	123	123	507.6328342149655	1234
20130815	123	123	123	453.3204665209124	1234
20130815	123	123	123	426.1493870012157	1234
20130815	123	123	123	398.5901154427356	1234
20130815	123	123	123	372.0	1234
20130815	123	123	123	455.0215986577107	1234
20130815	123	123	123	501.8840985292012	1234
20130815	123	123	123	473.99483965379534	1234
20130815	123	123	123	447.850347857026	1234
20130815	123	123	123	419.9531207014741	1234
20130815	123	123	123	391.33861068296886	1234
20130815	123	123	123	368.7361536366551	1234
20130815	123	123	123	328.8	1234
20130815	123	123	123	286.29269749158453	1234
20130815	123	123	123	247.95999826142585	1234
20130815	123	123	123	205.3749226196503	1234
20130815	123	123	123	168.0	1234
20130815	123	123	123	5.489620167861105	1234
20130815	123	123	123	18.456632491183388	1234
20130815	123	123	123	1.8893595118162865	1234
20130815	123	123	123	2.7906104224370076	1234
20130815	123	123	123	13.872086288689422	1234
20130815	123	123	123	6.045069201829964	1234
20130815	123	123	123	10.718812552482335	1234
20130815	123	123	123	1.7719002085351887	1234
20130815	123	123	123	5.538761151795986	1234
20130815	123	123	123	0.046882638749361494	1234
20130815	123	123	123	12.394139431195182	1234
20130815	123	123	123	2.6092572155054716	1234
20130815	123	123	123	3.069482939560295	1234
20130815	123	123	123	2.6570790883174222	1234
20130815	123	123	123	18.366252422135048	1234
20130815	123	123	123	16.313313990294937	1234
20130815	123	123	123	18.80710086673485	1234
20130815	123	123	123	12.740494142586268	1234
20130815	123	123	123	0.615753734168687	1234
20130815	123	123	123	5.6368157251337125	1234