time startPrice highestPrice lowestPrice endPrice transactionCount
20130815	123	123	123	12.679786202480113	1234
20130815	123	123	123	14.534724357653124	1234
20130815	123	123	123	18.371803209282394	1234
20130815	123	123	123	4.49187585819673	1234
20130815	123	123	123	16.577189238947096	1234
20130815	123	123	123	10.033293138197761	1234
20130815	123	123	123	16.90604634584428	1234
20130815	123	123	123	12.111546831520496	1234
20130815	123	123	123	7.2552903363236565	1234
20130815	123	123	123	10.14472807034756	1234
20130815	123	123	123	16.317095406840025	1234
20130815	123	123	123	0.8922174453878973	1234
20130815	123	123	123	13.557829454159407	1234
20130815	123	123	123	8.05822915204444	1234
20130815	123	123	123	5.593417411352846	1234
20130815	123	123	123	10.249517451004856	1234
20130815	123	123	123	3.278989786077411	1234
20130815	123	123	123	14.38574881877662	1234
20130815	123	123	123	7.036325630660962	1234
20130815	123	123	123	14.698852096788764	1234
20130815	123	123	123	163.56246493551401	1234
20130815	123	123	123	200.97816008431136	1234
20130815	123	123	123	315.78836523530737	1234
20130815	123	123	123	354.47420672012373	1234
20130815	123	123	123	387.3604043560772	1234
20130815	123	123	123	449.0	1234
20130815	123	123	123	482.8696138407371	1234
20130815	123	123	123	508.5460019768941	1234
20130815	123	123	123	454.6737622255238	1234
20130815	123	123	123	425.78346322850246	1234
20130815	123	123	123	396.70379567682284	1234
20130815	123	123	123	388.31711162077886	1234
20130815	123	123	123	477.010700948199	1234
20130815	123	123	123	496.78359733880404	1234
20130815	123	123	123	447.39269706868953	1234
20130815	123	123	123	395.5999999999999	1234
20130815	123	123	123	357.45531864434656	1234
20130815	123	123	123	244.09931426612204	1234
20130815	123	123	123	205.00299809356576	1234
20130815	123	123	123	168.0	1234
20130815	123	123	123	3.668982714945308	1234
20130815	123	123	123	18.299391182273034	1234
20130815	123	123	123	11.1816953351469	1234
20130815	123	123	123	3.984511752859028	1234
20130815	123	123	123	9.259601296149855	1234
20130815	123	123	123	16.37650341543589	1234
20130815	123	123	123	12.718713088152105	1234
20130815	123	123	123	0.28933351531764684	1234
20130815	123	123	123	9.368745180564275	1234
20130815	123	123	123	5.910881875876937	1234
20130815	123	123	123	8.602549522203727	1234
20130815	123	123	123	2.261862092300655	1234
20130815	123	123	123	4.224960637414979	1234
20130815	123	123	123	10.561795638411791	1234
20130815	123	123	123	16.45239274969303	1234
20130815	123	123	123	9.523717332991167	1234
20130815	123	123	123	0.8600656783111504	1234
20130815	123	123	123	7.950812839124812	1234
20130815	123	123	123	3.8458005972596077	1234
20130815	123	123	123	5.870680942573532	1234