time startPrice highestPrice lowestPrice endPrice transactionCount
20130815	123	123	123	0.8625617048025003	1234
20130815	123	123	123	14.356309582141712	1234
20130815	123	123	123	19.913999298873645	1234
20130815	123	123	123	12.4175842589254	1234
20130815	123	123	123	1.3065923174538296	1234
20130815	123	123	123	0.4260602858265794	1234
20130815	123	123	123	9.534550172906918	1234
20130815	123	123	123	15.509471607378211	1234
20130815	123	123	123	7.378324620869263	1234
20130815	123	123	123	4.708271256015159	1234
20130815	123	123	123	6.921052040245399	1234
20130815	123	123	123	5.162867870069803	1234
20130815	123	123	123	12.083051649374301	1234
20130815	123	123	123	11.790587141860748	1234
20130815	123	123	123	8.153352498563644	1234
20130815	123	123	123	13.929147581372963	1234
20130815	123	123	123	3.9596669623578484	1234
20130815	123	123	123	5.29888367022388	1234
20130815	123	123	123	15.37248144685346	1234
20130815	123	123	123	11.280188640313051	1234
20130815	123	123	123	164.85257681172646	1234
20130815	123	123	123	199.8501333485983	1234
20130815	123	123	123	242.72245454883156	1234
20130815	123	123	123	277.66692234936875	1234
20130815	123	123	123	318.98889344471297	1234
20130815	123	123	123	353.27193500406463	1234
20130815	123	123	123	386.1035025477559	1234
20130815	123	123	123	511.35502361525033	1234
20130815	123	123	123	483.54258935445125	1234
20130815	123	123	123	454.70675181132077	1234
20130815	123	123	123	397.5853642999185	1234
20130815	123	123	123	373.1172295026393	1234
20130815	123	123	123	425.7421189398312	1234
20130815	123	123	123	497.77758324749124	1234
20130815	123	123	123	443.69230330859233	1234
20130815	123	123	123	394.0469961609026	1234
20130815	123	123	123	360.06821390959084	1234
20130815	123	123	123	284.9179342135983	1234
20130815	123	123	123	206.7391765124587	1234
20130815	123	123	123	168.0	1234
20130815	123	123	123	10.74211215552361	1234
20130815	123	123	123	19.403967498476177	1234
20130815	123	123	123	5.889114977593371	1234
20130815	123	123	123	11.412080135712785	1234
20130815	123	123	123	19.99044758204285	1234
20130815	123	123	123	14.37507727427884	1234
20130815	123	123	123	6.020755841061791	1234
20130815	123	123	123	3.081775871959429	1234
20130815	123	123	123	17.527117714452178	1234
20130815	123	123	123	2.9776801478560544	1234
20130815	123	123	123	4.956095092517265	1234
20130815	123	123	123	11.877700005614757	1234
20130815	123	123	123	2.3460137341346066	1234
20130815	123	123	123	16.87631222538411	1234
20130815	123	123	123	2.0895437459540256	1234
20130815	123	123	123	0.5010811901967926	1234
20130815	123	123	123	0.11896937295706733	1234
20130815	123	123	123	15.19153212645686	1234
20130815	123	123	123	15.038464206992554	1234
20130815	123	123	123	8.43558080812925	1234