time startPrice highestPrice lowestPrice endPrice transactionCount
20130815	123	123	123	2.4231645528964085	1234
20130815	123	123	123	9.904926036369426	1234
20130815	123	123	123	0.32896057597520567	1234
20130815	123	123	123	11.098122383064418	1234
20130815	123	123	123	0.08748518669547733	1234
20130815	123	123	123	16.479692926402382	1234
20130815	123	123	123	8.741140876370618	1234
20130815	123	123	123	18.486814908091645	1234
20130815	123	123	123	8.116208586057418	1234
20130815	123	123	123	15.668904918926746	1234
20130815	123	123	123	11.055124617942866	1234
20130815	123	123	123	13.076648190863278	1234
20130815	123	123	123	1.7412780870326983	1234
20130815	123	123	123	1.0843633715531054	1234
20130815	123	123	123	7.724206394770454	1234
20130815	123	123	123	17.657637320420882	1234
20130815	123	123	123	10.478009417660093	1234
20130815	123	123	123	13.51612812677159	1234
20130815	123	123	123	18.44256731369337	1234
20130815	123	123	123	15.848153225681882	1234
20130815	123	123	123	173.12445393847776	1234
20130815	123	123	123	242.14202298838495	1234
20130815	123	123	123	354.9079764731546	1234
20130815	123	123	123	390.2078147857969	1234
20130815	123	123	123	449.70872429004606	1234
20130815	123	123	123	483.01816791510595	1234
20130815	123	123	123	513.0	1234
20130815	123	123	123	484.8	1234
20130815	123	123	123	395.61804645942146	1234
20130815	123	123	123	373.65428571266403	1234
20130815	123	123	123	401.7851700085413	1234
20130815	123	123	123	426.82820219142997	1234
20130815	123	123	123	500.12092874478884	1234
20130815	123	123	123	447.8334531496018	1234
20130815	123	123	123	420.5882727560317	1234
20130815	123	123	123	392.1485305061608	1234
20130815	123	123	123	360.6345328355813	1234
20130815	123	123	123	285.7374246363615	1234
20130815	123	123	123	208.20000000000005	1234
20130815	123	123	123	168.0	1234
20130815	123	123	123	17.462806957611416	1234
20130815	123	123	123	9.697521869877182	1234
20130815	123	123	123	4.625319073750235	1234
20130815	123	123	123	15.164741587732992	1234
20130815	123	123	123	4.276128329973716	1234
20130815	123	123	123	9.257555647265495	1234
20130815	123	123	123	1.3828916957726478	1234
20130815	123	123	123	12.515519047673955	1234
20130815	123	123	123	14.586270283381598	1234
20130815	123	123	123	19.158275788336642	1234
20130815	123	123	123	6.788227165927212	1234
20130815	123	123	123	5.018138554347013	1234
20130815	123	123	123	7.781576104405035	1234
20130815	123	123	123	17.27778165095059	1234
20130815	123	123	123	14.379768152189609	1234
20130815	123	123	123	4.219111909439697	1234
20130815	123	123	123	17.21569972794911	1234
20130815	123	123	123	9.787976536113337	1234
20130815	123	123	123	8.612773093679436	1234
20130815	123	123	123	7.592053636093647	1234