time startPrice highestPrice lowestPrice endPrice transactionCount
20130815	123	123	123	9.656738916133968	1234
20130815	123	123	123	6.86816512270396	1234
20130815	123	123	123	4.331323769246471	1234
20130815	123	123	123	5.102415634421995	1234
20130815	123	123	123	19.678853625671938	1234
20130815	123	123	123	18.562636010528838	1234
20130815	123	123	123	3.5332686043637818	1234
20130815	123	123	123	10.461767047575812	1234
20130815	123	123	123	14.583713006245812	1234
20130815	123	123	123	1.459143170240782	1234
20130815	123	123	123	19.305923781139967	1234
20130815	123	123	123	13.177753991406178	1234
20130815	123	123	123	9.027852666592512	1234
20130815	123	123	123	1.3320577171979275	1234
20130815	123	123	123	15.975202673698728	1234
20130815	123	123	123	12.196543273818328	1234
20130815	123	123	123	9.297170627042453	1234
20130815	123	123	123	18.200383089013094	1234
20130815	123	123	123	8.99415048126891	1234
20130815	123	123	123	4.1324387126345385	1234
20130815	123	123	123	161.0	1234
20130815	123	123	123	282.6918875288861	1234
20130815	123	123	123	319.4508149043558	1234
20130815	123	123	123	353.93651917512	1234
20130815	123	123	123	387.2369282963647	1234
20130815	123	123	123	419.66692684655027	1234
20130815	123	123	123	449.3443570967828	1234
20130815	123	123	123	507.14850797130265	1234
20130815	123	123	123	456.22444521234246	1234
20130815	123	123	123	426.69260978507543	1234
20130815	123	123	123	399.93450991265735	1234
20130815	123	123	123	378.940188012418	1234
20130815	123	123	123	424.0	1234
20130815	123	123	123	499.8497953759188	1234
20130815	123	123	123	470.09157464487544	1234
20130815	123	123	123	422.19999999999993	1234
20130815	123	123	123	391.1494956044984	1234
20130815	123	123	123	321.64282705039074	1234
20130815	123	123	123	246.96132266788587	1234
20130815	123	123	123	168.0	1234
20130815	123	123	123	13.314506422038221	1234
20130815	123	123	123	0.27189598046411856	1234
20130815	123	123	123	9.826245288122957	1234
20130815	123	123	123	11.023673884777821	1234
20130815	123	123	123	3.5836376855266816	1234
20130815	123	123	123	13.447760956279751	1234
20130815	123	123	123	19.492967547268528	1234
20130815	123	123	123	18.353579638414452	1234
20130815	123	123	123	17.34277004125406	1234
20130815	123	123	123	14.122605271313875	1234
20130815	123	123	123	4.521597378553648	1234
20130815	123	123	123	9.67561545101924	1234
20130815	123	123	123	6.032621762558589	1234
20130815	123	123	123	5.3783171714747375	1234
20130815	123	123	123	17.17372790419057	1234
20130815	123	123	123	9.356560807327384	1234
20130815	123	123	123	9.641235272769567	1234
20130815	123	123	123	19.658123459920954	1234
20130815	123	123	123	5.604526028729186	1234
20130815	123	123	123	10.752915742982037	1234