time startPrice highestPrice lowestPrice endPrice transactionCount
20130815	123	123	123	4.1108515198411855	1234
20130815	123	123	123	10.821007779339595	1234
20130815	123	123	123	11.871837748306021	1234
20130815	123	123	123	16.789321775885824	1234
20130815	123	123	123	2.6818236899613135	1234
20130815	123	123	123	6.3214828494628055	1234
20130815	123	123	123	8.4376678342894	1234
20130815	123	123	123	13.745930983242232	1234
20130815	123	123	123	11.57002840338967	1234
20130815	123	123	123	9.29334936264482	1234
20130815	123	123	123	2.139278450379094	1234
20130815	123	123	123	1.0807640885885195	1234
20130815	123	123	123	9.016463334712853	1234
20130815	123	123	123	5.603285108583269	1234
20130815	123	123	123	10.801615570198997	1234
20130815	123	123	123	0.16095894396376265	1234
20130815	123	123	123	0.6926137767218243	1234
20130815	123	123	123	5.359587515691513	1234
20130815	123	123	123	5.345483258558284	1234
20130815	123	123	123	16.679541974383913	1234
20130815	123	123	123	161.0053151360279	1234
20130815	123	123	123	206.36893835575407	1234
20130815	123	123	123	276.2	1234
20130815	123	123	123	357.8041788830983	1234
20130815	123	123	123	393.5050132185495	1234
20130815	123	123	123	481.6809561321463	1234
20130815	123	123	123	513.0	1234
20130815	123	123	123	484.8	1234
20130815	123	123	123	375.78516604285966	1234
20130815	123	123	123	425.11845372727674	1234
20130815	123	123	123	500.60600970514014	1234
20130815	123	123	123	471.71953701296496	1234
20130815	123	123	123	447.5946924985313	1234
20130815	123	123	123	420.1301269073368	1234
20130815	123	123	123	390.98160243488354	1234
20130815	123	123	123	366.28568809116945	1234
20130815	123	123	123	284.7715519539719	1234
20130815	123	123	123	243.3584975920991	1234
20130815	123	123	123	201.52124402567452	1234
20130815	123	123	123	168.0	1234
20130815	123	123	123	6.818626655249982	1234
20130815	123	123	123	6.593862345241249	1234
20130815	123	123	123	5.238473081444144	1234
20130815	123	123	123	11.137053895833875	1234
20130815	123	123	123	19.444464790565302	1234
20130815	123	123	123	3.292250023810872	1234
20130815	123	123	123	5.461722812863563	1234
20130815	123	123	123	19.002606082081925	1234
20130815	123	123	123	15.417119853675867	1234
20130815	123	123	123	16.76117236238273	1234
20130815	123	123	123	9.978464667384848	1234
20130815	123	123	123	18.142872253620247	1234
20130815	123	123	123	18.388975889520754	1234
20130815	123	123	123	1.6758710752152295	1234
20130815	123	123	123	14.834854205736931	1234
20130815	123	123	123	6.283292086294923	1234
20130815	123	123	123	16.67947211157642	1234
20130815	123	123	123	1.1482814591584578	1234
20130815	123	123	123	7.793107688339251	1234
20130815	123	123	123	17.066554157983443	1234