time startPrice highestPrice lowestPrice endPrice transactionCount
20130815	123	123	123	13.150348501038726	1234
20130815	123	123	123	6.359465084863302	1234
20130815	123	123	123	1.112743238078504	1234
20130815	123	123	123	1.6270004035559715	1234
20130815	123	123	123	8.63894517265209	1234
20130815	123	123	123	4.577700635268633	1234
20130815	123	123	123	7.4504636898596495	1234
20130815	123	123	123	14.557960609255417	1234
20130815	123	123	123	16.871138199333345	1234
20130815	123	123	123	16.639209799867178	1234
20130815	123	123	123	11.281018692801164	1234
20130815	123	123	123	2.5761757405532326	1234
20130815	123	123	123	12.443136233996714	1234
20130815	123	123	123	9.891508900080897	1234
20130815	123	123	123	15.459117271306589	1234
20130815	123	123	123	3.708700138537102	1234
20130815	123	123	123	15.797422592633449	1234
20130815	123	123	123	8.996676005595596	1234
20130815	123	123	123	10.323898174627155	1234
20130815	123	123	123	0.8559734040223477	1234
20130815	123	123	123	163.00725191328658	1234
20130815	123	123	123	206.59738807031127	1234
20130815	123	123	123	276.2	1234
20130815	123	123	123	319.40349610080585	1234
20130815	123	123	123	355.4196951948725	1234
20130815	123	123	123	395.5628958063155	1234
20130815	123	123	123	485.8131129649077	1234
20130815	123	123	123	512.8505402612832	1234
20130815	123	123	123	484.0475513351919	1234
20130815	123	123	123	453.00096239726815	1234
20130815	123	123	123	424.35112162381307	1234
20130815	123	123	123	378.860310865161	1234
20130815	123	123	123	453.0465821411993	1234
20130815	123	123	123	476.0	1234
20130815	123	123	123	500.2617520464693	1234
20130815	123	123	123	446.3710580351931	1234
20130815	123	123	123	418.0549923515711	1234
20130815	123	123	123	359.86796348604713	1234
20130815	123	123	123	281.88100779756087	1234
20130815	123	123	123	168.0	1234
20130815	123	123	123	16.005373684202567	1234
20130815	123	123	123	5.356217525315847	1234
20130815	123	123	123	14.722752001609479	1234
20130815	123	123	123	4.028590176452833	1234
20130815	123	123	123	15.502407780056473	1234
20130815	123	123	123	10.038306947558395	1234
20130815	123	123	123	10.848337083156936	1234
20130815	123	123	123	4.736641342591	1234
20130815	123	123	123	1.4393670695107108	1234
20130815	123	123	123	18.957999371858794	1234
20130815	123	123	123	13.265364331388687	1234
20130815	123	123	123	6.135761648690414	1234
20130815	123	123	123	8.645857157636542	1234
20130815	123	123	123	3.92432103133588	1234
20130815	123	123	123	13.14828821465575	1234
20130815	123	123	123	10.209786181008313	1234
20130815	123	123	123	5.158299699191953	1234
20130815	123	123	123	18.6563987308666	1234
20130815	123	123	123	15.020535065020331	1234
20130815	123	123	123	1.5707033751219823	1234