time startPrice highestPrice lowestPrice endPrice transactionCount
20130815	123	123	123	1.7023032780158132	1234
20130815	123	123	123	10.992831938031255	1234
20130815	123	123	123	0.1617837964391855	1234
20130815	123	123	123	6.937132715098626	1234
20130815	123	123	123	9.139667953839663	1234
20130815	123	123	123	11.388255952278891	1234
20130815	123	123	123	12.947006192092454	1234
20130815	123	123	123	6.832404542969288	1234
20130815	123	123	123	9.725039161167057	1234
20130815	123	123	123	15.915225601993932	1234
20130815	123	123	123	5.061066786468917	1234
20130815	123	123	123	19.097511635834216	1234
20130815	123	123	123	17.986856020943733	1234
20130815	123	123	123	3.657668880419851	1234
20130815	123	123	123	12.986762180488059	1234
20130815	123	123	123	10.453045352124771	1234
20130815	123	123	123	16.238758965541702	1234
20130815	123	123	123	13.25499192824757	1234
20130815	123	123	123	7.7369401800280135	1234
20130815	123	123	123	4.081626051803817	1234
20130815	123	123	123	164.6471500922791	1234
20130815	123	123	123	199.4	1234
20130815	123	123	123	247.6817117536849	1234
20130815	123	123	123	354.4671793183265	1234
20130815	123	123	123	387.31123300391295	1234
20130815	123	123	123	419.41570400511256	1234
20130815	123	123	123	449.0	1234
20130815	123	123	123	512.1712034295987	1234
20130815	123	123	123	483.12293560012705	1234
20130815	123	123	123	452.17281060320613	1234
20130815	123	123	123	396.83984120970354	1234
20130815	123	123	123	372.0	1234
20130815	123	123	123	500.30035716668243	1234
20130815	123	123	123	475.4	1234
20130815	123	123	123	446.8656248425188	1234
20130815	123	123	123	393.36866052915974	1234
20130815	123	123	123	363.84038647820245	1234
20130815	123	123	123	282.8575262207873	1234
20130815	123	123	123	202.833310716993	1234
20130815	123	123	123	168.0	1234
20130815	123	123	123	14.155802191307274	1234
20130815	123	123	123	7.2559175265713405	1234
20130815	123	123	123	1.5842758786966837	1234
20130815	123	123	123	8.215759438394697	1234
20130815	123	123	123	19.163062629798794	1234
20130815	123	123	123	11.510338424604567	1234
20130815	123	123	123	11.096903577228524	1234
20130815	123	123	123	19.859227973311885	1234
20130815	123	123	123	17.690965003584253	1234
20130815	123	123	123	14.36541631567607	1234
20130815	123	123	123	18.497134831374197	1234
20130815	123	123	123	19.51176447578603	1234
20130815	123	123	123	0.18368195860799297	1234
20130815	123	123	123	7.795449888617803	1234
20130815	123	123	123	6.504992620725066	1234
20130815	123	123	123	2.942544007765331	1234
20130815	123	123	123	1.2039843430180142	1234
20130815	123	123	123	0.5833038274248814	1234
20130815	123	123	123	10.597843532119303	1234
20130815	123	123	123	6.858805839291213	1234