time startPrice highestPrice lowestPrice endPrice transactionCount
20130815	123	123	123	3.654834212124547	1234
20130815	123	123	123	14.300527646603623	1234
20130815	123	123	123	11.145381197165314	1234
20130815	123	123	123	5.457617123562716	1234
20130815	123	123	123	18.75826218616137	1234
20130815	123	123	123	3.281847473229915	1234
20130815	123	123	123	18.152289945498023	1234
20130815	123	123	123	2.7172481319535513	1234
20130815	123	123	123	13.331471439794008	1234
20130815	123	123	123	19.638557012264663	1234
20130815	123	123	123	10.691876120512436	1234
20130815	123	123	123	9.613008250096334	1234
20130815	123	123	123	5.248169519389516	1234
20130815	123	123	123	17.36190074835728	1234
20130815	123	123	123	8.636902867394014	1234
20130815	123	123	123	3.1432940045933666	1234
20130815	123	123	123	8.811340145274691	1234
20130815	123	123	123	18.956348983321107	1234
20130815	123	123	123	11.28652959281407	1234
20130815	123	123	123	18.025146937237416	1234
20130815	123	123	123	161.56659220042673	1234
20130815	123	123	123	201.98635440567642	1234
20130815	123	123	123	237.8	1234
20130815	123	123	123	281.3695527052825	1234
20130815	123	123	123	316.72511167757483	1234
20130815	123	123	123	354.18837633046456	1234
20130815	123	123	123	428.260698145096	1234
20130815	123	123	123	484.2774508654971	1234
20130815	123	123	123	507.85010358564205	1234
20130815	123	123	123	446.7474533987767	1234
20130815	123	123	123	375.53024333529703	1234
20130815	123	123	123	406.5218513567623	1234
20130815	123	123	123	476.9489707856203	1234
20130815	123	123	123	489.43898127155927	1234
20130815	123	123	123	422.19999999999993	1234
20130815	123	123	123	364.8656780043782	1234
20130815	123	123	123	328.8	1234
20130815	123	123	123	285.2008702346217	1234
20130815	123	123	123	240.87372286970253	1234
20130815	123	123	123	168.0	1234
20130815	123	123	123	7.070505368849722	1234
20130815	123	123	123	14.693605345377748	1234
20130815	123	123	123	13.047463276301027	1234
20130815	123	123	123	10.70413228279848	1234
20130815	123	123	123	1.8935242586607681	1234
20130815	123	123	123	17.70418916262488	1234
20130815	123	123	123	6.249828754267428	1234
20130815	123	123	123	17.402777080323197	1234
20130815	123	123	123	16.808184447303006	1234
20130815	123	123	123	10.57126470868814	1234
20130815	123	123	123	17.45091492971142	1234
20130815	123	123	123	17.35076313167108	1234
20130815	123	123	123	9.210879521823543	1234
20130815	123	123	123	15.204669779035635	1234
20130815	123	123	123	5.474471349447265	1234
20130815	123	123	123	1.2658363151921237	1234
20130815	123	123	123	15.746691357833082	1234
20130815	123	123	123	4.511382439476039	1234
20130815	123	123	123	6.952774246234748	1234
20130815	123	123	123	14.705191270141082	1234