time startPrice highestPrice lowestPrice endPrice transactionCount
20130815	123	123	123	3.0370016865977956	1234
20130815	123	123	123	19.40532466878168	1234
20130815	123	123	123	4.24751455041317	1234
20130815	123	123	123	5.0951134312609225	1234
20130815	123	123	123	9.022783508008139	1234
20130815	123	123	123	18.60744269796524	1234
20130815	123	123	123	5.179981324301868	1234
20130815	123	123	123	13.009545132282529	1234
20130815	123	123	123	4.898875063891026	1234
20130815	123	123	123	6.167886944053551	1234
20130815	123	123	123	9.880023597806787	1234
20130815	123	123	123	11.209581543772632	1234
20130815	123	123	123	17.05672940084504	1234
20130815	123	123	123	14.618692085149457	1234
20130815	123	123	123	18.17755713866783	1234
20130815	123	123	123	1.2600769575387893	1234
20130815	123	123	123	18.1595477053571	1234
20130815	123	123	123	15.19320196518663	1234
20130815	123	123	123	0.5718204519381209	1234
20130815	123	123	123	4.83628927763413	1234
20130815	123	123	123	161.4043477895313	1234
20130815	123	123	123	199.81777343703357	1234
20130815	123	123	123	276.55022174903445	1234
20130815	123	123	123	317.6291958425822	1234
20130815	123	123	123	357.01787850238134	1234
20130815	123	123	123	387.914593990054	1234
20130815	123	123	123	432.5102607469621	1234
20130815	123	123	123	512.3464180697995	1234
20130815	123	123	123	483.0442219303466	1234
20130815	123	123	123	453.2569157542794	1234
20130815	123	123	123	426.21433698602385	1234
20130815	123	123	123	373.82251021865335	1234
20130815	123	123	123	424.0	1234
20130815	123	123	123	498.84254139872206	1234
20130815	123	123	123	447.78446076651835	1234
20130815	123	123	123	420.8331343518739	1234
20130815	123	123	123	368.8391994483457	1234
20130815	123	123	123	322.8442696754771	1234
20130815	123	123	123	248.40000000000003	1234
20130815	123	123	123	168.0	1234
20130815	123	123	123	3.652045921586675	1234
20130815	123	123	123	10.105591913980188	1234
20130815	123	123	123	6.903855608463392	1234
20130815	123	123	123	9.636222202164626	1234
20130815	123	123	123	11.903665501145952	1234
20130815	123	123	123	7.95311687790975	1234
20130815	123	123	123	17.105118149655382	1234
20130815	123	123	123	8.179189710603525	1234
20130815	123	123	123	6.125481943851803	1234
20130815	123	123	123	6.030766691734513	1234
20130815	123	123	123	13.500369007577568	1234
20130815	123	123	123	18.75878211189049	1234
20130815	123	123	123	17.78310561154821	1234
20130815	123	123	123	19.461278649652144	1234
20130815	123	123	123	16.037523934592326	1234
20130815	123	123	123	6.744213573467297	1234
20130815	123	123	123	18.434893626498116	1234
20130815	123	123	123	3.781738850360896	1234
20130815	123	123	123	19.33667582396233	1234
20130815	123	123	123	13.974797862700587	1234