time startPrice highestPrice lowestPrice endPrice transactionCount
20130815	123	123	123	8.374306025268105	1234
20130815	123	123	123	19.00557849260671	1234
20130815	123	123	123	11.598007103334737	1234
20130815	123	123	123	3.33609308261801	1234
20130815	123	123	123	14.185243663553086	1234
20130815	123	123	123	7.973373531752516	1234
20130815	123	123	123	6.4602216080904595	1234
20130815	123	123	123	5.01250978458706	1234
20130815	123	123	123	2.079511977600834	1234
20130815	123	123	123	17.817713026052648	1234
20130815	123	123	123	9.750115296694958	1234
20130815	123	123	123	6.028395289517023	1234
20130815	123	123	123	12.978983114146079	1234
20130815	123	123	123	6.278884483563454	1234
20130815	123	123	123	13.553315394852937	1234
20130815	123	123	123	17.306453543605503	1234
20130815	123	123	123	6.7325156662114445	1234
20130815	123	123	123	8.507521532431124	1234
20130815	123	123	123	12.712361465076864	1234
20130815	123	123	123	15.812169370441758	1234
20130815	123	123	123	163.5774260030543	1234
20130815	123	123	123	202.7995122460788	1234
20130815	123	123	123	238.11352863908022	1234
20130815	123	123	123	276.67567212698424	1234
20130815	123	123	123	321.5739376668039	1234
20130815	123	123	123	393.0919139244701	1234
20130815	123	123	123	452.248674424705	1234
20130815	123	123	123	485.14132471633536	1234
20130815	123	123	123	513.0	1234
20130815	123	123	123	483.6302790893157	1234
20130815	123	123	123	450.7786890507789	1234
20130815	123	123	123	395.88408259620974	1234
20130815	123	123	123	378.51845989890705	1234
20130815	123	123	123	424.78508043758194	1234
20130815	123	123	123	454.68558388072074	1234
20130815	123	123	123	490.4200721764438	1234
20130815	123	123	123	395.5999999999999	1234
20130815	123	123	123	327.8312804605113	1234
20130815	123	123	123	274.39495927396075	1234
20130815	123	123	123	168.0	1234
20130815	123	123	123	8.256725524767948	1234
20130815	123	123	123	15.970675954035663	1234
20130815	123	123	123	13.251653332750742	1234
20130815	123	123	123	10.783497551197964	1234
20130815	123	123	123	13.40272900011547	1234
20130815	123	123	123	5.071192466019361	1234
20130815	123	123	123	6.764024371725295	1234
20130815	123	123	123	17.699062605868793	1234
20130815	123	123	123	17.962553466867966	1234
20130815	123	123	123	12.981002023394353	1234
20130815	123	123	123	9.885527633260052	1234
20130815	123	123	123	12.339000281818391	1234
20130815	123	123	123	13.560941532640792	1234
20130815	123	123	123	3.0522214186591	1234
20130815	123	123	123	8.629559218352455	1234
20130815	123	123	123	14.968346697638786	1234
20130815	123	123	123	0.13531193081571358	1234
20130815	123	123	123	17.65823682804275	1234
20130815	123	123	123	3.6209617788452797	1234
20130815	123	123	123	12.9736612195351	1234