time startPrice highestPrice lowestPrice endPrice transactionCount
20130815	123	123	123	19.76435084936397	1234
20130815	123	123	123	15.566006944084913	1234
20130815	123	123	123	3.887367737585654	1234
20130815	123	123	123	2.532020183066075	1234
20130815	123	123	123	11.159081457256267	1234
20130815	123	123	123	8.631833448921762	1234
20130815	123	123	123	7.103549709463895	1234
20130815	123	123	123	9.414865825664009	1234
20130815	123	123	123	10.377342397112209	1234
20130815	123	123	123	5.1840855860196395	1234
20130815	123	123	123	0.5231000678742737	1234
20130815	123	123	123	18.098913285127875	1234
20130815	123	123	123	13.272624041181382	1234
20130815	123	123	123	0.6489142066099429	1234
20130815	123	123	123	5.855706735043695	1234
20130815	123	123	123	11.303360255868029	1234
20130815	123	123	123	2.8972095255016916	1234
20130815	123	123	123	9.72326996877354	1234
20130815	123	123	123	3.1749245629567446	1234
20130815	123	123	123	7.819679654632012	1234
20130815	123	123	123	163.05464262987832	1234
20130815	123	123	123	204.7388299671577	1234
20130815	123	123	123	240.45173627715315	1234
20130815	123	123	123	276.93064586275943	1234
20130815	123	123	123	359.4109082911813	1234
20130815	123	123	123	419.90031955685697	1234
20130815	123	123	123	461.0547038466684	1234
20130815	123	123	123	506.74885443108514	1234
20130815	123	123	123	426.76239236035906	1234
20130815	123	123	123	397.19003986073744	1234
20130815	123	123	123	372.0	1234
20130815	123	123	123	451.24939306887904	1234
20130815	123	123	123	498.7916870340961	1234
20130815	123	123	123	420.0495092696086	1234
20130815	123	123	123	394.2143174101041	1234
20130815	123	123	123	369.0	1234
20130815	123	123	123	287.24922256840057	1234
20130815	123	123	123	247.49540163478997	1234
20130815	123	123	123	202.79397335808332	1234
20130815	123	123	123	168.0	1234
20130815	123	123	123	13.471503374769869	1234
20130815	123	123	123	18.393042917871064	1234
20130815	123	123	123	3.004811667930629	1234
20130815	123	123	123	7.144512139084547	1234
20130815	123	123	123	0.7944232129467044	1234
20130815	123	123	123	1.3737326124721139	1234
20130815	123	123	123	9.462183024515312	1234
20130815	123	123	123	17.345460325664234	1234
20130815	123	123	123	8.32885805791962	1234
20130815	123	123	123	13.607081139096277	1234
20130815	123	123	123	2.526394341632383	1234
20130815	123	123	123	17.771714788543388	1234
20130815	123	123	123	14.77823565902298	1234
20130815	123	123	123	15.560363257651087	1234
20130815	123	123	123	4.403069074826098	1234
20130815	123	123	123	12.147242511885743	1234
20130815	123	123	123	11.177266783203908	1234
20130815	123	123	123	13.813327341010513	1234
20130815	123	123	123	7.467746275088734	1234
20130815	123	123	123	12.135028945902071	1234