time startPrice highestPrice lowestPrice endPrice transactionCount
20130815	123	123	123	4.442172503314157	1234
20130815	123	123	123	3.0905046309233497	1234
20130815	123	123	123	6.6469086280455425	1234
20130815	123	123	123	16.536752425775415	1234
20130815	123	123	123	15.454359363994612	1234
20130815	123	123	123	2.66607594176274	1234
20130815	123	123	123	17.591490009988004	1234
20130815	123	123	123	0.8611455197461959	1234
20130815	123	123	123	6.351277784039418	1234
20130815	123	123	123	14.912880773371933	1234
20130815	123	123	123	10.069257872351315	1234
20130815	123	123	123	6.879097052141523	1234
20130815	123	123	123	11.469069547459787	1234
20130815	123	123	123	8.710186151049975	1234
20130815	123	123	123	3.034636331737659	1234
20130815	123	123	123	6.720614090491166	1234
20130815	123	123	123	13.353053319491472	1234
20130815	123	123	123	14.88291219548069	1234
20130815	123	123	123	12.284945495672826	1234
20130815	123	123	123	5.196926798154793	1234
20130815	123	123	123	165.87248347581163	1234
20130815	123	123	123	202.31624424035593	1234
20130815	123	123	123	280.2153067820085	1234
20130815	123	123	123	318.43294756082196	1234
20130815	123	123	123	354.70421252873683	1234
20130815	123	123	123	385.0	1234
20130815	123	123	123	422.21539364930527	1234
20130815	123	123	123	482.8903285370279	1234
20130815	123	123	123	512.8769664311019	1234
20130815	123	123	123	476.60545352193395	1234
20130815	123	123	123	377.6257252030601	1234
20130815	123	123	123	453.1306331904507	1234
20130815	123	123	123	501.10672581200487	1234
20130815	123	123	123	459.5326312280143	1234
20130815	123	123	123	368.437070552102	1234
20130815	123	123	123	327.3356637654119	1234
20130815	123	123	123	287.32000837511396	1234
20130815	123	123	123	246.38225670288116	1234
20130815	123	123	123	206.86078698185207	1234
20130815	123	123	123	168.0	1234
20130815	123	123	123	18.564974222269633	1234
20130815	123	123	123	6.2796125342487	1234
20130815	123	123	123	2.0338809899550925	1234
20130815	123	123	123	16.880435028359756	1234
20130815	123	123	123	19.486983674085195	1234
20130815	123	123	123	19.117721426273157	1234
20130815	123	123	123	13.736909536730446	1234
20130815	123	123	123	19.527902614853907	1234
20130815	123	123	123	10.887593288492358	1234
20130815	123	123	123	15.01072900866912	1234
20130815	123	123	123	12.271721126409126	1234
20130815	123	123	123	18.74009281712028	1234
20130815	123	123	123	11.596905930099874	1234
20130815	123	123	123	19.205249473852216	1234
20130815	123	123	123	11.471425021650198	1234
20130815	123	123	123	7.676810730768507	1234
20130815	123	123	123	8.845440028396228	1234
20130815	123	123	123	17.29421220809625	1234
20130815	123	123	123	18.527698241344766	1234
20130815	123	123	123	15.197103762456251	1234