time startPrice highestPrice lowestPrice endPrice transactionCount
20130815	123	123	123	18.237309476183658	1234
20130815	123	123	123	17.646373324119892	1234
20130815	123	123	123	7.217483742573565	1234
20130815	123	123	123	6.869782692083371	1234
20130815	123	123	123	2.724496707923618	1234
20130815	123	123	123	13.043241987358803	1234
20130815	123	123	123	2.7626850838150263	1234
20130815	123	123	123	0.3987680551515038	1234
20130815	123	123	123	17.83335171002485	1234
20130815	123	123	123	6.538566102756008	1234
20130815	123	123	123	8.767315897646583	1234
20130815	123	123	123	17.54433525699954	1234
20130815	123	123	123	6.577300960583365	1234
20130815	123	123	123	17.83406619862309	1234
20130815	123	123	123	1.25567301861496	1234
20130815	123	123	123	1.254108570158512	1234
20130815	123	123	123	19.437504579607726	1234
20130815	123	123	123	0.13300591438074605	1234
20130815	123	123	123	17.047738423802866	1234
20130815	123	123	123	8.843615552545177	1234
20130815	123	123	123	169.93079054200507	1234
20130815	123	123	123	240.42282680452158	1234
20130815	123	123	123	277.97955912423384	1234
20130815	123	123	123	356.93285234022693	1234
20130815	123	123	123	388.04750440607154	1234
20130815	123	123	123	419.7375282029828	1234
20130815	123	123	123	449.73428335591325	1234
20130815	123	123	123	508.64858089274423	1234
20130815	123	123	123	484.0881024538189	1234
20130815	123	123	123	428.40000000000003	1234
20130815	123	123	123	375.97103044255243	1234
20130815	123	123	123	403.4722864736044	1234
20130815	123	123	123	450.0	1234
20130815	123	123	123	500.4752879636022	1234
20130815	123	123	123	448.79999999999995	1234
20130815	123	123	123	418.663573742581	1234
20130815	123	123	123	362.02231205656955	1234
20130815	123	123	123	287.9509874769218	1234
20130815	123	123	123	237.5628536522316	1234
20130815	123	123	123	168.0	1234
20130815	123	123	123	13.411418581997578	1234
20130815	123	123	123	18.309645211460758	1234
20130815	123	123	123	19.0970419137195	1234
20130815	123	123	123	11.152685687455978	1234
20130815	123	123	123	7.567114001372968	1234
20130815	123	123	123	14.919439523133978	1234
20130815	123	123	123	17.421501928518143	1234
20130815	123	123	123	6.9818684852691	1234
20130815	123	123	123	19.84517380569902	1234
20130815	123	123	123	1.0037208489080829	1234
20130815	123	123	123	7.331951634072231	1234
20130815	123	123	123	15.86611940346293	1234
20130815	123	123	123	12.682018862081172	1234
20130815	123	123	123	16.005881813137297	1234
20130815	123	123	123	9.807595110977088	1234
20130815	123	123	123	12.418785712242107	1234
20130815	123	123	123	3.4855498065096446	1234
20130815	123	123	123	19.10435289831416	1234
20130815	123	123	123	17.637171754297913	1234
20130815	123	123	123	6.279710709002808	1234