time startPrice highestPrice lowestPrice endPrice transactionCount
20130815	123	123	123	12.040022693066101	1234
20130815	123	123	123	1.406856550491351	1234
20130815	123	123	123	12.1007458937867	1234
20130815	123	123	123	11.053724401039602	1234
20130815	123	123	123	12.14054300667227	1234
20130815	123	123	123	18.83923407707911	1234
20130815	123	123	123	11.486662179542256	1234
20130815	123	123	123	13.862302114985162	1234
20130815	123	123	123	3.12630139447867	1234
20130815	123	123	123	4.345875186891104	1234
20130815	123	123	123	17.018761726201504	1234
20130815	123	123	123	18.39726308995852	1234
20130815	123	123	123	2.441051380380568	1234
20130815	123	123	123	0.7786904727915145	1234
20130815	123	123	123	4.433008184663178	1234
20130815	123	123	123	6.7788013856298495	1234
20130815	123	123	123	11.167129446023376	1234
20130815	123	123	123	2.3026755353219075	1234
20130815	123	123	123	0.516124951203154	1234
20130815	123	123	123	7.765382380261032	1234
20130815	123	123	123	164.5185065980688	1234
20130815	123	123	123	200.6338033367246	1234
20130815	123	123	123	240.77095610918673	1234
20130815	123	123	123	278.8292043603679	1234
20130815	123	123	123	354.9143085100172	1234
20130815	123	123	123	417.0	1234
20130815	123	123	123	454.5599220157286	1234
20130815	123	123	123	510.85229346596105	1234
20130815	123	123	123	483.3708546418279	1234
20130815	123	123	123	455.2002137215531	1234
20130815	123	123	123	400.1247403808234	1234
20130815	123	123	123	373.36407634380447	1234
20130815	123	123	123	398.0	1234
20130815	123	123	123	478.29251153242956	1234
20130815	123	123	123	494.7382607223152	1234
20130815	123	123	123	395.5999999999999	1234
20130815	123	123	123	368.206933045861	1234
20130815	123	123	123	286.7654710128222	1234
20130815	123	123	123	203.91970773459425	1234
20130815	123	123	123	168.0	1234
20130815	123	123	123	19.934786675304338	1234
20130815	123	123	123	16.520554417867377	1234
20130815	123	123	123	9.031644032414237	1234
20130815	123	123	123	3.4316189668052988	1234
20130815	123	123	123	9.2120369135984	1234
20130815	123	123	123	10.662537181658891	1234
20130815	123	123	123	10.17228608748111	1234
20130815	123	123	123	3.5028742532641433	1234
20130815	123	123	123	14.771522411490164	1234
20130815	123	123	123	14.537111786882155	1234
20130815	123	123	123	8.173059566904062	1234
20130815	123	123	123	8.021030204263171	1234
20130815	123	123	123	15.712942396701148	1234
20130815	123	123	123	14.052079017813943	1234
20130815	123	123	123	8.614018702797408	1234
20130815	123	123	123	12.941640942516363	1234
20130815	123	123	123	14.626614123784464	1234
20130815	123	123	123	0.8533086601314133	1234
20130815	123	123	123	9.461137119750004	1234
20130815	123	123	123	7.813472407906992	1234