time startPrice highestPrice lowestPrice endPrice transactionCount
20130815	123	123	123	0.35158827594924835	1234
20130815	123	123	123	0.0025033713036548555	1234
20130815	123	123	123	2.750821488302142	1234
20130815	123	123	123	15.590060011730051	1234
20130815	123	123	123	0.6270833082616645	1234
20130815	123	123	123	2.074007413400043	1234
20130815	123	123	123	18.93185157941279	1234
20130815	123	123	123	11.765942711687858	1234
20130815	123	123	123	4.5042815110988315	1234
20130815	123	123	123	9.712407720829717	1234
20130815	123	123	123	19.71608731178945	1234
20130815	123	123	123	18.67700821727564	1234
20130815	123	123	123	3.371176655502812	1234
20130815	123	123	123	9.90266570222766	1234
20130815	123	123	123	2.5323662935101177	1234
20130815	123	123	123	16.43351993510742	1234
20130815	123	123	123	2.703707098725341	1234
20130815	123	123	123	15.995206146806458	1234
20130815	123	123	123	17.944949661477544	1234
20130815	123	123	123	14.920208497113151	1234
20130815	123	123	123	161.0	1234
20130815	123	123	123	211.6865392288686	1234
20130815	123	123	123	280.3110953356076	1234
20130815	123	123	123	320.7175078824425	1234
20130815	123	123	123	358.11696723275145	1234
20130815	123	123	123	420.0763431814371	1234
20130815	123	123	123	452.07704388686653	1234
20130815	123	123	123	510.3529950063178	1234
20130815	123	123	123	476.7542919219241	1234
20130815	123	123	123	423.79525205093904	1234
20130815	123	123	123	374.71863234655706	1234
20130815	123	123	123	398.0	1234
20130815	123	123	123	501.0937475878778	1234
20130815	123	123	123	442.9859990788144	1234
20130815	123	123	123	365.6948078338001	1234
20130815	123	123	123	326.69041927522386	1234
20130815	123	123	123	288.3341492908869	1234
20130815	123	123	123	243.92450208552756	1234
20130815	123	123	123	208.20000000000005	1234
20130815	123	123	123	168.0	1234
20130815	123	123	123	2.9916074425240358	1234
20130815	123	123	123	8.850067408716606	1234
20130815	123	123	123	2.5693610042353776	1234
20130815	123	123	123	8.249153201325758	1234
20130815	123	123	123	0.4073218297722092	1234
20130815	123	123	123	13.23879450039251	1234
20130815	123	123	123	13.865374427321168	1234
20130815	123	123	123	11.831541048474852	1234
20130815	123	123	123	6.803548279942659	1234
20130815	123	123	123	5.051556134250317	1234
20130815	123	123	123	0.8556262625254063	1234
20130815	123	123	123	1.2193162479862285	1234
20130815	123	123	123	6.4570173022295325	1234
20130815	123	123	123	7.220254969851842	1234
20130815	123	123	123	2.9628309559938915	1234
20130815	123	123	123	7.043499179792909	1234
20130815	123	123	123	10.433142654900093	1234
20130815	123	123	123	5.256677486597892	1234
20130815	123	123	123	2.9281366260537522	1234
20130815	123	123	123	16.176732251194345	1234