time startPrice highestPrice lowestPrice endPrice transactionCount
20130815	123	123	123	17.630053331149046	1234
20130815	123	123	123	16.756925278289113	1234
20130815	123	123	123	3.4859213265762845	1234
20130815	123	123	123	4.772191455107686	1234
20130815	123	123	123	1.0820954230256907	1234
20130815	123	123	123	8.016474601955208	1234
20130815	123	123	123	19.948496669224372	1234
20130815	123	123	123	17.454373140333225	1234
20130815	123	123	123	7.633084916260993	1234
20130815	123	123	123	0.2889572250627115	1234
20130815	123	123	123	13.959108256318558	1234
20130815	123	123	123	4.409341499788995	1234
20130815	123	123	123	4.8554707629365	1234
20130815	123	123	123	7.0562865284428185	1234
20130815	123	123	123	4.119131122950153	1234
20130815	123	123	123	4.232978033961503	1234
20130815	123	123	123	17.94436240609595	1234
20130815	123	123	123	5.678604617711596	1234
20130815	123	123	123	11.187082882994062	1234
20130815	123	123	123	5.6722639694630494	1234
20130815	123	123	123	162.9645218005924	1234
20130815	123	123	123	200.84092983584915	1234
20130815	123	123	123	255.0534059503298	1234
20130815	123	123	123	353.0	1234
20130815	123	123	123	387.3117967538263	1234
20130815	123	123	123	420.02800568526885	1234
20130815	123	123	123	450.416889698972	1234
20130815	123	123	123	484.22373042087565	1234
20130815	123	123	123	512.5034920080877	1234
20130815	123	123	123	484.7668152448008	1234
20130815	123	123	123	398.5807387470942	1234
20130815	123	123	123	389.49860760403845	1234
20130815	123	123	123	498.7071793576309	1234
20130815	123	123	123	470.82196046753313	1234
20130815	123	123	123	447.7942861334792	1234
20130815	123	123	123	422.19999999999993	1234
20130815	123	123	123	365.98392518626395	1234
20130815	123	123	123	328.7131120039025	1234
20130815	123	123	123	206.4550489348396	1234
20130815	123	123	123	168.0	1234
20130815	123	123	123	8.330336263918534	1234
20130815	123	123	123	14.282337920181565	1234
20130815	123	123	123	8.498921985038603	1234
20130815	123	123	123	11.472573699597927	1234
20130815	123	123	123	10.469147012825006	1234
20130815	123	123	123	10.083971714532186	1234
20130815	123	123	123	18.578246768578246	1234
20130815	123	123	123	18.306991566380685	1234
20130815	123	123	123	7.21421825977695	1234
20130815	123	123	123	10.82984232531087	1234
20130815	123	123	123	13.930168464340593	1234
20130815	123	123	123	6.196456706109419	1234
20130815	123	123	123	18.259831332660795	1234
20130815	123	123	123	9.645522923851281	1234
20130815	123	123	123	14.407162517775895	1234
20130815	123	123	123	12.255340488654658	1234
20130815	123	123	123	15.849959456626374	1234
20130815	123	123	123	12.826667979700353	1234
20130815	123	123	123	3.554737174716156	1234
20130815	123	123	123	5.647824650920388	1234