time startPrice highestPrice lowestPrice endPrice transactionCount
20130815	123	123	123	16.772589088247056	1234
20130815	123	123	123	0.5893745632821235	1234
20130815	123	123	123	12.366002838088818	1234
20130815	123	123	123	17.61818440070662	1234
20130815	123	123	123	14.164891042382912	1234
20130815	123	123	123	5.303569365212111	1234
20130815	123	123	123	0.6303811376756596	1234
20130815	123	123	123	15.803229986075884	1234
20130815	123	123	123	9.711496341354806	1234
20130815	123	123	123	7.187268700045917	1234
20130815	123	123	123	15.150728891451514	1234
20130815	123	123	123	16.660610960545046	1234
20130815	123	123	123	5.296992244896968	1234
20130815	123	123	123	7.820052883726265	1234
20130815	123	123	123	11.061237594214585	1234
20130815	123	123	123	4.991623947025179	1234
20130815	123	123	123	19.79780810260169	1234
20130815	123	123	123	11.53132504964066	1234
20130815	123	123	123	18.449852275927004	1234
20130815	123	123	123	18.71907418837233	1234
20130815	123	123	123	165.56856239705644	1234
20130815	123	123	123	202.67169408476687	1234
20130815	123	123	123	248.53243885381505	1234
20130815	123	123	123	354.2967641860528	1234
20130815	123	123	123	417.9984972638606	1234
20130815	123	123	123	451.3882598439578	1234
20130815	123	123	123	481.54961416999765	1234
20130815	123	123	123	508.63701477377975	1234
20130815	123	123	123	484.30326147839014	1234
20130815	123	123	123	428.40000000000003	1234
20130815	123	123	123	398.05448424543204	1234
20130815	123	123	123	372.0775662985439	1234
20130815	123	123	123	452.8298600362092	1234
20130815	123	123	123	492.42226559523834	1234
20130815	123	123	123	368.53694921563306	1234
20130815	123	123	123	325.91161164983515	1234
20130815	123	123	123	282.0132453319169	1234
20130815	123	123	123	246.1595390937146	1234
20130815	123	123	123	201.87365080093335	1234
20130815	123	123	123	168.0	1234
20130815	123	123	123	4.466874431130263	1234
20130815	123	123	123	19.270177078069004	1234
20130815	123	123	123	9.306281999694905	1234
20130815	123	123	123	19.081616762305906	1234
20130815	123	123	123	14.600652016173976	1234
20130815	123	123	123	14.985194953164768	1234
20130815	123	123	123	3.4528749096823153	1234
20130815	123	123	123	10.171835350782967	1234
20130815	123	123	123	2.269411543323734	1234
20130815	123	123	123	5.5694997742835834	1234
20130815	123	123	123	5.827140313995576	1234
20130815	123	123	123	10.601871956544628	1234
20130815	123	123	123	8.973678267848733	1234
20130815	123	123	123	4.039603222406363	1234
20130815	123	123	123	1.8792163235476633	1234
20130815	123	123	123	1.5062067605166884	1234
20130815	123	123	123	16.796793117012907	1234
20130815	123	123	123	4.8549340600261	1234
20130815	123	123	123	7.86712208835485	1234
20130815	123	123	123	17.141956844507277	1234