time startPrice highestPrice lowestPrice endPrice transactionCount
20130815	123	123	123	6.0189182133036105	1234
20130815	123	123	123	3.157414874801585	1234
20130815	123	123	123	1.3320852439159192	1234
20130815	123	123	123	14.899957211674451	1234
20130815	123	123	123	1.4515057475200255	1234
20130815	123	123	123	15.753832468426811	1234
20130815	123	123	123	13.605319974197057	1234
20130815	123	123	123	0.9705432561000671	1234
20130815	123	123	123	6.130538772796806	1234
20130815	123	123	123	10.67324449394006	1234
20130815	123	123	123	11.131725067900383	1234
20130815	123	123	123	19.11434426686097	1234
20130815	123	123	123	2.029829802751797	1234
20130815	123	123	123	18.06136913871088	1234
20130815	123	123	123	9.833120500502739	1234
20130815	123	123	123	16.443109274071812	1234
20130815	123	123	123	9.912668755456156	1234
20130815	123	123	123	6.512501330301504	1234
20130815	123	123	123	2.766587997898411	1234
20130815	123	123	123	11.910358688656482	1234
20130815	123	123	123	166.5625488673442	1234
20130815	123	123	123	238.6917124801209	1234
20130815	123	123	123	281.1832531902159	1234
20130815	123	123	123	315.9767271598627	1234
20130815	123	123	123	355.8192670197021	1234
20130815	123	123	123	386.5193215061126	1234
20130815	123	123	123	426.17027084399433	1234
20130815	123	123	123	509.8087497538899	1234
20130815	123	123	123	481.49771841081963	1234
20130815	123	123	123	448.6010272556227	1234
20130815	123	123	123	373.3322211469995	1234
20130815	123	123	123	403.43228493980763	1234
20130815	123	123	123	453.47071214311035	1234
20130815	123	123	123	477.48749320208805	1234
20130815	123	123	123	502.0	1234
20130815	123	123	123	443.39227165187424	1234
20130815	123	123	123	395.3521800614853	1234
20130815	123	123	123	368.78602988995243	1234
20130815	123	123	123	287.09700656172345	1234
20130815	123	123	123	168.0	1234
20130815	123	123	123	17.417211450306063	1234
20130815	123	123	123	4.383151527706495	1234
20130815	123	123	123	4.723161718661455	1234
20130815	123	123	123	5.56936762153536	1234
20130815	123	123	123	15.335859739223496	1234
20130815	123	123	123	18.085836600906756	1234
20130815	123	123	123	8.931944562657687	1234
20130815	123	123	123	8.793544058383059	1234
20130815	123	123	123	18.66638737354005	1234
20130815	123	123	123	7.090196934770647	1234
20130815	123	123	123	8.78530132673464	1234
20130815	123	123	123	15.664881624865362	1234
20130815	123	123	123	0.5946025077272576	1234
20130815	123	123	123	1.471892108678594	1234
20130815	123	123	123	9.395306208738665	1234
20130815	123	123	123	14.661965106964132	1234
20130815	123	123	123	4.775370862222063	1234
20130815	123	123	123	4.588009862976659	1234
20130815	123	123	123	1.311163687379877	1234
20130815	123	123	123	19.329774745378927	1234