time startPrice highestPrice lowestPrice endPrice transactionCount
20130815	123	123	123	17.503352849533677	1234
20130815	123	123	123	13.145316103665156	1234
20130815	123	123	123	12.247052138482605	1234
20130815	123	123	123	5.77841669445009	1234
20130815	123	123	123	8.652725370645628	1234
20130815	123	123	123	6.012915075929744	1234
20130815	123	123	123	6.523737778896567	1234
20130815	123	123	123	18.566761391240814	1234
20130815	123	123	123	19.16626346348118	1234
20130815	123	123	123	4.285159776568841	1234
20130815	123	123	123	7.4844925920123035	1234
20130815	123	123	123	10.232491028060203	1234
20130815	123	123	123	3.507061266887681	1234
20130815	123	123	123	5.871640953707518	1234
20130815	123	123	123	3.7254178737920762	1234
20130815	123	123	123	9.927028196626885	1234
20130815	123	123	123	11.371251111470178	1234
20130815	123	123	123	11.721432607818421	1234
20130815	123	123	123	18.242114377610555	1234
20130815	123	123	123	10.333070136677465	1234
20130815	123	123	123	173.37662911895137	1234
20130815	123	123	123	279.28115967925	1234
20130815	123	123	123	353.3002192714095	1234
20130815	123	123	123	421.1645532642975	1234
20130815	123	123	123	449.18888234574143	1234
20130815	123	123	123	481.0	1234
20130815	123	123	123	505.93877451220317	1234
20130815	123	123	123	455.33206522349997	1234
20130815	123	123	123	426.2917718411838	1234
20130815	123	123	123	399.5543334641129	1234
20130815	123	123	123	372.47083829911287	1234
20130815	123	123	123	400.688298579606	1234
20130815	123	123	123	452.31451674343015	1234
20130815	123	123	123	498.7144987260523	1234
20130815	123	123	123	470.06777714257953	1234
20130815	123	123	123	421.79679209607536	1234
20130815	123	123	123	368.98023394659384	1234
20130815	123	123	123	246.62896540008288	1234
20130815	123	123	123	206.08604206307245	1234
20130815	123	123	123	168.0	1234
20130815	123	123	123	14.359019354978669	1234
20130815	123	123	123	17.826541167812476	1234
20130815	123	123	123	1.3765682788587719	1234
20130815	123	123	123	4.8700772491548765	1234
20130815	123	123	123	2.3471746110614644	1234
20130815	123	123	123	1.875187419683353	1234
20130815	123	123	123	5.560629225840654	1234
20130815	123	123	123	12.809171658822132	1234
20130815	123	123	123	18.445726978106713	1234
20130815	123	123	123	16.274276671770828	1234
20130815	123	123	123	13.951411606829364	1234
20130815	123	123	123	6.370323961758821	1234
20130815	123	123	123	16.75294102253423	1234
20130815	123	123	123	19.123702460330946	1234
20130815	123	123	123	10.69849177324116	1234
20130815	123	123	123	6.550488909040477	1234
20130815	123	123	123	8.08038266225131	1234
20130815	123	123	123	5.213404287646246	1234
20130815	123	123	123	11.852296840078026	1234
20130815	123	123	123	7.73212010377055	1234