time startPrice highestPrice lowestPrice endPrice transactionCount
20130815	123	123	123	5.349594750164577	1234
20130815	123	123	123	7.284226402927382	1234
20130815	123	123	123	16.448646352801568	1234
20130815	123	123	123	18.26562778350677	1234
20130815	123	123	123	19.234584081506554	1234
20130815	123	123	123	5.305568225635668	1234
20130815	123	123	123	16.137262626800254	1234
20130815	123	123	123	17.01282790895145	1234
20130815	123	123	123	0.6979194604083694	1234
20130815	123	123	123	13.723239268866026	1234
20130815	123	123	123	6.265794155447271	1234
20130815	123	123	123	10.354107096678169	1234
20130815	123	123	123	1.584007992178471	1234
20130815	123	123	123	11.018185986117752	1234
20130815	123	123	123	12.466219639574263	1234
20130815	123	123	123	17.42758824784771	1234
20130815	123	123	123	10.519794918319693	1234
20130815	123	123	123	8.132119145199376	1234
20130815	123	123	123	2.486051273381207	1234
20130815	123	123	123	4.138189895378625	1234
20130815	123	123	123	175.1109529601945	1234
20130815	123	123	123	353.0	1234
20130815	123	123	123	418.80350438601965	1234
20130815	123	123	123	452.6638636734948	1234
20130815	123	123	123	481.890180945561	1234
20130815	123	123	123	510.8957150470514	1234
20130815	123	123	123	477.7936803544312	1234
20130815	123	123	123	400.20000000000005	1234
20130815	123	123	123	377.50192819217415	1234
20130815	123	123	123	426.7808135205183	1234
20130815	123	123	123	478.1441002127102	1234
20130815	123	123	123	498.3361047414941	1234
20130815	123	123	123	474.04988423991784	1234
20130815	123	123	123	447.79929677022363	1234
20130815	123	123	123	421.958881447105	1234
20130815	123	123	123	386.288914732887	1234
20130815	123	123	123	323.8056926448743	1234
20130815	123	123	123	287.53758743193845	1234
20130815	123	123	123	202.20738315893306	1234
20130815	123	123	123	168.0	1234
20130815	123	123	123	0.7005880911705931	1234
20130815	123	123	123	11.431961514778271	1234
20130815	123	123	123	10.19632081950019	1234
20130815	123	123	123	18.184465464794087	1234
20130815	123	123	123	0.16063779359957842	1234
20130815	123	123	123	7.560458272648267	1234
20130815	123	123	123	6.210603739447505	1234
20130815	123	123	123	2.5124289424550206	1234
20130815	123	123	123	9.973426119287945	1234
20130815	123	123	123	0.9548014148589434	1234
20130815	123	123	123	8.772924583928358	1234
20130815	123	123	123	5.3317504929644866	1234
20130815	123	123	123	1.158639624974085	1234
20130815	123	123	123	4.6784141818562786	1234
20130815	123	123	123	14.216908340981593	1234
20130815	123	123	123	7.505472835174936	1234
20130815	123	123	123	12.029834452675605	1234
20130815	123	123	123	5.699322517782575	1234
20130815	123	123	123	7.568079775271499	1234
20130815	123	123	123	11.425191608899423	1234