time startPrice highestPrice lowestPrice endPrice transactionCount
20130815	123	123	123	4.966580522975475	1234
20130815	123	123	123	13.618780469256759	1234
20130815	123	123	123	19.54084649765678	1234
20130815	123	123	123	16.127751051674203	1234
20130815	123	123	123	6.6863531607738524	1234
20130815	123	123	123	10.094383945454247	1234
20130815	123	123	123	3.8357622387369106	1234
20130815	123	123	123	8.669881733427001	1234
20130815	123	123	123	1.4430615256748336	1234
20130815	123	123	123	12.198548199436956	1234
20130815	123	123	123	1.0106088098789456	1234
20130815	123	123	123	4.158710988925183	1234
20130815	123	123	123	13.701139093343823	1234
20130815	123	123	123	17.897794523868747	1234
20130815	123	123	123	12.237521115947374	1234
20130815	123	123	123	17.1077530457274	1234
20130815	123	123	123	17.739675256233053	1234
20130815	123	123	123	15.70138803757061	1234
20130815	123	123	123	16.783383077965425	1234
20130815	123	123	123	0.905044450436967	1234
20130815	123	123	123	249.26349751278855	1234
20130815	123	123	123	287.2	1234
20130815	123	123	123	327.82651626326566	1234
20130815	123	123	123	365.08028787616917	1234
20130815	123	123	123	403.23941172713	1234
20130815	123	123	123	437.2109064386127	1234
20130815	123	123	123	388.99816926698014	1234
20130815	123	123	123	445.17875472465636	1234
20130815	123	123	123	502.0	1234
20130815	123	123	123	530.8907853190904	1234
20130815	123	123	123	440.4641029095968	1234
20130815	123	123	123	411.7952654699031	1234
20130815	123	123	123	387.47458774264487	1234
20130815	123	123	123	414.0181634896672	1234
20130815	123	123	123	439.1540695054071	1234
20130815	123	123	123	445.0046589142075	1234
20130815	123	123	123	409.1590061109584	1234
20130815	123	123	123	360.14946374468315	1234
20130815	123	123	123	296.39909913982615	1234
20130815	123	123	123	260.0	1234
20130815	123	123	123	6.996802442593848	1234
20130815	123	123	123	1.2171358373811958	1234
20130815	123	123	123	16.956875416149707	1234
20130815	123	123	123	5.4456110070958985	1234
20130815	123	123	123	8.341479959798736	1234
20130815	123	123	123	5.1941702514061205	1234
20130815	123	123	123	15.878725189990217	1234
20130815	123	123	123	8.592536111569968	1234
20130815	123	123	123	9.5691667028173	1234
20130815	123	123	123	3.248644028195864	1234
20130815	123	123	123	0.20955198078223214	1234
20130815	123	123	123	19.6410670504129	1234
20130815	123	123	123	14.999935435851055	1234
20130815	123	123	123	18.581540947113925	1234
20130815	123	123	123	6.864246411169585	1234
20130815	123	123	123	6.885985247195309	1234
20130815	123	123	123	16.264589665784655	1234
20130815	123	123	123	0.7360870243336604	1234
20130815	123	123	123	15.261340266631144	1234
20130815	123	123	123	15.943235113227896	1234