time startPrice highestPrice lowestPrice endPrice transactionCount
20130815	123	123	123	15.980062001410769	1234
20130815	123	123	123	10.295011275891461	1234
20130815	123	123	123	19.36684376542435	1234
20130815	123	123	123	4.643113390428944	1234
20130815	123	123	123	0.2837340474993155	1234
20130815	123	123	123	4.435225298198278	1234
20130815	123	123	123	3.190298681934154	1234
20130815	123	123	123	4.679156254390183	1234
20130815	123	123	123	17.802379266982868	1234
20130815	123	123	123	16.2145642197745	1234
20130815	123	123	123	9.647422118768263	1234
20130815	123	123	123	9.536015885388336	1234
20130815	123	123	123	4.5723849995366095	1234
20130815	123	123	123	14.10349548477926	1234
20130815	123	123	123	14.179473012795984	1234
20130815	123	123	123	12.194971871944329	1234
20130815	123	123	123	12.72094229631012	1234
20130815	123	123	123	3.0543153340768003	1234
20130815	123	123	123	17.978920494925458	1234
20130815	123	123	123	8.97721766582527	1234
20130815	123	123	123	253.8965751046672	1234
20130815	123	123	123	287.8067242455023	1234
20130815	123	123	123	326.7769887642188	1234
20130815	123	123	123	367.8349346773083	1234
20130815	123	123	123	406.07501892553296	1234
20130815	123	123	123	435.0191313604868	1234
20130815	123	123	123	387.6783012914169	1234
20130815	123	123	123	473.0	1234
20130815	123	123	123	502.84452825680546	1234
20130815	123	123	123	528.0722317427117	1234
20130815	123	123	123	499.56211380677684	1234
20130815	123	123	123	471.58575414662766	1234
20130815	123	123	123	435.3426101272353	1234
20130815	123	123	123	388.51491284961213	1234
20130815	123	123	123	407.9950284787993	1234
20130815	123	123	123	447.57169870360553	1234
20130815	123	123	123	412.6438431557682	1234
20130815	123	123	123	374.6	1234
20130815	123	123	123	293.82321715958915	1234
20130815	123	123	123	260.0	1234
20130815	123	123	123	13.796642555300407	1234
20130815	123	123	123	14.296079769392815	1234
20130815	123	123	123	15.23324315977601	1234
20130815	123	123	123	18.022881525394958	1234
20130815	123	123	123	9.117307743613303	1234
20130815	123	123	123	16.050117621212564	1234
20130815	123	123	123	13.719273953863588	1234
20130815	123	123	123	16.9697473055151	1234
20130815	123	123	123	7.30656146282249	1234
20130815	123	123	123	2.2370518005894136	1234
20130815	123	123	123	2.7574898052234365	1234
20130815	123	123	123	14.881108076893375	1234
20130815	123	123	123	15.772674110102908	1234
20130815	123	123	123	17.35952371715026	1234
20130815	123	123	123	9.430171621432494	1234
20130815	123	123	123	7.397970799946978	1234
20130815	123	123	123	5.090267507881128	1234
20130815	123	123	123	7.483114820108185	1234
20130815	123	123	123	6.486904118945578	1234
20130815	123	123	123	18.641620409866167	1234