time startPrice highestPrice lowestPrice endPrice transactionCount
20130815	123	123	123	4.915072221574999	1234
20130815	123	123	123	14.093370017878497	1234
20130815	123	123	123	12.939328380972599	1234
20130815	123	123	123	9.142371411546721	1234
20130815	123	123	123	1.1073194578724266	1234
20130815	123	123	123	11.782709144609068	1234
20130815	123	123	123	15.15735488903772	1234
20130815	123	123	123	4.8346614982051435	1234
20130815	123	123	123	0.9334642712896946	1234
20130815	123	123	123	10.09608283606143	1234
20130815	123	123	123	7.829316319282866	1234
20130815	123	123	123	10.254895098269813	1234
20130815	123	123	123	11.634314423603374	1234
20130815	123	123	123	9.473618057475491	1234
20130815	123	123	123	5.228068208068333	1234
20130815	123	123	123	11.774998971448337	1234
20130815	123	123	123	6.098085761964014	1234
20130815	123	123	123	5.185417210620315	1234
20130815	123	123	123	15.18539238999052	1234
20130815	123	123	123	16.673478836474523	1234
20130815	123	123	123	253.43803092328906	1234
20130815	123	123	123	289.9517445014634	1234
20130815	123	123	123	329.98606778344663	1234
20130815	123	123	123	366.4965200850603	1234
20130815	123	123	123	401.79999999999995	1234
20130815	123	123	123	436.20923850480915	1234
20130815	123	123	123	392.1431046961896	1234
20130815	123	123	123	449.5467757757983	1234
20130815	123	123	123	502.0	1234
20130815	123	123	123	528.2998658459512	1234
20130815	123	123	123	498.11102649386993	1234
20130815	123	123	123	468.9920973937113	1234
20130815	123	123	123	411.26852638583097	1234
20130815	123	123	123	393.67827800774194	1234
20130815	123	123	123	426.5486506063743	1234
20130815	123	123	123	444.92967113430956	1234
20130815	123	123	123	410.21639136373756	1234
20130815	123	123	123	368.8777214977474	1234
20130815	123	123	123	294.5764235525413	1234
20130815	123	123	123	260.0	1234
20130815	123	123	123	1.800890746125663	1234
20130815	123	123	123	17.493460105268216	1234
20130815	123	123	123	4.3211798333306595	1234
20130815	123	123	123	2.657686850198331	1234
20130815	123	123	123	1.3982545809367442	1234
20130815	123	123	123	1.7819463578031347	1234
20130815	123	123	123	19.14757245111253	1234
20130815	123	123	123	14.149260755949381	1234
20130815	123	123	123	17.170402522188052	1234
20130815	123	123	123	9.008239510057884	1234
20130815	123	123	123	11.588710684715185	1234
20130815	123	123	123	6.163421709712136	1234
20130815	123	123	123	13.106124353720137	1234
20130815	123	123	123	12.939873536467106	1234
20130815	123	123	123	9.35126947425083	1234
20130815	123	123	123	15.538607877700494	1234
20130815	123	123	123	15.617019988037397	1234
20130815	123	123	123	17.38135225037667	1234
20130815	123	123	123	19.10049602735342	1234
20130815	123	123	123	18.823682494811923	1234