time startPrice highestPrice lowestPrice endPrice transactionCount
20130815	123	123	123	6.602516071852474	1234
20130815	123	123	123	14.554213942878988	1234
20130815	123	123	123	18.274261304225057	1234
20130815	123	123	123	0.6627049001312058	1234
20130815	123	123	123	6.7309666114340345	1234
20130815	123	123	123	0.03355429747159411	1234
20130815	123	123	123	19.160915952447823	1234
20130815	123	123	123	1.512727407902399	1234
20130815	123	123	123	18.663131229484982	1234
20130815	123	123	123	10.330825172912084	1234
20130815	123	123	123	9.982933123634655	1234
20130815	123	123	123	9.736294397980183	1234
20130815	123	123	123	10.564269201136957	1234
20130815	123	123	123	3.6903256940707307	1234
20130815	123	123	123	17.894001322593947	1234
20130815	123	123	123	19.51540582048963	1234
20130815	123	123	123	10.18398567503902	1234
20130815	123	123	123	7.626224593525368	1234
20130815	123	123	123	18.430494853484703	1234
20130815	123	123	123	3.7584934029922445	1234
20130815	123	123	123	251.50452086108257	1234
20130815	123	123	123	289.94429141113653	1234
20130815	123	123	123	326.9508199865388	1234
20130815	123	123	123	371.1422446786297	1234
20130815	123	123	123	439.7615441377772	1234
20130815	123	123	123	407.1047652763262	1234
20130815	123	123	123	389.22666164253394	1234
20130815	123	123	123	422.4915492714756	1234
20130815	123	123	123	502.6820492851265	1234
20130815	123	123	123	529.5477440570743	1234
20130815	123	123	123	496.2342493840416	1234
20130815	123	123	123	442.61180470082917	1234
20130815	123	123	123	415.79999999999995	1234
20130815	123	123	123	387.0	1234
20130815	123	123	123	414.14353467623516	1234
20130815	123	123	123	439.15030880735713	1234
20130815	123	123	123	434.339522490826	1234
20130815	123	123	123	334.554665599318	1234
20130815	123	123	123	295.2443517767841	1234
20130815	123	123	123	260.0	1234
20130815	123	123	123	12.264395791648417	1234
20130815	123	123	123	15.436356348200839	1234
20130815	123	123	123	8.529009877175431	1234
20130815	123	123	123	19.58334115285348	1234
20130815	123	123	123	14.277778972888488	1234
20130815	123	123	123	0.7984652690709804	1234
20130815	123	123	123	9.265295101154036	1234
20130815	123	123	123	1.3139124087774268	1234
20130815	123	123	123	16.71991620164988	1234
20130815	123	123	123	13.26200703966018	1234
20130815	123	123	123	15.253660436762162	1234
20130815	123	123	123	3.65770795179293	1234
20130815	123	123	123	14.517335494951702	1234
20130815	123	123	123	12.311897109432294	1234
20130815	123	123	123	18.290485215856588	1234
20130815	123	123	123	5.406060737196226	1234
20130815	123	123	123	2.063729613985106	1234
20130815	123	123	123	3.168884171262425	1234
20130815	123	123	123	19.09497632615258	1234
20130815	123	123	123	12.300556365433689	1234