time startPrice highestPrice lowestPrice endPrice transactionCount
20130815	123	123	123	7.540953112648654	1234
20130815	123	123	123	2.3495818883681663	1234
20130815	123	123	123	5.753808188911929	1234
20130815	123	123	123	0.16507027356339687	1234
20130815	123	123	123	19.494359964878164	1234
20130815	123	123	123	12.861371029899624	1234
20130815	123	123	123	10.923924654213176	1234
20130815	123	123	123	8.334086617620592	1234
20130815	123	123	123	11.81201747713593	1234
20130815	123	123	123	14.283036417663093	1234
20130815	123	123	123	15.942685729722246	1234
20130815	123	123	123	12.45558647753803	1234
20130815	123	123	123	11.145051307349856	1234
20130815	123	123	123	3.283836667735913	1234
20130815	123	123	123	17.824744463358627	1234
20130815	123	123	123	17.276485069160298	1234
20130815	123	123	123	5.586128015413778	1234
20130815	123	123	123	10.233663661236925	1234
20130815	123	123	123	4.952757488150548	1234
20130815	123	123	123	17.14181825024204	1234
20130815	123	123	123	254.3376541975959	1234
20130815	123	123	123	297.9980119378329	1234
20130815	123	123	123	370.1716500319037	1234
20130815	123	123	123	405.5206041290427	1234
20130815	123	123	123	438.1662953502606	1234
20130815	123	123	123	389.6726372743049	1234
20130815	123	123	123	416.03935595549797	1234
20130815	123	123	123	445.6002100860338	1234
20130815	123	123	123	473.0	1234
20130815	123	123	123	502.0	1234
20130815	123	123	123	526.962864712152	1234
20130815	123	123	123	502.2	1234
20130815	123	123	123	463.1225567139311	1234
20130815	123	123	123	387.13592375881143	1234
20130815	123	123	123	400.2364777452925	1234
20130815	123	123	123	414.43167828111535	1234
20130815	123	123	123	447.7819068282917	1234
20130815	123	123	123	412.8	1234
20130815	123	123	123	294.03799415902034	1234
20130815	123	123	123	260.0	1234
20130815	123	123	123	18.27246323942474	1234
20130815	123	123	123	4.964046971238418	1234
20130815	123	123	123	13.903286717182448	1234
20130815	123	123	123	10.770037690782807	1234
20130815	123	123	123	7.299269008156141	1234
20130815	123	123	123	19.862092542929275	1234
20130815	123	123	123	18.545362174999457	1234
20130815	123	123	123	2.675512096448387	1234
20130815	123	123	123	0.43546988376989226	1234
20130815	123	123	123	1.001094594278824	1234
20130815	123	123	123	16.86642187305891	1234
20130815	123	123	123	8.04548461119982	1234
20130815	123	123	123	15.965536342295831	1234
20130815	123	123	123	5.374831009381142	1234
20130815	123	123	123	4.12486803023993	1234
20130815	123	123	123	18.05451940186459	1234
20130815	123	123	123	9.438318503740193	1234
20130815	123	123	123	0.29084701946134883	1234
20130815	123	123	123	19.698016386500782	1234
20130815	123	123	123	3.400249252744121	1234