time startPrice highestPrice lowestPrice endPrice transactionCount
20130815	123	123	123	12.940886492749515	1234
20130815	123	123	123	3.0905400998517574	1234
20130815	123	123	123	4.236564960796598	1234
20130815	123	123	123	11.371819415454382	1234
20130815	123	123	123	4.0282760542664375	1234
20130815	123	123	123	11.68805920052115	1234
20130815	123	123	123	14.563536744337501	1234
20130815	123	123	123	2.226462945163721	1234
20130815	123	123	123	4.204460627942264	1234
20130815	123	123	123	14.590490043256683	1234
20130815	123	123	123	5.970792118797532	1234
20130815	123	123	123	7.35163507927862	1234
20130815	123	123	123	11.59028977109509	1234
20130815	123	123	123	18.56466663232894	1234
20130815	123	123	123	10.041909545081058	1234
20130815	123	123	123	13.464936946844714	1234
20130815	123	123	123	3.1869272894072465	1234
20130815	123	123	123	3.404701934185339	1234
20130815	123	123	123	0.24093784060470247	1234
20130815	123	123	123	17.598774847846347	1234
20130815	123	123	123	249.0	1234
20130815	123	123	123	329.14020166738044	1234
20130815	123	123	123	366.1334837238232	1234
20130815	123	123	123	401.79999999999995	1234
20130815	123	123	123	438.72366568457096	1234
20130815	123	123	123	418.225094079113	1234
20130815	123	123	123	406.76970738122384	1234
20130815	123	123	123	395.8536626120498	1234
20130815	123	123	123	388.7119273275294	1234
20130815	123	123	123	430.5225842018343	1234
20130815	123	123	123	503.3555675929932	1234
20130815	123	123	123	526.1665532497547	1234
20130815	123	123	123	470.73988125261667	1234
20130815	123	123	123	442.83038286678294	1234
20130815	123	123	123	413.99049174289246	1234
20130815	123	123	123	388.7846355334906	1234
20130815	123	123	123	415.85235466991924	1234
20130815	123	123	123	444.7699766725566	1234
20130815	123	123	123	296.4359944633152	1234
20130815	123	123	123	260.0	1234
20130815	123	123	123	6.002583956564176	1234
20130815	123	123	123	8.426559368491471	1234
20130815	123	123	123	3.6924402986698945	1234
20130815	123	123	123	14.67831076274586	1234
20130815	123	123	123	16.04975223002781	1234
20130815	123	123	123	13.851710894245473	1234
20130815	123	123	123	12.380204012601094	1234
20130815	123	123	123	15.826215478169798	1234
20130815	123	123	123	4.251642733743606	1234
20130815	123	123	123	15.205492513837171	1234
20130815	123	123	123	18.516192845322937	1234
20130815	123	123	123	0.37333593555200384	1234
20130815	123	123	123	8.628544084096445	1234
20130815	123	123	123	13.719050759495044	1234
20130815	123	123	123	19.47586565976199	1234
20130815	123	123	123	2.2301955377965	1234
20130815	123	123	123	18.09186960408032	1234
20130815	123	123	123	1.2120498836848204	1234
20130815	123	123	123	13.96550557325111	1234
20130815	123	123	123	9.57500929091079	1234