time startPrice highestPrice lowestPrice endPrice transactionCount
20130815	123	123	123	3.1383131336592873	1234
20130815	123	123	123	14.686938839082853	1234
20130815	123	123	123	9.131577295568565	1234
20130815	123	123	123	2.7672043806931335	1234
20130815	123	123	123	18.47988340234943	1234
20130815	123	123	123	6.9973076313170335	1234
20130815	123	123	123	0.9673535777980735	1234
20130815	123	123	123	0.6250934340254655	1234
20130815	123	123	123	17.587068081756108	1234
20130815	123	123	123	4.449150008825839	1234
20130815	123	123	123	16.310564913080846	1234
20130815	123	123	123	11.38961467539977	1234
20130815	123	123	123	14.336264636736098	1234
20130815	123	123	123	9.294648701148319	1234
20130815	123	123	123	5.278297846942541	1234
20130815	123	123	123	11.77633023325103	1234
20130815	123	123	123	1.6237183431985236	1234
20130815	123	123	123	11.175814178821255	1234
20130815	123	123	123	18.56009778987029	1234
20130815	123	123	123	5.473135333712664	1234
20130815	123	123	123	250.06699410008835	1234
20130815	123	123	123	290.74851261533485	1234
20130815	123	123	123	325.8601421409527	1234
20130815	123	123	123	366.2741944505445	1234
20130815	123	123	123	408.2955516700609	1234
20130815	123	123	123	439.7465322922426	1234
20130815	123	123	123	396.79999999999995	1234
20130815	123	123	123	394.8361983411264	1234
20130815	123	123	123	444.9811287632437	1234
20130815	123	123	123	477.5542915598431	1234
20130815	123	123	123	502.0	1234
20130815	123	123	123	529.3373991908524	1234
20130815	123	123	123	502.2	1234
20130815	123	123	123	414.5527834637684	1234
20130815	123	123	123	387.92215663920524	1234
20130815	123	123	123	447.2449207110008	1234
20130815	123	123	123	404.1952216808119	1234
20130815	123	123	123	333.92721322118786	1234
20130815	123	123	123	295.4369733980526	1234
20130815	123	123	123	260.0	1234
20130815	123	123	123	17.16400301384202	1234
20130815	123	123	123	13.820281724369043	1234
20130815	123	123	123	15.46339095773529	1234
20130815	123	123	123	17.937866863073268	1234
20130815	123	123	123	2.875554870843724	1234
20130815	123	123	123	11.239231439527785	1234
20130815	123	123	123	15.121462766722944	1234
20130815	123	123	123	19.406843787418573	1234
20130815	123	123	123	6.3841437763226505	1234
20130815	123	123	123	8.232729781076845	1234
20130815	123	123	123	6.982762483193746	1234
20130815	123	123	123	12.648144458898166	1234
20130815	123	123	123	7.25720063328799	1234
20130815	123	123	123	8.621077069839767	1234
20130815	123	123	123	11.094846786960987	1234
20130815	123	123	123	3.4192164073938414	1234
20130815	123	123	123	10.28894681864511	1234
20130815	123	123	123	13.859011870156003	1234
20130815	123	123	123	8.715796949474544	1234
20130815	123	123	123	13.639200138404693	1234