time startPrice highestPrice lowestPrice endPrice transactionCount
20130815	123	123	123	7.031714631541693	1234
20130815	123	123	123	12.650290153578656	1234
20130815	123	123	123	14.380149182922331	1234
20130815	123	123	123	9.235888507592762	1234
20130815	123	123	123	12.43046626899842	1234
20130815	123	123	123	7.91309505672424	1234
20130815	123	123	123	19.253132154782065	1234
20130815	123	123	123	13.173299934657507	1234
20130815	123	123	123	19.042564423839085	1234
20130815	123	123	123	13.167190684376083	1234
20130815	123	123	123	16.170141774594263	1234
20130815	123	123	123	12.33979114237046	1234
20130815	123	123	123	11.120102502888074	1234
20130815	123	123	123	13.847555847737434	1234
20130815	123	123	123	12.476282815654159	1234
20130815	123	123	123	19.325616766345888	1234
20130815	123	123	123	3.9384953737006567	1234
20130815	123	123	123	14.534658094638683	1234
20130815	123	123	123	7.425079090619011	1234
20130815	123	123	123	6.522077278096978	1234
20130815	123	123	123	250.48674619211155	1234
20130815	123	123	123	325.4	1234
20130815	123	123	123	367.7809628294339	1234
20130815	123	123	123	404.5905582622238	1234
20130815	123	123	123	438.5776427272583	1234
20130815	123	123	123	424.5758488803099	1234
20130815	123	123	123	392.0081492798168	1234
20130815	123	123	123	473.37235870643684	1234
20130815	123	123	123	502.7083850930588	1234
20130815	123	123	123	531.0	1234
20130815	123	123	123	502.0131773023219	1234
20130815	123	123	123	473.2220554937837	1234
20130815	123	123	123	443.98873155580816	1234
20130815	123	123	123	412.27052202922516	1234
20130815	123	123	123	388.5336113711277	1234
20130815	123	123	123	447.3724138260259	1234
20130815	123	123	123	411.1699503386542	1234
20130815	123	123	123	332.90912117451654	1234
20130815	123	123	123	295.21483854579236	1234
20130815	123	123	123	260.0	1234
20130815	123	123	123	8.619731576724028	1234
20130815	123	123	123	6.6693451504756895	1234
20130815	123	123	123	16.115731284669547	1234
20130815	123	123	123	12.667599705952563	1234
20130815	123	123	123	1.1811068690032878	1234
20130815	123	123	123	17.17977556673241	1234
20130815	123	123	123	4.008703158854539	1234
20130815	123	123	123	0.6357476683483165	1234
20130815	123	123	123	11.332514418547731	1234
20130815	123	123	123	7.005369984326437	1234
20130815	123	123	123	17.005598587643334	1234
20130815	123	123	123	14.053663455645198	1234
20130815	123	123	123	14.377387842666224	1234
20130815	123	123	123	0.8660498055434651	1234
20130815	123	123	123	0.2238189389166334	1234
20130815	123	123	123	5.515227549723624	1234
20130815	123	123	123	3.029439089279149	1234
20130815	123	123	123	12.613313340751857	1234
20130815	123	123	123	2.366026634117391	1234
20130815	123	123	123	14.953993910003058	1234