time startPrice highestPrice lowestPrice endPrice transactionCount
20130815	123	123	123	3.196393759545184	1234
20130815	123	123	123	5.805526765953477	1234
20130815	123	123	123	4.800362425663199	1234
20130815	123	123	123	0.6525937300871942	1234
20130815	123	123	123	3.2030457920581945	1234
20130815	123	123	123	16.490316513482128	1234
20130815	123	123	123	11.029704429379436	1234
20130815	123	123	123	4.188954561158498	1234
20130815	123	123	123	6.575559225034202	1234
20130815	123	123	123	4.01706108172287	1234
20130815	123	123	123	3.3620500858550195	1234
20130815	123	123	123	4.435554313548278	1234
20130815	123	123	123	9.89774738524515	1234
20130815	123	123	123	8.169803850689277	1234
20130815	123	123	123	12.213960076176626	1234
20130815	123	123	123	14.72328205913173	1234
20130815	123	123	123	10.052044397859856	1234
20130815	123	123	123	16.547563214756668	1234
20130815	123	123	123	14.090725140270335	1234
20130815	123	123	123	8.715972148270371	1234
20130815	123	123	123	250.05465536069246	1234
20130815	123	123	123	328.9071841967659	1234
20130815	123	123	123	365.6844968557983	1234
20130815	123	123	123	407.71238921468597	1234
20130815	123	123	123	437.01052078892485	1234
20130815	123	123	123	395.75205165773025	1234
20130815	123	123	123	405.3868520823067	1234
20130815	123	123	123	502.0188668869642	1234
20130815	123	123	123	530.716202533384	1234
20130815	123	123	123	500.25680666082354	1234
20130815	123	123	123	444.59999999999997	1234
20130815	123	123	123	415.79999999999995	1234
20130815	123	123	123	390.2200812102649	1234
20130815	123	123	123	413.2498115723042	1234
20130815	123	123	123	439.6539585043641	1234
20130815	123	123	123	448.97135764570453	1234
20130815	123	123	123	412.8	1234
20130815	123	123	123	369.15273694399184	1234
20130815	123	123	123	295.1341570151674	1234
20130815	123	123	123	260.0	1234
20130815	123	123	123	7.274415549292115	1234
20130815	123	123	123	19.650288025652635	1234
20130815	123	123	123	19.40713927743984	1234
20130815	123	123	123	16.52237032754992	1234
20130815	123	123	123	7.293147449871034	1234
20130815	123	123	123	4.508686457512383	1234
20130815	123	123	123	19.72937574346313	1234
20130815	123	123	123	18.041241829102514	1234
20130815	123	123	123	9.79334327586777	1234
20130815	123	123	123	6.311660909628443	1234
20130815	123	123	123	18.64267197295076	1234
20130815	123	123	123	19.096873550664803	1234
20130815	123	123	123	13.280972746379101	1234
20130815	123	123	123	4.848369556755124	1234
20130815	123	123	123	13.594073214668827	1234
20130815	123	123	123	16.098002937950827	1234
20130815	123	123	123	14.877359704785826	1234
20130815	123	123	123	10.570210904166661	1234
20130815	123	123	123	14.829005425308067	1234
20130815	123	123	123	15.753986198371393	1234