time startPrice highestPrice lowestPrice endPrice transactionCount
20130815	123	123	123	16.632992404563744	1234
20130815	123	123	123	5.661533877143052	1234
20130815	123	123	123	0.2696584442094996	1234
20130815	123	123	123	10.290264183184703	1234
20130815	123	123	123	1.348599535333903	1234
20130815	123	123	123	19.717673626635396	1234
20130815	123	123	123	17.65562744459238	1234
20130815	123	123	123	15.007565462423141	1234
20130815	123	123	123	2.321514431123155	1234
20130815	123	123	123	12.682582063512216	1234
20130815	123	123	123	4.74634517133426	1234
20130815	123	123	123	14.493783364741201	1234
20130815	123	123	123	15.084736180976684	1234
20130815	123	123	123	18.76469550541606	1234
20130815	123	123	123	11.559342910119984	1234
20130815	123	123	123	11.011585628155869	1234
20130815	123	123	123	15.804007582066193	1234
20130815	123	123	123	5.4230377200373	1234
20130815	123	123	123	15.107399569772603	1234
20130815	123	123	123	18.025738482887956	1234
20130815	123	123	123	253.04211991877173	1234
20130815	123	123	123	327.70754610529235	1234
20130815	123	123	123	368.9503821416682	1234
20130815	123	123	123	438.57468133474407	1234
20130815	123	123	123	427.04208264076954	1234
20130815	123	123	123	387.66716671933057	1234
20130815	123	123	123	415.0	1234
20130815	123	123	123	474.3328736572965	1234
20130815	123	123	123	506.3935611936052	1234
20130815	123	123	123	518.2157355688888	1234
20130815	123	123	123	444.59999999999997	1234
20130815	123	123	123	412.0366287405537	1234
20130815	123	123	123	387.0	1234
20130815	123	123	123	412.6	1234
20130815	123	123	123	426.50717996132073	1234
20130815	123	123	123	446.14657993546643	1234
20130815	123	123	123	410.82256691597405	1234
20130815	123	123	123	370.28249712905387	1234
20130815	123	123	123	296.21726977958343	1234
20130815	123	123	123	260.0	1234
20130815	123	123	123	5.290136386723523	1234
20130815	123	123	123	19.958074071684678	1234
20130815	123	123	123	7.772676390329208	1234
20130815	123	123	123	11.019430982476745	1234
20130815	123	123	123	18.25975101507108	1234
20130815	123	123	123	3.174266774258887	1234
20130815	123	123	123	11.774312901509234	1234
20130815	123	123	123	17.39189150311693	1234
20130815	123	123	123	4.226933954522378	1234
20130815	123	123	123	19.33370204563744	1234
20130815	123	123	123	9.32482550599083	1234
20130815	123	123	123	17.010165717737245	1234
20130815	123	123	123	1.7402112094810729	1234
20130815	123	123	123	11.483419081709847	1234
20130815	123	123	123	13.715176472816864	1234
20130815	123	123	123	17.663711543461545	1234
20130815	123	123	123	8.63640762789805	1234
20130815	123	123	123	1.727368010565904	1234
20130815	123	123	123	17.837907285701235	1234
20130815	123	123	123	2.9712588347510382	1234