time startPrice highestPrice lowestPrice endPrice transactionCount
20130815	123	123	123	15.297095860740683	1234
20130815	123	123	123	12.639456796782579	1234
20130815	123	123	123	0.18190896667147793	1234
20130815	123	123	123	15.44830230310466	1234
20130815	123	123	123	19.23445234001666	1234
20130815	123	123	123	13.721063959082773	1234
20130815	123	123	123	15.17334822435414	1234
20130815	123	123	123	5.771377666069009	1234
20130815	123	123	123	9.336213149927495	1234
20130815	123	123	123	16.60774552626669	1234
20130815	123	123	123	6.781105444262819	1234
20130815	123	123	123	14.663663754075937	1234
20130815	123	123	123	5.629419436611734	1234
20130815	123	123	123	3.8482850464098473	1234
20130815	123	123	123	2.5159175910601994	1234
20130815	123	123	123	2.9998790012465215	1234
20130815	123	123	123	3.3615280948603976	1234
20130815	123	123	123	2.387284763826165	1234
20130815	123	123	123	13.926314027204905	1234
20130815	123	123	123	16.236300205929023	1234
20130815	123	123	123	256.16943987210624	1234
20130815	123	123	123	291.92014881798053	1234
20130815	123	123	123	329.81049106431254	1234
20130815	123	123	123	370.8726482552537	1234
20130815	123	123	123	434.0707767805692	1234
20130815	123	123	123	386.5609309997581	1234
20130815	123	123	123	445.6703413986581	1234
20130815	123	123	123	474.55216720005234	1234
20130815	123	123	123	527.6936165600408	1234
20130815	123	123	123	497.92512440669736	1234
20130815	123	123	123	441.0713964374001	1234
20130815	123	123	123	413.01913743572123	1234
20130815	123	123	123	387.0964720095891	1234
20130815	123	123	123	401.15680321208	1234
20130815	123	123	123	413.2300697625945	1234
20130815	123	123	123	428.518889988048	1234
20130815	123	123	123	450.91018997605164	1234
20130815	123	123	123	408.4014815546071	1234
20130815	123	123	123	361.9702232554376	1234
20130815	123	123	123	260.0	1234
20130815	123	123	123	13.690664183443877	1234
20130815	123	123	123	16.846769301481515	1234
20130815	123	123	123	15.821823798144628	1234
20130815	123	123	123	8.012811812928142	1234
20130815	123	123	123	6.892378473559411	1234
20130815	123	123	123	9.27646769591627	1234
20130815	123	123	123	4.521779233577334	1234
20130815	123	123	123	6.959774819514943	1234
20130815	123	123	123	16.418468858002836	1234
20130815	123	123	123	9.670255624980442	1234
20130815	123	123	123	7.928170752496242	1234
20130815	123	123	123	14.61072212521975	1234
20130815	123	123	123	19.975479048497665	1234
20130815	123	123	123	3.909530270618893	1234
20130815	123	123	123	18.365552238298317	1234
20130815	123	123	123	17.497655046356396	1234
20130815	123	123	123	17.247500564723747	1234
20130815	123	123	123	18.782559077242816	1234
20130815	123	123	123	12.900518225601246	1234
20130815	123	123	123	12.306514732659526	1234