time startPrice highestPrice lowestPrice endPrice transactionCount
20130815	123	123	123	16.062126390848917	1234
20130815	123	123	123	17.83289028530137	1234
20130815	123	123	123	6.764431411695167	1234
20130815	123	123	123	11.420758796642062	1234
20130815	123	123	123	4.281996156840182	1234
20130815	123	123	123	2.0648657297098816	1234
20130815	123	123	123	1.5046370739224124	1234
20130815	123	123	123	17.385756533151206	1234
20130815	123	123	123	0.6806999742928288	1234
20130815	123	123	123	14.280403158403235	1234
20130815	123	123	123	8.106951606759388	1234
20130815	123	123	123	16.353035342466907	1234
20130815	123	123	123	18.347257463813158	1234
20130815	123	123	123	17.433129774906046	1234
20130815	123	123	123	7.602396699927185	1234
20130815	123	123	123	14.742610677364032	1234
20130815	123	123	123	19.10660482175824	1234
20130815	123	123	123	5.18589442492098	1234
20130815	123	123	123	17.774679882420315	1234
20130815	123	123	123	16.244905265760604	1234
20130815	123	123	123	250.87835262807224	1234
20130815	123	123	123	287.2	1234
20130815	123	123	123	333.18962467544526	1234
20130815	123	123	123	408.963475013781	1234
20130815	123	123	123	438.94435016026375	1234
20130815	123	123	123	388.8282739819222	1234
20130815	123	123	123	417.64711332101086	1234
20130815	123	123	123	447.7642658646072	1234
20130815	123	123	123	474.0611467170732	1234
20130815	123	123	123	505.12856004229957	1234
20130815	123	123	123	530.1487611447991	1234
20130815	123	123	123	500.63604658520734	1234
20130815	123	123	123	412.8482526874303	1234
20130815	123	123	123	394.6388179467523	1234
20130815	123	123	123	450.85388872719534	1234
20130815	123	123	123	410.12292556056065	1234
20130815	123	123	123	372.3776577577716	1234
20130815	123	123	123	335.0952121350126	1234
20130815	123	123	123	293.5939716520386	1234
20130815	123	123	123	260.0	1234
20130815	123	123	123	3.9736818415441055	1234
20130815	123	123	123	15.8048954647078	1234
20130815	123	123	123	4.765031602070328	1234
20130815	123	123	123	2.4665964631853177	1234
20130815	123	123	123	18.088130195144913	1234
20130815	123	123	123	16.87917787684564	1234
20130815	123	123	123	4.280028961308908	1234
20130815	123	123	123	5.532508786324046	1234
20130815	123	123	123	18.504235739727278	1234
20130815	123	123	123	19.264543930026335	1234
20130815	123	123	123	5.864931727991443	1234
20130815	123	123	123	10.27110992369873	1234
20130815	123	123	123	2.2927770753514864	1234
20130815	123	123	123	2.2642083512791866	1234
20130815	123	123	123	3.099579950212761	1234
20130815	123	123	123	0.0369622926192581	1234
20130815	123	123	123	7.118481772979777	1234
20130815	123	123	123	6.29680906632964	1234
20130815	123	123	123	17.593447420332378	1234
20130815	123	123	123	17.274247197455356	1234