time startPrice highestPrice lowestPrice endPrice transactionCount
20130815	123	123	123	14.13356544921567	1234
20130815	123	123	123	6.925459218592693	1234
20130815	123	123	123	3.883741214597831	1234
20130815	123	123	123	5.71718038204128	1234
20130815	123	123	123	12.53215320990681	1234
20130815	123	123	123	10.795017559797245	1234
20130815	123	123	123	0.06409829568024605	1234
20130815	123	123	123	15.680077407659002	1234
20130815	123	123	123	0.48211294417163764	1234
20130815	123	123	123	11.758798512712133	1234
20130815	123	123	123	19.3940765731232	1234
20130815	123	123	123	19.44737407038446	1234
20130815	123	123	123	8.254660552068103	1234
20130815	123	123	123	12.389058443142426	1234
20130815	123	123	123	18.11366547524754	1234
20130815	123	123	123	9.397530206286866	1234
20130815	123	123	123	13.489775717123006	1234
20130815	123	123	123	12.501541474720415	1234
20130815	123	123	123	13.035686039537524	1234
20130815	123	123	123	5.872536908581627	1234
20130815	123	123	123	253.2394897420049	1234
20130815	123	123	123	288.5718307933681	1234
20130815	123	123	123	325.4	1234
20130815	123	123	123	370.87193789821765	1234
20130815	123	123	123	439.85563402307383	1234
20130815	123	123	123	386.0	1234
20130815	123	123	123	415.0	1234
20130815	123	123	123	473.5837096937544	1234
20130815	123	123	123	505.4441530392661	1234
20130815	123	123	123	530.6065095722621	1234
20130815	123	123	123	502.2	1234
20130815	123	123	123	463.2433393790106	1234
20130815	123	123	123	413.15709039182644	1234
20130815	123	123	123	389.3494860294305	1234
20130815	123	123	123	413.8819985788109	1234
20130815	123	123	123	446.6345439545576	1234
20130815	123	123	123	412.2082549456195	1234
20130815	123	123	123	373.84772043787893	1234
20130815	123	123	123	336.40000000000003	1234
20130815	123	123	123	260.0	1234
20130815	123	123	123	0.1974985989526301	1234
20130815	123	123	123	1.3661062312469108	1234
20130815	123	123	123	6.6172744232907	1234
20130815	123	123	123	6.430792897998767	1234
20130815	123	123	123	1.4146429586624154	1234
20130815	123	123	123	11.597210968709224	1234
20130815	123	123	123	8.8560299648075	1234
20130815	123	123	123	12.832385842800154	1234
20130815	123	123	123	18.735307706643884	1234
20130815	123	123	123	1.7170590933330288	1234
20130815	123	123	123	11.817102750414199	1234
20130815	123	123	123	19.478099504338637	1234
20130815	123	123	123	16.015602421193744	1234
20130815	123	123	123	12.9974769699716	1234
20130815	123	123	123	16.99202792085134	1234
20130815	123	123	123	18.449241911123956	1234
20130815	123	123	123	14.260031968439764	1234
20130815	123	123	123	15.424890541069995	1234
20130815	123	123	123	15.709637930713757	1234
20130815	123	123	123	8.346164510527379	1234