time startPrice highestPrice lowestPrice endPrice transactionCount
20130815	123	123	123	12.538453494459736	1234
20130815	123	123	123	5.1823789209319155	1234
20130815	123	123	123	18.13492340151994	1234
20130815	123	123	123	12.831512887683349	1234
20130815	123	123	123	9.312536097867262	1234
20130815	123	123	123	2.0113798064144595	1234
20130815	123	123	123	11.559138713568364	1234
20130815	123	123	123	18.472957349886915	1234
20130815	123	123	123	4.101130503842542	1234
20130815	123	123	123	19.999869726632696	1234
20130815	123	123	123	5.5367275474991295	1234
20130815	123	123	123	17.932616007617234	1234
20130815	123	123	123	6.963102500840934	1234
20130815	123	123	123	1.7391879511658481	1234
20130815	123	123	123	10.598655840752247	1234
20130815	123	123	123	9.979282732176145	1234
20130815	123	123	123	4.217417609553273	1234
20130815	123	123	123	12.48340074976895	1234
20130815	123	123	123	10.12331589083576	1234
20130815	123	123	123	3.1391117037225524	1234
20130815	123	123	123	251.88768290525078	1234
20130815	123	123	123	289.3505974446284	1234
20130815	123	123	123	367.72502334488576	1234
20130815	123	123	123	403.75593931923316	1234
20130815	123	123	123	439.2560122158545	1234
20130815	123	123	123	429.2	1234
20130815	123	123	123	390.0102405398715	1234
20130815	123	123	123	418.69374891308706	1234
20130815	123	123	123	455.6580482879379	1234
20130815	123	123	123	527.8541329332969	1234
20130815	123	123	123	499.78263238713885	1234
20130815	123	123	123	444.59999999999997	1234
20130815	123	123	123	413.596118320206	1234
20130815	123	123	123	388.8981144611347	1234
20130815	123	123	123	449.5662419196978	1234
20130815	123	123	123	410.17926280704444	1234
20130815	123	123	123	373.0694352519318	1234
20130815	123	123	123	333.1536338339168	1234
20130815	123	123	123	297.15826085796056	1234
20130815	123	123	123	260.0	1234
20130815	123	123	123	19.104751679186627	1234
20130815	123	123	123	17.082980638957835	1234
20130815	123	123	123	12.344196995873096	1234
20130815	123	123	123	9.888830211806514	1234
20130815	123	123	123	0.44533078812057925	1234
20130815	123	123	123	6.884481162366645	1234
20130815	123	123	123	1.726166327590477	1234
20130815	123	123	123	18.1956160874639	1234
20130815	123	123	123	0.1676439799721341	1234
20130815	123	123	123	7.495245578314149	1234
20130815	123	123	123	15.67288628890478	1234
20130815	123	123	123	10.53121031913015	1234
20130815	123	123	123	9.664685733835888	1234
20130815	123	123	123	1.9254902949985242	1234
20130815	123	123	123	1.922419212412545	1234
20130815	123	123	123	16.913605037837634	1234
20130815	123	123	123	19.641434095540873	1234
20130815	123	123	123	17.858364609532778	1234
20130815	123	123	123	17.007614278296835	1234
20130815	123	123	123	5.580431712600415	1234