time startPrice highestPrice lowestPrice endPrice transactionCount
20130815	123	123	123	3.1243299434046334	1234
20130815	123	123	123	8.496459850173757	1234
20130815	123	123	123	15.606460471792252	1234
20130815	123	123	123	19.79564980025527	1234
20130815	123	123	123	12.574000910103715	1234
20130815	123	123	123	9.214621558416633	1234
20130815	123	123	123	16.135203310260056	1234
20130815	123	123	123	14.258240319248788	1234
20130815	123	123	123	9.410486122814438	1234
20130815	123	123	123	17.714866798063362	1234
20130815	123	123	123	19.970608046388666	1234
20130815	123	123	123	4.256060015110132	1234
20130815	123	123	123	14.095092561644622	1234
20130815	123	123	123	4.879682405012058	1234
20130815	123	123	123	0.5839712385231377	1234
20130815	123	123	123	2.821338589932716	1234
20130815	123	123	123	4.536895416278595	1234
20130815	123	123	123	14.382739995626208	1234
20130815	123	123	123	1.6333774827553271	1234
20130815	123	123	123	7.139970865086303	1234
20130815	123	123	123	251.3377839239345	1234
20130815	123	123	123	287.2	1234
20130815	123	123	123	327.55345099081103	1234
20130815	123	123	123	370.6166269053672	1234
20130815	123	123	123	405.93069377705444	1234
20130815	123	123	123	437.7180702638117	1234
20130815	123	123	123	406.6966167807703	1234
20130815	123	123	123	388.2504105960442	1234
20130815	123	123	123	415.83515062200775	1234
20130815	123	123	123	529.3825118565583	1234
20130815	123	123	123	499.06806253316705	1234
20130815	123	123	123	472.11630707288253	1234
20130815	123	123	123	413.93594539301233	1234
20130815	123	123	123	388.9834085931046	1234
20130815	123	123	123	438.7549094813862	1234
20130815	123	123	123	451.0	1234
20130815	123	123	123	405.2781170176743	1234
20130815	123	123	123	332.58244327514046	1234
20130815	123	123	123	295.0735714755846	1234
20130815	123	123	123	260.0	1234
20130815	123	123	123	6.713373368320285	1234
20130815	123	123	123	0.4379285604025984	1234
20130815	123	123	123	1.8881616229252995	1234
20130815	123	123	123	16.000264066533248	1234
20130815	123	123	123	19.339528748078155	1234
20130815	123	123	123	4.750221436136373	1234
20130815	123	123	123	13.035169692081519	1234
20130815	123	123	123	17.222635480564378	1234
20130815	123	123	123	17.756994830112184	1234
20130815	123	123	123	14.739295764630691	1234
20130815	123	123	123	9.376209736202748	1234
20130815	123	123	123	5.1196923452636	1234
20130815	123	123	123	8.796674323561584	1234
20130815	123	123	123	6.2201105216024954	1234
20130815	123	123	123	15.320628354439584	1234
20130815	123	123	123	1.9619131713453108	1234
20130815	123	123	123	0.5754793053172058	1234
20130815	123	123	123	5.462930292566403	1234
20130815	123	123	123	19.096473850621933	1234
20130815	123	123	123	11.974939817624612	1234