time startPrice highestPrice lowestPrice endPrice transactionCount
20130815	123	123	123	13.322917954716198	1234
20130815	123	123	123	18.71782483550507	1234
20130815	123	123	123	13.917608399207253	1234
20130815	123	123	123	8.991916044974307	1234
20130815	123	123	123	1.0528645421169691	1234
20130815	123	123	123	12.80332959588498	1234
20130815	123	123	123	10.811859351879434	1234
20130815	123	123	123	13.310190683182254	1234
20130815	123	123	123	8.728415678619342	1234
20130815	123	123	123	9.86050496145544	1234
20130815	123	123	123	16.396367028967987	1234
20130815	123	123	123	3.2942130432610472	1234
20130815	123	123	123	14.993005822359196	1234
20130815	123	123	123	9.186549296852194	1234
20130815	123	123	123	19.27056434962103	1234
20130815	123	123	123	10.254381089467286	1234
20130815	123	123	123	17.74379585185097	1234
20130815	123	123	123	13.25308538346265	1234
20130815	123	123	123	7.055229937693093	1234
20130815	123	123	123	11.253759466140892	1234
20130815	123	123	123	252.45185136232203	1234
20130815	123	123	123	329.8938815942572	1234
20130815	123	123	123	373.32936627499	1234
20130815	123	123	123	438.504161169862	1234
20130815	123	123	123	390.3786875824775	1234
20130815	123	123	123	444.0	1234
20130815	123	123	123	474.1661442489832	1234
20130815	123	123	123	504.31635777314807	1234
20130815	123	123	123	528.2490397685559	1234
20130815	123	123	123	500.98911738400005	1234
20130815	123	123	123	441.0419152197458	1234
20130815	123	123	123	415.79999999999995	1234
20130815	123	123	123	389.04659490319165	1234
20130815	123	123	123	401.2717709687459	1234
20130815	123	123	123	412.6	1234
20130815	123	123	123	425.69978566069506	1234
20130815	123	123	123	444.0353304238331	1234
20130815	123	123	123	371.0380665335286	1234
20130815	123	123	123	336.22494883760817	1234
20130815	123	123	123	260.0	1234
20130815	123	123	123	1.7895506967599828	1234
20130815	123	123	123	9.697328437232198	1234
20130815	123	123	123	16.60431276045018	1234
20130815	123	123	123	17.374280951895074	1234
20130815	123	123	123	12.027943143929733	1234
20130815	123	123	123	2.5895481544627486	1234
20130815	123	123	123	5.542157520186182	1234
20130815	123	123	123	14.167262873175563	1234
20130815	123	123	123	17.821610136623015	1234
20130815	123	123	123	8.368061233625628	1234
20130815	123	123	123	2.768335805209887	1234
20130815	123	123	123	10.78298988387893	1234
20130815	123	123	123	7.084306151425888	1234
20130815	123	123	123	9.196271215849157	1234
20130815	123	123	123	8.716833006766745	1234
20130815	123	123	123	4.449893072996156	1234
20130815	123	123	123	7.045547991769956	1234
20130815	123	123	123	4.484551065300854	1234
20130815	123	123	123	4.925860425132895	1234
20130815	123	123	123	17.77464148917651	1234