time startPrice highestPrice lowestPrice endPrice transactionCount
20130815	123	123	123	18.690703893058014	1234
20130815	123	123	123	8.946481602880926	1234
20130815	123	123	123	13.441768742547888	1234
20130815	123	123	123	15.646214586714942	1234
20130815	123	123	123	12.404164995073774	1234
20130815	123	123	123	16.258028196032882	1234
20130815	123	123	123	19.83849175569759	1234
20130815	123	123	123	3.3749548245784466	1234
20130815	123	123	123	2.443689264486353	1234
20130815	123	123	123	15.939454193724249	1234
20130815	123	123	123	4.889696974522164	1234
20130815	123	123	123	12.647665297391875	1234
20130815	123	123	123	13.200814195601895	1234
20130815	123	123	123	19.34341709562618	1234
20130815	123	123	123	7.727586290779474	1234
20130815	123	123	123	11.714302318620648	1234
20130815	123	123	123	12.983453608880478	1234
20130815	123	123	123	14.455089395714909	1234
20130815	123	123	123	19.818276913507976	1234
20130815	123	123	123	0.07615902561925791	1234
20130815	123	123	123	249.97702480617295	1234
20130815	123	123	123	287.2	1234
20130815	123	123	123	363.59999999999997	1234
20130815	123	123	123	403.1057879696934	1234
20130815	123	123	123	440.0	1234
20130815	123	123	123	389.6784707588505	1234
20130815	123	123	123	444.0	1234
20130815	123	123	123	505.1227741573001	1234
20130815	123	123	123	527.2673724455416	1234
20130815	123	123	123	497.2470354103581	1234
20130815	123	123	123	472.6750532121178	1234
20130815	123	123	123	438.5297491318206	1234
20130815	123	123	123	388.6283572031203	1234
20130815	123	123	123	401.5625685080214	1234
20130815	123	123	123	447.31586322310415	1234
20130815	123	123	123	406.44738310289483	1234
20130815	123	123	123	371.8571725415582	1234
20130815	123	123	123	331.89890043475316	1234
20130815	123	123	123	291.0829801416556	1234
20130815	123	123	123	260.0	1234
20130815	123	123	123	18.46122507443905	1234
20130815	123	123	123	6.444767168577323	1234
20130815	123	123	123	1.409932785471537	1234
20130815	123	123	123	16.50551947195278	1234
20130815	123	123	123	10.80330464902013	1234
20130815	123	123	123	18.796820000562853	1234
20130815	123	123	123	13.936420078084558	1234
20130815	123	123	123	8.53796296223262	1234
20130815	123	123	123	16.414687428241358	1234
20130815	123	123	123	9.195282227199055	1234
20130815	123	123	123	18.87026084001131	1234
20130815	123	123	123	9.346124878938557	1234
20130815	123	123	123	19.25877059410777	1234
20130815	123	123	123	2.9596677141983174	1234
20130815	123	123	123	7.913193388045818	1234
20130815	123	123	123	9.329510223990209	1234
20130815	123	123	123	11.46120715697929	1234
20130815	123	123	123	6.062860746424534	1234
20130815	123	123	123	19.432172158044533	1234
20130815	123	123	123	11.805736059404461	1234