time startPrice highestPrice lowestPrice endPrice transactionCount
20130815	123	123	123	15.348051868585973	1234
20130815	123	123	123	10.60694366468989	1234
20130815	123	123	123	5.262866409865707	1234
20130815	123	123	123	2.9225148549585156	1234
20130815	123	123	123	14.484253708755064	1234
20130815	123	123	123	16.65753962890195	1234
20130815	123	123	123	7.044235660383329	1234
20130815	123	123	123	4.7495963092260185	1234
20130815	123	123	123	10.561187270315033	1234
20130815	123	123	123	5.46788036636602	1234
20130815	123	123	123	8.943189928559319	1234
20130815	123	123	123	8.219809224128877	1234
20130815	123	123	123	10.539722667734798	1234
20130815	123	123	123	1.05046095046182	1234
20130815	123	123	123	14.57784693545344	1234
20130815	123	123	123	8.190301984953603	1234
20130815	123	123	123	13.158812596707527	1234
20130815	123	123	123	8.003187168712007	1234
20130815	123	123	123	6.860135267667655	1234
20130815	123	123	123	11.389455499691445	1234
20130815	123	123	123	253.819215001907	1234
20130815	123	123	123	294.20465257747145	1234
20130815	123	123	123	364.9558391552646	1234
20130815	123	123	123	408.38872728391993	1234
20130815	123	123	123	439.9597984371914	1234
20130815	123	123	123	416.06606370274113	1234
20130815	123	123	123	393.9278618255098	1234
20130815	123	123	123	473.0	1234
20130815	123	123	123	502.8711692806464	1234
20130815	123	123	123	528.9232010760769	1234
20130815	123	123	123	500.8410362577492	1234
20130815	123	123	123	470.9770113009149	1234
20130815	123	123	123	443.765564837156	1234
20130815	123	123	123	415.06063909589625	1234
20130815	123	123	123	389.2622996548507	1234
20130815	123	123	123	448.2762086900314	1234
20130815	123	123	123	411.6198361407447	1234
20130815	123	123	123	371.94468416221974	1234
20130815	123	123	123	335.9254050720479	1234
20130815	123	123	123	260.0	1234
20130815	123	123	123	10.043689147379897	1234
20130815	123	123	123	18.59636423027333	1234
20130815	123	123	123	18.581765573939	1234
20130815	123	123	123	1.7808611979980205	1234
20130815	123	123	123	4.462389646128305	1234
20130815	123	123	123	12.671144324535375	1234
20130815	123	123	123	5.517003994234917	1234
20130815	123	123	123	13.209272558806461	1234
20130815	123	123	123	16.534942025479175	1234
20130815	123	123	123	13.865654661506772	1234
20130815	123	123	123	12.809465503110644	1234
20130815	123	123	123	3.9482782298358288	1234
20130815	123	123	123	16.531556998144694	1234
20130815	123	123	123	3.048330669072201	1234
20130815	123	123	123	18.55466183500987	1234
20130815	123	123	123	17.945229616000688	1234
20130815	123	123	123	6.353214230885255	1234
20130815	123	123	123	17.82625015018224	1234
20130815	123	123	123	7.259585195976861	1234
20130815	123	123	123	8.359733894029418	1234