time startPrice highestPrice lowestPrice endPrice transactionCount
20130815	123	123	123	9.78845936516098	1234
20130815	123	123	123	12.959359931611774	1234
20130815	123	123	123	16.1041163769582	1234
20130815	123	123	123	9.752041617045009	1234
20130815	123	123	123	14.78457060577888	1234
20130815	123	123	123	17.168672427861363	1234
20130815	123	123	123	8.405108651021514	1234
20130815	123	123	123	12.245621259660718	1234
20130815	123	123	123	14.235773099729663	1234
20130815	123	123	123	9.52805663800456	1234
20130815	123	123	123	7.56173490633371	1234
20130815	123	123	123	13.725668938284564	1234
20130815	123	123	123	15.229352787602261	1234
20130815	123	123	123	15.712817713831079	1234
20130815	123	123	123	8.97009214574429	1234
20130815	123	123	123	18.37766694547419	1234
20130815	123	123	123	3.1533993604229993	1234
20130815	123	123	123	17.53527399114661	1234
20130815	123	123	123	4.844833870994007	1234
20130815	123	123	123	18.20816813332906	1234
20130815	123	123	123	253.728512591687	1234
20130815	123	123	123	288.59683658611897	1234
20130815	123	123	123	326.8532308076822	1234
20130815	123	123	123	402.9202624628967	1234
20130815	123	123	123	437.7511944222192	1234
20130815	123	123	123	388.1462173161197	1234
20130815	123	123	123	419.6385920977725	1234
20130815	123	123	123	444.0	1234
20130815	123	123	123	529.9427981909929	1234
20130815	123	123	123	501.0176210279531	1234
20130815	123	123	123	472.9476698677779	1234
20130815	123	123	123	439.5161910906546	1234
20130815	123	123	123	387.72081929308763	1234
20130815	123	123	123	402.1702817835265	1234
20130815	123	123	123	426.08344042082643	1234
20130815	123	123	123	438.63155446570687	1234
20130815	123	123	123	448.9089872220537	1234
20130815	123	123	123	399.93660129998676	1234
20130815	123	123	123	328.324075656033	1234
20130815	123	123	123	260.0	1234
20130815	123	123	123	15.10415754709011	1234
20130815	123	123	123	17.28299291861775	1234
20130815	123	123	123	9.369312353244077	1234
20130815	123	123	123	11.924057421806777	1234
20130815	123	123	123	16.86822585741408	1234
20130815	123	123	123	9.027414551656747	1234
20130815	123	123	123	19.925758560825123	1234
20130815	123	123	123	17.108189995535767	1234
20130815	123	123	123	14.744861366436028	1234
20130815	123	123	123	18.817532253747494	1234
20130815	123	123	123	17.008644049864014	1234
20130815	123	123	123	13.084589700546172	1234
20130815	123	123	123	15.055681604168985	1234
20130815	123	123	123	11.786589936851774	1234
20130815	123	123	123	7.318912838326255	1234
20130815	123	123	123	0.7921852607039681	1234
20130815	123	123	123	11.396086990934215	1234
20130815	123	123	123	10.938027548485907	1234
20130815	123	123	123	12.056288819413606	1234
20130815	123	123	123	15.53682725481593	1234