time startPrice highestPrice lowestPrice endPrice transactionCount
20130815	123	123	123	2.43201599851939	1234
20130815	123	123	123	13.965127251463866	1234
20130815	123	123	123	13.835220799308377	1234
20130815	123	123	123	10.952797880457787	1234
20130815	123	123	123	1.2361155774943189	1234
20130815	123	123	123	1.6244795900419051	1234
20130815	123	123	123	13.283891009694386	1234
20130815	123	123	123	13.643170987385421	1234
20130815	123	123	123	12.767792481007458	1234
20130815	123	123	123	12.65068016689118	1234
20130815	123	123	123	1.811012402118306	1234
20130815	123	123	123	7.858952518433673	1234
20130815	123	123	123	8.816917721438102	1234
20130815	123	123	123	19.48634761490918	1234
20130815	123	123	123	19.075725271839868	1234
20130815	123	123	123	3.168911936253187	1234
20130815	123	123	123	0.6090116879939522	1234
20130815	123	123	123	15.069909611129455	1234
20130815	123	123	123	17.749925098808475	1234
20130815	123	123	123	14.507265555941224	1234
20130815	123	123	123	249.0	1234
20130815	123	123	123	288.49280877906085	1234
20130815	123	123	123	325.4	1234
20130815	123	123	123	404.32879303152635	1234
20130815	123	123	123	438.5882214080511	1234
20130815	123	123	123	387.87569716447604	1234
20130815	123	123	123	418.29479045967895	1234
20130815	123	123	123	445.2544789801187	1234
20130815	123	123	123	474.40333576893875	1234
20130815	123	123	123	502.27609769029993	1234
20130815	123	123	123	528.5573132618008	1234
20130815	123	123	123	502.2	1234
20130815	123	123	123	437.3093860946806	1234
20130815	123	123	123	388.1504783404156	1234
20130815	123	123	123	400.7043675043802	1234
20130815	123	123	123	412.838994245224	1234
20130815	123	123	123	449.3246854013852	1234
20130815	123	123	123	336.40000000000003	1234
20130815	123	123	123	295.9913005460935	1234
20130815	123	123	123	260.0	1234
20130815	123	123	123	6.835700997555437	1234
20130815	123	123	123	7.756421098198252	1234
20130815	123	123	123	11.245617971578234	1234
20130815	123	123	123	9.316180008063291	1234
20130815	123	123	123	12.183853454812176	1234
20130815	123	123	123	15.210720561557821	1234
20130815	123	123	123	2.7273852720019587	1234
20130815	123	123	123	19.517857483899796	1234
20130815	123	123	123	16.691147737616543	1234
20130815	123	123	123	10.75009818171945	1234
20130815	123	123	123	12.075611952049762	1234
20130815	123	123	123	12.271889333734151	1234
20130815	123	123	123	7.837867647010008	1234
20130815	123	123	123	1.7269329627477426	1234
20130815	123	123	123	9.360663484967183	1234
20130815	123	123	123	12.399341263003434	1234
20130815	123	123	123	4.491742690370364	1234
20130815	123	123	123	16.280030549202877	1234
20130815	123	123	123	10.907714257401405	1234
20130815	123	123	123	8.905831325858289	1234