time startPrice highestPrice lowestPrice endPrice transactionCount
20130815	123	123	123	15.141643832743828	1234
20130815	123	123	123	4.166691656972221	1234
20130815	123	123	123	16.221154204726222	1234
20130815	123	123	123	7.761424013538674	1234
20130815	123	123	123	0.3976555861380171	1234
20130815	123	123	123	13.046276381534717	1234
20130815	123	123	123	7.634734488228052	1234
20130815	123	123	123	17.100898889799268	1234
20130815	123	123	123	9.133571623646283	1234
20130815	123	123	123	7.272330291726153	1234
20130815	123	123	123	15.591168901283849	1234
20130815	123	123	123	10.714309038920337	1234
20130815	123	123	123	3.011174855693477	1234
20130815	123	123	123	13.481124472815782	1234
20130815	123	123	123	8.255273866483533	1234
20130815	123	123	123	0.0961672410195491	1234
20130815	123	123	123	6.52927963194082	1234
20130815	123	123	123	0.9845106003053483	1234
20130815	123	123	123	13.396101692043896	1234
20130815	123	123	123	5.896862042692788	1234
20130815	123	123	123	253.59540778518684	1234
20130815	123	123	123	288.72468963616217	1234
20130815	123	123	123	325.4	1234
20130815	123	123	123	401.79999999999995	1234
20130815	123	123	123	436.8978972208516	1234
20130815	123	123	123	396.78058739483856	1234
20130815	123	123	123	388.5852823850934	1234
20130815	123	123	123	419.3321995737356	1234
20130815	123	123	123	444.22732225364314	1234
20130815	123	123	123	473.50511802369607	1234
20130815	123	123	123	503.38350031869305	1234
20130815	123	123	123	527.1076356019887	1234
20130815	123	123	123	502.2	1234
20130815	123	123	123	467.4354382438715	1234
20130815	123	123	123	391.81472855347806	1234
20130815	123	123	123	449.5800878169174	1234
20130815	123	123	123	374.6	1234
20130815	123	123	123	331.54947336498543	1234
20130815	123	123	123	293.86434610100895	1234
20130815	123	123	123	260.0	1234
20130815	123	123	123	10.654657499085832	1234
20130815	123	123	123	11.947277819892845	1234
20130815	123	123	123	4.789104416020608	1234
20130815	123	123	123	13.439990996976173	1234
20130815	123	123	123	10.25853074836142	1234
20130815	123	123	123	3.384747251166318	1234
20130815	123	123	123	9.557953316971727	1234
20130815	123	123	123	12.421075527084929	1234
20130815	123	123	123	4.944194361609469	1234
20130815	123	123	123	6.528093350032602	1234
20130815	123	123	123	0.5044756284316088	1234
20130815	123	123	123	9.938662985959168	1234
20130815	123	123	123	10.68337272393685	1234
20130815	123	123	123	11.468155873565511	1234
20130815	123	123	123	15.619702552189283	1234
20130815	123	123	123	1.184596239126885	1234
20130815	123	123	123	13.13594912055732	1234
20130815	123	123	123	17.976793486696803	1234
20130815	123	123	123	0.7385487130554802	1234
20130815	123	123	123	17.92101610773618	1234