time startPrice highestPrice lowestPrice endPrice transactionCount
20130815	123	123	123	7.2559863122172334	1234
20130815	123	123	123	10.417884362173137	1234
20130815	123	123	123	4.747919123220569	1234
20130815	123	123	123	13.465719184315887	1234
20130815	123	123	123	18.698230032564016	1234
20130815	123	123	123	3.733197493219742	1234
20130815	123	123	123	8.839505827272271	1234
20130815	123	123	123	13.945967718649959	1234
20130815	123	123	123	10.23175830885954	1234
20130815	123	123	123	4.149065306524706	1234
20130815	123	123	123	14.913338642074073	1234
20130815	123	123	123	5.266191546834509	1234
20130815	123	123	123	3.4310205407607164	1234
20130815	123	123	123	2.508701669206348	1234
20130815	123	123	123	2.7179093034892943	1234
20130815	123	123	123	17.621766151241143	1234
20130815	123	123	123	1.9258583458819567	1234
20130815	123	123	123	11.767151146763306	1234
20130815	123	123	123	11.708308527867302	1234
20130815	123	123	123	5.657184195278841	1234
20130815	123	123	123	249.0	1234
20130815	123	123	123	287.2	1234
20130815	123	123	123	328.7859553593793	1234
20130815	123	123	123	371.26607854955006	1234
20130815	123	123	123	437.0465994854511	1234
20130815	123	123	123	417.3596535892894	1234
20130815	123	123	123	396.79999999999995	1234
20130815	123	123	123	386.0	1234
20130815	123	123	123	417.91742755015207	1234
20130815	123	123	123	445.4724552656329	1234
20130815	123	123	123	478.2615209566528	1234
20130815	123	123	123	530.6296910614343	1234
20130815	123	123	123	460.4752036005333	1234
20130815	123	123	123	389.085606854389	1234
20130815	123	123	123	399.8	1234
20130815	123	123	123	412.6	1234
20130815	123	123	123	446.4290716332599	1234
20130815	123	123	123	402.0096144114957	1234
20130815	123	123	123	329.00337845368813	1234
20130815	123	123	123	260.0	1234
20130815	123	123	123	14.796953917706816	1234
20130815	123	123	123	9.611080564544427	1234
20130815	123	123	123	6.540909121082315	1234
20130815	123	123	123	5.553630171608813	1234
20130815	123	123	123	18.712140988694387	1234
20130815	123	123	123	5.480595705248083	1234
20130815	123	123	123	13.970354830375316	1234
20130815	123	123	123	19.250819433245564	1234
20130815	123	123	123	12.88134125436666	1234
20130815	123	123	123	9.220262754660384	1234
20130815	123	123	123	1.5644988209053912	1234
20130815	123	123	123	3.508795163279903	1234
20130815	123	123	123	12.489910416764864	1234
20130815	123	123	123	4.699778316093919	1234
20130815	123	123	123	0.5474738603668161	1234
20130815	123	123	123	0.4411451683140122	1234
20130815	123	123	123	3.477219769421489	1234
20130815	123	123	123	8.483035035343304	1234
20130815	123	123	123	2.60060798653323	1234
20130815	123	123	123	5.701898335424389	1234