time startPrice highestPrice lowestPrice endPrice transactionCount
20130815	123	123	123	12.426386594171383	1234
20130815	123	123	123	9.325936112741577	1234
20130815	123	123	123	6.16328109502541	1234
20130815	123	123	123	11.004144914763183	1234
20130815	123	123	123	8.459530850752978	1234
20130815	123	123	123	13.20520781500776	1234
20130815	123	123	123	7.664894542578935	1234
20130815	123	123	123	15.895813401292159	1234
20130815	123	123	123	6.664552009192441	1234
20130815	123	123	123	0.36438744807849144	1234
20130815	123	123	123	13.769421564794639	1234
20130815	123	123	123	10.779861368443173	1234
20130815	123	123	123	17.8852448166317	1234
20130815	123	123	123	10.546930524385441	1234
20130815	123	123	123	3.2114552365564353	1234
20130815	123	123	123	7.40438564159696	1234
20130815	123	123	123	1.0951804829855138	1234
20130815	123	123	123	8.8395073462708	1234
20130815	123	123	123	1.0725566582916812	1234
20130815	123	123	123	13.552362160485778	1234
20130815	123	123	123	251.01365046640524	1234
20130815	123	123	123	287.4904800281525	1234
20130815	123	123	123	330.1794362006053	1234
20130815	123	123	123	367.7395473697339	1234
20130815	123	123	123	404.63814593530077	1234
20130815	123	123	123	434.6176032361615	1234
20130815	123	123	123	388.81422573290445	1234
20130815	123	123	123	418.32668214430083	1234
20130815	123	123	123	450.8064341394368	1234
20130815	123	123	123	502.5066194372924	1234
20130815	123	123	123	528.9168680281853	1234
20130815	123	123	123	498.8812242214487	1234
20130815	123	123	123	470.99440882947823	1234
20130815	123	123	123	442.7120295461647	1234
20130815	123	123	123	414.32195614205943	1234
20130815	123	123	123	390.8667688219613	1234
20130815	123	123	123	451.0	1234
20130815	123	123	123	369.1786846033714	1234
20130815	123	123	123	293.8877734691141	1234
20130815	123	123	123	260.0	1234
20130815	123	123	123	11.77583368150896	1234
20130815	123	123	123	7.137390923863036	1234
20130815	123	123	123	7.790114339750048	1234
20130815	123	123	123	15.406701309116377	1234
20130815	123	123	123	8.53997301476505	1234
20130815	123	123	123	9.223297342003018	1234
20130815	123	123	123	18.018217099437457	1234
20130815	123	123	123	15.518808471293639	1234
20130815	123	123	123	3.093689401210946	1234
20130815	123	123	123	13.327478924136809	1234
20130815	123	123	123	7.021803281239225	1234
20130815	123	123	123	6.97696143960485	1234
20130815	123	123	123	2.7124841054964977	1234
20130815	123	123	123	4.650143429269853	1234
20130815	123	123	123	6.679906103932343	1234
20130815	123	123	123	15.796599573493062	1234
20130815	123	123	123	4.113858180885053	1234
20130815	123	123	123	19.565567730057907	1234
20130815	123	123	123	13.193320462001335	1234
20130815	123	123	123	15.60540418298141	1234