time startPrice highestPrice lowestPrice endPrice transactionCount
20130815	123	123	123	12.381368792671202	1234
20130815	123	123	123	18.79815645607961	1234
20130815	123	123	123	16.934110736559443	1234
20130815	123	123	123	12.689047305937862	1234
20130815	123	123	123	8.059879306988307	1234
20130815	123	123	123	2.1938550159158443	1234
20130815	123	123	123	6.912999993969395	1234
20130815	123	123	123	8.569485903670937	1234
20130815	123	123	123	17.318559337322608	1234
20130815	123	123	123	6.48309918429751	1234
20130815	123	123	123	2.0771380085424918	1234
20130815	123	123	123	17.48208916970723	1234
20130815	123	123	123	4.02077380029473	1234
20130815	123	123	123	17.391322967651366	1234
20130815	123	123	123	10.084796964484044	1234
20130815	123	123	123	2.8571020762398525	1234
20130815	123	123	123	18.267882403024302	1234
20130815	123	123	123	6.890563989211187	1234
20130815	123	123	123	14.977288284676584	1234
20130815	123	123	123	12.790299145175265	1234
20130815	123	123	123	255.53672741278794	1234
20130815	123	123	123	331.95784297552734	1234
20130815	123	123	123	364.36206897321523	1234
20130815	123	123	123	401.79999999999995	1234
20130815	123	123	123	439.55467431074237	1234
20130815	123	123	123	421.67923104342907	1234
20130815	123	123	123	386.80749359956974	1234
20130815	123	123	123	417.28626116502676	1234
20130815	123	123	123	448.22836009571023	1234
20130815	123	123	123	529.6958017962204	1234
20130815	123	123	123	500.9510595042077	1234
20130815	123	123	123	465.421664800538	1234
20130815	123	123	123	412.491430963233	1234
20130815	123	123	123	388.41672838104046	1234
20130815	123	123	123	401.7727772054924	1234
20130815	123	123	123	415.43529839240153	1234
20130815	123	123	123	446.44318050576476	1234
20130815	123	123	123	370.2259895549873	1234
20130815	123	123	123	334.03812440489077	1234
20130815	123	123	123	260.0	1234
20130815	123	123	123	9.854691395616008	1234
20130815	123	123	123	5.733085162129106	1234
20130815	123	123	123	3.0199078301530413	1234
20130815	123	123	123	19.913649294662086	1234
20130815	123	123	123	7.337111084803112	1234
20130815	123	123	123	12.502493457166587	1234
20130815	123	123	123	7.69542739407737	1234
20130815	123	123	123	2.8008795218652294	1234
20130815	123	123	123	7.610082534874502	1234
20130815	123	123	123	12.542357391216644	1234
20130815	123	123	123	18.2110948331855	1234
20130815	123	123	123	10.871439068490737	1234
20130815	123	123	123	8.72588130003949	1234
20130815	123	123	123	12.485577764905077	1234
20130815	123	123	123	4.024635502100489	1234
20130815	123	123	123	19.93215075284815	1234
20130815	123	123	123	12.13993097645755	1234
20130815	123	123	123	19.09606524517445	1234
20130815	123	123	123	11.66427623682342	1234
20130815	123	123	123	11.296606707452687	1234