time startPrice highestPrice lowestPrice endPrice transactionCount
20130815	123	123	123	5.021256147869934	1234
20130815	123	123	123	8.328946222602251	1234
20130815	123	123	123	1.6705116017409827	1234
20130815	123	123	123	17.3469329407091	1234
20130815	123	123	123	1.2695728018605368	1234
20130815	123	123	123	8.604542159887878	1234
20130815	123	123	123	11.372824739676604	1234
20130815	123	123	123	7.466289323016593	1234
20130815	123	123	123	7.252475269204632	1234
20130815	123	123	123	15.311998329764094	1234
20130815	123	123	123	5.315628361938554	1234
20130815	123	123	123	2.4017073571574055	1234
20130815	123	123	123	6.634419927415136	1234
20130815	123	123	123	3.9288874131986007	1234
20130815	123	123	123	4.20356930315857	1234
20130815	123	123	123	11.515739998657251	1234
20130815	123	123	123	0.21190091480087103	1234
20130815	123	123	123	3.805170755650553	1234
20130815	123	123	123	2.834668956005766	1234
20130815	123	123	123	1.8799241117042476	1234
20130815	123	123	123	252.6285694578782	1234
20130815	123	123	123	289.6969071621708	1234
20130815	123	123	123	331.10954208537333	1234
20130815	123	123	123	369.12198310924697	1234
20130815	123	123	123	439.33887990854595	1234
20130815	123	123	123	388.7087849349561	1234
20130815	123	123	123	419.46846382134856	1234
20130815	123	123	123	450.1485320219982	1234
20130815	123	123	123	502.0	1234
20130815	123	123	123	528.4045953879973	1234
20130815	123	123	123	498.80782049842117	1234
20130815	123	123	123	468.8806308240772	1234
20130815	123	123	123	440.853882434708	1234
20130815	123	123	123	414.10174492481804	1234
20130815	123	123	123	387.0	1234
20130815	123	123	123	439.48421831338374	1234
20130815	123	123	123	447.5680504319699	1234
20130815	123	123	123	408.0711562612228	1234
20130815	123	123	123	362.7425427160287	1234
20130815	123	123	123	260.0	1234
20130815	123	123	123	4.27895249722509	1234
20130815	123	123	123	15.978567997643609	1234
20130815	123	123	123	11.814451531291212	1234
20130815	123	123	123	0.18134799370496557	1234
20130815	123	123	123	15.378781384455177	1234
20130815	123	123	123	10.019642045492878	1234
20130815	123	123	123	13.454361471607815	1234
20130815	123	123	123	15.746638954812289	1234
20130815	123	123	123	12.980217181249909	1234
20130815	123	123	123	10.532205473938884	1234
20130815	123	123	123	9.106045218176186	1234
20130815	123	123	123	0.16249600753295956	1234
20130815	123	123	123	11.949722256285153	1234
20130815	123	123	123	8.797942260407712	1234
20130815	123	123	123	15.827628520278312	1234
20130815	123	123	123	16.64767869012684	1234
20130815	123	123	123	2.6467037495101464	1234
20130815	123	123	123	10.542416099830117	1234
20130815	123	123	123	6.547628829222134	1234
20130815	123	123	123	10.632133639978141	1234