time startPrice highestPrice lowestPrice endPrice transactionCount
20130815	123	123	123	3.9734808337174776	1234
20130815	123	123	123	17.872029045231773	1234
20130815	123	123	123	6.145166744873867	1234
20130815	123	123	123	8.425417422469668	1234
20130815	123	123	123	5.777521205835338	1234
20130815	123	123	123	11.00404115877459	1234
20130815	123	123	123	2.1240001426022626	1234
20130815	123	123	123	13.167472190201778	1234
20130815	123	123	123	13.123076079697672	1234
20130815	123	123	123	5.279539699111735	1234
20130815	123	123	123	8.365550540489672	1234
20130815	123	123	123	2.2597638889122162	1234
20130815	123	123	123	2.725024672000731	1234
20130815	123	123	123	4.535394456829172	1234
20130815	123	123	123	6.46101936161431	1234
20130815	123	123	123	0.46764315651967037	1234
20130815	123	123	123	0.94536137117055	1234
20130815	123	123	123	6.665820733443082	1234
20130815	123	123	123	12.504825721230864	1234
20130815	123	123	123	9.99631903304894	1234
20130815	123	123	123	249.0444242997504	1234
20130815	123	123	123	290.30144983990806	1234
20130815	123	123	123	328.9544934202715	1234
20130815	123	123	123	367.43704436431744	1234
20130815	123	123	123	439.5075556770128	1234
20130815	123	123	123	394.1312091959698	1234
20130815	123	123	123	444.0748616457564	1234
20130815	123	123	123	473.21845225357447	1234
20130815	123	123	123	504.974594400444	1234
20130815	123	123	123	531.0	1234
20130815	123	123	123	501.20313605769394	1234
20130815	123	123	123	471.8817330377228	1234
20130815	123	123	123	438.40681153189644	1234
20130815	123	123	123	394.6960834080692	1234
20130815	123	123	123	446.61245543842455	1234
20130815	123	123	123	411.64622128092395	1234
20130815	123	123	123	369.8160301530882	1234
20130815	123	123	123	333.9611033314021	1234
20130815	123	123	123	293.72288449006453	1234
20130815	123	123	123	260.0	1234
20130815	123	123	123	19.923631593362778	1234
20130815	123	123	123	4.978131560128823	1234
20130815	123	123	123	13.927790912231151	1234
20130815	123	123	123	4.68353544596936	1234
20130815	123	123	123	4.811509371697058	1234
20130815	123	123	123	2.0950504413350046	1234
20130815	123	123	123	2.9084109884803078	1234
20130815	123	123	123	4.783548049351816	1234
20130815	123	123	123	16.814279804595596	1234
20130815	123	123	123	9.255753553222325	1234
20130815	123	123	123	17.402856084588777	1234
20130815	123	123	123	15.673080266996521	1234
20130815	123	123	123	8.32401526204589	1234
20130815	123	123	123	9.981100165115983	1234
20130815	123	123	123	12.728888809337915	1234
20130815	123	123	123	12.735741779848457	1234
20130815	123	123	123	3.6362691578320683	1234
20130815	123	123	123	3.8067787028214206	1234
20130815	123	123	123	14.158401601601	1234
20130815	123	123	123	14.232149227514647	1234