time startPrice highestPrice lowestPrice endPrice transactionCount
20130815	123	123	123	2.8444145068409954	1234
20130815	123	123	123	5.980527176747237	1234
20130815	123	123	123	17.78968107350885	1234
20130815	123	123	123	6.04592400880128	1234
20130815	123	123	123	12.092755932346757	1234
20130815	123	123	123	0.235780257340219	1234
20130815	123	123	123	18.969885591790515	1234
20130815	123	123	123	3.68475733914964	1234
20130815	123	123	123	11.490837509562251	1234
20130815	123	123	123	11.207987628587926	1234
20130815	123	123	123	4.803687480145338	1234
20130815	123	123	123	15.22693041332417	1234
20130815	123	123	123	19.59173229862698	1234
20130815	123	123	123	19.17981503698056	1234
20130815	123	123	123	18.83360246534459	1234
20130815	123	123	123	5.845423688429115	1234
20130815	123	123	123	5.495601133936772	1234
20130815	123	123	123	1.912739263532468	1234
20130815	123	123	123	2.313187406299413	1234
20130815	123	123	123	12.004648240606697	1234
20130815	123	123	123	249.0	1234
20130815	123	123	123	291.29904782047856	1234
20130815	123	123	123	325.4	1234
20130815	123	123	123	366.3940762934732	1234
20130815	123	123	123	439.8192564978614	1234
20130815	123	123	123	389.0153399149549	1234
20130815	123	123	123	418.0771675410203	1234
20130815	123	123	123	447.661191327191	1234
20130815	123	123	123	473.86069566376216	1234
20130815	123	123	123	502.3410762184647	1234
20130815	123	123	123	527.3062591701229	1234
20130815	123	123	123	498.76364674729354	1234
20130815	123	123	123	444.59999999999997	1234
20130815	123	123	123	415.52308585473565	1234
20130815	123	123	123	392.93729748270056	1234
20130815	123	123	123	440.9130379305292	1234
20130815	123	123	123	374.2808513261805	1234
20130815	123	123	123	336.24122759906896	1234
20130815	123	123	123	298.20000000000005	1234
20130815	123	123	123	260.0	1234
20130815	123	123	123	3.523445081150476	1234
20130815	123	123	123	13.949807699843797	1234
20130815	123	123	123	19.811816970271423	1234
20130815	123	123	123	11.943637330728885	1234
20130815	123	123	123	14.66638961596012	1234
20130815	123	123	123	2.710563083645161	1234
20130815	123	123	123	15.936121373334673	1234
20130815	123	123	123	2.050824124929944	1234
20130815	123	123	123	9.122637867019163	1234
20130815	123	123	123	3.2146764192178034	1234
20130815	123	123	123	17.568101597826338	1234
20130815	123	123	123	15.195475335270723	1234
20130815	123	123	123	3.3162497426330106	1234
20130815	123	123	123	6.884126273496243	1234
20130815	123	123	123	15.41448292220817	1234
20130815	123	123	123	3.506622712229006	1234
20130815	123	123	123	9.498949659646968	1234
20130815	123	123	123	4.112022013348313	1234
20130815	123	123	123	13.681394484641508	1234
20130815	123	123	123	15.141117933068253	1234