time startPrice highestPrice lowestPrice endPrice transactionCount
20130815	123	123	123	4.710821988246117	1234
20130815	123	123	123	17.046143249581483	1234
20130815	123	123	123	6.893131685473081	1234
20130815	123	123	123	7.344938821502787	1234
20130815	123	123	123	17.567294988790984	1234
20130815	123	123	123	16.617815434433755	1234
20130815	123	123	123	1.4858658527386415	1234
20130815	123	123	123	10.985742313073796	1234
20130815	123	123	123	1.7281987859359704	1234
20130815	123	123	123	12.698401211784043	1234
20130815	123	123	123	19.412795279624206	1234
20130815	123	123	123	4.902443801205143	1234
20130815	123	123	123	14.668839024684923	1234
20130815	123	123	123	4.023307467192585	1234
20130815	123	123	123	4.598582560991192	1234
20130815	123	123	123	14.644350667454695	1234
20130815	123	123	123	13.480149264365103	1234
20130815	123	123	123	16.966743848205926	1234
20130815	123	123	123	17.557557637210646	1234
20130815	123	123	123	11.08950941230093	1234
20130815	123	123	123	254.5707441325839	1234
20130815	123	123	123	287.2	1234
20130815	123	123	123	330.60682158054504	1234
20130815	123	123	123	369.99369966777846	1234
20130815	123	123	123	435.08786735407426	1234
20130815	123	123	123	391.52537922254373	1234
20130815	123	123	123	444.0	1234
20130815	123	123	123	476.4715083339395	1234
20130815	123	123	123	505.1897095906181	1234
20130815	123	123	123	531.0	1234
20130815	123	123	123	500.32586833865383	1234
20130815	123	123	123	440.97080853108787	1234
20130815	123	123	123	387.78672866382226	1234
20130815	123	123	123	418.34674511877796	1234
20130815	123	123	123	450.9626021097104	1234
20130815	123	123	123	408.30738496525106	1234
20130815	123	123	123	374.3636264770432	1234
20130815	123	123	123	332.64351551827895	1234
20130815	123	123	123	297.936609362091	1234
20130815	123	123	123	260.0	1234
20130815	123	123	123	12.398393129541184	1234
20130815	123	123	123	15.949638762736075	1234
20130815	123	123	123	16.239087685271883	1234
20130815	123	123	123	17.108124702252233	1234
20130815	123	123	123	4.56523191675656	1234
20130815	123	123	123	7.772286408920543	1234
20130815	123	123	123	6.2842831970125435	1234
20130815	123	123	123	15.433729439178311	1234
20130815	123	123	123	2.447481795766022	1234
20130815	123	123	123	14.01296432059696	1234
20130815	123	123	123	7.08625141628489	1234
20130815	123	123	123	12.986859102572252	1234
20130815	123	123	123	4.1779089708784145	1234
20130815	123	123	123	2.9970314723978486	1234
20130815	123	123	123	13.190638405816584	1234
20130815	123	123	123	7.0717606806119555	1234
20130815	123	123	123	11.535446021373314	1234
20130815	123	123	123	0.829309276098964	1234
20130815	123	123	123	19.342735630382236	1234
20130815	123	123	123	9.66745084467923	1234