time startPrice highestPrice lowestPrice endPrice transactionCount
20130815	123	123	123	8.443930085407585	1234
20130815	123	123	123	5.751058206090816	1234
20130815	123	123	123	10.490880417227487	1234
20130815	123	123	123	17.931647848914025	1234
20130815	123	123	123	1.5966323123889326	1234
20130815	123	123	123	6.4684443620635745	1234
20130815	123	123	123	4.629949190756692	1234
20130815	123	123	123	5.034054629791854	1234
20130815	123	123	123	12.19420600324618	1234
20130815	123	123	123	0.8688499408404105	1234
20130815	123	123	123	10.635708491123806	1234
20130815	123	123	123	18.31934324665218	1234
20130815	123	123	123	13.379057884553598	1234
20130815	123	123	123	10.825923557629643	1234
20130815	123	123	123	18.66082364590206	1234
20130815	123	123	123	16.276667372021898	1234
20130815	123	123	123	14.746777643910402	1234
20130815	123	123	123	7.933468586296106	1234
20130815	123	123	123	12.248789168455465	1234
20130815	123	123	123	7.820026706236922	1234
20130815	123	123	123	250.4872636493991	1234
20130815	123	123	123	290.92249143692436	1234
20130815	123	123	123	328.4337501902196	1234
20130815	123	123	123	364.34898338193307	1234
20130815	123	123	123	405.9530607712906	1234
20130815	123	123	123	434.97506500358304	1234
20130815	123	123	123	386.6476143796165	1234
20130815	123	123	123	417.2771690694894	1234
20130815	123	123	123	448.7384583615501	1234
20130815	123	123	123	473.08779002224077	1234
20130815	123	123	123	504.8052329380825	1234
20130815	123	123	123	524.798505565764	1234
20130815	123	123	123	472.2964080028747	1234
20130815	123	123	123	415.2025942330346	1234
20130815	123	123	123	392.3965635790765	1234
20130815	123	123	123	441.39294495098295	1234
20130815	123	123	123	373.94567310820804	1234
20130815	123	123	123	333.92315304919373	1234
20130815	123	123	123	294.0389195707316	1234
20130815	123	123	123	260.0	1234
20130815	123	123	123	14.162183793808762	1234
20130815	123	123	123	17.02660895954671	1234
20130815	123	123	123	15.99250061245921	1234
20130815	123	123	123	16.134761756667817	1234
20130815	123	123	123	12.414140444525755	1234
20130815	123	123	123	5.009523474706423	1234
20130815	123	123	123	5.196935978209152	1234
20130815	123	123	123	3.4730069153328946	1234
20130815	123	123	123	16.857202991867954	1234
20130815	123	123	123	19.599734827260967	1234
20130815	123	123	123	3.1569071696546125	1234
20130815	123	123	123	10.111614601395742	1234
20130815	123	123	123	8.020207362577692	1234
20130815	123	123	123	14.962216338196432	1234
20130815	123	123	123	19.805374707735453	1234
20130815	123	123	123	5.8618205561657195	1234
20130815	123	123	123	16.618927205098526	1234
20130815	123	123	123	4.1948709582415455	1234
20130815	123	123	123	9.25735165881715	1234
20130815	123	123	123	18.320720139711383	1234