time startPrice highestPrice lowestPrice endPrice transactionCount
20130815	123	123	123	14.031837147291494	1234
20130815	123	123	123	8.091052718778995	1234
20130815	123	123	123	8.996823904398028	1234
20130815	123	123	123	7.822693582343884	1234
20130815	123	123	123	7.339469672520142	1234
20130815	123	123	123	2.386843105343579	1234
20130815	123	123	123	7.626712258827069	1234
20130815	123	123	123	8.121504089420501	1234
20130815	123	123	123	4.024204426017373	1234
20130815	123	123	123	15.26969006789061	1234
20130815	123	123	123	15.70286998518204	1234
20130815	123	123	123	17.814935330739775	1234
20130815	123	123	123	2.02727575289827	1234
20130815	123	123	123	3.736065690883168	1234
20130815	123	123	123	1.9515759259838639	1234
20130815	123	123	123	0.319643017048179	1234
20130815	123	123	123	18.984656668982034	1234
20130815	123	123	123	13.254866005606225	1234
20130815	123	123	123	3.2888072357977105	1234
20130815	123	123	123	8.465908583737606	1234
20130815	123	123	123	202.6933021072784	1234
20130815	123	123	123	262.18087407570255	1234
20130815	123	123	123	206.6958461048045	1234
20130815	123	123	123	194.61896345308207	1234
20130815	123	123	123	294.80340973267056	1234
20130815	123	123	123	386.6950285240396	1234
20130815	123	123	123	482.6839129041743	1234
20130815	123	123	123	569.0	1234
20130815	123	123	123	659.0742142837339	1234
20130815	123	123	123	559.6323488592164	1234
20130815	123	123	123	466.2796771981328	1234
20130815	123	123	123	370.588895905725	1234
20130815	123	123	123	283.840467187858	1234
20130815	123	123	123	193.4894350297969	1234
20130815	123	123	123	207.37914060511724	1234
20130815	123	123	123	224.66213682721417	1234
20130815	123	123	123	261.6786349651649	1234
20130815	123	123	123	231.04825586807004	1234
20130815	123	123	123	203.3247474664031	1234
20130815	123	123	123	190.0	1234
20130815	123	123	123	5.902851065684218	1234
20130815	123	123	123	17.498904698572485	1234
20130815	123	123	123	13.00066187301368	1234
20130815	123	123	123	19.075946668166363	1234
20130815	123	123	123	2.0914154047634947	1234
20130815	123	123	123	7.2696927888382845	1234
20130815	123	123	123	9.033361531674991	1234
20130815	123	123	123	19.565389890026175	1234
20130815	123	123	123	11.875286190613817	1234
20130815	123	123	123	2.6004932065545883	1234
20130815	123	123	123	12.378789505257323	1234
20130815	123	123	123	19.156459109831832	1234
20130815	123	123	123	11.442016044427483	1234
20130815	123	123	123	14.385910882537107	1234
20130815	123	123	123	13.686063495948249	1234
20130815	123	123	123	2.467098370800045	1234
20130815	123	123	123	7.6360467446741325	1234
20130815	123	123	123	4.874571171761661	1234
20130815	123	123	123	9.999162427120222	1234
20130815	123	123	123	9.04113858971425	1234