time startPrice highestPrice lowestPrice endPrice transactionCount
20130815	123	123	123	3.115753267944672	1234
20130815	123	123	123	13.799830418581882	1234
20130815	123	123	123	4.993718873613265	1234
20130815	123	123	123	10.980725054271314	1234
20130815	123	123	123	15.019680844057957	1234
20130815	123	123	123	11.101546020865111	1234
20130815	123	123	123	16.050811087351523	1234
20130815	123	123	123	10.452845427313973	1234
20130815	123	123	123	10.630001949560262	1234
20130815	123	123	123	17.1875861816866	1234
20130815	123	123	123	2.621381643555809	1234
20130815	123	123	123	8.840870102541377	1234
20130815	123	123	123	8.33883418799903	1234
20130815	123	123	123	0.5781650067064259	1234
20130815	123	123	123	6.002518311807032	1234
20130815	123	123	123	19.436969053898864	1234
20130815	123	123	123	14.57647846663734	1234
20130815	123	123	123	11.047012939111722	1234
20130815	123	123	123	14.790995294710797	1234
20130815	123	123	123	10.56870300333836	1234
20130815	123	123	123	191.3176448113047	1234
20130815	123	123	123	205.4	1234
20130815	123	123	123	236.9925291879388	1234
20130815	123	123	123	253.33622957882753	1234
20130815	123	123	123	267.0	1234
20130815	123	123	123	219.34418435625136	1234
20130815	123	123	123	194.00690291313663	1234
20130815	123	123	123	290.985878080961	1234
20130815	123	123	123	484.2757726538869	1234
20130815	123	123	123	572.7740556668872	1234
20130815	123	123	123	657.2869633015918	1234
20130815	123	123	123	561.4592919630942	1234
20130815	123	123	123	471.0308109529677	1234
20130815	123	123	123	376.64140262923246	1234
20130815	123	123	123	274.281651677517	1234
20130815	123	123	123	192.0	1234
20130815	123	123	123	212.418977585748	1234
20130815	123	123	123	256.4658528020425	1234
20130815	123	123	123	204.21602612864027	1234
20130815	123	123	123	190.0	1234
20130815	123	123	123	8.643406944443463	1234
20130815	123	123	123	10.61679377913531	1234
20130815	123	123	123	11.420212116722023	1234
20130815	123	123	123	0.2870771154846996	1234
20130815	123	123	123	10.123447067096492	1234
20130815	123	123	123	3.441412022243333	1234
20130815	123	123	123	12.260077635098998	1234
20130815	123	123	123	16.3065352077578	1234
20130815	123	123	123	2.721541713535498	1234
20130815	123	123	123	17.193008237578557	1234
20130815	123	123	123	7.711113802317582	1234
20130815	123	123	123	0.5432121201544016	1234
20130815	123	123	123	12.451508574129814	1234
20130815	123	123	123	7.18472442130688	1234
20130815	123	123	123	13.118586385538034	1234
20130815	123	123	123	9.023532937709476	1234
20130815	123	123	123	7.806236561446223	1234
20130815	123	123	123	3.6985923316141545	1234
20130815	123	123	123	1.3520000873586069	1234
20130815	123	123	123	9.98603949214823	1234