time startPrice highestPrice lowestPrice endPrice transactionCount
20130815	123	123	123	13.3631170255919	1234
20130815	123	123	123	9.582162888408561	1234
20130815	123	123	123	11.251117719558057	1234
20130815	123	123	123	18.596673744727386	1234
20130815	123	123	123	5.022606021842995	1234
20130815	123	123	123	16.954549975264385	1234
20130815	123	123	123	15.138935819558865	1234
20130815	123	123	123	9.97461592278617	1234
20130815	123	123	123	12.593956330108666	1234
20130815	123	123	123	8.68501996379878	1234
20130815	123	123	123	6.413742179897772	1234
20130815	123	123	123	10.469309304345673	1234
20130815	123	123	123	1.5000399478219562	1234
20130815	123	123	123	17.598177869888648	1234
20130815	123	123	123	8.668180535734757	1234
20130815	123	123	123	15.877765776576263	1234
20130815	123	123	123	2.1689912260145827	1234
20130815	123	123	123	10.03938438721205	1234
20130815	123	123	123	19.986768352174693	1234
20130815	123	123	123	19.205214013980658	1234
20130815	123	123	123	190.0237332008299	1234
20130815	123	123	123	236.52255904762524	1234
20130815	123	123	123	252.6949108640671	1234
20130815	123	123	123	265.70182207919015	1234
20130815	123	123	123	234.89458161838942	1234
20130815	123	123	123	221.60074472790194	1234
20130815	123	123	123	207.79999999999995	1234
20130815	123	123	123	197.70165985420704	1234
20130815	123	123	123	294.0991375189744	1234
20130815	123	123	123	381.0	1234
20130815	123	123	123	574.3553597857232	1234
20130815	123	123	123	656.2469658956093	1234
20130815	123	123	123	568.8	1234
20130815	123	123	123	459.02515548837107	1234
20130815	123	123	123	375.8366734369274	1234
20130815	123	123	123	278.8244915923704	1234
20130815	123	123	123	200.90561227847877	1234
20130815	123	123	123	249.3594876378198	1234
20130815	123	123	123	262.85350511873736	1234
20130815	123	123	123	190.0	1234
20130815	123	123	123	3.4786386122442003	1234
20130815	123	123	123	9.028146058310975	1234
20130815	123	123	123	0.48419030477397706	1234
20130815	123	123	123	13.972306603915976	1234
20130815	123	123	123	10.220117267327158	1234
20130815	123	123	123	8.537168466180873	1234
20130815	123	123	123	9.727343142841114	1234
20130815	123	123	123	17.708356373157773	1234
20130815	123	123	123	16.314673094998074	1234
20130815	123	123	123	10.030487988640546	1234
20130815	123	123	123	4.613021898897847	1234
20130815	123	123	123	9.742528905341512	1234
20130815	123	123	123	2.099704405839864	1234
20130815	123	123	123	3.5073950210719373	1234
20130815	123	123	123	5.167687604552187	1234
20130815	123	123	123	1.3307230018104388	1234
20130815	123	123	123	6.20710364509514	1234
20130815	123	123	123	17.037126722007095	1234
20130815	123	123	123	8.255273835907545	1234
20130815	123	123	123	0.7066280384485557	1234