time startPrice highestPrice lowestPrice endPrice transactionCount
20130815	123	123	123	16.572624829537997	1234
20130815	123	123	123	12.750858950905666	1234
20130815	123	123	123	3.7237592141039966	1234
20130815	123	123	123	15.80151370431807	1234
20130815	123	123	123	10.731803310592467	1234
20130815	123	123	123	12.10067445341561	1234
20130815	123	123	123	10.344878854427469	1234
20130815	123	123	123	4.777127384460762	1234
20130815	123	123	123	12.399543022967038	1234
20130815	123	123	123	16.438336662609977	1234
20130815	123	123	123	9.778306382215572	1234
20130815	123	123	123	14.818971572819384	1234
20130815	123	123	123	2.79119660593111	1234
20130815	123	123	123	10.394277967931716	1234
20130815	123	123	123	16.74044146956534	1234
20130815	123	123	123	8.875817788568147	1234
20130815	123	123	123	17.86808773119133	1234
20130815	123	123	123	6.106171785846845	1234
20130815	123	123	123	9.422093420748672	1234
20130815	123	123	123	0.5652071635121225	1234
20130815	123	123	123	191.47224184548855	1234
20130815	123	123	123	265.78479753221484	1234
20130815	123	123	123	252.19420934187988	1234
20130815	123	123	123	236.51026878596204	1234
20130815	123	123	123	193.66011181995054	1234
20130815	123	123	123	293.8858971558134	1234
20130815	123	123	123	387.6897091167526	1234
20130815	123	123	123	476.13680138776806	1234
20130815	123	123	123	582.3722766451903	1234
20130815	123	123	123	658.0593263170578	1234
20130815	123	123	123	565.2537641422706	1234
20130815	123	123	123	463.20002525802255	1234
20130815	123	123	123	285.36262912837793	1234
20130815	123	123	123	193.061674687945	1234
20130815	123	123	123	206.9314216240483	1234
20130815	123	123	123	222.0865207240035	1234
20130815	123	123	123	237.77525888180818	1234
20130815	123	123	123	257.40139274341675	1234
20130815	123	123	123	203.99855963391866	1234
20130815	123	123	123	190.0	1234
20130815	123	123	123	19.414159461385974	1234
20130815	123	123	123	16.23171232766715	1234
20130815	123	123	123	12.30181580548324	1234
20130815	123	123	123	5.461385943115755	1234
20130815	123	123	123	1.1401037965547434	1234
20130815	123	123	123	15.208639791715008	1234
20130815	123	123	123	17.85910324549628	1234
20130815	123	123	123	0.5111629974951093	1234
20130815	123	123	123	15.68961213982101	1234
20130815	123	123	123	4.661053004051084	1234
20130815	123	123	123	18.149969230466848	1234
20130815	123	123	123	6.7052468561162115	1234
20130815	123	123	123	17.50441051009306	1234
20130815	123	123	123	2.4643432701330292	1234
20130815	123	123	123	6.601969007174904	1234
20130815	123	123	123	6.55841057279694	1234
20130815	123	123	123	11.211770899993606	1234
20130815	123	123	123	9.219353750332175	1234
20130815	123	123	123	15.405247593718524	1234
20130815	123	123	123	5.002607846305875	1234