time startPrice highestPrice lowestPrice endPrice transactionCount
20130815	123	123	123	0.1388094834519049	1234
20130815	123	123	123	4.749127989701707	1234
20130815	123	123	123	5.182360000272823	1234
20130815	123	123	123	16.571617535082435	1234
20130815	123	123	123	19.23429145255892	1234
20130815	123	123	123	15.518502812069162	1234
20130815	123	123	123	18.29818665652064	1234
20130815	123	123	123	6.157454022885551	1234
20130815	123	123	123	3.4864669450227948	1234
20130815	123	123	123	14.565097994147775	1234
20130815	123	123	123	13.55640638796382	1234
20130815	123	123	123	8.169236585615261	1234
20130815	123	123	123	17.978252760246704	1234
20130815	123	123	123	5.532955374647857	1234
20130815	123	123	123	12.016628993303051	1234
20130815	123	123	123	13.413126571074432	1234
20130815	123	123	123	14.941485844518834	1234
20130815	123	123	123	15.930151332500838	1234
20130815	123	123	123	11.574283642390286	1234
20130815	123	123	123	14.021444015932873	1234
20130815	123	123	123	190.0	1234
20130815	123	123	123	206.60326901729607	1234
20130815	123	123	123	264.99697808956245	1234
20130815	123	123	123	236.2157375263589	1234
20130815	123	123	123	219.59786276913061	1234
20130815	123	123	123	203.02912461067643	1234
20130815	123	123	123	291.9911533101495	1234
20130815	123	123	123	381.0	1234
20130815	123	123	123	491.30963804213457	1234
20130815	123	123	123	569.0	1234
20130815	123	123	123	661.9743277533495	1234
20130815	123	123	123	469.9544223665375	1234
20130815	123	123	123	377.8363276601969	1234
20130815	123	123	123	193.25440642260605	1234
20130815	123	123	123	237.40111001973898	1234
20130815	123	123	123	262.65082363023316	1234
20130815	123	123	123	248.05528967602666	1234
20130815	123	123	123	219.20000000000002	1234
20130815	123	123	123	204.0145959431043	1234
20130815	123	123	123	190.0	1234
20130815	123	123	123	16.87592146829546	1234
20130815	123	123	123	3.0063798041853196	1234
20130815	123	123	123	14.464619525070969	1234
20130815	123	123	123	15.366024594476551	1234
20130815	123	123	123	9.396640519938781	1234
20130815	123	123	123	5.850187390152939	1234
20130815	123	123	123	10.144840685410024	1234
20130815	123	123	123	10.693002891700443	1234
20130815	123	123	123	6.676695414334992	1234
20130815	123	123	123	3.7845989494968935	1234
20130815	123	123	123	3.3840813655824076	1234
20130815	123	123	123	14.66126634335318	1234
20130815	123	123	123	15.183840146133953	1234
20130815	123	123	123	8.503145771121854	1234
20130815	123	123	123	0.5354700545698288	1234
20130815	123	123	123	12.142621367269374	1234
20130815	123	123	123	9.867229192034	1234
20130815	123	123	123	15.376603528522256	1234
20130815	123	123	123	5.7340562609781625	1234
20130815	123	123	123	19.442477432547506	1234