time startPrice highestPrice lowestPrice endPrice transactionCount
20130815	123	123	123	9.026467811793601	1234
20130815	123	123	123	7.050688130307572	1234
20130815	123	123	123	1.366133520362116	1234
20130815	123	123	123	19.431635740184213	1234
20130815	123	123	123	3.44483743665402	1234
20130815	123	123	123	4.602075665984692	1234
20130815	123	123	123	9.018724596573895	1234
20130815	123	123	123	6.847580227184588	1234
20130815	123	123	123	7.174426423261817	1234
20130815	123	123	123	18.903585912944155	1234
20130815	123	123	123	18.41280881840435	1234
20130815	123	123	123	16.51195738091677	1234
20130815	123	123	123	1.4490031811355375	1234
20130815	123	123	123	3.742045500308764	1234
20130815	123	123	123	14.258231095851885	1234
20130815	123	123	123	5.2344202560387165	1234
20130815	123	123	123	0.9304666684565555	1234
20130815	123	123	123	10.865751160935467	1234
20130815	123	123	123	7.759841390636231	1234
20130815	123	123	123	12.879896012925013	1234
20130815	123	123	123	193.6819197725562	1234
20130815	123	123	123	251.737598142981	1234
20130815	123	123	123	265.7285426903862	1234
20130815	123	123	123	250.2880917367791	1234
20130815	123	123	123	219.61104491909512	1234
20130815	123	123	123	204.11116280175762	1234
20130815	123	123	123	291.3755867706333	1234
20130815	123	123	123	395.97524770017156	1234
20130815	123	123	123	476.2159505724574	1234
20130815	123	123	123	581.1109790586929	1234
20130815	123	123	123	657.4254167333976	1234
20130815	123	123	123	568.8	1234
20130815	123	123	123	457.45805157341886	1234
20130815	123	123	123	281.9381152857155	1234
20130815	123	123	123	196.05341626598917	1234
20130815	123	123	123	222.89873977639374	1234
20130815	123	123	123	262.05662382571114	1234
20130815	123	123	123	244.26166339781707	1234
20130815	123	123	123	204.60000000000002	1234
20130815	123	123	123	190.0	1234
20130815	123	123	123	18.643946090401087	1234
20130815	123	123	123	15.771411271064085	1234
20130815	123	123	123	2.5733397560016846	1234
20130815	123	123	123	8.444238319236291	1234
20130815	123	123	123	1.334669097512644	1234
20130815	123	123	123	17.513481237562146	1234
20130815	123	123	123	10.426360798775981	1234
20130815	123	123	123	13.997784132245206	1234
20130815	123	123	123	2.8009272514520367	1234
20130815	123	123	123	4.802118144615326	1234
20130815	123	123	123	5.922013513184405	1234
20130815	123	123	123	9.866570580632308	1234
20130815	123	123	123	15.589484599859556	1234
20130815	123	123	123	18.019277155652023	1234
20130815	123	123	123	3.1866156803280443	1234
20130815	123	123	123	14.596746517764743	1234
20130815	123	123	123	19.89681720796638	1234
20130815	123	123	123	4.770748062640875	1234
20130815	123	123	123	5.792901411464757	1234
20130815	123	123	123	4.0484857363312425	1234