time startPrice highestPrice lowestPrice endPrice transactionCount
20130815	123	123	123	8.162834351541854	1234
20130815	123	123	123	8.10547118803828	1234
20130815	123	123	123	2.878117100668358	1234
20130815	123	123	123	12.114261793892641	1234
20130815	123	123	123	13.239532770278593	1234
20130815	123	123	123	5.421041927322259	1234
20130815	123	123	123	2.90445070973278	1234
20130815	123	123	123	14.698548100475833	1234
20130815	123	123	123	3.3779822257350056	1234
20130815	123	123	123	3.5585847592750808	1234
20130815	123	123	123	11.306676937492647	1234
20130815	123	123	123	11.613821737442208	1234
20130815	123	123	123	1.7265347964086541	1234
20130815	123	123	123	3.672983011551203	1234
20130815	123	123	123	13.665944713076762	1234
20130815	123	123	123	6.692448189759612	1234
20130815	123	123	123	3.4751852134521277	1234
20130815	123	123	123	9.885091019171108	1234
20130815	123	123	123	19.054485341399598	1234
20130815	123	123	123	1.3712464460022211	1234
20130815	123	123	123	193.66088081245567	1234
20130815	123	123	123	220.8	1234
20130815	123	123	123	252.93504931423473	1234
20130815	123	123	123	267.0	1234
20130815	123	123	123	233.59891180459655	1234
20130815	123	123	123	194.45401068575995	1234
20130815	123	123	123	290.8500493795569	1234
20130815	123	123	123	381.97043930164335	1234
20130815	123	123	123	476.81606776815147	1234
20130815	123	123	123	576.8953351542016	1234
20130815	123	123	123	663.0	1234
20130815	123	123	123	565.2103333905615	1234
20130815	123	123	123	471.1330717903734	1234
20130815	123	123	123	377.5819339770739	1234
20130815	123	123	123	286.2	1234
20130815	123	123	123	192.0	1234
20130815	123	123	123	262.89507350620164	1234
20130815	123	123	123	247.73384959711424	1234
20130815	123	123	123	229.461385993157	1234
20130815	123	123	123	190.0	1234
20130815	123	123	123	15.73939701430048	1234
20130815	123	123	123	13.435376868055926	1234
20130815	123	123	123	13.244876582699126	1234
20130815	123	123	123	11.12602663404719	1234
20130815	123	123	123	19.350079822706775	1234
20130815	123	123	123	16.719328303926293	1234
20130815	123	123	123	16.818920864456107	1234
20130815	123	123	123	19.383409979343035	1234
20130815	123	123	123	7.604033074225029	1234
20130815	123	123	123	16.97086059220717	1234
20130815	123	123	123	5.193352047825453	1234
20130815	123	123	123	19.779683786977962	1234
20130815	123	123	123	9.86121123034204	1234
20130815	123	123	123	6.723234482359417	1234
20130815	123	123	123	0.7241128854679246	1234
20130815	123	123	123	7.812220319866901	1234
20130815	123	123	123	6.332192629201114	1234
20130815	123	123	123	16.165292466290463	1234
20130815	123	123	123	15.820481413644528	1234
20130815	123	123	123	13.729781724862239	1234