time startPrice highestPrice lowestPrice endPrice transactionCount
20130815	123	123	123	11.373613429791993	1234
20130815	123	123	123	10.642674378093202	1234
20130815	123	123	123	17.777311632883702	1234
20130815	123	123	123	1.5940469151523917	1234
20130815	123	123	123	13.034612981080924	1234
20130815	123	123	123	13.352680717916856	1234
20130815	123	123	123	11.548405338560206	1234
20130815	123	123	123	9.704302187197607	1234
20130815	123	123	123	17.727295303595668	1234
20130815	123	123	123	9.71980552036078	1234
20130815	123	123	123	4.573767787794781	1234
20130815	123	123	123	14.069627214544294	1234
20130815	123	123	123	12.544997048206268	1234
20130815	123	123	123	9.828078609658357	1234
20130815	123	123	123	11.030828288360137	1234
20130815	123	123	123	11.907331489747598	1234
20130815	123	123	123	14.726378431191174	1234
20130815	123	123	123	10.539505085739192	1234
20130815	123	123	123	5.079632283918003	1234
20130815	123	123	123	5.47600357585101	1234
20130815	123	123	123	192.47371636224386	1234
20130815	123	123	123	206.88718787672622	1234
20130815	123	123	123	220.8	1234
20130815	123	123	123	251.88410497348923	1234
20130815	123	123	123	264.5952764823762	1234
20130815	123	123	123	207.12181867798188	1234
20130815	123	123	123	292.8344469775489	1234
20130815	123	123	123	381.0	1234
20130815	123	123	123	475.0	1234
20130815	123	123	123	652.0849203833993	1234
20130815	123	123	123	561.6185216263224	1234
20130815	123	123	123	474.59999999999997	1234
20130815	123	123	123	374.093841181382	1234
20130815	123	123	123	193.58864099660843	1234
20130815	123	123	123	206.82274065703643	1234
20130815	123	123	123	221.63129401843594	1234
20130815	123	123	123	236.49050776491185	1234
20130815	123	123	123	262.4163248186792	1234
20130815	123	123	123	247.90709744801597	1234
20130815	123	123	123	190.0	1234
20130815	123	123	123	10.07429259141638	1234
20130815	123	123	123	15.534127991372934	1234
20130815	123	123	123	11.384613323908804	1234
20130815	123	123	123	16.342880347557557	1234
20130815	123	123	123	19.24393814775262	1234
20130815	123	123	123	6.986009684806778	1234
20130815	123	123	123	5.346768747229261	1234
20130815	123	123	123	17.886556641057673	1234
20130815	123	123	123	1.2124286483407065	1234
20130815	123	123	123	5.711668610295648	1234
20130815	123	123	123	12.446268828974553	1234
20130815	123	123	123	17.100096062602113	1234
20130815	123	123	123	2.3239395311053834	1234
20130815	123	123	123	10.24081286108176	1234
20130815	123	123	123	15.49005538278976	1234
20130815	123	123	123	3.1853949457980946	1234
20130815	123	123	123	4.011633451307639	1234
20130815	123	123	123	9.497469515928705	1234
20130815	123	123	123	13.578508822953966	1234
20130815	123	123	123	7.480413304269415	1234