time startPrice highestPrice lowestPrice endPrice transactionCount
20130815	123	123	123	15.408972511374593	1234
20130815	123	123	123	10.2595653122059	1234
20130815	123	123	123	0.7346037158143948	1234
20130815	123	123	123	5.3831086688801495	1234
20130815	123	123	123	9.078750694724489	1234
20130815	123	123	123	13.677998151760601	1234
20130815	123	123	123	4.056527788303361	1234
20130815	123	123	123	15.303927106519371	1234
20130815	123	123	123	19.756483506021155	1234
20130815	123	123	123	2.325368861650139	1234
20130815	123	123	123	16.530637032922982	1234
20130815	123	123	123	10.524018907747646	1234
20130815	123	123	123	14.710571287235151	1234
20130815	123	123	123	16.033651737639744	1234
20130815	123	123	123	6.932424866434966	1234
20130815	123	123	123	6.554212976555231	1234
20130815	123	123	123	0.9902567712520405	1234
20130815	123	123	123	2.5703678668318153	1234
20130815	123	123	123	11.453275814980143	1234
20130815	123	123	123	16.12445281928337	1234
20130815	123	123	123	190.76412848809133	1234
20130815	123	123	123	205.4	1234
20130815	123	123	123	237.51927831891206	1234
20130815	123	123	123	260.19956895718065	1234
20130815	123	123	123	198.3152008489823	1234
20130815	123	123	123	295.63294233052375	1234
20130815	123	123	123	388.9605388576427	1234
20130815	123	123	123	478.6616514945808	1234
20130815	123	123	123	577.035632300902	1234
20130815	123	123	123	658.469335780598	1234
20130815	123	123	123	566.7026947924688	1234
20130815	123	123	123	467.21343912369974	1234
20130815	123	123	123	378.5102356748507	1234
20130815	123	123	123	277.78456715254487	1234
20130815	123	123	123	198.73128753985412	1234
20130815	123	123	123	249.70895679901744	1234
20130815	123	123	123	261.6282948159715	1234
20130815	123	123	123	217.6910626517985	1234
20130815	123	123	123	203.67598659960996	1234
20130815	123	123	123	190.0	1234
20130815	123	123	123	10.634770036114517	1234
20130815	123	123	123	13.763056151164383	1234
20130815	123	123	123	9.158875322627022	1234
20130815	123	123	123	19.591108331591567	1234
20130815	123	123	123	19.917528035011042	1234
20130815	123	123	123	5.040659802413727	1234
20130815	123	123	123	3.5386378541019448	1234
20130815	123	123	123	7.919232351582783	1234
20130815	123	123	123	0.8047105868744175	1234
20130815	123	123	123	6.283070158394144	1234
20130815	123	123	123	0.2883744286672463	1234
20130815	123	123	123	7.234504780355753	1234
20130815	123	123	123	15.63955774731542	1234
20130815	123	123	123	9.233342316082433	1234
20130815	123	123	123	4.61293323768702	1234
20130815	123	123	123	4.115401123737663	1234
20130815	123	123	123	4.5207853202856825	1234
20130815	123	123	123	4.7153774440933915	1234
20130815	123	123	123	10.105094429276715	1234
20130815	123	123	123	1.5968977070432233	1234