time startPrice highestPrice lowestPrice endPrice transactionCount
20130815	123	123	123	16.437689110669197	1234
20130815	123	123	123	1.39398543668233	1234
20130815	123	123	123	16.199471736232717	1234
20130815	123	123	123	3.453930989857834	1234
20130815	123	123	123	0.8346404437447164	1234
20130815	123	123	123	11.118497632502965	1234
20130815	123	123	123	14.084596438155915	1234
20130815	123	123	123	17.264023876587064	1234
20130815	123	123	123	11.917969134501032	1234
20130815	123	123	123	1.6256708497892136	1234
20130815	123	123	123	3.937866487851076	1234
20130815	123	123	123	9.986353275480264	1234
20130815	123	123	123	2.9333264264528247	1234
20130815	123	123	123	9.540410754926887	1234
20130815	123	123	123	6.997127870986619	1234
20130815	123	123	123	15.473571382094075	1234
20130815	123	123	123	9.932236348178238	1234
20130815	123	123	123	18.63420274320842	1234
20130815	123	123	123	6.814262155809829	1234
20130815	123	123	123	5.851220744347286	1234
20130815	123	123	123	197.1428660666787	1234
20130815	123	123	123	264.6235810228275	1234
20130815	123	123	123	236.9649636030491	1234
20130815	123	123	123	220.4435497514792	1234
20130815	123	123	123	206.48590386884823	1234
20130815	123	123	123	218.11871141550614	1234
20130815	123	123	123	381.0	1234
20130815	123	123	123	483.3650652960796	1234
20130815	123	123	123	574.0889461107876	1234
20130815	123	123	123	655.3872903973013	1234
20130815	123	123	123	568.8	1234
20130815	123	123	123	474.59999999999997	1234
20130815	123	123	123	283.87077538282665	1234
20130815	123	123	123	198.25326669556617	1234
20130815	123	123	123	234.74560659495143	1234
20130815	123	123	123	262.12569706599226	1234
20130815	123	123	123	246.99761184530004	1234
20130815	123	123	123	216.99799662878843	1234
20130815	123	123	123	203.4373985963676	1234
20130815	123	123	123	190.0	1234
20130815	123	123	123	19.774403068355817	1234
20130815	123	123	123	19.719608038782912	1234
20130815	123	123	123	11.835977515863004	1234
20130815	123	123	123	3.0760577377005127	1234
20130815	123	123	123	16.809844799673858	1234
20130815	123	123	123	12.288093024490879	1234
20130815	123	123	123	3.9743053995876942	1234
20130815	123	123	123	13.05588916669398	1234
20130815	123	123	123	15.99049047176316	1234
20130815	123	123	123	0.6652469295131791	1234
20130815	123	123	123	16.004322533153335	1234
20130815	123	123	123	4.3334814344235255	1234
20130815	123	123	123	19.242903364175422	1234
20130815	123	123	123	1.0707067267277548	1234
20130815	123	123	123	10.021160130356975	1234
20130815	123	123	123	9.762893110436437	1234
20130815	123	123	123	6.640830613389877	1234
20130815	123	123	123	10.208409338618837	1234
20130815	123	123	123	14.207882065775761	1234
20130815	123	123	123	6.657352375876345	1234