time startPrice highestPrice lowestPrice endPrice transactionCount
20130815	123	123	123	2.277438336288533	1234
20130815	123	123	123	0.07266051133905549	1234
20130815	123	123	123	6.948923877114465	1234
20130815	123	123	123	8.205600972577141	1234
20130815	123	123	123	3.8752975837415637	1234
20130815	123	123	123	15.102464178945675	1234
20130815	123	123	123	1.620011542276143	1234
20130815	123	123	123	19.74712442314814	1234
20130815	123	123	123	18.621821794367822	1234
20130815	123	123	123	18.073284824421833	1234
20130815	123	123	123	6.204327238652388	1234
20130815	123	123	123	19.75221883558332	1234
20130815	123	123	123	6.45977072751124	1234
20130815	123	123	123	16.766692564245215	1234
20130815	123	123	123	7.18347022904998	1234
20130815	123	123	123	13.786067988971887	1234
20130815	123	123	123	13.824627549369136	1234
20130815	123	123	123	19.063098988690406	1234
20130815	123	123	123	18.631740955056596	1234
20130815	123	123	123	0.82851243635087	1234
20130815	123	123	123	191.9842748509575	1234
20130815	123	123	123	206.11341140902022	1234
20130815	123	123	123	237.9529796551531	1234
20130815	123	123	123	263.0389758789353	1234
20130815	123	123	123	231.49558522993527	1234
20130815	123	123	123	193.0	1234
20130815	123	123	123	317.97691012630276	1234
20130815	123	123	123	476.106260960676	1234
20130815	123	123	123	577.8221100896493	1234
20130815	123	123	123	647.2466051613865	1234
20130815	123	123	123	560.6732838352457	1234
20130815	123	123	123	469.35609016653575	1234
20130815	123	123	123	374.0139365491571	1234
20130815	123	123	123	275.52931336142024	1234
20130815	123	123	123	193.3544286683013	1234
20130815	123	123	123	221.24041555882226	1234
20130815	123	123	123	235.6409038875131	1234
20130815	123	123	123	249.04265577533684	1234
20130815	123	123	123	263.0	1234
20130815	123	123	123	190.0	1234
20130815	123	123	123	18.26345842052199	1234
20130815	123	123	123	15.953356612282386	1234
20130815	123	123	123	11.877962860469202	1234
20130815	123	123	123	15.782116139273104	1234
20130815	123	123	123	16.18794578681407	1234
20130815	123	123	123	17.124992579981008	1234
20130815	123	123	123	16.56838698930396	1234
20130815	123	123	123	15.861328701612385	1234
20130815	123	123	123	13.73779487895729	1234
20130815	123	123	123	15.686187298299911	1234
20130815	123	123	123	13.819764015639148	1234
20130815	123	123	123	7.279362627868826	1234
20130815	123	123	123	11.062735178781235	1234
20130815	123	123	123	13.453889464983757	1234
20130815	123	123	123	12.796203639639508	1234
20130815	123	123	123	16.325198897456822	1234
20130815	123	123	123	6.288381919806829	1234
20130815	123	123	123	3.720740343394824	1234
20130815	123	123	123	8.312965282891128	1234
20130815	123	123	123	17.22390399386834	1234