time startPrice highestPrice lowestPrice endPrice transactionCount
20130815	123	123	123	3.2502038825083712	1234
20130815	123	123	123	11.878373232131278	1234
20130815	123	123	123	11.860661953931073	1234
20130815	123	123	123	0.9167418115157799	1234
20130815	123	123	123	6.530841079366465	1234
20130815	123	123	123	5.53832911314402	1234
20130815	123	123	123	16.481582028600627	1234
20130815	123	123	123	11.431479225483868	1234
20130815	123	123	123	17.956883618330618	1234
20130815	123	123	123	16.51837498064421	1234
20130815	123	123	123	18.217930733183543	1234
20130815	123	123	123	11.402053884374874	1234
20130815	123	123	123	5.399998915331857	1234
20130815	123	123	123	16.263763886732665	1234
20130815	123	123	123	5.390541535395352	1234
20130815	123	123	123	11.078675290190871	1234
20130815	123	123	123	9.012073631781469	1234
20130815	123	123	123	19.99693983308739	1234
20130815	123	123	123	16.716894242293407	1234
20130815	123	123	123	6.641075892680012	1234
20130815	123	123	123	191.98838665263406	1234
20130815	123	123	123	226.21945719819448	1234
20130815	123	123	123	253.20654823346086	1234
20130815	123	123	123	266.8378153970878	1234
20130815	123	123	123	200.14048718884692	1234
20130815	123	123	123	291.68954391824747	1234
20130815	123	123	123	383.5730529992583	1234
20130815	123	123	123	478.67983454514194	1234
20130815	123	123	123	577.9086381311369	1234
20130815	123	123	123	640.9103141876083	1234
20130815	123	123	123	376.6839864268464	1234
20130815	123	123	123	277.010843809126	1234
20130815	123	123	123	192.5998859761502	1234
20130815	123	123	123	235.17726260096615	1234
20130815	123	123	123	250.2739019395879	1234
20130815	123	123	123	262.9092952540525	1234
20130815	123	123	123	247.5927256144487	1234
20130815	123	123	123	233.64258050325813	1234
20130815	123	123	123	203.27049075815484	1234
20130815	123	123	123	190.0	1234
20130815	123	123	123	12.17921915001137	1234
20130815	123	123	123	12.88801380214083	1234
20130815	123	123	123	9.373512512839046	1234
20130815	123	123	123	0.23557236895385802	1234
20130815	123	123	123	4.037681604774255	1234
20130815	123	123	123	8.711980072484074	1234
20130815	123	123	123	4.230923365607455	1234
20130815	123	123	123	4.899076433033844	1234
20130815	123	123	123	5.7153620623688495	1234
20130815	123	123	123	17.243287450479134	1234
20130815	123	123	123	16.137775311048262	1234
20130815	123	123	123	5.474185343395794	1234
20130815	123	123	123	12.794664409705184	1234
20130815	123	123	123	1.5016589173297668	1234
20130815	123	123	123	17.77521974567213	1234
20130815	123	123	123	4.295253642047401	1234
20130815	123	123	123	12.449438828924738	1234
20130815	123	123	123	1.451326069726555	1234
20130815	123	123	123	1.8722183679782178	1234
20130815	123	123	123	18.726142689046288	1234