time startPrice highestPrice lowestPrice endPrice transactionCount
20130815	123	123	123	5.666335135601175	1234
20130815	123	123	123	12.611765048144981	1234
20130815	123	123	123	7.981857077530227	1234
20130815	123	123	123	6.698810647880153	1234
20130815	123	123	123	4.559673607412065	1234
20130815	123	123	123	0.6097250552961664	1234
20130815	123	123	123	18.271294410679932	1234
20130815	123	123	123	2.1630388768802566	1234
20130815	123	123	123	12.357406269976913	1234
20130815	123	123	123	15.579075418879043	1234
20130815	123	123	123	16.95203260041249	1234
20130815	123	123	123	17.236516771846258	1234
20130815	123	123	123	11.395399908484853	1234
20130815	123	123	123	0.19817155088411864	1234
20130815	123	123	123	3.3274825121410623	1234
20130815	123	123	123	1.1290238924137808	1234
20130815	123	123	123	0.09652284009933787	1234
20130815	123	123	123	18.492796879747814	1234
20130815	123	123	123	4.279097460818477	1234
20130815	123	123	123	9.898317612693965	1234
20130815	123	123	123	195.77217563220034	1234
20130815	123	123	123	262.6458756156874	1234
20130815	123	123	123	207.11486557441734	1234
20130815	123	123	123	202.16797382627414	1234
20130815	123	123	123	293.2655718659974	1234
20130815	123	123	123	391.20656695338045	1234
20130815	123	123	123	477.86774191062153	1234
20130815	123	123	123	577.3281744961218	1234
20130815	123	123	123	659.7455324116725	1234
20130815	123	123	123	562.2418086670108	1234
20130815	123	123	123	465.30107938617925	1234
20130815	123	123	123	378.0268842912069	1234
20130815	123	123	123	274.78575845295194	1234
20130815	123	123	123	195.50566657548887	1234
20130815	123	123	123	236.52687597250792	1234
20130815	123	123	123	249.73865104131715	1234
20130815	123	123	123	263.0	1234
20130815	123	123	123	246.70542308490687	1234
20130815	123	123	123	217.8506810123575	1234
20130815	123	123	123	190.0	1234
20130815	123	123	123	0.2975935197047441	1234
20130815	123	123	123	15.912239601085458	1234
20130815	123	123	123	0.7567694357829158	1234
20130815	123	123	123	17.110933671260366	1234
20130815	123	123	123	12.035461241157162	1234
20130815	123	123	123	17.97487451919366	1234
20130815	123	123	123	2.0069798671520567	1234
20130815	123	123	123	5.609422413855436	1234
20130815	123	123	123	16.979338236715826	1234
20130815	123	123	123	11.194802010603901	1234
20130815	123	123	123	18.81372223125949	1234
20130815	123	123	123	8.326081171568491	1234
20130815	123	123	123	10.77856457186202	1234
20130815	123	123	123	3.6143704447579483	1234
20130815	123	123	123	6.421760599497723	1234
20130815	123	123	123	12.509027900616003	1234
20130815	123	123	123	9.301987533990179	1234
20130815	123	123	123	6.505693997607298	1234
20130815	123	123	123	2.8312993255818797	1234
20130815	123	123	123	8.777246312329034	1234