time startPrice highestPrice lowestPrice endPrice transactionCount
20130815	123	123	123	0.7393519801228932	1234
20130815	123	123	123	12.900233689756696	1234
20130815	123	123	123	13.297054018435425	1234
20130815	123	123	123	12.116219099795511	1234
20130815	123	123	123	0.5741452233081334	1234
20130815	123	123	123	9.481415162940877	1234
20130815	123	123	123	9.333649721586571	1234
20130815	123	123	123	8.416617151120025	1234
20130815	123	123	123	13.111895240047346	1234
20130815	123	123	123	3.711500804242771	1234
20130815	123	123	123	16.353644597954077	1234
20130815	123	123	123	18.018203743075777	1234
20130815	123	123	123	8.357251764205278	1234
20130815	123	123	123	13.932814694548748	1234
20130815	123	123	123	5.873686615679374	1234
20130815	123	123	123	10.515217211084277	1234
20130815	123	123	123	0.7973470899244495	1234
20130815	123	123	123	1.2954444031716195	1234
20130815	123	123	123	16.278741208477786	1234
20130815	123	123	123	18.437453078288186	1234
20130815	123	123	123	196.56291088978253	1234
20130815	123	123	123	265.85148982010793	1234
20130815	123	123	123	222.4624763528132	1234
20130815	123	123	123	199.73393318224825	1234
20130815	123	123	123	287.0	1234
20130815	123	123	123	387.5720442285817	1234
20130815	123	123	123	489.9781508527411	1234
20130815	123	123	123	657.9621180690671	1234
20130815	123	123	123	555.5928083586873	1234
20130815	123	123	123	459.46475553868754	1234
20130815	123	123	123	375.7311182477902	1234
20130815	123	123	123	282.04097727040266	1234
20130815	123	123	123	192.144550553238	1234
20130815	123	123	123	207.6024220422832	1234
20130815	123	123	123	223.82717224420497	1234
20130815	123	123	123	250.09988910785322	1234
20130815	123	123	123	261.904349186366	1234
20130815	123	123	123	233.37767881362487	1234
20130815	123	123	123	203.97700579110997	1234
20130815	123	123	123	190.0	1234
20130815	123	123	123	9.2364143765728	1234
20130815	123	123	123	2.7673139632014077	1234
20130815	123	123	123	8.417448692238562	1234
20130815	123	123	123	12.623018951075709	1234
20130815	123	123	123	8.934504579649845	1234
20130815	123	123	123	14.560688122960666	1234
20130815	123	123	123	0.987231255352925	1234
20130815	123	123	123	17.282727542912703	1234
20130815	123	123	123	1.9639929774521847	1234
20130815	123	123	123	5.975718761628714	1234
20130815	123	123	123	7.335743153314514	1234
20130815	123	123	123	19.610253058541755	1234
20130815	123	123	123	12.029607738348025	1234
20130815	123	123	123	8.524926800647156	1234
20130815	123	123	123	15.949774388782277	1234
20130815	123	123	123	6.467961841188201	1234
20130815	123	123	123	15.9547367627434	1234
20130815	123	123	123	0.6907855233611482	1234
20130815	123	123	123	13.172268830154907	1234
20130815	123	123	123	18.979102950206695	1234