time startPrice highestPrice lowestPrice endPrice transactionCount
20130815	123	123	123	5.909756280728917	1234
20130815	123	123	123	3.945211178091843	1234
20130815	123	123	123	12.214252031503301	1234
20130815	123	123	123	10.861697858669455	1234
20130815	123	123	123	1.5265886550687346	1234
20130815	123	123	123	2.3219419116421425	1234
20130815	123	123	123	5.105606973599057	1234
20130815	123	123	123	7.228411172250677	1234
20130815	123	123	123	13.88596613673585	1234
20130815	123	123	123	19.64790926873059	1234
20130815	123	123	123	16.941750144946678	1234
20130815	123	123	123	18.194204437803464	1234
20130815	123	123	123	12.244176570198768	1234
20130815	123	123	123	1.0548134613943216	1234
20130815	123	123	123	15.973318241425083	1234
20130815	123	123	123	9.356690170290157	1234
20130815	123	123	123	11.879447139519382	1234
20130815	123	123	123	14.63143080585703	1234
20130815	123	123	123	12.738975298754063	1234
20130815	123	123	123	0.272165962276274	1234
20130815	123	123	123	190.17025172759367	1234
20130815	123	123	123	222.89366265299125	1234
20130815	123	123	123	236.32603913107502	1234
20130815	123	123	123	266.960510472306	1234
20130815	123	123	123	193.0	1234
20130815	123	123	123	290.73363533321896	1234
20130815	123	123	123	381.0	1234
20130815	123	123	123	498.18745311526766	1234
20130815	123	123	123	648.8862994668696	1234
20130815	123	123	123	561.4067707249663	1234
20130815	123	123	123	459.4393522399639	1234
20130815	123	123	123	368.2595227430717	1234
20130815	123	123	123	282.80748067696754	1234
20130815	123	123	123	196.28365759996743	1234
20130815	123	123	123	220.39999999999998	1234
20130815	123	123	123	234.59999999999997	1234
20130815	123	123	123	248.79999999999995	1234
20130815	123	123	123	258.18781887071077	1234
20130815	123	123	123	204.42797069433294	1234
20130815	123	123	123	190.0	1234
20130815	123	123	123	6.520135891401768	1234
20130815	123	123	123	6.309794444723749	1234
20130815	123	123	123	15.483955911837812	1234
20130815	123	123	123	8.626471539513537	1234
20130815	123	123	123	7.428829101826109	1234
20130815	123	123	123	12.73250054017822	1234
20130815	123	123	123	5.286576811277763	1234
20130815	123	123	123	16.13483867410357	1234
20130815	123	123	123	10.251350582980333	1234
20130815	123	123	123	7.6095694409619945	1234
20130815	123	123	123	0.8396114077209127	1234
20130815	123	123	123	4.657669988219817	1234
20130815	123	123	123	7.321719345006434	1234
20130815	123	123	123	8.1865615691367	1234
20130815	123	123	123	19.727962276828254	1234
20130815	123	123	123	14.94497284092094	1234
20130815	123	123	123	5.321133865342951	1234
20130815	123	123	123	10.183932293028361	1234
20130815	123	123	123	15.56358848889236	1234
20130815	123	123	123	4.972938843195993	1234