time startPrice highestPrice lowestPrice endPrice transactionCount
20130815	123	123	123	5.290803479281186	1234
20130815	123	123	123	6.869140232872583	1234
20130815	123	123	123	18.4669480730883	1234
20130815	123	123	123	16.55610901141887	1234
20130815	123	123	123	19.163671453955324	1234
20130815	123	123	123	18.83528868919416	1234
20130815	123	123	123	11.419018097463953	1234
20130815	123	123	123	14.81108835400314	1234
20130815	123	123	123	4.9678296870723	1234
20130815	123	123	123	6.6636378246898165	1234
20130815	123	123	123	1.521745327108226	1234
20130815	123	123	123	7.713405659608541	1234
20130815	123	123	123	13.034460131219817	1234
20130815	123	123	123	5.076997761977189	1234
20130815	123	123	123	2.3332583147330666	1234
20130815	123	123	123	10.323723309501332	1234
20130815	123	123	123	2.6710135245159394	1234
20130815	123	123	123	5.045888901286295	1234
20130815	123	123	123	9.239734468739869	1234
20130815	123	123	123	5.824827246305975	1234
20130815	123	123	123	190.3354497506462	1234
20130815	123	123	123	241.48127118955426	1234
20130815	123	123	123	264.66776280064033	1234
20130815	123	123	123	249.33336480798346	1234
20130815	123	123	123	222.11942320918354	1234
20130815	123	123	123	207.42753738699432	1234
20130815	123	123	123	293.2141814251098	1234
20130815	123	123	123	482.97036863700305	1234
20130815	123	123	123	579.6320499022444	1234
20130815	123	123	123	660.3944909842241	1234
20130815	123	123	123	568.8	1234
20130815	123	123	123	463.3794636197622	1234
20130815	123	123	123	371.88255270549973	1234
20130815	123	123	123	281.7015607416327	1234
20130815	123	123	123	192.0	1234
20130815	123	123	123	261.9976716730607	1234
20130815	123	123	123	246.73817839436742	1234
20130815	123	123	123	219.20000000000002	1234
20130815	123	123	123	204.19397122776155	1234
20130815	123	123	123	190.0	1234
20130815	123	123	123	17.19438265188063	1234
20130815	123	123	123	10.947670952455296	1234
20130815	123	123	123	12.283615993350093	1234
20130815	123	123	123	6.457617151941495	1234
20130815	123	123	123	2.104355508092386	1234
20130815	123	123	123	6.566176068922758	1234
20130815	123	123	123	8.934160029840072	1234
20130815	123	123	123	0.7954707777148817	1234
20130815	123	123	123	15.006353528020139	1234
20130815	123	123	123	12.940265714476233	1234
20130815	123	123	123	14.247234261593935	1234
20130815	123	123	123	3.343910077646044	1234
20130815	123	123	123	12.474496029665918	1234
20130815	123	123	123	12.183022594411417	1234
20130815	123	123	123	2.755780103507617	1234
20130815	123	123	123	6.378293214142037	1234
20130815	123	123	123	1.2530646151986113	1234
20130815	123	123	123	13.131555621760217	1234
20130815	123	123	123	8.951910475309823	1234
20130815	123	123	123	18.48303516286016	1234