time startPrice highestPrice lowestPrice endPrice transactionCount
20130815	123	123	123	3.8403786415337904	1234
20130815	123	123	123	19.41931210887214	1234
20130815	123	123	123	14.713202557587673	1234
20130815	123	123	123	5.401588417769356	1234
20130815	123	123	123	9.104778450373152	1234
20130815	123	123	123	19.5061147215073	1234
20130815	123	123	123	9.65005730703381	1234
20130815	123	123	123	7.503577321699497	1234
20130815	123	123	123	11.86779826212347	1234
20130815	123	123	123	12.115810578881614	1234
20130815	123	123	123	13.771613430278023	1234
20130815	123	123	123	0.3309948030796672	1234
20130815	123	123	123	6.920322436039674	1234
20130815	123	123	123	18.32803261884098	1234
20130815	123	123	123	12.818889179223822	1234
20130815	123	123	123	7.598414045890969	1234
20130815	123	123	123	7.488789835203333	1234
20130815	123	123	123	4.466610404039337	1234
20130815	123	123	123	9.997912727873072	1234
20130815	123	123	123	13.638466875646138	1234
20130815	123	123	123	195.47743540605254	1234
20130815	123	123	123	221.26217806520435	1234
20130815	123	123	123	265.7128554917357	1234
20130815	123	123	123	252.05224457901213	1234
20130815	123	123	123	237.1821172716131	1234
20130815	123	123	123	222.59999999999997	1234
20130815	123	123	123	207.79999999999995	1234
20130815	123	123	123	193.48402250636778	1234
20130815	123	123	123	287.9690603068471	1234
20130815	123	123	123	388.09805414236433	1234
20130815	123	123	123	484.5610965891896	1234
20130815	123	123	123	579.6544349426299	1234
20130815	123	123	123	654.3966853507675	1234
20130815	123	123	123	560.0258031035438	1234
20130815	123	123	123	472.19642680792396	1234
20130815	123	123	123	369.48159938951085	1234
20130815	123	123	123	197.23272974055493	1234
20130815	123	123	123	238.23219542197242	1234
20130815	123	123	123	261.44507823804355	1234
20130815	123	123	123	190.0	1234
20130815	123	123	123	12.482112452500642	1234
20130815	123	123	123	8.889437465387127	1234
20130815	123	123	123	4.722851752455812	1234
20130815	123	123	123	7.591621655666256	1234
20130815	123	123	123	15.999967005900741	1234
20130815	123	123	123	15.33368353094276	1234
20130815	123	123	123	1.3600761242286241	1234
20130815	123	123	123	0.08667432616517479	1234
20130815	123	123	123	4.586465255157643	1234
20130815	123	123	123	7.699779531838214	1234
20130815	123	123	123	12.29505796479642	1234
20130815	123	123	123	10.273885666826674	1234
20130815	123	123	123	4.295247156490407	1234
20130815	123	123	123	12.27087441412181	1234
20130815	123	123	123	16.538531920235545	1234
20130815	123	123	123	4.998489215207922	1234
20130815	123	123	123	1.8390625444814557	1234
20130815	123	123	123	15.102754756379287	1234
20130815	123	123	123	7.607886369561037	1234
20130815	123	123	123	16.45307173893172	1234