time startPrice highestPrice lowestPrice endPrice transactionCount
20130815	123	123	123	8.449902153908395	1234
20130815	123	123	123	2.603974676258569	1234
20130815	123	123	123	1.239418819472784	1234
20130815	123	123	123	2.225409057165688	1234
20130815	123	123	123	8.925566963937705	1234
20130815	123	123	123	10.637807080139133	1234
20130815	123	123	123	7.175935626285803	1234
20130815	123	123	123	1.7937624652402584	1234
20130815	123	123	123	12.414135635256724	1234
20130815	123	123	123	17.765532991862216	1234
20130815	123	123	123	18.121874005283438	1234
20130815	123	123	123	15.149535030084575	1234
20130815	123	123	123	6.372312665779143	1234
20130815	123	123	123	14.708706599630169	1234
20130815	123	123	123	15.149371377531475	1234
20130815	123	123	123	2.42629430414673	1234
20130815	123	123	123	14.005998597435285	1234
20130815	123	123	123	5.793524404920789	1234
20130815	123	123	123	4.879656313902434	1234
20130815	123	123	123	15.946272891892264	1234
20130815	123	123	123	199.01450251080368	1234
20130815	123	123	123	251.6752001288714	1234
20130815	123	123	123	262.45188156352776	1234
20130815	123	123	123	207.2163114547823	1234
20130815	123	123	123	202.99234149003257	1234
20130815	123	123	123	291.19471553795165	1234
20130815	123	123	123	394.1817116555623	1234
20130815	123	123	123	478.6031468637878	1234
20130815	123	123	123	569.2308680884811	1234
20130815	123	123	123	619.0071420286288	1234
20130815	123	123	123	370.015214145595	1234
20130815	123	123	123	282.750449439578	1234
20130815	123	123	123	193.94232103882283	1234
20130815	123	123	123	207.85857633817386	1234
20130815	123	123	123	220.39999999999998	1234
20130815	123	123	123	234.59999999999997	1234
20130815	123	123	123	259.0202076448897	1234
20130815	123	123	123	229.99083944305167	1234
20130815	123	123	123	203.28433164493225	1234
20130815	123	123	123	190.0	1234
20130815	123	123	123	7.372352589958961	1234
20130815	123	123	123	19.69061864901664	1234
20130815	123	123	123	4.785049258346499	1234
20130815	123	123	123	3.8147899758795623	1234
20130815	123	123	123	10.254209904788175	1234
20130815	123	123	123	3.488763516374338	1234
20130815	123	123	123	13.366173451432505	1234
20130815	123	123	123	5.928473992205417	1234
20130815	123	123	123	3.8299279418144017	1234
20130815	123	123	123	6.587478018017007	1234
20130815	123	123	123	7.690325218897454	1234
20130815	123	123	123	7.485795561719943	1234
20130815	123	123	123	15.99376667079115	1234
20130815	123	123	123	13.256795142683497	1234
20130815	123	123	123	18.92150427205282	1234
20130815	123	123	123	0.264192303716162	1234
20130815	123	123	123	8.638931561076424	1234
20130815	123	123	123	5.700739705080585	1234
20130815	123	123	123	0.24212132685478727	1234
20130815	123	123	123	7.728843972502593	1234