time startPrice highestPrice lowestPrice endPrice transactionCount
20130815	123	123	123	18.925520219441367	1234
20130815	123	123	123	1.513158598597406	1234
20130815	123	123	123	15.651522884928005	1234
20130815	123	123	123	7.282807294335376	1234
20130815	123	123	123	4.83421200418946	1234
20130815	123	123	123	8.005889594220502	1234
20130815	123	123	123	6.836113945711859	1234
20130815	123	123	123	7.014621636456935	1234
20130815	123	123	123	13.946991195828124	1234
20130815	123	123	123	17.51669001015822	1234
20130815	123	123	123	13.955604185405019	1234
20130815	123	123	123	10.220518597829138	1234
20130815	123	123	123	2.537988661475701	1234
20130815	123	123	123	8.820760593188597	1234
20130815	123	123	123	10.031841613032055	1234
20130815	123	123	123	6.368972758811604	1234
20130815	123	123	123	4.076151879602305	1234
20130815	123	123	123	14.372225765221863	1234
20130815	123	123	123	19.099649304375518	1234
20130815	123	123	123	5.877187970149409	1234
20130815	123	123	123	191.03387960789476	1234
20130815	123	123	123	215.92467530254615	1234
20130815	123	123	123	267.0	1234
20130815	123	123	123	250.74212121011612	1234
20130815	123	123	123	206.8372529901993	1234
20130815	123	123	123	218.68309791297017	1234
20130815	123	123	123	392.886399879879	1234
20130815	123	123	123	484.2197971801031	1234
20130815	123	123	123	573.9681125155968	1234
20130815	123	123	123	661.7484736396596	1234
20130815	123	123	123	542.7085806280643	1234
20130815	123	123	123	369.73910749171694	1234
20130815	123	123	123	284.9053744091608	1234
20130815	123	123	123	192.29136800189156	1234
20130815	123	123	123	208.878761099775	1234
20130815	123	123	123	262.6416650693064	1234
20130815	123	123	123	248.36959220669976	1234
20130815	123	123	123	230.18679583228325	1234
20130815	123	123	123	204.60000000000002	1234
20130815	123	123	123	190.0	1234
20130815	123	123	123	13.948132609998565	1234
20130815	123	123	123	0.5471407381317817	1234
20130815	123	123	123	7.568747184936266	1234
20130815	123	123	123	13.375353017068319	1234
20130815	123	123	123	2.4508436003836387	1234
20130815	123	123	123	6.56342733345576	1234
20130815	123	123	123	9.602716727485763	1234
20130815	123	123	123	16.40350405466327	1234
20130815	123	123	123	15.678326724472155	1234
20130815	123	123	123	1.7267869200573327	1234
20130815	123	123	123	11.227540832714551	1234
20130815	123	123	123	8.418555034986387	1234
20130815	123	123	123	13.009587718006653	1234
20130815	123	123	123	4.264919892156012	1234
20130815	123	123	123	7.276770699226653	1234
20130815	123	123	123	1.4148433707241859	1234
20130815	123	123	123	4.611100515244074	1234
20130815	123	123	123	19.250662389524273	1234
20130815	123	123	123	10.299908060765011	1234
20130815	123	123	123	0.5123143911425809	1234