time startPrice highestPrice lowestPrice endPrice transactionCount
20130815	123	123	123	3.9593471006724545	1234
20130815	123	123	123	3.6025622185971717	1234
20130815	123	123	123	11.445680220189626	1234
20130815	123	123	123	5.966658985478022	1234
20130815	123	123	123	0.6948705887604478	1234
20130815	123	123	123	17.079424733265014	1234
20130815	123	123	123	13.226993224624016	1234
20130815	123	123	123	11.057728269782526	1234
20130815	123	123	123	13.817052152573751	1234
20130815	123	123	123	19.88647163761631	1234
20130815	123	123	123	10.10641604243691	1234
20130815	123	123	123	1.763109594372101	1234
20130815	123	123	123	16.80304384713925	1234
20130815	123	123	123	10.443154481098748	1234
20130815	123	123	123	14.379107631620041	1234
20130815	123	123	123	2.017979795816336	1234
20130815	123	123	123	1.7266892026464364	1234
20130815	123	123	123	11.844774721953936	1234
20130815	123	123	123	11.160541469228015	1234
20130815	123	123	123	8.265189414881032	1234
20130815	123	123	123	191.65424707671474	1234
20130815	123	123	123	207.251820164338	1234
20130815	123	123	123	220.96178847819243	1234
20130815	123	123	123	266.1979985318709	1234
20130815	123	123	123	193.0	1234
20130815	123	123	123	290.538516679761	1234
20130815	123	123	123	381.0	1234
20130815	123	123	123	475.9168349221848	1234
20130815	123	123	123	576.8340749716132	1234
20130815	123	123	123	658.4497854532668	1234
20130815	123	123	123	560.9646994745837	1234
20130815	123	123	123	467.7741639608642	1234
20130815	123	123	123	373.9852175881897	1234
20130815	123	123	123	283.2530415871435	1234
20130815	123	123	123	193.43824949594872	1234
20130815	123	123	123	220.39999999999998	1234
20130815	123	123	123	250.58213185384076	1234
20130815	123	123	123	261.91091517944517	1234
20130815	123	123	123	226.76567139776364	1234
20130815	123	123	123	190.0	1234
20130815	123	123	123	2.1684368964414347	1234
20130815	123	123	123	0.5323852999478706	1234
20130815	123	123	123	7.4239785574773	1234
20130815	123	123	123	8.066581273066769	1234
20130815	123	123	123	16.125884328831525	1234
20130815	123	123	123	16.64011092082268	1234
20130815	123	123	123	11.356255194134677	1234
20130815	123	123	123	17.030213070559366	1234
20130815	123	123	123	0.8152089153746944	1234
20130815	123	123	123	3.559556890448703	1234
20130815	123	123	123	15.260039023633592	1234
20130815	123	123	123	7.071676802300004	1234
20130815	123	123	123	12.835777684824528	1234
20130815	123	123	123	0.3742624496150859	1234
20130815	123	123	123	17.12523242081965	1234
20130815	123	123	123	7.953482525736657	1234
20130815	123	123	123	14.377255167695822	1234
20130815	123	123	123	17.555438559253687	1234
20130815	123	123	123	13.51173350369687	1234
20130815	123	123	123	13.597256024301462	1234