time startPrice highestPrice lowestPrice endPrice transactionCount
20130815	123	123	123	8.234850395635394	1234
20130815	123	123	123	16.659682015741684	1234
20130815	123	123	123	15.601212510204673	1234
20130815	123	123	123	6.8349187002895935	1234
20130815	123	123	123	18.601906157777695	1234
20130815	123	123	123	1.1094806500768906	1234
20130815	123	123	123	12.476488215419883	1234
20130815	123	123	123	1.8102565551170025	1234
20130815	123	123	123	14.758327807264473	1234
20130815	123	123	123	17.91181244498026	1234
20130815	123	123	123	10.00783818610531	1234
20130815	123	123	123	5.470779944681801	1234
20130815	123	123	123	16.00665989465909	1234
20130815	123	123	123	13.36242966431388	1234
20130815	123	123	123	7.159712766611548	1234
20130815	123	123	123	9.867879043528307	1234
20130815	123	123	123	1.7078305476890687	1234
20130815	123	123	123	16.338554220482767	1234
20130815	123	123	123	16.695075179767542	1234
20130815	123	123	123	8.955248373422043	1234
20130815	123	123	123	193.0296636378774	1234
20130815	123	123	123	260.16205085881415	1234
20130815	123	123	123	206.68872719305458	1234
20130815	123	123	123	204.36873683906543	1234
20130815	123	123	123	287.77105753563995	1234
20130815	123	123	123	484.22559185008487	1234
20130815	123	123	123	582.0260578308348	1234
20130815	123	123	123	650.5548219664769	1234
20130815	123	123	123	559.7247452369767	1234
20130815	123	123	123	463.7036826166908	1234
20130815	123	123	123	367.6370836281499	1234
20130815	123	123	123	275.60384589627716	1234
20130815	123	123	123	192.77249661256786	1234
20130815	123	123	123	222.11541482470875	1234
20130815	123	123	123	236.03895627225162	1234
20130815	123	123	123	249.34447457213844	1234
20130815	123	123	123	260.3802048845401	1234
20130815	123	123	123	231.55864912389396	1234
20130815	123	123	123	216.54261928372122	1234
20130815	123	123	123	190.0	1234
20130815	123	123	123	11.918838239701975	1234
20130815	123	123	123	11.490685214677548	1234
20130815	123	123	123	5.087008902461834	1234
20130815	123	123	123	16.77765052873099	1234
20130815	123	123	123	4.196844158777065	1234
20130815	123	123	123	15.892826276185703	1234
20130815	123	123	123	9.129262581545659	1234
20130815	123	123	123	8.315184853452882	1234
20130815	123	123	123	7.327108732839793	1234
20130815	123	123	123	17.745499053370814	1234
20130815	123	123	123	3.2160583206996773	1234
20130815	123	123	123	13.930939494055878	1234
20130815	123	123	123	8.06425345876217	1234
20130815	123	123	123	15.589182339241738	1234
20130815	123	123	123	6.906043295971989	1234
20130815	123	123	123	11.045682205701514	1234
20130815	123	123	123	7.933355878391348	1234
20130815	123	123	123	6.974098357612995	1234
20130815	123	123	123	13.65477561795971	1234
20130815	123	123	123	9.964028622379917	1234