time startPrice highestPrice lowestPrice endPrice transactionCount
20130815	123	123	123	12.601596410725744	1234
20130815	123	123	123	5.205205945287615	1234
20130815	123	123	123	5.784501664610364	1234
20130815	123	123	123	5.391501936741861	1234
20130815	123	123	123	9.060862601642224	1234
20130815	123	123	123	12.569641836382711	1234
20130815	123	123	123	7.647041511687867	1234
20130815	123	123	123	13.825038797751779	1234
20130815	123	123	123	5.634370920486265	1234
20130815	123	123	123	14.333812717896855	1234
20130815	123	123	123	8.715715999708243	1234
20130815	123	123	123	12.520994391866697	1234
20130815	123	123	123	11.858608850413558	1234
20130815	123	123	123	9.704632513523903	1234
20130815	123	123	123	18.778748404146327	1234
20130815	123	123	123	9.589614772444751	1234
20130815	123	123	123	7.774035871357555	1234
20130815	123	123	123	0.4647101426964739	1234
20130815	123	123	123	8.530661474736835	1234
20130815	123	123	123	19.79298067588409	1234
20130815	123	123	123	191.92166319534897	1234
20130815	123	123	123	239.6596875732461	1234
20130815	123	123	123	264.4667448317963	1234
20130815	123	123	123	207.79999999999995	1234
20130815	123	123	123	205.30643917823727	1234
20130815	123	123	123	291.21207489800753	1234
20130815	123	123	123	386.0592506798209	1234
20130815	123	123	123	478.66593230832206	1234
20130815	123	123	123	573.8030433162497	1234
20130815	123	123	123	656.2764253930744	1234
20130815	123	123	123	562.0825037539316	1234
20130815	123	123	123	473.50747222185083	1234
20130815	123	123	123	354.7387158441172	1234
20130815	123	123	123	192.02122249118077	1234
20130815	123	123	123	222.83602676417095	1234
20130815	123	123	123	248.97886538732035	1234
20130815	123	123	123	262.5674506707997	1234
20130815	123	123	123	246.13623895997804	1234
20130815	123	123	123	233.8	1234
20130815	123	123	123	190.0	1234
20130815	123	123	123	14.116108991633304	1234
20130815	123	123	123	3.807517323881251	1234
20130815	123	123	123	19.048817930450404	1234
20130815	123	123	123	13.282288002856257	1234
20130815	123	123	123	0.912699566498294	1234
20130815	123	123	123	18.20495971491826	1234
20130815	123	123	123	2.611231833043306	1234
20130815	123	123	123	8.810697200002428	1234
20130815	123	123	123	3.487537865965067	1234
20130815	123	123	123	6.3313872399561655	1234
20130815	123	123	123	18.94316957556801	1234
20130815	123	123	123	4.674328660175124	1234
20130815	123	123	123	3.951342672474487	1234
20130815	123	123	123	2.681384601728174	1234
20130815	123	123	123	0.37459574730109857	1234
20130815	123	123	123	17.059732117051013	1234
20130815	123	123	123	10.969342217113345	1234
20130815	123	123	123	7.756945481844813	1234
20130815	123	123	123	4.410055410157159	1234
20130815	123	123	123	12.526972765725201	1234