time startPrice highestPrice lowestPrice endPrice transactionCount
20130815	123	123	123	15.784960867494215	1234
20130815	123	123	123	10.383745977065445	1234
20130815	123	123	123	10.580147414661905	1234
20130815	123	123	123	3.1939942464607984	1234
20130815	123	123	123	16.77336368361431	1234
20130815	123	123	123	9.582780873594928	1234
20130815	123	123	123	3.6715563008454644	1234
20130815	123	123	123	18.08958991510337	1234
20130815	123	123	123	0.5903076557246001	1234
20130815	123	123	123	4.847243321518963	1234
20130815	123	123	123	12.493711034900674	1234
20130815	123	123	123	15.215841346325034	1234
20130815	123	123	123	17.997333097033053	1234
20130815	123	123	123	14.916010155235808	1234
20130815	123	123	123	9.905619325193573	1234
20130815	123	123	123	17.338443633268835	1234
20130815	123	123	123	2.4456677876965083	1234
20130815	123	123	123	8.535291245142071	1234
20130815	123	123	123	7.491676668610207	1234
20130815	123	123	123	14.24630482218193	1234
20130815	123	123	123	188.91918163614181	1234
20130815	123	123	123	265.96909494658036	1234
20130815	123	123	123	322.6	1234
20130815	123	123	123	402.33648090247254	1234
20130815	123	123	123	520.4939448876153	1234
20130815	123	123	123	353.8936341231867	1234
20130815	123	123	123	316.4943393082024	1234
20130815	123	123	123	364.19126302963195	1234
20130815	123	123	123	403.17798748039684	1234
20130815	123	123	123	444.92025667809395	1234
20130815	123	123	123	487.4134035367987	1234
20130815	123	123	123	528.6836912021934	1234
20130815	123	123	123	327.6188350661159	1234
20130815	123	123	123	405.74908111236033	1234
20130815	123	123	123	455.29366947152283	1234
20130815	123	123	123	515.8547362857004	1234
20130815	123	123	123	382.8192308761931	1234
20130815	123	123	123	319.7523005419604	1234
20130815	123	123	123	252.60136575401452	1234
20130815	123	123	123	194.0	1234
20130815	123	123	123	10.305667193395422	1234
20130815	123	123	123	9.667115070304535	1234
20130815	123	123	123	19.919760465159666	1234
20130815	123	123	123	10.829302867772393	1234
20130815	123	123	123	11.835407517778977	1234
20130815	123	123	123	2.5453942489607195	1234
20130815	123	123	123	3.1100791064050526	1234
20130815	123	123	123	0.8022687024532771	1234
20130815	123	123	123	9.349009622701258	1234
20130815	123	123	123	4.00206241320811	1234
20130815	123	123	123	7.138226538908786	1234
20130815	123	123	123	7.101201801754653	1234
20130815	123	123	123	16.87728721093295	1234
20130815	123	123	123	12.849046534782492	1234
20130815	123	123	123	2.940442944883954	1234
20130815	123	123	123	5.153494615292948	1234
20130815	123	123	123	19.070359514812964	1234
20130815	123	123	123	19.090121038169624	1234
20130815	123	123	123	15.658606739817545	1234
20130815	123	123	123	1.0247355866789731	1234