time startPrice highestPrice lowestPrice endPrice transactionCount
20130815	123	123	123	5.492857848286801	1234
20130815	123	123	123	3.244320961847349	1234
20130815	123	123	123	12.775710654093476	1234
20130815	123	123	123	14.153017631516903	1234
20130815	123	123	123	8.499414280354465	1234
20130815	123	123	123	4.505194796081195	1234
20130815	123	123	123	16.917264085392773	1234
20130815	123	123	123	0.47701511122443696	1234
20130815	123	123	123	13.69266268909372	1234
20130815	123	123	123	13.099492486528689	1234
20130815	123	123	123	8.16407900665292	1234
20130815	123	123	123	13.246805709150864	1234
20130815	123	123	123	8.25517560805816	1234
20130815	123	123	123	7.861230557800876	1234
20130815	123	123	123	7.8465358931865525	1234
20130815	123	123	123	18.231381025885042	1234
20130815	123	123	123	3.096662731225013	1234
20130815	123	123	123	19.938751977931062	1234
20130815	123	123	123	1.6535891605559416	1234
20130815	123	123	123	18.17026221518703	1234
20130815	123	123	123	188.53979967133816	1234
20130815	123	123	123	329.6904703528479	1234
20130815	123	123	123	397.9770306170419	1234
20130815	123	123	123	460.25922982659705	1234
20130815	123	123	123	526.0	1234
20130815	123	123	123	470.0933151403592	1234
20130815	123	123	123	351.89131345439887	1234
20130815	123	123	123	321.1764655592645	1234
20130815	123	123	123	363.7633927811805	1234
20130815	123	123	123	405.053260695569	1234
20130815	123	123	123	522.3402364602161	1234
20130815	123	123	123	448.68758370606827	1234
20130815	123	123	123	340.49570510312844	1234
20130815	123	123	123	445.99544680522047	1234
20130815	123	123	123	482.6668441298325	1234
20130815	123	123	123	517.3261578215967	1234
20130815	123	123	123	447.37166667942734	1234
20130815	123	123	123	315.305243173147	1234
20130815	123	123	123	249.86123212533812	1234
20130815	123	123	123	194.0	1234
20130815	123	123	123	19.141647778733983	1234
20130815	123	123	123	3.199932682073019	1234
20130815	123	123	123	13.260161627150095	1234
20130815	123	123	123	3.521733061175236	1234
20130815	123	123	123	15.12411931573978	1234
20130815	123	123	123	0.7313115359534317	1234
20130815	123	123	123	8.255761392225514	1234
20130815	123	123	123	15.982549732822841	1234
20130815	123	123	123	11.35754610079063	1234
20130815	123	123	123	5.673937483917911	1234
20130815	123	123	123	5.430602883359114	1234
20130815	123	123	123	19.75043089944188	1234
20130815	123	123	123	8.030665005697774	1234
20130815	123	123	123	13.252016905865476	1234
20130815	123	123	123	16.87003656875694	1234
20130815	123	123	123	6.926437212320424	1234
20130815	123	123	123	6.28649343603529	1234
20130815	123	123	123	10.088721239930521	1234
20130815	123	123	123	18.327621770481045	1234
20130815	123	123	123	15.505098273848096	1234