time startPrice highestPrice lowestPrice endPrice transactionCount
20130815	123	123	123	9.376851991782837	1234
20130815	123	123	123	2.5731785927107853	1234
20130815	123	123	123	5.429330408511759	1234
20130815	123	123	123	12.584658559974443	1234
20130815	123	123	123	5.768460179452575	1234
20130815	123	123	123	18.253591596733976	1234
20130815	123	123	123	15.890113757516888	1234
20130815	123	123	123	10.132947707886002	1234
20130815	123	123	123	1.2168857545545086	1234
20130815	123	123	123	1.9733037057510971	1234
20130815	123	123	123	8.35019159386309	1234
20130815	123	123	123	11.434648834143346	1234
20130815	123	123	123	8.089501088179345	1234
20130815	123	123	123	2.0878719192455564	1234
20130815	123	123	123	2.3245807205710944	1234
20130815	123	123	123	8.850136935265908	1234
20130815	123	123	123	19.114933347099814	1234
20130815	123	123	123	14.193132535556163	1234
20130815	123	123	123	4.355195989635483	1234
20130815	123	123	123	7.786135391446023	1234
20130815	123	123	123	197.38288132348643	1234
20130815	123	123	123	330.6639825427703	1234
20130815	123	123	123	394.92025138750586	1234
20130815	123	123	123	463.0990451857598	1234
20130815	123	123	123	524.5882019286483	1234
20130815	123	123	123	475.99547173501173	1234
20130815	123	123	123	335.63476728926423	1234
20130815	123	123	123	445.9504381808452	1234
20130815	123	123	123	489.67327665968486	1234
20130815	123	123	123	528.1671970787548	1234
20130815	123	123	123	486.44813237636515	1234
20130815	123	123	123	448.79999999999995	1234
20130815	123	123	123	340.6376809339912	1234
20130815	123	123	123	448.8350769271555	1234
20130815	123	123	123	515.6938130663164	1234
20130815	123	123	123	453.93825570514883	1234
20130815	123	123	123	383.53868498222454	1234
20130815	123	123	123	319.36353760619266	1234
20130815	123	123	123	257.3423084958402	1234
20130815	123	123	123	194.0	1234
20130815	123	123	123	4.093029841208371	1234
20130815	123	123	123	6.925232196905606	1234
20130815	123	123	123	8.83664953881323	1234
20130815	123	123	123	1.206691031651268	1234
20130815	123	123	123	5.394509933626641	1234
20130815	123	123	123	2.2896336018628705	1234
20130815	123	123	123	18.57443334455223	1234
20130815	123	123	123	10.93661697102133	1234
20130815	123	123	123	15.390572446152632	1234
20130815	123	123	123	19.308779376407625	1234
20130815	123	123	123	9.553629759933758	1234
20130815	123	123	123	10.025597749527165	1234
20130815	123	123	123	0.5347394075819678	1234
20130815	123	123	123	5.891360461912216	1234
20130815	123	123	123	6.290830672778506	1234
20130815	123	123	123	9.36691471283157	1234
20130815	123	123	123	4.0262651636974045	1234
20130815	123	123	123	10.56442772186388	1234
20130815	123	123	123	11.661483124000645	1234
20130815	123	123	123	1.3155581108401893	1234