time startPrice highestPrice lowestPrice endPrice transactionCount
20130815	123	123	123	14.148858388009327	1234
20130815	123	123	123	18.047104867655143	1234
20130815	123	123	123	14.447105235782224	1234
20130815	123	123	123	4.070626232894572	1234
20130815	123	123	123	12.989270143258027	1234
20130815	123	123	123	11.197510938688378	1234
20130815	123	123	123	3.5516288752710756	1234
20130815	123	123	123	12.655993776023209	1234
20130815	123	123	123	3.1791498957678854	1234
20130815	123	123	123	15.13317147504096	1234
20130815	123	123	123	6.496796264528422	1234
20130815	123	123	123	4.754938325774427	1234
20130815	123	123	123	10.792836298497013	1234
20130815	123	123	123	12.358129432995375	1234
20130815	123	123	123	1.7153338150818231	1234
20130815	123	123	123	14.748342000652222	1234
20130815	123	123	123	17.66157178633116	1234
20130815	123	123	123	4.510374472551835	1234
20130815	123	123	123	13.789373902065192	1234
20130815	123	123	123	14.049290875021267	1234
20130815	123	123	123	187.0	1234
20130815	123	123	123	254.8	1234
20130815	123	123	123	322.6	1234
20130815	123	123	123	390.40000000000003	1234
20130815	123	123	123	504.73745129105646	1234
20130815	123	123	123	357.6656969666394	1234
20130815	123	123	123	319.67686752793344	1234
20130815	123	123	123	363.5550910141032	1234
20130815	123	123	123	455.28042094647276	1234
20130815	123	123	123	518.3729736882625	1234
20130815	123	123	123	448.79999999999995	1234
20130815	123	123	123	403.1597746557536	1234
20130815	123	123	123	327.0	1234
20130815	123	123	123	409.5964394712812	1234
20130815	123	123	123	520.0455306077068	1234
20130815	123	123	123	452.4711015880477	1234
20130815	123	123	123	380.841014110733	1234
20130815	123	123	123	320.0212837644932	1234
20130815	123	123	123	255.9311411938245	1234
20130815	123	123	123	194.0	1234
20130815	123	123	123	7.4961105346896755	1234
20130815	123	123	123	2.876951996766579	1234
20130815	123	123	123	19.965149569372187	1234
20130815	123	123	123	6.522368962331566	1234
20130815	123	123	123	2.052692409412995	1234
20130815	123	123	123	4.4475749092871375	1234
20130815	123	123	123	16.774832083064336	1234
20130815	123	123	123	9.419785079556881	1234
20130815	123	123	123	19.662304480611613	1234
20130815	123	123	123	6.163593606745954	1234
20130815	123	123	123	17.298334560628945	1234
20130815	123	123	123	9.844709494301974	1234
20130815	123	123	123	13.77523196573015	1234
20130815	123	123	123	19.882475651772722	1234
20130815	123	123	123	15.242459775806001	1234
20130815	123	123	123	9.427981212980773	1234
20130815	123	123	123	0.12988767396247436	1234
20130815	123	123	123	11.066204624595649	1234
20130815	123	123	123	13.284287308443849	1234
20130815	123	123	123	13.205116541372249	1234