time startPrice highestPrice lowestPrice endPrice transactionCount
20130815	123	123	123	10.351623646880288	1234
20130815	123	123	123	19.811281263831663	1234
20130815	123	123	123	6.895764205649129	1234
20130815	123	123	123	13.198207001875362	1234
20130815	123	123	123	1.8296643619542041	1234
20130815	123	123	123	14.772830240662842	1234
20130815	123	123	123	7.542156585322026	1234
20130815	123	123	123	15.355073353015555	1234
20130815	123	123	123	16.25421408405909	1234
20130815	123	123	123	10.339751604532294	1234
20130815	123	123	123	2.773146096656527	1234
20130815	123	123	123	18.49596159151254	1234
20130815	123	123	123	5.91307534777088	1234
20130815	123	123	123	18.282990261509454	1234
20130815	123	123	123	18.32978107201952	1234
20130815	123	123	123	10.321713689025689	1234
20130815	123	123	123	17.59545595908228	1234
20130815	123	123	123	16.114978015914623	1234
20130815	123	123	123	7.698869962673247	1234
20130815	123	123	123	2.349441152392908	1234
20130815	123	123	123	192.93953256457476	1234
20130815	123	123	123	328.93160265698265	1234
20130815	123	123	123	401.70065516906334	1234
20130815	123	123	123	461.7825772971965	1234
20130815	123	123	123	517.3648689572553	1234
20130815	123	123	123	395.7203068620034	1234
20130815	123	123	123	316.86208296643446	1234
20130815	123	123	123	361.84412650287663	1234
20130815	123	123	123	494.39393302495614	1234
20130815	123	123	123	522.065309539497	1234
20130815	123	123	123	448.79999999999995	1234
20130815	123	123	123	408.04775994041427	1234
20130815	123	123	123	331.0776360904372	1234
20130815	123	123	123	366.51007275550677	1234
20130815	123	123	123	486.1444282008115	1234
20130815	123	123	123	508.5108831401976	1234
20130815	123	123	123	390.20000000000005	1234
20130815	123	123	123	316.81733186992676	1234
20130815	123	123	123	257.90642156783247	1234
20130815	123	123	123	194.0	1234
20130815	123	123	123	12.005868689664805	1234
20130815	123	123	123	18.87301566700772	1234
20130815	123	123	123	18.573623294551858	1234
20130815	123	123	123	1.2772159217787094	1234
20130815	123	123	123	14.411563552852925	1234
20130815	123	123	123	8.285640456951928	1234
20130815	123	123	123	4.9670884865935765	1234
20130815	123	123	123	5.034294465294417	1234
20130815	123	123	123	12.241889142347826	1234
20130815	123	123	123	8.814768833721669	1234
20130815	123	123	123	3.2846476067918395	1234
20130815	123	123	123	9.738192257946189	1234
20130815	123	123	123	19.439989827633475	1234
20130815	123	123	123	18.679709865334495	1234
20130815	123	123	123	15.056384889715606	1234
20130815	123	123	123	5.205699563791915	1234
20130815	123	123	123	17.074287699132803	1234
20130815	123	123	123	13.207391275981308	1234
20130815	123	123	123	19.0496622699836	1234
20130815	123	123	123	8.715721471702086	1234