time startPrice highestPrice lowestPrice endPrice transactionCount
20130815	123	123	123	16.9719855711872	1234
20130815	123	123	123	10.94665240615863	1234
20130815	123	123	123	8.069955232283537	1234
20130815	123	123	123	10.344080153663779	1234
20130815	123	123	123	10.028034719019498	1234
20130815	123	123	123	12.365857012755782	1234
20130815	123	123	123	17.169490804115	1234
20130815	123	123	123	4.291158470055225	1234
20130815	123	123	123	0.7231219380489562	1234
20130815	123	123	123	12.621795553486102	1234
20130815	123	123	123	7.29995329478673	1234
20130815	123	123	123	7.347508585394964	1234
20130815	123	123	123	11.952316284102407	1234
20130815	123	123	123	0.13307817218073392	1234
20130815	123	123	123	19.76200122842113	1234
20130815	123	123	123	14.357604279787914	1234
20130815	123	123	123	10.315620547930951	1234
20130815	123	123	123	1.4591869674965707	1234
20130815	123	123	123	12.963013027756107	1234
20130815	123	123	123	15.939337007346788	1234
20130815	123	123	123	217.38027293315727	1234
20130815	123	123	123	394.169108870145	1234
20130815	123	123	123	459.3235693226946	1234
20130815	123	123	123	523.6881402996801	1234
20130815	123	123	123	482.45756479591654	1234
20130815	123	123	123	438.42320363176606	1234
20130815	123	123	123	384.2152308742293	1234
20130815	123	123	123	320.0706446875153	1234
20130815	123	123	123	369.4840722442202	1234
20130815	123	123	123	451.6731809298681	1234
20130815	123	123	123	515.5036260204247	1234
20130815	123	123	123	401.5924902764738	1234
20130815	123	123	123	329.5196347316332	1234
20130815	123	123	123	372.2721079651122	1234
20130815	123	123	123	407.8515794900842	1234
20130815	123	123	123	519.0591600510364	1234
20130815	123	123	123	455.6	1234
20130815	123	123	123	320.1689899540186	1234
20130815	123	123	123	252.9962013670103	1234
20130815	123	123	123	194.0	1234
20130815	123	123	123	7.125418740974463	1234
20130815	123	123	123	19.8989678861249	1234
20130815	123	123	123	11.143888302564296	1234
20130815	123	123	123	9.162592765821728	1234
20130815	123	123	123	0.5668977654994545	1234
20130815	123	123	123	6.762632523278141	1234
20130815	123	123	123	8.014012872133794	1234
20130815	123	123	123	18.477332560445202	1234
20130815	123	123	123	12.776700550930899	1234
20130815	123	123	123	9.731944129468834	1234
20130815	123	123	123	10.397529629547233	1234
20130815	123	123	123	6.784357477469348	1234
20130815	123	123	123	17.187100118648075	1234
20130815	123	123	123	18.836541679043272	1234
20130815	123	123	123	8.888608520956174	1234
20130815	123	123	123	5.4677355773989555	1234
20130815	123	123	123	18.69001939377391	1234
20130815	123	123	123	17.31263985478883	1234
20130815	123	123	123	0.03291214333504655	1234
20130815	123	123	123	1.758635821314798	1234