time startPrice highestPrice lowestPrice endPrice transactionCount
20130815	123	123	123	6.402264777246995	1234
20130815	123	123	123	11.536301962998808	1234
20130815	123	123	123	11.754856645674908	1234
20130815	123	123	123	12.97008866831456	1234
20130815	123	123	123	13.994517279170719	1234
20130815	123	123	123	16.762110849258324	1234
20130815	123	123	123	2.6077437322279406	1234
20130815	123	123	123	12.180245520526782	1234
20130815	123	123	123	1.8675964301119885	1234
20130815	123	123	123	4.889609117358377	1234
20130815	123	123	123	4.714634127861501	1234
20130815	123	123	123	1.0044551553944903	1234
20130815	123	123	123	4.623718210670034	1234
20130815	123	123	123	15.368006693656604	1234
20130815	123	123	123	1.7840574679008836	1234
20130815	123	123	123	6.492818202991888	1234
20130815	123	123	123	16.469013594695063	1234
20130815	123	123	123	4.0751788882677475	1234
20130815	123	123	123	19.10066552044461	1234
20130815	123	123	123	9.934277972652383	1234
20130815	123	123	123	194.97407788294822	1234
20130815	123	123	123	260.4515598203913	1234
20130815	123	123	123	329.78163968069373	1234
20130815	123	123	123	397.8138073549044	1234
20130815	123	123	123	458.20000000000005	1234
20130815	123	123	123	490.73237156731824	1234
20130815	123	123	123	329.9023427864931	1234
20130815	123	123	123	411.37557966402903	1234
20130815	123	123	123	492.0079697699741	1234
20130815	123	123	123	512.7997681678577	1234
20130815	123	123	123	404.8047140219331	1234
20130815	123	123	123	365.5797572815321	1234
20130815	123	123	123	338.68512316084303	1234
20130815	123	123	123	483.5046795511648	1234
20130815	123	123	123	512.0345151634335	1234
20130815	123	123	123	454.3937790525102	1234
20130815	123	123	123	380.0233942691351	1234
20130815	123	123	123	313.5213355232213	1234
20130815	123	123	123	258.3544277498661	1234
20130815	123	123	123	194.0	1234
20130815	123	123	123	14.179024873028963	1234
20130815	123	123	123	0.10864067510548248	1234
20130815	123	123	123	15.216554284073553	1234
20130815	123	123	123	17.969500742134606	1234
20130815	123	123	123	16.67737530963883	1234
20130815	123	123	123	16.69656243645108	1234
20130815	123	123	123	3.5617272528337707	1234
20130815	123	123	123	8.231823918869033	1234
20130815	123	123	123	1.9069425459214973	1234
20130815	123	123	123	6.620067717890354	1234
20130815	123	123	123	16.615921469747143	1234
20130815	123	123	123	1.0110144647725394	1234
20130815	123	123	123	14.504880561145468	1234
20130815	123	123	123	9.901327675610869	1234
20130815	123	123	123	18.42853437997905	1234
20130815	123	123	123	18.610381479182745	1234
20130815	123	123	123	16.24988028115487	1234
20130815	123	123	123	9.500247860796783	1234
20130815	123	123	123	0.04292977309167556	1234
20130815	123	123	123	4.868545543256326	1234