time startPrice highestPrice lowestPrice endPrice transactionCount
20130815	123	123	123	17.082799810058486	1234
20130815	123	123	123	1.184724487489841	1234
20130815	123	123	123	4.2194279412860265	1234
20130815	123	123	123	11.919217301561254	1234
20130815	123	123	123	12.858314145926236	1234
20130815	123	123	123	14.988407803469128	1234
20130815	123	123	123	9.184186202150409	1234
20130815	123	123	123	11.207304759973509	1234
20130815	123	123	123	10.555850735782972	1234
20130815	123	123	123	7.702120483231639	1234
20130815	123	123	123	8.40388114823556	1234
20130815	123	123	123	6.613251796513671	1234
20130815	123	123	123	10.229784272578721	1234
20130815	123	123	123	11.122086439521684	1234
20130815	123	123	123	16.475549625740417	1234
20130815	123	123	123	2.9072093628814044	1234
20130815	123	123	123	13.614814120041192	1234
20130815	123	123	123	2.1028164899800927	1234
20130815	123	123	123	2.5098539155947974	1234
20130815	123	123	123	12.536942368059474	1234
20130815	123	123	123	190.42170743937652	1234
20130815	123	123	123	257.45647214074376	1234
20130815	123	123	123	328.09060653845233	1234
20130815	123	123	123	391.95014140833894	1234
20130815	123	123	123	458.9093892898602	1234
20130815	123	123	123	507.5347677308622	1234
20130815	123	123	123	322.0558409270759	1234
20130815	123	123	123	358.94888936618815	1234
20130815	123	123	123	447.556882550494	1234
20130815	123	123	123	488.2258173261428	1234
20130815	123	123	123	526.5137919056334	1234
20130815	123	123	123	439.343372156342	1234
20130815	123	123	123	330.638930015637	1234
20130815	123	123	123	367.34800492666596	1234
20130815	123	123	123	483.1282328875728	1234
20130815	123	123	123	514.9130330717306	1234
20130815	123	123	123	447.74461316527464	1234
20130815	123	123	123	319.44303802937446	1234
20130815	123	123	123	259.4000000000001	1234
20130815	123	123	123	194.0	1234
20130815	123	123	123	14.339154388687307	1234
20130815	123	123	123	14.457714983571538	1234
20130815	123	123	123	8.998074184632598	1234
20130815	123	123	123	9.913088141512013	1234
20130815	123	123	123	11.8920152020913	1234
20130815	123	123	123	16.04662488209882	1234
20130815	123	123	123	13.872173184259477	1234
20130815	123	123	123	15.234688832338449	1234
20130815	123	123	123	10.415321666907838	1234
20130815	123	123	123	2.457175213995042	1234
20130815	123	123	123	15.040773616424932	1234
20130815	123	123	123	16.615370231369052	1234
20130815	123	123	123	8.721648178890414	1234
20130815	123	123	123	8.550065712732932	1234
20130815	123	123	123	2.328411868370883	1234
20130815	123	123	123	1.9463261423443035	1234
20130815	123	123	123	18.897377607511196	1234
20130815	123	123	123	19.626719651372923	1234
20130815	123	123	123	3.0149703450417342	1234
20130815	123	123	123	15.233046439944767	1234