time startPrice highestPrice lowestPrice endPrice transactionCount
20130815	123	123	123	6.138161851425396	1234
20130815	123	123	123	7.133227312546757	1234
20130815	123	123	123	1.124980575472878	1234
20130815	123	123	123	1.1271113040945413	1234
20130815	123	123	123	2.810448971174615	1234
20130815	123	123	123	14.830081955523347	1234
20130815	123	123	123	14.555610852858551	1234
20130815	123	123	123	16.224043971679958	1234
20130815	123	123	123	13.4373438526174	1234
20130815	123	123	123	4.9424500231396795	1234
20130815	123	123	123	16.685569503918277	1234
20130815	123	123	123	18.798596719958166	1234
20130815	123	123	123	13.146891354453736	1234
20130815	123	123	123	7.6285537622775035	1234
20130815	123	123	123	15.118149120461922	1234
20130815	123	123	123	14.823216808304558	1234
20130815	123	123	123	18.57532031433327	1234
20130815	123	123	123	4.350207228898699	1234
20130815	123	123	123	0.7095269465381859	1234
20130815	123	123	123	13.073849029878048	1234
20130815	123	123	123	191.20692822937394	1234
20130815	123	123	123	390.40000000000003	1234
20130815	123	123	123	458.20000000000005	1234
20130815	123	123	123	520.7884984453788	1234
20130815	123	123	123	479.9794562654402	1234
20130815	123	123	123	440.1599068507905	1234
20130815	123	123	123	397.66949201776276	1234
20130815	123	123	123	317.09060870085017	1234
20130815	123	123	123	401.6	1234
20130815	123	123	123	444.40000000000003	1234
20130815	123	123	123	529.2303504471852	1234
20130815	123	123	123	483.6114550542257	1234
20130815	123	123	123	405.72312885526645	1234
20130815	123	123	123	365.39708595688313	1234
20130815	123	123	123	340.3232144543332	1234
20130815	123	123	123	517.8282669009715	1234
20130815	123	123	123	453.9454444059626	1234
20130815	123	123	123	324.80000000000007	1234
20130815	123	123	123	258.6425552220207	1234
20130815	123	123	123	194.0	1234
20130815	123	123	123	13.729571375325985	1234
20130815	123	123	123	5.258577359971963	1234
20130815	123	123	123	4.369029838282678	1234
20130815	123	123	123	11.58857705080343	1234
20130815	123	123	123	6.027455941678133	1234
20130815	123	123	123	9.967565307952446	1234
20130815	123	123	123	1.8742516734068726	1234
20130815	123	123	123	3.7031661901602986	1234
20130815	123	123	123	14.75726789260297	1234
20130815	123	123	123	6.1685489235884505	1234
20130815	123	123	123	5.905731648710891	1234
20130815	123	123	123	4.220741506007714	1234
20130815	123	123	123	17.030700615333345	1234
20130815	123	123	123	7.90349678962002	1234
20130815	123	123	123	7.6504399005621355	1234
20130815	123	123	123	16.4486495197485	1234
20130815	123	123	123	4.759950364508807	1234
20130815	123	123	123	13.301758134689706	1234
20130815	123	123	123	9.092840919315247	1234
20130815	123	123	123	1.6363033183604814	1234