time startPrice highestPrice lowestPrice endPrice transactionCount
20130815	123	123	123	9.957300686413571	1234
20130815	123	123	123	6.55857706673525	1234
20130815	123	123	123	16.50244314942977	1234
20130815	123	123	123	1.130531541990163	1234
20130815	123	123	123	2.154431175251932	1234
20130815	123	123	123	7.250056128323363	1234
20130815	123	123	123	18.31474119890457	1234
20130815	123	123	123	1.4718853927430708	1234
20130815	123	123	123	14.784861609808823	1234
20130815	123	123	123	18.463086533041327	1234
20130815	123	123	123	7.6378627984146	1234
20130815	123	123	123	10.099560826144277	1234
20130815	123	123	123	14.940416007310827	1234
20130815	123	123	123	17.891497303547762	1234
20130815	123	123	123	1.028853252582591	1234
20130815	123	123	123	3.7985684428346955	1234
20130815	123	123	123	6.2990325794282676	1234
20130815	123	123	123	7.214817423057038	1234
20130815	123	123	123	6.117804394826731	1234
20130815	123	123	123	12.891204715717674	1234
20130815	123	123	123	189.44346056755833	1234
20130815	123	123	123	255.64007812339224	1234
20130815	123	123	123	329.9624168113747	1234
20130815	123	123	123	404.61022943972824	1234
20130815	123	123	123	515.26443938514	1234
20130815	123	123	123	319.03259737111176	1234
20130815	123	123	123	363.0854224812407	1234
20130815	123	123	123	404.60868109607253	1234
20130815	123	123	123	444.6523721074009	1234
20130815	123	123	123	489.4878180803514	1234
20130815	123	123	123	526.9089729431636	1234
20130815	123	123	123	486.9901622261916	1234
20130815	123	123	123	446.0419586175367	1234
20130815	123	123	123	399.106823499094	1234
20130815	123	123	123	330.99901653439883	1234
20130815	123	123	123	387.86888653491087	1234
20130815	123	123	123	511.8538863592214	1234
20130815	123	123	123	445.3542200360612	1234
20130815	123	123	123	314.92999462301566	1234
20130815	123	123	123	194.0	1234
20130815	123	123	123	15.460771040159443	1234
20130815	123	123	123	11.308836430674233	1234
20130815	123	123	123	1.4963478233168837	1234
20130815	123	123	123	17.818837029095988	1234
20130815	123	123	123	6.151881635847416	1234
20130815	123	123	123	5.838902123576126	1234
20130815	123	123	123	16.60830198264668	1234
20130815	123	123	123	11.467570197230717	1234
20130815	123	123	123	0.8825058939363117	1234
20130815	123	123	123	8.783444154008217	1234
20130815	123	123	123	5.690935075615247	1234
20130815	123	123	123	6.388803759642354	1234
20130815	123	123	123	7.475613223300801	1234
20130815	123	123	123	13.798489499956561	1234
20130815	123	123	123	7.959844307611852	1234
20130815	123	123	123	1.2414542711882848	1234
20130815	123	123	123	11.34180467822976	1234
20130815	123	123	123	16.322219805836365	1234
20130815	123	123	123	19.99996162250978	1234
20130815	123	123	123	16.58341045696616	1234