time startPrice highestPrice lowestPrice endPrice transactionCount
20130815	123	123	123	0.9239049981057623	1234
20130815	123	123	123	9.092043370164152	1234
20130815	123	123	123	7.906526287681437	1234
20130815	123	123	123	14.971543496205133	1234
20130815	123	123	123	10.96468307376461	1234
20130815	123	123	123	3.99253941376158	1234
20130815	123	123	123	3.432029863802737	1234
20130815	123	123	123	13.759496409254503	1234
20130815	123	123	123	11.31494898807885	1234
20130815	123	123	123	5.529062527139244	1234
20130815	123	123	123	9.340057103466197	1234
20130815	123	123	123	12.175329245745036	1234
20130815	123	123	123	11.924456162591191	1234
20130815	123	123	123	7.153268815542018	1234
20130815	123	123	123	11.17124736083008	1234
20130815	123	123	123	17.65833488330046	1234
20130815	123	123	123	14.50680934478773	1234
20130815	123	123	123	14.969706602949271	1234
20130815	123	123	123	3.6071904109578434	1234
20130815	123	123	123	2.1479682526269417	1234
20130815	123	123	123	188.64576698738065	1234
20130815	123	123	123	263.28572382039636	1234
20130815	123	123	123	392.4848917030009	1234
20130815	123	123	123	458.7231150182647	1234
20130815	123	123	123	525.7273579829043	1234
20130815	123	123	123	441.96593538007204	1234
20130815	123	123	123	396.0467801860332	1234
20130815	123	123	123	352.0110908318451	1234
20130815	123	123	123	320.11418927929304	1234
20130815	123	123	123	361.6088540285976	1234
20130815	123	123	123	402.4339629534206	1234
20130815	123	123	123	524.5247932733039	1234
20130815	123	123	123	483.8692170677783	1234
20130815	123	123	123	435.7332493474749	1234
20130815	123	123	123	338.60705428815373	1234
20130815	123	123	123	486.85011778029565	1234
20130815	123	123	123	521.0	1234
20130815	123	123	123	313.5651075803652	1234
20130815	123	123	123	251.9178099714958	1234
20130815	123	123	123	194.0	1234
20130815	123	123	123	19.76566776068169	1234
20130815	123	123	123	19.323392196200253	1234
20130815	123	123	123	15.101656342768928	1234
20130815	123	123	123	18.059248738402257	1234
20130815	123	123	123	5.584716876054312	1234
20130815	123	123	123	4.818946862454105	1234
20130815	123	123	123	12.640931958353798	1234
20130815	123	123	123	18.33211999379596	1234
20130815	123	123	123	2.329472136599673	1234
20130815	123	123	123	3.3812946532059174	1234
20130815	123	123	123	12.244228051889415	1234
20130815	123	123	123	13.76827933907111	1234
20130815	123	123	123	19.241022773271503	1234
20130815	123	123	123	7.331175994261985	1234
20130815	123	123	123	8.959652561875375	1234
20130815	123	123	123	6.044749812118296	1234
20130815	123	123	123	9.358846915063726	1234
20130815	123	123	123	2.437027452454823	1234
20130815	123	123	123	3.880768402927157	1234
20130815	123	123	123	0.594263527939054	1234