time startPrice highestPrice lowestPrice endPrice transactionCount
20130815	123	123	123	14.833908810746975	1234
20130815	123	123	123	17.21601858203955	1234
20130815	123	123	123	11.675703206311386	1234
20130815	123	123	123	5.946832979061522	1234
20130815	123	123	123	5.908024699636705	1234
20130815	123	123	123	16.379606963502773	1234
20130815	123	123	123	13.368014037167983	1234
20130815	123	123	123	11.778555513275053	1234
20130815	123	123	123	19.351214866907988	1234
20130815	123	123	123	4.757335980814597	1234
20130815	123	123	123	7.940487459682471	1234
20130815	123	123	123	10.194908662182272	1234
20130815	123	123	123	16.33708732862252	1234
20130815	123	123	123	0.8092054515505365	1234
20130815	123	123	123	19.11015285849721	1234
20130815	123	123	123	17.152251245385116	1234
20130815	123	123	123	2.5018504376910644	1234
20130815	123	123	123	7.818181459224305	1234
20130815	123	123	123	2.9758103042838346	1234
20130815	123	123	123	19.889681785015924	1234
20130815	123	123	123	187.0	1234
20130815	123	123	123	258.3115152076748	1234
20130815	123	123	123	327.0190026873819	1234
20130815	123	123	123	405.81692507599445	1234
20130815	123	123	123	515.3738528011866	1234
20130815	123	123	123	354.97324914887696	1234
20130815	123	123	123	319.9200785139764	1234
20130815	123	123	123	359.2622989602	1234
20130815	123	123	123	402.06717467650014	1234
20130815	123	123	123	446.0130594784795	1234
20130815	123	123	123	530.0	1234
20130815	123	123	123	365.5630891712062	1234
20130815	123	123	123	327.68692703567683	1234
20130815	123	123	123	385.0185819595034	1234
20130815	123	123	123	520.2207082362918	1234
20130815	123	123	123	451.24819111593416	1234
20130815	123	123	123	379.8330074943842	1234
20130815	123	123	123	322.7488543454489	1234
20130815	123	123	123	252.13601194316112	1234
20130815	123	123	123	194.0	1234
20130815	123	123	123	8.033221295390334	1234
20130815	123	123	123	4.577040539766553	1234
20130815	123	123	123	12.213618176319534	1234
20130815	123	123	123	11.928025966205233	1234
20130815	123	123	123	3.727976539512383	1234
20130815	123	123	123	12.519480986832175	1234
20130815	123	123	123	4.23480322949877	1234
20130815	123	123	123	7.108609554021756	1234
20130815	123	123	123	18.072477964521195	1234
20130815	123	123	123	9.061731567916018	1234
20130815	123	123	123	0.32269337180792723	1234
20130815	123	123	123	13.541568425031523	1234
20130815	123	123	123	13.23251326476835	1234
20130815	123	123	123	14.284174000336463	1234
20130815	123	123	123	15.91082467688266	1234
20130815	123	123	123	18.509219668411664	1234
20130815	123	123	123	16.29584492655848	1234
20130815	123	123	123	6.070782459356017	1234
20130815	123	123	123	10.933394168987835	1234
20130815	123	123	123	6.170819335690996	1234