time startPrice highestPrice lowestPrice endPrice transactionCount
20130815	123	123	123	2.1946645433768563	1234
20130815	123	123	123	16.799764886833533	1234
20130815	123	123	123	13.83804634336126	1234
20130815	123	123	123	3.1535218803062337	1234
20130815	123	123	123	13.761772007274619	1234
20130815	123	123	123	6.2244565311250755	1234
20130815	123	123	123	10.845609439304768	1234
20130815	123	123	123	15.877921152496228	1234
20130815	123	123	123	17.210234415582207	1234
20130815	123	123	123	2.169765101159664	1234
20130815	123	123	123	4.395527597625028	1234
20130815	123	123	123	9.374555224714507	1234
20130815	123	123	123	9.62406716961381	1234
20130815	123	123	123	18.938250160900807	1234
20130815	123	123	123	12.608350894042019	1234
20130815	123	123	123	13.341455886102167	1234
20130815	123	123	123	15.929936134981634	1234
20130815	123	123	123	10.993619096301048	1234
20130815	123	123	123	9.745803869586407	1234
20130815	123	123	123	15.072174645135515	1234
20130815	123	123	123	215.61524166251405	1234
20130815	123	123	123	463.63344851082525	1234
20130815	123	123	123	521.1631864931617	1234
20130815	123	123	123	436.04282120947613	1234
20130815	123	123	123	396.08406483868777	1234
20130815	123	123	123	353.09511317380577	1234
20130815	123	123	123	316.72132082665956	1234
20130815	123	123	123	360.86674793233334	1234
20130815	123	123	123	402.8222714631655	1234
20130815	123	123	123	526.3032002819946	1234
20130815	123	123	123	484.82236281179445	1234
20130815	123	123	123	443.10856192344323	1234
20130815	123	123	123	331.27898713878085	1234
20130815	123	123	123	367.18694936083904	1234
20130815	123	123	123	445.04589272752725	1234
20130815	123	123	123	483.5173477128097	1234
20130815	123	123	123	495.40797413751693	1234
20130815	123	123	123	319.79242740817045	1234
20130815	123	123	123	249.91785183905128	1234
20130815	123	123	123	194.0	1234
20130815	123	123	123	16.66890647426392	1234
20130815	123	123	123	18.412017764401803	1234
20130815	123	123	123	17.64548806395935	1234
20130815	123	123	123	6.690527973238387	1234
20130815	123	123	123	12.34352283265515	1234
20130815	123	123	123	5.604973851648031	1234
20130815	123	123	123	6.118921989428074	1234
20130815	123	123	123	19.678301333369888	1234
20130815	123	123	123	3.4961113179690306	1234
20130815	123	123	123	3.744296646751888	1234
20130815	123	123	123	19.05669532128663	1234
20130815	123	123	123	8.854720794883384	1234
20130815	123	123	123	19.756216993370327	1234
20130815	123	123	123	15.932508182490261	1234
20130815	123	123	123	17.379034587231995	1234
20130815	123	123	123	9.392294883545668	1234
20130815	123	123	123	10.802122120422181	1234
20130815	123	123	123	3.4006683132094695	1234
20130815	123	123	123	19.989628291238738	1234
20130815	123	123	123	12.504391991831662	1234