time startPrice highestPrice lowestPrice endPrice transactionCount
20130815	123	123	123	6.2432442951834055	1234
20130815	123	123	123	14.490521486564694	1234
20130815	123	123	123	16.883255344294664	1234
20130815	123	123	123	15.65855999262384	1234
20130815	123	123	123	1.7790682951485248	1234
20130815	123	123	123	0.2152476716053764	1234
20130815	123	123	123	15.329755466492841	1234
20130815	123	123	123	3.7783112899554427	1234
20130815	123	123	123	9.428736406696267	1234
20130815	123	123	123	13.980160859881288	1234
20130815	123	123	123	19.505533268628888	1234
20130815	123	123	123	13.107652206091698	1234
20130815	123	123	123	3.042301285478093	1234
20130815	123	123	123	17.90656132956537	1234
20130815	123	123	123	8.929866467513122	1234
20130815	123	123	123	8.53049198558644	1234
20130815	123	123	123	13.612283615815047	1234
20130815	123	123	123	0.786253354285491	1234
20130815	123	123	123	9.195098846038173	1234
20130815	123	123	123	3.518856414368199	1234
20130815	123	123	123	188.50823931124128	1234
20130815	123	123	123	264.1489788494394	1234
20130815	123	123	123	395.51304171649974	1234
20130815	123	123	123	466.95729786865877	1234
20130815	123	123	123	520.1147784215481	1234
20130815	123	123	123	466.04377826461365	1234
20130815	123	123	123	317.658606587496	1234
20130815	123	123	123	369.6790770912195	1234
20130815	123	123	123	444.40000000000003	1234
20130815	123	123	123	487.45950112175615	1234
20130815	123	123	123	523.7117103534522	1234
20130815	123	123	123	407.3669183844931	1234
20130815	123	123	123	366.91096908867473	1234
20130815	123	123	123	344.2950840646463	1234
20130815	123	123	123	519.1487097691536	1234
20130815	123	123	123	444.6281760038559	1234
20130815	123	123	123	390.20000000000005	1234
20130815	123	123	123	317.10927634806154	1234
20130815	123	123	123	256.0351645726169	1234
20130815	123	123	123	194.0	1234
20130815	123	123	123	5.517516234173474	1234
20130815	123	123	123	1.677480120150805	1234
20130815	123	123	123	18.882109156284784	1234
20130815	123	123	123	3.609813827258561	1234
20130815	123	123	123	6.279583687248442	1234
20130815	123	123	123	4.55937940854823	1234
20130815	123	123	123	7.434968758941672	1234
20130815	123	123	123	16.11456746921247	1234
20130815	123	123	123	5.042419817247243	1234
20130815	123	123	123	0.21744537747220516	1234
20130815	123	123	123	3.6682460066857425	1234
20130815	123	123	123	15.835712750824957	1234
20130815	123	123	123	12.817676196446378	1234
20130815	123	123	123	13.895764329457867	1234
20130815	123	123	123	12.724952407152523	1234
20130815	123	123	123	11.744447595290419	1234
20130815	123	123	123	0.9954877032742404	1234
20130815	123	123	123	10.24007219934569	1234
20130815	123	123	123	13.072655523118717	1234
20130815	123	123	123	15.370292692064922	1234