time startPrice highestPrice lowestPrice endPrice transactionCount
20130815	123	123	123	18.93262730073424	1234
20130815	123	123	123	10.555894110205497	1234
20130815	123	123	123	7.0335909750744685	1234
20130815	123	123	123	0.15845817537877505	1234
20130815	123	123	123	13.656012828020296	1234
20130815	123	123	123	8.077812475290942	1234
20130815	123	123	123	4.132432564051019	1234
20130815	123	123	123	13.724693105033507	1234
20130815	123	123	123	4.598398275678159	1234
20130815	123	123	123	1.264478133296485	1234
20130815	123	123	123	8.11615616610016	1234
20130815	123	123	123	3.1103549001281783	1234
20130815	123	123	123	10.025034820239203	1234
20130815	123	123	123	4.444788784089376	1234
20130815	123	123	123	10.578990108495706	1234
20130815	123	123	123	9.895425356543612	1234
20130815	123	123	123	16.03853920193443	1234
20130815	123	123	123	3.0222944571196497	1234
20130815	123	123	123	8.742284445820683	1234
20130815	123	123	123	18.307053337084017	1234
20130815	123	123	123	195.858716966992	1234
20130815	123	123	123	263.63059444799114	1234
20130815	123	123	123	347.7760585179697	1234
20130815	123	123	123	518.8868620162876	1234
20130815	123	123	123	431.9571877174188	1234
20130815	123	123	123	316.0	1234
20130815	123	123	123	420.8252065291018	1234
20130815	123	123	123	526.7570489969178	1234
20130815	123	123	123	482.2939521532868	1234
20130815	123	123	123	408.19999999999993	1234
20130815	123	123	123	367.48337763992737	1234
20130815	123	123	123	340.625720223244	1234
20130815	123	123	123	407.91981090000496	1234
20130815	123	123	123	450.83688730922984	1234
20130815	123	123	123	516.8159427791355	1234
20130815	123	123	123	445.34289040894583	1234
20130815	123	123	123	384.26148676528516	1234
20130815	123	123	123	324.80000000000007	1234
20130815	123	123	123	259.285992351785	1234
20130815	123	123	123	194.0	1234
20130815	123	123	123	11.999491418556236	1234
20130815	123	123	123	3.11036859565343	1234
20130815	123	123	123	6.9391859951686214	1234
20130815	123	123	123	5.631105637471839	1234
20130815	123	123	123	1.0550781141204557	1234
20130815	123	123	123	4.124098072194151	1234
20130815	123	123	123	17.74380659028278	1234
20130815	123	123	123	5.187669315551588	1234
20130815	123	123	123	13.603550459952935	1234
20130815	123	123	123	15.306053400246517	1234
20130815	123	123	123	6.910524245588108	1234
20130815	123	123	123	3.3261952955216345	1234
20130815	123	123	123	3.1042791778460566	1234
20130815	123	123	123	3.276409021290414	1234
20130815	123	123	123	18.18360793751924	1234
20130815	123	123	123	10.821755991505292	1234
20130815	123	123	123	0.8502332048519534	1234
20130815	123	123	123	14.43613491114576	1234
20130815	123	123	123	1.5568714147292062	1234
20130815	123	123	123	8.604662019500964	1234