time startPrice highestPrice lowestPrice endPrice transactionCount
20130815	123	123	123	16.58981094808134	1234
20130815	123	123	123	7.2036594795829085	1234
20130815	123	123	123	7.624890158315145	1234
20130815	123	123	123	16.20239202921717	1234
20130815	123	123	123	7.6994073173107935	1234
20130815	123	123	123	10.3469265149908	1234
20130815	123	123	123	13.118929553302836	1234
20130815	123	123	123	12.910502451035734	1234
20130815	123	123	123	1.5208849644221778	1234
20130815	123	123	123	3.1835258112328613	1234
20130815	123	123	123	8.971993812491801	1234
20130815	123	123	123	14.995542923539531	1234
20130815	123	123	123	7.0859317588108155	1234
20130815	123	123	123	1.0318239023096742	1234
20130815	123	123	123	9.648688521555805	1234
20130815	123	123	123	17.030901995310717	1234
20130815	123	123	123	18.86538150647447	1234
20130815	123	123	123	9.030913434328308	1234
20130815	123	123	123	3.532295805901855	1234
20130815	123	123	123	3.2297488199485302	1234
20130815	123	123	123	188.55387277319878	1234
20130815	123	123	123	257.8278818359671	1234
20130815	123	123	123	322.61461944595214	1234
20130815	123	123	123	390.40000000000003	1234
20130815	123	123	123	522.2900638645549	1234
20130815	123	123	123	484.0	1234
20130815	123	123	123	320.88634334970106	1234
20130815	123	123	123	363.8387548554635	1234
20130815	123	123	123	401.6	1234
20130815	123	123	123	449.767020349751	1234
20130815	123	123	123	487.20000000000005	1234
20130815	123	123	123	514.1848495144073	1234
20130815	123	123	123	404.5886437152719	1234
20130815	123	123	123	329.7246204274388	1234
20130815	123	123	123	365.8	1234
20130815	123	123	123	515.7244873150984	1234
20130815	123	123	123	455.2441950812507	1234
20130815	123	123	123	384.76297070262206	1234
20130815	123	123	123	308.3743735177643	1234
20130815	123	123	123	194.0	1234
20130815	123	123	123	19.898704762356342	1234
20130815	123	123	123	15.975160307060204	1234
20130815	123	123	123	5.734064661735559	1234
20130815	123	123	123	17.956830595477314	1234
20130815	123	123	123	19.489552679452146	1234
20130815	123	123	123	6.6962791351369555	1234
20130815	123	123	123	0.08312652788611707	1234
20130815	123	123	123	2.598174394553563	1234
20130815	123	123	123	14.701374678350959	1234
20130815	123	123	123	1.6263717563828095	1234
20130815	123	123	123	18.368928855725322	1234
20130815	123	123	123	10.400618400903456	1234
20130815	123	123	123	1.469138090895481	1234
20130815	123	123	123	3.288625711377895	1234
20130815	123	123	123	1.802623372911838	1234
20130815	123	123	123	14.818907098487673	1234
20130815	123	123	123	3.350232286887398	1234
20130815	123	123	123	11.200658311068839	1234
20130815	123	123	123	2.183366177820558	1234
20130815	123	123	123	11.458840371800534	1234