time startPrice highestPrice lowestPrice endPrice transactionCount
20130815	123	123	123	16.17389223482758	1234
20130815	123	123	123	19.349977305093603	1234
20130815	123	123	123	6.857004412716319	1234
20130815	123	123	123	12.870430118952072	1234
20130815	123	123	123	16.61765893657695	1234
20130815	123	123	123	19.146114811146578	1234
20130815	123	123	123	12.862477995562	1234
20130815	123	123	123	1.1717691600083646	1234
20130815	123	123	123	19.087157483707344	1234
20130815	123	123	123	7.492446751197683	1234
20130815	123	123	123	7.124059148627335	1234
20130815	123	123	123	10.91034972621243	1234
20130815	123	123	123	11.906034807225666	1234
20130815	123	123	123	4.811792743618588	1234
20130815	123	123	123	10.757739387374246	1234
20130815	123	123	123	7.137538666127625	1234
20130815	123	123	123	9.139111601538465	1234
20130815	123	123	123	11.247715379170922	1234
20130815	123	123	123	7.336565668221211	1234
20130815	123	123	123	4.3199482363511565	1234
20130815	123	123	123	190.9296456237652	1234
20130815	123	123	123	258.3065126523593	1234
20130815	123	123	123	343.85948689091697	1234
20130815	123	123	123	524.880947690821	1234
20130815	123	123	123	484.0	1234
20130815	123	123	123	436.7894416557761	1234
20130815	123	123	123	323.6321316445898	1234
20130815	123	123	123	491.22823923807005	1234
20130815	123	123	123	526.6781590976747	1234
20130815	123	123	123	489.4	1234
20130815	123	123	123	445.0572476340057	1234
20130815	123	123	123	393.50434025544416	1234
20130815	123	123	123	342.25615535507995	1234
20130815	123	123	123	484.7934748085763	1234
20130815	123	123	123	521.0	1234
20130815	123	123	123	448.8484274411886	1234
20130815	123	123	123	387.7822671890003	1234
20130815	123	123	123	322.24957403239347	1234
20130815	123	123	123	255.912523711044	1234
20130815	123	123	123	194.0	1234
20130815	123	123	123	0.03282927445697803	1234
20130815	123	123	123	19.204430501410133	1234
20130815	123	123	123	5.505760784300091	1234
20130815	123	123	123	9.393271538726001	1234
20130815	123	123	123	11.241969728678002	1234
20130815	123	123	123	1.3068126759695842	1234
20130815	123	123	123	16.147123006205256	1234
20130815	123	123	123	18.632517387488075	1234
20130815	123	123	123	9.748534150653786	1234
20130815	123	123	123	2.9607936494738896	1234
20130815	123	123	123	9.586472411912153	1234
20130815	123	123	123	9.247447801082746	1234
20130815	123	123	123	8.460693836048282	1234
20130815	123	123	123	17.307727318229645	1234
20130815	123	123	123	12.732450929849763	1234
20130815	123	123	123	8.037823803651076	1234
20130815	123	123	123	16.186760282396733	1234
20130815	123	123	123	19.60458978981064	1234
20130815	123	123	123	16.054516785020407	1234
20130815	123	123	123	1.4938278974128472	1234