time startPrice highestPrice lowestPrice endPrice transactionCount
20130815	123	123	123	9.971064109228475	1234
20130815	123	123	123	17.568524037326252	1234
20130815	123	123	123	2.8893838136171657	1234
20130815	123	123	123	17.32165393072866	1234
20130815	123	123	123	5.38814241205748	1234
20130815	123	123	123	4.874060318811866	1234
20130815	123	123	123	6.547860595250143	1234
20130815	123	123	123	16.0561077145967	1234
20130815	123	123	123	15.732602597981273	1234
20130815	123	123	123	15.820078624582193	1234
20130815	123	123	123	6.779578765236494	1234
20130815	123	123	123	7.409815220698322	1234
20130815	123	123	123	1.14155981855794	1234
20130815	123	123	123	2.6277749234344383	1234
20130815	123	123	123	2.5274138240400923	1234
20130815	123	123	123	16.486297121231825	1234
20130815	123	123	123	12.325672857433778	1234
20130815	123	123	123	0.5058856076011575	1234
20130815	123	123	123	6.211830392617355	1234
20130815	123	123	123	12.52753129480044	1234
20130815	123	123	123	198.604745442154	1234
20130815	123	123	123	327.7099601470686	1234
20130815	123	123	123	399.1956413829766	1234
20130815	123	123	123	466.81138223563516	1234
20130815	123	123	123	519.4306721347139	1234
20130815	123	123	123	439.42806643287787	1234
20130815	123	123	123	323.34413056132655	1234
20130815	123	123	123	407.35471830382534	1234
20130815	123	123	123	444.40000000000003	1234
20130815	123	123	123	527.7735545934706	1234
20130815	123	123	123	483.71462928648555	1234
20130815	123	123	123	446.11882021467324	1234
20130815	123	123	123	327.0	1234
20130815	123	123	123	367.66418175924576	1234
20130815	123	123	123	408.42441442328936	1234
20130815	123	123	123	485.94822834354454	1234
20130815	123	123	123	511.05336253006476	1234
20130815	123	123	123	382.80510839492433	1234
20130815	123	123	123	259.4000000000001	1234
20130815	123	123	123	194.0	1234
20130815	123	123	123	17.53911786826817	1234
20130815	123	123	123	16.376742785660024	1234
20130815	123	123	123	2.4143484462301323	1234
20130815	123	123	123	14.10486040367206	1234
20130815	123	123	123	0.09706268931151563	1234
20130815	123	123	123	6.701621334879892	1234
20130815	123	123	123	16.176201746792472	1234
20130815	123	123	123	18.797679874300734	1234
20130815	123	123	123	15.830909493835705	1234
20130815	123	123	123	9.445048556810672	1234
20130815	123	123	123	1.6403423999715638	1234
20130815	123	123	123	7.878097401437096	1234
20130815	123	123	123	1.4535857485102266	1234
20130815	123	123	123	11.33103875730149	1234
20130815	123	123	123	3.6594626540758246	1234
20130815	123	123	123	5.445530727078309	1234
20130815	123	123	123	12.014213709237513	1234
20130815	123	123	123	18.28247880540929	1234
20130815	123	123	123	2.512255077696466	1234
20130815	123	123	123	1.0059963302932329	1234