time startPrice highestPrice lowestPrice endPrice transactionCount
20130815	123	123	123	9.063875212248849	1234
20130815	123	123	123	10.05030818434723	1234
20130815	123	123	123	6.067536094578627	1234
20130815	123	123	123	11.408002417575492	1234
20130815	123	123	123	7.674033027509024	1234
20130815	123	123	123	5.400253846570364	1234
20130815	123	123	123	15.971275818197977	1234
20130815	123	123	123	12.246140827014763	1234
20130815	123	123	123	9.459027479979941	1234
20130815	123	123	123	15.891150731074525	1234
20130815	123	123	123	0.9855475294389948	1234
20130815	123	123	123	11.53215718528546	1234
20130815	123	123	123	0.35777033156474625	1234
20130815	123	123	123	19.984801870805494	1234
20130815	123	123	123	18.851432618040057	1234
20130815	123	123	123	7.288415598624702	1234
20130815	123	123	123	8.625226530752702	1234
20130815	123	123	123	15.418645967652537	1234
20130815	123	123	123	11.056320259466707	1234
20130815	123	123	123	10.315571762005167	1234
20130815	123	123	123	210.64669382508072	1234
20130815	123	123	123	393.5296137291284	1234
20130815	123	123	123	526.0	1234
20130815	123	123	123	482.84307589046085	1234
20130815	123	123	123	394.94698464892156	1234
20130815	123	123	123	354.7115795818147	1234
20130815	123	123	123	318.0544813088091	1234
20130815	123	123	123	360.9796207668788	1234
20130815	123	123	123	410.5332248915852	1234
20130815	123	123	123	490.49471965761813	1234
20130815	123	123	123	527.9810895870046	1234
20130815	123	123	123	473.8433856385275	1234
20130815	123	123	123	367.10255053511133	1234
20130815	123	123	123	328.19732212603134	1234
20130815	123	123	123	386.14039287835874	1234
20130815	123	123	123	516.8811853670611	1234
20130815	123	123	123	388.5558776210789	1234
20130815	123	123	123	318.6744062741823	1234
20130815	123	123	123	255.99078629364578	1234
20130815	123	123	123	194.0	1234
20130815	123	123	123	7.720469976330553	1234
20130815	123	123	123	9.623512635982392	1234
20130815	123	123	123	9.907992868982467	1234
20130815	123	123	123	10.378774411715526	1234
20130815	123	123	123	6.279109460297634	1234
20130815	123	123	123	9.986525972673533	1234
20130815	123	123	123	12.913112272949036	1234
20130815	123	123	123	8.623588685335829	1234
20130815	123	123	123	0.3025294082417962	1234
20130815	123	123	123	1.9285034626805042	1234
20130815	123	123	123	2.8054434082907687	1234
20130815	123	123	123	6.54452207638893	1234
20130815	123	123	123	18.02842368737234	1234
20130815	123	123	123	2.628505526220648	1234
20130815	123	123	123	7.213687414637933	1234
20130815	123	123	123	14.50480824016501	1234
20130815	123	123	123	8.904133109806889	1234
20130815	123	123	123	8.716448022804283	1234
20130815	123	123	123	3.228316182647777	1234
20130815	123	123	123	16.106887538200375	1234