time startPrice highestPrice lowestPrice endPrice transactionCount
20130815	123	123	123	11.868993003331711	1234
20130815	123	123	123	4.854028894473641	1234
20130815	123	123	123	7.361172669603868	1234
20130815	123	123	123	6.260245287918793	1234
20130815	123	123	123	7.623092063344393	1234
20130815	123	123	123	18.474814240433165	1234
20130815	123	123	123	11.138855695546441	1234
20130815	123	123	123	2.6616215568842083	1234
20130815	123	123	123	13.55073127037793	1234
20130815	123	123	123	11.536489446956043	1234
20130815	123	123	123	5.031527877115591	1234
20130815	123	123	123	15.622079329627354	1234
20130815	123	123	123	10.654845927555867	1234
20130815	123	123	123	10.703324471492541	1234
20130815	123	123	123	17.054977891473484	1234
20130815	123	123	123	9.085976634070185	1234
20130815	123	123	123	11.25743833016092	1234
20130815	123	123	123	17.445860350807017	1234
20130815	123	123	123	10.620245549834834	1234
20130815	123	123	123	6.713365845584667	1234
20130815	123	123	123	193.12294390801128	1234
20130815	123	123	123	263.89657308685804	1234
20130815	123	123	123	333.66295719116965	1234
20130815	123	123	123	396.389187661688	1234
20130815	123	123	123	464.23658502591326	1234
20130815	123	123	123	525.6276350027655	1234
20130815	123	123	123	479.4278360821467	1234
20130815	123	123	123	433.9030771833092	1234
20130815	123	123	123	358.0	1234
20130815	123	123	123	317.02372588087354	1234
20130815	123	123	123	359.34297526920716	1234
20130815	123	123	123	408.5023329157821	1234
20130815	123	123	123	449.31132723783196	1234
20130815	123	123	123	522.1281019318071	1234
20130815	123	123	123	427.5604003609487	1234
20130815	123	123	123	333.74743554849164	1234
20130815	123	123	123	407.63151970715916	1234
20130815	123	123	123	443.40000000000003	1234
20130815	123	123	123	516.5235231549166	1234
20130815	123	123	123	194.0	1234
20130815	123	123	123	3.562247687655651	1234
20130815	123	123	123	1.3048527443885427	1234
20130815	123	123	123	16.687475257690366	1234
20130815	123	123	123	15.64077123047846	1234
20130815	123	123	123	17.875763406575253	1234
20130815	123	123	123	12.642687978399461	1234
20130815	123	123	123	0.044233917559131086	1234
20130815	123	123	123	11.953869382421228	1234
20130815	123	123	123	15.048717009151025	1234
20130815	123	123	123	12.9688264060983	1234
20130815	123	123	123	0.358324904817795	1234
20130815	123	123	123	0.18713443811341435	1234
20130815	123	123	123	16.782216678452517	1234
20130815	123	123	123	14.539096542020832	1234
20130815	123	123	123	8.049652712167878	1234
20130815	123	123	123	5.59129434385518	1234
20130815	123	123	123	2.1497215046687113	1234
20130815	123	123	123	5.166954988399262	1234
20130815	123	123	123	10.045223916507434	1234
20130815	123	123	123	4.960225374821849	1234