time startPrice highestPrice lowestPrice endPrice transactionCount
20130815	123	123	123	13.769650534167258	1234
20130815	123	123	123	19.038778189840503	1234
20130815	123	123	123	8.400028448860105	1234
20130815	123	123	123	18.88076373194419	1234
20130815	123	123	123	1.071590734259622	1234
20130815	123	123	123	10.899704910749744	1234
20130815	123	123	123	7.668334702956592	1234
20130815	123	123	123	9.328462504728796	1234
20130815	123	123	123	4.771633864844436	1234
20130815	123	123	123	7.109582951083054	1234
20130815	123	123	123	10.297990854235962	1234
20130815	123	123	123	6.8743039241498565	1234
20130815	123	123	123	16.110700984844605	1234
20130815	123	123	123	14.268392625621988	1234
20130815	123	123	123	1.8038873355161122	1234
20130815	123	123	123	17.522253196835592	1234
20130815	123	123	123	6.344015486749324	1234
20130815	123	123	123	9.081158296744366	1234
20130815	123	123	123	16.819992159875582	1234
20130815	123	123	123	3.486172144394306	1234
20130815	123	123	123	192.63741257928402	1234
20130815	123	123	123	338.82639094297576	1234
20130815	123	123	123	516.4087507840886	1234
20130815	123	123	123	437.9885312078655	1234
20130815	123	123	123	396.9006482774493	1234
20130815	123	123	123	356.6245858371085	1234
20130815	123	123	123	321.5876513331946	1234
20130815	123	123	123	402.89955099199443	1234
20130815	123	123	123	445.0014954475182	1234
20130815	123	123	123	491.64026772160986	1234
20130815	123	123	123	528.545085348045	1234
20130815	123	123	123	443.33056066217074	1234
20130815	123	123	123	397.4361358519206	1234
20130815	123	123	123	329.02101141157647	1234
20130815	123	123	123	444.3281662548686	1234
20130815	123	123	123	517.7590710855324	1234
20130815	123	123	123	447.9275756936528	1234
20130815	123	123	123	321.9772913426124	1234
20130815	123	123	123	254.6659870746992	1234
20130815	123	123	123	194.0	1234
20130815	123	123	123	2.155324497292761	1234
20130815	123	123	123	11.01561711557655	1234
20130815	123	123	123	15.544087103461186	1234
20130815	123	123	123	2.1615872226521216	1234
20130815	123	123	123	9.168679515148785	1234
20130815	123	123	123	14.939314042648355	1234
20130815	123	123	123	5.336026918252532	1234
20130815	123	123	123	19.234896798275603	1234
20130815	123	123	123	11.737086994634184	1234
20130815	123	123	123	1.6273442851295505	1234
20130815	123	123	123	7.6117324299486455	1234
20130815	123	123	123	14.924769573756798	1234
20130815	123	123	123	10.019387057179001	1234
20130815	123	123	123	1.3952744846876253	1234
20130815	123	123	123	3.3196596671780942	1234
20130815	123	123	123	12.526266991200439	1234
20130815	123	123	123	13.813745021017613	1234
20130815	123	123	123	14.10002842868479	1234
20130815	123	123	123	19.05602506234765	1234
20130815	123	123	123	9.22899903553865	1234