time startPrice highestPrice lowestPrice endPrice transactionCount
20130815	123	123	123	17.56516718045145	1234
20130815	123	123	123	18.81329351173946	1234
20130815	123	123	123	9.019955235195775	1234
20130815	123	123	123	19.14502044101614	1234
20130815	123	123	123	6.263179619243779	1234
20130815	123	123	123	9.155408766403042	1234
20130815	123	123	123	13.899933081242363	1234
20130815	123	123	123	1.8373121547017401	1234
20130815	123	123	123	18.193898349189045	1234
20130815	123	123	123	0.6846434787901279	1234
20130815	123	123	123	17.170618447074887	1234
20130815	123	123	123	18.773674246860104	1234
20130815	123	123	123	8.32415786021021	1234
20130815	123	123	123	2.7614024926343017	1234
20130815	123	123	123	7.206125963090182	1234
20130815	123	123	123	0.245259499151409	1234
20130815	123	123	123	0.8413819813021606	1234
20130815	123	123	123	12.11146046922018	1234
20130815	123	123	123	2.768830784057843	1234
20130815	123	123	123	17.623058532225468	1234
20130815	123	123	123	187.0	1234
20130815	123	123	123	260.4837180977418	1234
20130815	123	123	123	322.6	1234
20130815	123	123	123	460.43669465516814	1234
20130815	123	123	123	501.11458939037976	1234
20130815	123	123	123	355.7802733636286	1234
20130815	123	123	123	317.02717297967797	1234
20130815	123	123	123	490.902238376538	1234
20130815	123	123	123	527.1737115483189	1234
20130815	123	123	123	445.650937876793	1234
20130815	123	123	123	406.88332798960863	1234
20130815	123	123	123	364.45319928473856	1234
20130815	123	123	123	335.0468707501896	1234
20130815	123	123	123	445.9941990190681	1234
20130815	123	123	123	486.59157320304257	1234
20130815	123	123	123	510.0210484525044	1234
20130815	123	123	123	384.5797836600409	1234
20130815	123	123	123	316.6154545941209	1234
20130815	123	123	123	255.0208838599562	1234
20130815	123	123	123	194.0	1234
20130815	123	123	123	16.255546231333792	1234
20130815	123	123	123	13.301434463622154	1234
20130815	123	123	123	3.897577039271336	1234
20130815	123	123	123	14.187387022991922	1234
20130815	123	123	123	15.733213385345032	1234
20130815	123	123	123	2.6934342752466556	1234
20130815	123	123	123	14.798777187603395	1234
20130815	123	123	123	3.6531634797101753	1234
20130815	123	123	123	14.710149726752258	1234
20130815	123	123	123	19.82481083208052	1234
20130815	123	123	123	14.624795505117982	1234
20130815	123	123	123	8.315411740574923	1234
20130815	123	123	123	4.411071843620351	1234
20130815	123	123	123	11.272205479234131	1234
20130815	123	123	123	18.918551232160254	1234
20130815	123	123	123	2.6652156502725943	1234
20130815	123	123	123	12.112081541765127	1234
20130815	123	123	123	3.7973900959629447	1234
20130815	123	123	123	17.022801073264784	1234
20130815	123	123	123	2.877118168625934	1234