time startPrice highestPrice lowestPrice endPrice transactionCount
20130815	123	123	123	14.758173040076631	1234
20130815	123	123	123	7.6508204487353275	1234
20130815	123	123	123	15.812572423304928	1234
20130815	123	123	123	5.86174928345542	1234
20130815	123	123	123	6.081873279220556	1234
20130815	123	123	123	4.591550677928399	1234
20130815	123	123	123	16.74508186258065	1234
20130815	123	123	123	11.627870656159175	1234
20130815	123	123	123	18.13511591361211	1234
20130815	123	123	123	9.556846209958483	1234
20130815	123	123	123	13.093573995650356	1234
20130815	123	123	123	15.878063916277913	1234
20130815	123	123	123	16.419168312814605	1234
20130815	123	123	123	7.094438222392241	1234
20130815	123	123	123	6.855109970519273	1234
20130815	123	123	123	13.496699908162018	1234
20130815	123	123	123	9.587623037261391	1234
20130815	123	123	123	10.472673956773102	1234
20130815	123	123	123	16.680645234794458	1234
20130815	123	123	123	4.13967843177673	1234
20130815	123	123	123	8.004617388489594	1234
20130815	123	123	123	18.084353634875654	1234
20130815	123	123	123	2.8464091066183883	1234
20130815	123	123	123	19.720692943109427	1234
20130815	123	123	123	3.391861478188114	1234
20130815	123	123	123	11.529125839360649	1234
20130815	123	123	123	5.59345922418353	1234
20130815	123	123	123	18.06489071711657	1234
20130815	123	123	123	4.577295940324319	1234
20130815	123	123	123	4.532773713330734	1234
20130815	123	123	123	161.0	1234
20130815	123	123	123	171.10526315789474	1234
20130815	123	123	123	201.42105263157896	1234
20130815	123	123	123	231.66845238847208	1234
20130815	123	123	123	246.97272456575368	1234
20130815	123	123	123	253.12171722324445	1234
20130815	123	123	123	264.42622876561967	1234
20130815	123	123	123	285.4813760508878	1234
20130815	123	123	123	291.2140595809345	1234
20130815	123	123	123	294.17170560945516	1234
20130815	123	123	123	302.60881132922094	1234
20130815	123	123	123	329.45518334679315	1234
20130815	123	123	123	328.90605768358927	1234
20130815	123	123	123	338.49053496004706	1234
20130815	123	123	123	343.24009280989526	1234
20130815	123	123	123	374.3497733373125	1234
20130815	123	123	123	377.81709040483355	1234
20130815	123	123	123	394.76018040319985	1234
20130815	123	123	123	409.08513426333553	1234
20130815	123	123	123	418.22899315072095	1234
20130815	123	123	123	426.6074581507052	1234
20130815	123	123	123	428.78947368421063	1234
20130815	123	123	123	460.15156487913856	1234
20130815	123	123	123	468.3061676642018	1234
20130815	123	123	123	474.29052757195046	1234
20130815	123	123	123	485.30439463060617	1234
20130815	123	123	123	487.73684210526335	1234
20130815	123	123	123	496.1578947368423	1234
20130815	123	123	123	513.0	1234
20130815	123	123	123	484.3317194129379	1234
20130815	123	123	123	489.2298285698883	1234
20130815	123	123	123	475.0121094886677	1234
20130815	123	123	123	463.5798063058714	1234
20130815	123	123	123	436.20324317733576	1234
20130815	123	123	123	425.7864804362337	1234
20130815	123	123	123	421.5090529206448	1234
20130815	123	123	123	414.8659280259005	1234
20130815	123	123	123	409.10526315789457	1234
20130815	123	123	123	396.8522309495174	1234
20130815	123	123	123	392.99656562960297	1234
20130815	123	123	123	376.9279245313495	1234
20130815	123	123	123	375.18760804673644	1234
20130815	123	123	123	380.2047655008783	1234
20130815	123	123	123	390.8562159887086	1234
20130815	123	123	123	387.7949326520932	1234
20130815	123	123	123	393.43438801914243	1234
20130815	123	123	123	405.08415596931843	1234
20130815	123	123	123	406.2105263157896	1234
20130815	123	123	123	421.7414343619482	1234
20130815	123	123	123	434.55027853048693	1234
20130815	123	123	123	441.30234889443585	1234
20130815	123	123	123	449.821954591174	1234
20130815	123	123	123	454.41980874442595	1234
20130815	123	123	123	466.5839702120206	1234
20130815	123	123	123	475.9419253420072	1234
20130815	123	123	123	482.0940411071396	1234
20130815	123	123	123	489.925646352028	1234
20130815	123	123	123	498.76740379140455	1234
20130815	123	123	123	502.0	1234
20130815	123	123	123	484.1101861367109	1234
20130815	123	123	123	478.4312376434254	1234
20130815	123	123	123	471.0323266175465	1234
20130815	123	123	123	459.46851261718297	1234
20130815	123	123	123	454.74743802133383	1234
20130815	123	123	123	449.60945001378957	1234
20130815	123	123	123	429.8644702101136	1234
20130815	123	123	123	429.3097192389817	1234
20130815	123	123	123	419.63930254320434	1234
20130815	123	123	123	412.34465597800346	1234
20130815	123	123	123	402.89855040875193	1234
20130815	123	123	123	390.0	1234
20130815	123	123	123	372.3768061716742	1234
20130815	123	123	123	362.51706078158816	1234
20130815	123	123	123	355.8137833587988	1234
20130815	123	123	123	343.78944067041687	1234
20130815	123	123	123	337.2631578947369	1234
20130815	123	123	123	325.92946754200557	1234
20130815	123	123	123	316.1052631578948	1234
20130815	123	123	123	304.1630793732737	1234
20130815	123	123	123	277.50769924309753	1234
20130815	123	123	123	259.74977184796074	1234
20130815	123	123	123	239.12033290143637	1234
20130815	123	123	123	234.6537207455493	1234
20130815	123	123	123	213.47601662763364	1234
20130815	123	123	123	209.29100440083414	1234
20130815	123	123	123	208.367162165994	1234
20130815	123	123	123	194.5414238509328	1234
20130815	123	123	123	186.50767313998972	1234
20130815	123	123	123	178.57894736842127	1234
20130815	123	123	123	168.0	1234
20130815	123	123	123	3.7720424607053182	1234
20130815	123	123	123	8.890198279861135	1234
20130815	123	123	123	6.4870989425692605	1234
20130815	123	123	123	5.39686903983468	1234
20130815	123	123	123	11.918828004865095	1234
20130815	123	123	123	3.3742600062968364	1234
20130815	123	123	123	14.77667350950811	1234
20130815	123	123	123	17.33243184796563	1234
20130815	123	123	123	18.211458039943643	1234
20130815	123	123	123	1.787566034889736	1234
20130815	123	123	123	16.875153363377756	1234
20130815	123	123	123	10.816391477429566	1234
20130815	123	123	123	3.186288136045925	1234
20130815	123	123	123	15.021029570152741	1234
20130815	123	123	123	1.721868220293541	1234
20130815	123	123	123	0.019797442045785818	1234
20130815	123	123	123	9.671585612930434	1234
20130815	123	123	123	15.308906834912474	1234
20130815	123	123	123	5.1021157977388825	1234
20130815	123	123	123	1.3918877795796991	1234
20130815	123	123	123	18.079863247392897	1234
20130815	123	123	123	9.04562450467538	1234
20130815	123	123	123	15.243496500402715	1234
20130815	123	123	123	6.644278429787176	1234
20130815	123	123	123	18.019427821357677	1234
20130815	123	123	123	0.31773188832852073	1234
20130815	123	123	123	14.212974876027173	1234
20130815	123	123	123	4.664688352476134	1234
20130815	123	123	123	17.12663899642721	1234
20130815	123	123	123	7.619843015737924	1234