time startPrice highestPrice lowestPrice endPrice transactionCount
20130815	123	123	123	6.688594148507061	1234
20130815	123	123	123	9.910277803995019	1234
20130815	123	123	123	3.0422779980116132	1234
20130815	123	123	123	3.3420398574297283	1234
20130815	123	123	123	16.69631855186288	1234
20130815	123	123	123	0.741654224097752	1234
20130815	123	123	123	14.689397629828779	1234
20130815	123	123	123	2.5581948717326464	1234
20130815	123	123	123	8.28625630117041	1234
20130815	123	123	123	11.0819384654537	1234
20130815	123	123	123	15.480635834327499	1234
20130815	123	123	123	6.676959660544137	1234
20130815	123	123	123	0.18878917422704422	1234
20130815	123	123	123	8.765227269442653	1234
20130815	123	123	123	13.585058846268115	1234
20130815	123	123	123	19.79175994174833	1234
20130815	123	123	123	9.321070673073788	1234
20130815	123	123	123	13.395144449848509	1234
20130815	123	123	123	5.422103009383587	1234
20130815	123	123	123	11.633605314812066	1234
20130815	123	123	123	8.597087356816168	1234
20130815	123	123	123	18.90893485850599	1234
20130815	123	123	123	17.723851902588233	1234
20130815	123	123	123	12.28664327814907	1234
20130815	123	123	123	12.632561066565557	1234
20130815	123	123	123	15.890801058587131	1234
20130815	123	123	123	1.3242456196312546	1234
20130815	123	123	123	19.178898468531603	1234
20130815	123	123	123	16.806726685933903	1234
20130815	123	123	123	9.960773547725994	1234
20130815	123	123	123	169.81254239995656	1234
20130815	123	123	123	171.10526315789474	1234
20130815	123	123	123	196.27093182493115	1234
20130815	123	123	123	196.31648814255544	1234
20130815	123	123	123	202.0573224910989	1234
20130815	123	123	123	217.4501467574871	1234
20130815	123	123	123	228.41748581444944	1234
20130815	123	123	123	247.4476532694087	1234
20130815	123	123	123	242.50796831205435	1234
20130815	123	123	123	258.0839213896058	1234
20130815	123	123	123	265.8092375645443	1234
20130815	123	123	123	275.224541535616	1234
20130815	123	123	123	289.415998109383	1234
20130815	123	123	123	303.2202724615111	1234
20130815	123	123	123	320.73552421217096	1234
20130815	123	123	123	338.29342185664814	1234
20130815	123	123	123	332.92745434507043	1234
20130815	123	123	123	357.78478972051147	1234
20130815	123	123	123	362.45475873263626	1234
20130815	123	123	123	372.51360487624004	1234
20130815	123	123	123	386.13842522261683	1234
20130815	123	123	123	387.70687932293157	1234
20130815	123	123	123	398.3460225229209	1234
20130815	123	123	123	405.9088581529471	1234
20130815	123	123	123	427.47573628431104	1234
20130815	123	123	123	429.7485171949718	1234
20130815	123	123	123	432.0280149825858	1234
20130815	123	123	123	445.4642398180145	1234
20130815	123	123	123	445.63157894736855	1234
20130815	123	123	123	454.21454014786696	1234
20130815	123	123	123	470.8019332931941	1234
20130815	123	123	123	487.0498869662937	1234
20130815	123	123	123	491.651746459559	1234
20130815	123	123	123	503.01672041735213	1234
20130815	123	123	123	507.2164042584914	1234
20130815	123	123	123	509.43031595747556	1234
20130815	123	123	123	492.87394250425484	1234
20130815	123	123	123	487.78756515303917	1234
20130815	123	123	123	481.96757427816755	1234
20130815	123	123	123	467.551015405641	1234
20130815	123	123	123	449.83217159649666	1234
20130815	123	123	123	438.25739476827306	1234
20130815	123	123	123	433.8359002277147	1234
20130815	123	123	123	426.35109156244175	1234
20130815	123	123	123	422.84611250950144	1234
20130815	123	123	123	374.62528521127246	1234
20130815	123	123	123	379.42105263157873	1234
20130815	123	123	123	377.98806140539244	1234
20130815	123	123	123	381.0574726647549	1234
20130815	123	123	123	385.68421052631584	1234
20130815	123	123	123	396.5280800471455	1234
20130815	123	123	123	399.3684210526317	1234
20130815	123	123	123	425.238094542689	1234
20130815	123	123	123	420.8091649879687	1234
20130815	123	123	123	452.4069524855906	1234
20130815	123	123	123	466.72788568794857	1234
20130815	123	123	123	477.15272966682255	1234
20130815	123	123	123	482.5857630178932	1234
20130815	123	123	123	499.84284626575834	1234
20130815	123	123	123	493.9544452539504	1234
20130815	123	123	123	495.0	1234
20130815	123	123	123	488.0	1234
20130815	123	123	123	481.0	1234
20130815	123	123	123	464.35481131442333	1234
20130815	123	123	123	461.79810982744533	1234
20130815	123	123	123	454.0891375638964	1234
20130815	123	123	123	448.0214388845594	1234
20130815	123	123	123	442.29767117729415	1234
20130815	123	123	123	433.8395161319619	1234
20130815	123	123	123	430.8617075533246	1234
20130815	123	123	123	416.67585215800955	1234
20130815	123	123	123	396.4318400283451	1234
20130815	123	123	123	385.72721860758867	1234
20130815	123	123	123	382.4144553331507	1234
20130815	123	123	123	367.88115569296264	1234
20130815	123	123	123	337.97575541293	1234
20130815	123	123	123	326.7136992416385	1234
20130815	123	123	123	319.21437741899837	1234
20130815	123	123	123	313.5884084521019	1234
20130815	123	123	123	305.52631578947376	1234
20130815	123	123	123	288.46815714773413	1234
20130815	123	123	123	258.64677054320333	1234
20130815	123	123	123	252.63157894736855	1234
20130815	123	123	123	238.6100290647957	1234
20130815	123	123	123	231.47368421052647	1234
20130815	123	123	123	203.209377764237	1234
20130815	123	123	123	196.5092436383381	1234
20130815	123	123	123	188.37968715382544	1234
20130815	123	123	123	171.53714158345207	1234
20130815	123	123	123	168.0	1234
20130815	123	123	123	6.248583527223703	1234
20130815	123	123	123	9.363933552001438	1234
20130815	123	123	123	16.64692773011825	1234
20130815	123	123	123	0.47556478531119106	1234
20130815	123	123	123	8.243101066580076	1234
20130815	123	123	123	19.5818459409481	1234
20130815	123	123	123	19.13088448389923	1234
20130815	123	123	123	19.81301737027251	1234
20130815	123	123	123	10.575781818534205	1234
20130815	123	123	123	4.185653449026647	1234
20130815	123	123	123	5.255376215481911	1234
20130815	123	123	123	17.671905566621092	1234
20130815	123	123	123	11.756004980460926	1234
20130815	123	123	123	6.741787689489271	1234
20130815	123	123	123	14.099014684833124	1234
20130815	123	123	123	7.104006951428299	1234
20130815	123	123	123	9.762002222545732	1234
20130815	123	123	123	4.96106385598341	1234
20130815	123	123	123	12.610661665517455	1234
20130815	123	123	123	9.405527263846686	1234
20130815	123	123	123	6.431531771248109	1234
20130815	123	123	123	10.589159598269848	1234
20130815	123	123	123	12.483977419270287	1234
20130815	123	123	123	3.5301016954700337	1234
20130815	123	123	123	1.8625633266703412	1234
20130815	123	123	123	5.983285706430714	1234
20130815	123	123	123	15.732468541985146	1234
20130815	123	123	123	2.345763525978557	1234
20130815	123	123	123	7.987185226219502	1234
20130815	123	123	123	17.324387511549066	1234