time startPrice highestPrice lowestPrice endPrice transactionCount
20130815	123	123	123	15.66339812127806	1234
20130815	123	123	123	12.848531086338738	1234
20130815	123	123	123	15.459809048893302	1234
20130815	123	123	123	2.5434719211729973	1234
20130815	123	123	123	9.880101063892326	1234
20130815	123	123	123	7.817883119958642	1234
20130815	123	123	123	13.342091252885739	1234
20130815	123	123	123	3.679629181527113	1234
20130815	123	123	123	8.107887851961886	1234
20130815	123	123	123	11.121840499960882	1234
20130815	123	123	123	11.15223051114895	1234
20130815	123	123	123	12.156237866097545	1234
20130815	123	123	123	2.3096880828744637	1234
20130815	123	123	123	17.363427200649394	1234
20130815	123	123	123	9.527564905458178	1234
20130815	123	123	123	14.540670721331342	1234
20130815	123	123	123	8.253543577072778	1234
20130815	123	123	123	10.793873883003148	1234
20130815	123	123	123	9.044965331772046	1234
20130815	123	123	123	19.661646658005317	1234
20130815	123	123	123	5.029135830800846	1234
20130815	123	123	123	15.61040561711695	1234
20130815	123	123	123	2.5625817490965064	1234
20130815	123	123	123	8.09826704665397	1234
20130815	123	123	123	12.085621522367823	1234
20130815	123	123	123	0.5320722617214302	1234
20130815	123	123	123	18.563414794325904	1234
20130815	123	123	123	1.5589849121523813	1234
20130815	123	123	123	12.92468065246011	1234
20130815	123	123	123	19.526799332594667	1234
20130815	123	123	123	172.47074686249508	1234
20130815	123	123	123	183.0288306673491	1234
20130815	123	123	123	194.51552994353008	1234
20130815	123	123	123	206.05471138543996	1234
20130815	123	123	123	223.92958098694064	1234
20130815	123	123	123	223.94956566814503	1234
20130815	123	123	123	242.81750818556523	1234
20130815	123	123	123	257.73416239806807	1234
20130815	123	123	123	266.9009548715148	1234
20130815	123	123	123	281.4579669719876	1234
20130815	123	123	123	301.3860471984368	1234
20130815	123	123	123	312.5789473684211	1234
20130815	123	123	123	328.23291589061813	1234
20130815	123	123	123	353.0	1234
20130815	123	123	123	376.70877794332307	1234
20130815	123	123	123	391.03062741857514	1234
20130815	123	123	123	416.39315064787155	1234
20130815	123	123	123	432.42687572962444	1234
20130815	123	123	123	442.31493472776475	1234
20130815	123	123	123	451.6773220251368	1234
20130815	123	123	123	456.76388328769815	1234
20130815	123	123	123	466.27507275358954	1234
20130815	123	123	123	477.8015384295454	1234
20130815	123	123	123	479.35609810318135	1234
20130815	123	123	123	487.94026412162293	1234
20130815	123	123	123	514.0882379644908	1234
20130815	123	123	123	507.85983330760604	1234
20130815	123	123	123	505.57894736842104	1234
20130815	123	123	123	494.48114458882833	1234
20130815	123	123	123	486.6753947659533	1234
20130815	123	123	123	477.1303162837637	1234
20130815	123	123	123	472.11136502200986	1234
20130815	123	123	123	462.53176044420115	1234
20130815	123	123	123	450.3585212662365	1234
20130815	123	123	123	446.0974336727705	1234
20130815	123	123	123	438.78683042508135	1234
20130815	123	123	123	434.65176359462845	1234
20130815	123	123	123	430.35917855835237	1234
20130815	123	123	123	423.41547723864954	1234
20130815	123	123	123	409.9640766046502	1234
20130815	123	123	123	404.4680117116259	1234
20130815	123	123	123	398.2802985437729	1234
20130815	123	123	123	389.6698874976318	1234
20130815	123	123	123	379.38542090803975	1234
20130815	123	123	123	376.5863290999618	1234
20130815	123	123	123	389.5571585378885	1234
20130815	123	123	123	400.8275658156485	1234
20130815	123	123	123	418.6940788263565	1234
20130815	123	123	123	416.94820325325196	1234
20130815	123	123	123	426.0772084387941	1234
20130815	123	123	123	426.73684210526335	1234
20130815	123	123	123	442.2930089123232	1234
20130815	123	123	123	465.9852938577586	1234
20130815	123	123	123	471.3255555078067	1234
20130815	123	123	123	482.2283309937409	1234
20130815	123	123	123	482.620761602841	1234
20130815	123	123	123	491.31729204162036	1234
20130815	123	123	123	498.409830699482	1234
20130815	123	123	123	497.24432223587434	1234
20130815	123	123	123	483.07582312066756	1234
20130815	123	123	123	484.8273422884621	1234
20130815	123	123	123	480.6554119089842	1234
20130815	123	123	123	468.85680949025846	1234
20130815	123	123	123	455.94813542855877	1234
20130815	123	123	123	447.7075605489109	1234
20130815	123	123	123	437.5686297215578	1234
20130815	123	123	123	425.0	1234
20130815	123	123	123	413.3519837940906	1234
20130815	123	123	123	403.8470280212487	1234
20130815	123	123	123	397.0	1234
20130815	123	123	123	377.51923113907174	1234
20130815	123	123	123	382.2507557237451	1234
20130815	123	123	123	371.8472557314053	1234
20130815	123	123	123	364.84533552040574	1234
20130815	123	123	123	350.03687114341784	1234
20130815	123	123	123	335.2649101241581	1234
20130815	123	123	123	331.7695935549935	1234
20130815	123	123	123	319.682697062298	1234
20130815	123	123	123	306.27647552686426	1234
20130815	123	123	123	303.51396499468837	1234
20130815	123	123	123	281.69131101674486	1234
20130815	123	123	123	267.0162305606263	1234
20130815	123	123	123	272.95850658229745	1234
20130815	123	123	123	255.17141377471242	1234
20130815	123	123	123	242.4100361127173	1234
20130815	123	123	123	239.14318645357125	1234
20130815	123	123	123	224.16860488683062	1234
20130815	123	123	123	189.1578947368423	1234
20130815	123	123	123	166.96549742276838	1234
20130815	123	123	123	168.0	1234
20130815	123	123	123	7.495967624901494	1234
20130815	123	123	123	19.46311545222652	1234
20130815	123	123	123	13.586599495160758	1234
20130815	123	123	123	15.972983006499442	1234
20130815	123	123	123	1.1736146518728319	1234
20130815	123	123	123	17.01018071814903	1234
20130815	123	123	123	6.196111750499423	1234
20130815	123	123	123	11.074109832780062	1234
20130815	123	123	123	6.4857415478043245	1234
20130815	123	123	123	4.1200119999914	1234
20130815	123	123	123	13.0886269831819	1234
20130815	123	123	123	19.005038138025157	1234
20130815	123	123	123	18.990116873222	1234
20130815	123	123	123	7.849206417021552	1234
20130815	123	123	123	15.416377857031843	1234
20130815	123	123	123	1.0537381825730718	1234
20130815	123	123	123	19.39735463031568	1234
20130815	123	123	123	2.237182966979996	1234
20130815	123	123	123	1.637940970499785	1234
20130815	123	123	123	8.932437257966404	1234
20130815	123	123	123	6.524742865257382	1234
20130815	123	123	123	9.007741214639527	1234
20130815	123	123	123	5.923463210130409	1234
20130815	123	123	123	13.467279433726041	1234
20130815	123	123	123	3.9881127221666346	1234
20130815	123	123	123	10.14968485362541	1234
20130815	123	123	123	4.261866138675144	1234
20130815	123	123	123	9.035761045945527	1234
20130815	123	123	123	14.716830136398304	1234
20130815	123	123	123	9.12272033699304	1234