time startPrice highestPrice lowestPrice endPrice transactionCount
20130815	123	123	123	17.31023913320142	1234
20130815	123	123	123	7.914902068163691	1234
20130815	123	123	123	6.347958885355376	1234
20130815	123	123	123	3.1137674033624396	1234
20130815	123	123	123	4.350282644524135	1234
20130815	123	123	123	10.809072566777246	1234
20130815	123	123	123	10.664622799620195	1234
20130815	123	123	123	12.842851770931587	1234
20130815	123	123	123	12.228528520418525	1234
20130815	123	123	123	7.46227452998022	1234
20130815	123	123	123	11.75763819949239	1234
20130815	123	123	123	4.861713696275343	1234
20130815	123	123	123	5.44278168449231	1234
20130815	123	123	123	8.978445389583706	1234
20130815	123	123	123	5.946617280654413	1234
20130815	123	123	123	16.933905250025234	1234
20130815	123	123	123	0.1948070311705763	1234
20130815	123	123	123	10.285039102311849	1234
20130815	123	123	123	0.4310995200574319	1234
20130815	123	123	123	8.974284201719065	1234
20130815	123	123	123	16.50376768689538	1234
20130815	123	123	123	11.202311288991044	1234
20130815	123	123	123	11.688980587438518	1234
20130815	123	123	123	13.61747864900618	1234
20130815	123	123	123	11.913849311288601	1234
20130815	123	123	123	6.005132583957147	1234
20130815	123	123	123	16.459421314234504	1234
20130815	123	123	123	4.416148494280312	1234
20130815	123	123	123	18.605752866280035	1234
20130815	123	123	123	4.3075305491273275	1234
20130815	123	123	123	162.32579320575945	1234
20130815	123	123	123	211.65325434968938	1234
20130815	123	123	123	239.56374026042178	1234
20130815	123	123	123	260.0149883119726	1234
20130815	123	123	123	267.31349155979797	1234
20130815	123	123	123	278.2917421730263	1234
20130815	123	123	123	297.76421641708833	1234
20130815	123	123	123	298.39599386604624	1234
20130815	123	123	123	320.62582293050104	1234
20130815	123	123	123	335.6660299945077	1234
20130815	123	123	123	342.8947368421053	1234
20130815	123	123	123	353.0	1234
20130815	123	123	123	366.8304671670485	1234
20130815	123	123	123	382.23353438591204	1234
20130815	123	123	123	387.50780472776574	1234
20130815	123	123	123	388.2158447039455	1234
20130815	123	123	123	405.3991793568297	1234
20130815	123	123	123	407.8170932587413	1234
20130815	123	123	123	423.3553689734973	1234
20130815	123	123	123	432.5473038710107	1234
20130815	123	123	123	435.3686264212983	1234
20130815	123	123	123	443.842317606621	1234
20130815	123	123	123	459.8136555874907	1234
20130815	123	123	123	462.72815723242417	1234
20130815	123	123	123	488.40554644775256	1234
20130815	123	123	123	491.5183702283435	1234
20130815	123	123	123	496.1578947368423	1234
20130815	123	123	123	504.57894736842127	1234
20130815	123	123	123	488.6826080345564	1234
20130815	123	123	123	489.11594891446794	1234
20130815	123	123	123	482.2584229240634	1234
20130815	123	123	123	475.4101060538796	1234
20130815	123	123	123	466.70769094229024	1234
20130815	123	123	123	459.40091836504206	1234
20130815	123	123	123	453.6315789473683	1234
20130815	123	123	123	440.59059763181875	1234
20130815	123	123	123	430.29118647869285	1234
20130815	123	123	123	410.7329042188516	1234
20130815	123	123	123	397.95209917238526	1234
20130815	123	123	123	397.198418233768	1234
20130815	123	123	123	390.893248388818	1234
20130815	123	123	123	378.6824471506373	1234
20130815	123	123	123	376.31212144613266	1234
20130815	123	123	123	378.3280938658129	1234
20130815	123	123	123	383.1597869617184	1234
20130815	123	123	123	390.789967962051	1234
20130815	123	123	123	392.52631578947376	1234
20130815	123	123	123	414.5023264680745	1234
20130815	123	123	123	425.7906537677673	1234
20130815	123	123	123	438.89358502914547	1234
20130815	123	123	123	439.570190104584	1234
20130815	123	123	123	442.9944199242266	1234
20130815	123	123	123	453.25729616984097	1234
20130815	123	123	123	456.1679012138155	1234
20130815	123	123	123	476.01197688913044	1234
20130815	123	123	123	488.3907369637447	1234
20130815	123	123	123	490.97507886564404	1234
20130815	123	123	123	496.8349514421519	1234
20130815	123	123	123	498.0885728102671	1234
20130815	123	123	123	490.7920774939585	1234
20130815	123	123	123	473.80424626482903	1234
20130815	123	123	123	470.4393305385085	1234
20130815	123	123	123	462.9874771756762	1234
20130815	123	123	123	447.39937331105403	1234
20130815	123	123	123	446.0	1234
20130815	123	123	123	429.02274283378756	1234
20130815	123	123	123	425.0	1234
20130815	123	123	123	411.97234505228687	1234
20130815	123	123	123	409.5997182637041	1234
20130815	123	123	123	397.6723389352208	1234
20130815	123	123	123	388.93943633503574	1234
20130815	123	123	123	369.7421711721158	1234
20130815	123	123	123	374.8760160223159	1234
20130815	123	123	123	349.5514287142793	1234
20130815	123	123	123	345.8070915771224	1234
20130815	123	123	123	328.1224386965335	1234
20130815	123	123	123	322.1634154770536	1234
20130815	123	123	123	316.1052631578948	1234
20130815	123	123	123	276.09264035328096	1234
20130815	123	123	123	276.08008362158273	1234
20130815	123	123	123	273.78947368421063	1234
20130815	123	123	123	260.99335311532076	1234
20130815	123	123	123	242.27216825244832	1234
20130815	123	123	123	240.1082109117364	1234
20130815	123	123	123	220.75461277098736	1234
20130815	123	123	123	211.16811072335432	1234
20130815	123	123	123	202.60457401119987	1234
20130815	123	123	123	199.03226192822942	1234
20130815	123	123	123	178.57894736842127	1234
20130815	123	123	123	168.0	1234
20130815	123	123	123	17.793750677023958	1234
20130815	123	123	123	0.25119027389042925	1234
20130815	123	123	123	5.350662256890493	1234
20130815	123	123	123	17.13531307409373	1234
20130815	123	123	123	17.34929458624418	1234
20130815	123	123	123	7.133705278272451	1234
20130815	123	123	123	8.499190112247607	1234
20130815	123	123	123	1.212288669091588	1234
20130815	123	123	123	6.917460891361243	1234
20130815	123	123	123	19.301187910511445	1234
20130815	123	123	123	2.07670810810066	1234
20130815	123	123	123	1.7707535803821872	1234
20130815	123	123	123	7.118820819285656	1234
20130815	123	123	123	0.35806185144217295	1234
20130815	123	123	123	6.06038627526395	1234
20130815	123	123	123	9.607067879912012	1234
20130815	123	123	123	9.264329278162664	1234
20130815	123	123	123	2.1833398030599827	1234
20130815	123	123	123	4.042158160897329	1234
20130815	123	123	123	11.638302735853035	1234
20130815	123	123	123	17.573242541394926	1234
20130815	123	123	123	14.425840555251687	1234
20130815	123	123	123	16.735748559461396	1234
20130815	123	123	123	5.876100017099133	1234
20130815	123	123	123	3.254684821998084	1234
20130815	123	123	123	10.630058903203352	1234
20130815	123	123	123	16.164792673267286	1234
20130815	123	123	123	11.519032196130317	1234
20130815	123	123	123	9.401230156652252	1234
20130815	123	123	123	8.383428672672594	1234