time startPrice highestPrice lowestPrice endPrice transactionCount
20130815	123	123	123	16.65565040140734	1234
20130815	123	123	123	1.0270819393294706	1234
20130815	123	123	123	2.494851944245464	1234
20130815	123	123	123	2.835109223274126	1234
20130815	123	123	123	2.050111297066033	1234
20130815	123	123	123	14.557674719050675	1234
20130815	123	123	123	14.36398245118303	1234
20130815	123	123	123	5.099665540776861	1234
20130815	123	123	123	7.607397702921235	1234
20130815	123	123	123	16.375791178431783	1234
20130815	123	123	123	1.9064783962911513	1234
20130815	123	123	123	6.402444199020931	1234
20130815	123	123	123	2.2398988937898756	1234
20130815	123	123	123	14.798169266052437	1234
20130815	123	123	123	9.646540217424135	1234
20130815	123	123	123	19.57795389411967	1234
20130815	123	123	123	19.845970522304345	1234
20130815	123	123	123	13.510484001905855	1234
20130815	123	123	123	16.538130728991977	1234
20130815	123	123	123	14.92410280631805	1234
20130815	123	123	123	19.867357898697723	1234
20130815	123	123	123	15.856620422549257	1234
20130815	123	123	123	15.62599400718183	1234
20130815	123	123	123	15.569017887222614	1234
20130815	123	123	123	8.613166781871433	1234
20130815	123	123	123	11.968618413852209	1234
20130815	123	123	123	4.096327275365947	1234
20130815	123	123	123	1.2611149744997818	1234
20130815	123	123	123	8.550693693018518	1234
20130815	123	123	123	17.58311144350578	1234
20130815	123	123	123	164.14440236758432	1234
20130815	123	123	123	171.10526315789474	1234
20130815	123	123	123	212.0395910485337	1234
20130815	123	123	123	240.97140640465784	1234
20130815	123	123	123	249.4514969082823	1234
20130815	123	123	123	256.1476329025731	1234
20130815	123	123	123	276.6448250906537	1234
20130815	123	123	123	272.15789473684214	1234
20130815	123	123	123	292.3684210526316	1234
20130815	123	123	123	302.47368421052636	1234
20130815	123	123	123	321.70775490850775	1234
20130815	123	123	123	333.8436879948413	1234
20130815	123	123	123	333.11183281130985	1234
20130815	123	123	123	348.73991205316025	1234
20130815	123	123	123	365.9075233714245	1234
20130815	123	123	123	369.8421052631579	1234
20130815	123	123	123	378.2631578947369	1234
20130815	123	123	123	400.4246255094166	1234
20130815	123	123	123	409.7894247755662	1234
20130815	123	123	123	427.21247551416013	1234
20130815	123	123	123	434.54141283567935	1234
20130815	123	123	123	445.13401013031404	1234
20130815	123	123	123	462.73249151436255	1234
20130815	123	123	123	467.3945693629385	1234
20130815	123	123	123	473.56538525644487	1234
20130815	123	123	123	480.80015144181425	1234
20130815	123	123	123	491.8062647063799	1234
20130815	123	123	123	506.9609039915798	1234
20130815	123	123	123	509.86428203807867	1234
20130815	123	123	123	489.9066211710397	1234
20130815	123	123	123	483.31578947368416	1234
20130815	123	123	123	472.09411713361783	1234
20130815	123	123	123	463.0347354658894	1234
20130815	123	123	123	461.0526315789473	1234
20130815	123	123	123	453.6315789473683	1234
20130815	123	123	123	437.9992450036211	1234
20130815	123	123	123	422.7454563698807	1234
20130815	123	123	123	423.9473684210525	1234
20130815	123	123	123	414.20246201811983	1234
20130815	123	123	123	401.8333032473189	1234
20130815	123	123	123	384.52779730075713	1234
20130815	123	123	123	377.08789059874204	1234
20130815	123	123	123	374.58192748037976	1234
20130815	123	123	123	376.9062710346817	1234
20130815	123	123	123	387.49017084852613	1234
20130815	123	123	123	395.1260248289695	1234
20130815	123	123	123	399.3684210526317	1234
20130815	123	123	123	420.55608946997677	1234
20130815	123	123	123	428.97870136859564	1234
20130815	123	123	123	434.7508955550419	1234
20130815	123	123	123	460.2798499856181	1234
20130815	123	123	123	460.2017512322946	1234
20130815	123	123	123	464.1880244588189	1234
20130815	123	123	123	491.26743076783936	1234
20130815	123	123	123	485.3469669662798	1234
20130815	123	123	123	492.9231094318907	1234
20130815	123	123	123	502.63649043162775	1234
20130815	123	123	123	501.32787498309966	1234
20130815	123	123	123	480.4953539879364	1234
20130815	123	123	123	468.5984965357842	1234
20130815	123	123	123	463.9522684284242	1234
20130815	123	123	123	455.05753654069355	1234
20130815	123	123	123	445.9271811804658	1234
20130815	123	123	123	442.5077000071946	1234
20130815	123	123	123	430.47381684780976	1234
20130815	123	123	123	428.6576875673791	1234
20130815	123	123	123	422.55980667291493	1234
20130815	123	123	123	409.68740780361435	1234
20130815	123	123	123	394.0927730866708	1234
20130815	123	123	123	378.37563591888556	1234
20130815	123	123	123	369.03886809958624	1234
20130815	123	123	123	359.1955720414498	1234
20130815	123	123	123	357.5218275092035	1234
20130815	123	123	123	326.5653491528688	1234
20130815	123	123	123	315.0662022436652	1234
20130815	123	123	123	302.3713432492817	1234
20130815	123	123	123	301.5573546668384	1234
20130815	123	123	123	286.67564457800967	1234
20130815	123	123	123	275.3034091750502	1234
20130815	123	123	123	270.9681564310934	1234
20130815	123	123	123	260.0964413328224	1234
20130815	123	123	123	248.53953154571013	1234
20130815	123	123	123	231.80242128212353	1234
20130815	123	123	123	216.01724782497823	1234
20130815	123	123	123	208.25130863480445	1234
20130815	123	123	123	205.74002547255083	1234
20130815	123	123	123	193.1525371646152	1234
20130815	123	123	123	176.21857538872126	1234
20130815	123	123	123	165.88801377821778	1234
20130815	123	123	123	168.0	1234
20130815	123	123	123	17.841249050701936	1234
20130815	123	123	123	1.4302020716386399	1234
20130815	123	123	123	14.892345517528735	1234
20130815	123	123	123	16.925247518686888	1234
20130815	123	123	123	5.852619915428152	1234
20130815	123	123	123	13.465045970822455	1234
20130815	123	123	123	14.061769400601216	1234
20130815	123	123	123	13.701222057371856	1234
20130815	123	123	123	14.077168251831662	1234
20130815	123	123	123	15.37549507336998	1234
20130815	123	123	123	17.001236781464797	1234
20130815	123	123	123	14.025724803127204	1234
20130815	123	123	123	15.806287891105793	1234
20130815	123	123	123	13.354905528781575	1234
20130815	123	123	123	1.786222629896499	1234
20130815	123	123	123	13.02074176173447	1234
20130815	123	123	123	6.240280455181722	1234
20130815	123	123	123	14.231272312829748	1234
20130815	123	123	123	4.642022647180573	1234
20130815	123	123	123	12.85732813116367	1234
20130815	123	123	123	12.558212217114406	1234
20130815	123	123	123	0.3931275578334814	1234
20130815	123	123	123	6.211172570948538	1234
20130815	123	123	123	4.172108404669698	1234
20130815	123	123	123	17.64097873646722	1234
20130815	123	123	123	10.498920731112518	1234
20130815	123	123	123	10.799322029373894	1234
20130815	123	123	123	15.075423066652956	1234
20130815	123	123	123	15.536555968356227	1234
20130815	123	123	123	13.12624956144469	1234