time startPrice highestPrice lowestPrice endPrice transactionCount
20130815	123	123	123	1.7558770811365632	1234
20130815	123	123	123	1.5785740663277226	1234
20130815	123	123	123	10.034765095032244	1234
20130815	123	123	123	18.687745812096512	1234
20130815	123	123	123	3.6696048504810053	1234
20130815	123	123	123	1.3286663983046587	1234
20130815	123	123	123	6.022482137576852	1234
20130815	123	123	123	5.317034243860574	1234
20130815	123	123	123	7.503144662170335	1234
20130815	123	123	123	8.819167308762324	1234
20130815	123	123	123	1.2815173142135383	1234
20130815	123	123	123	7.09989945189794	1234
20130815	123	123	123	0.7640682644296604	1234
20130815	123	123	123	12.314073803709071	1234
20130815	123	123	123	17.63574264907165	1234
20130815	123	123	123	14.906753202330677	1234
20130815	123	123	123	16.506493579048357	1234
20130815	123	123	123	0.6449211707397029	1234
20130815	123	123	123	6.856981171118985	1234
20130815	123	123	123	4.2984609938502905	1234
20130815	123	123	123	14.680650321752804	1234
20130815	123	123	123	18.555714195235716	1234
20130815	123	123	123	13.660588687872915	1234
20130815	123	123	123	17.496613549976416	1234
20130815	123	123	123	1.653166371953576	1234
20130815	123	123	123	7.014386872772425	1234
20130815	123	123	123	14.492906240328322	1234
20130815	123	123	123	10.69782341499759	1234
20130815	123	123	123	11.563232808860885	1234
20130815	123	123	123	16.145204891817006	1234
20130815	123	123	123	164.33417425849282	1234
20130815	123	123	123	178.55204589410104	1234
20130815	123	123	123	185.94347582466685	1234
20130815	123	123	123	191.40909828094905	1234
20130815	123	123	123	206.1305841728336	1234
20130815	123	123	123	211.61134090524257	1234
20130815	123	123	123	233.3167905966344	1234
20130815	123	123	123	255.06601155645822	1234
20130815	123	123	123	277.13381464939766	1234
20130815	123	123	123	283.7047871042239	1234
20130815	123	123	123	292.0150366814351	1234
20130815	123	123	123	301.14300640958146	1234
20130815	123	123	123	323.11016685333465	1234
20130815	123	123	123	335.0373627222955	1234
20130815	123	123	123	361.0994683244762	1234
20130815	123	123	123	361.70811712256545	1234
20130815	123	123	123	369.8421052631579	1234
20130815	123	123	123	383.19262882773324	1234
20130815	123	123	123	393.7764136402321	1234
20130815	123	123	123	395.1052631578948	1234
20130815	123	123	123	403.52631578947376	1234
20130815	123	123	123	422.81192533263027	1234
20130815	123	123	123	423.06063071124305	1234
20130815	123	123	123	434.6427469988806	1234
20130815	123	123	123	443.5098947401816	1234
20130815	123	123	123	456.6760978330452	1234
20130815	123	123	123	480.0005033869373	1234
20130815	123	123	123	487.73684210526335	1234
20130815	123	123	123	496.1578947368423	1234
20130815	123	123	123	517.6384762091583	1234
20130815	123	123	123	506.63067585674503	1234
20130815	123	123	123	503.0732856722871	1234
20130815	123	123	123	493.69918761373424	1234
20130815	123	123	123	478.90548557201555	1234
20130815	123	123	123	448.185621210095	1234
20130815	123	123	123	442.8435002730272	1234
20130815	123	123	123	437.1193316005051	1234
20130815	123	123	123	418.1159196980107	1234
20130815	123	123	123	411.2502711163761	1234
20130815	123	123	123	409.10526315789457	1234
20130815	123	123	123	401.6842105263156	1234
20130815	123	123	123	394.26315789473665	1234
20130815	123	123	123	379.1867847822173	1234
20130815	123	123	123	384.7498759670069	1234
20130815	123	123	123	386.71025892844	1234
20130815	123	123	123	396.2125237761584	1234
20130815	123	123	123	402.52870175954206	1234
20130815	123	123	123	413.91746296099217	1234
20130815	123	123	123	414.7971606093199	1234
20130815	123	123	123	422.9590580885353	1234
20130815	123	123	123	434.90764290697103	1234
20130815	123	123	123	440.6460326803487	1234
20130815	123	123	123	448.96612041596086	1234
20130815	123	123	123	447.81147667619183	1234
20130815	123	123	123	465.0160546957103	1234
20130815	123	123	123	464.2633526176449	1234
20130815	123	123	123	486.4684976049765	1234
20130815	123	123	123	485.7949306187375	1234
20130815	123	123	123	501.38089049735146	1234
20130815	123	123	123	501.2201840972884	1234
20130815	123	123	123	493.6003606513709	1234
20130815	123	123	123	486.630868689585	1234
20130815	123	123	123	468.6331347451142	1234
20130815	123	123	123	451.0900225850891	1234
20130815	123	123	123	453.0	1234
20130815	123	123	123	445.3369060390839	1234
20130815	123	123	123	433.28342096138556	1234
20130815	123	123	123	417.9710784823762	1234
20130815	123	123	123	418.0	1234
20130815	123	123	123	387.96068913911745	1234
20130815	123	123	123	395.2318228368868	1234
20130815	123	123	123	386.98651540616277	1234
20130815	123	123	123	373.1888611691377	1234
20130815	123	123	123	376.0	1234
20130815	123	123	123	364.9245447226549	1234
20130815	123	123	123	354.94661903955637	1234
20130815	123	123	123	309.69477644767346	1234
20130815	123	123	123	319.8323186685902	1234
20130815	123	123	123	310.67139282704966	1234
20130815	123	123	123	302.22943419898877	1234
20130815	123	123	123	285.76855260851113	1234
20130815	123	123	123	280.835623153792	1234
20130815	123	123	123	265.3788097383418	1234
20130815	123	123	123	255.2757121864864	1234
20130815	123	123	123	237.98842738545665	1234
20130815	123	123	123	214.96686080030787	1234
20130815	123	123	123	181.1972561977593	1234
20130815	123	123	123	185.07528383057823	1234
20130815	123	123	123	178.57894736842127	1234
20130815	123	123	123	168.0	1234
20130815	123	123	123	11.137076871520756	1234
20130815	123	123	123	12.325926724631486	1234
20130815	123	123	123	17.183719327294362	1234
20130815	123	123	123	8.846690719661686	1234
20130815	123	123	123	1.2301221839500531	1234
20130815	123	123	123	9.788610006949865	1234
20130815	123	123	123	5.085208266811625	1234
20130815	123	123	123	11.69479858779885	1234
20130815	123	123	123	3.9755788444305717	1234
20130815	123	123	123	12.402651092727986	1234
20130815	123	123	123	0.154829302738817	1234
20130815	123	123	123	16.391229121187568	1234
20130815	123	123	123	8.652401526715902	1234
20130815	123	123	123	6.374616875592569	1234
20130815	123	123	123	17.90068560556329	1234
20130815	123	123	123	9.801927245249447	1234
20130815	123	123	123	15.96225063677056	1234
20130815	123	123	123	4.071508893946014	1234
20130815	123	123	123	19.47655524710808	1234
20130815	123	123	123	13.540964553917632	1234
20130815	123	123	123	17.823685045621026	1234
20130815	123	123	123	14.28851554258843	1234
20130815	123	123	123	3.990472329340322	1234
20130815	123	123	123	5.090159590949915	1234
20130815	123	123	123	9.913178814847727	1234
20130815	123	123	123	2.8186784192240744	1234
20130815	123	123	123	15.414694540971459	1234
20130815	123	123	123	11.604952280235716	1234
20130815	123	123	123	13.069308428463106	1234
20130815	123	123	123	13.351938479854264	1234