time startPrice highestPrice lowestPrice endPrice transactionCount
20130815	123	123	123	4.160630829204292	1234
20130815	123	123	123	2.7326037261786684	1234
20130815	123	123	123	4.919495167389951	1234
20130815	123	123	123	1.6487308379322307	1234
20130815	123	123	123	9.086625973400484	1234
20130815	123	123	123	17.57781394308125	1234
20130815	123	123	123	15.625885108194664	1234
20130815	123	123	123	15.097354754921422	1234
20130815	123	123	123	13.229651564695917	1234
20130815	123	123	123	18.585635537103425	1234
20130815	123	123	123	19.746855047253725	1234
20130815	123	123	123	16.320631193677222	1234
20130815	123	123	123	7.617734437437704	1234
20130815	123	123	123	16.892281591947157	1234
20130815	123	123	123	3.795084279580214	1234
20130815	123	123	123	6.468652021034371	1234
20130815	123	123	123	14.639562591201658	1234
20130815	123	123	123	6.317468655394323	1234
20130815	123	123	123	10.780810221534482	1234
20130815	123	123	123	13.585993430133525	1234
20130815	123	123	123	4.815535639634316	1234
20130815	123	123	123	16.969275358919866	1234
20130815	123	123	123	5.909780173776021	1234
20130815	123	123	123	16.397206778822873	1234
20130815	123	123	123	13.889197582254393	1234
20130815	123	123	123	2.654637737431589	1234
20130815	123	123	123	14.304762192301547	1234
20130815	123	123	123	10.88873514436127	1234
20130815	123	123	123	12.38076432837028	1234
20130815	123	123	123	19.7889647921895	1234
20130815	123	123	123	173.5339374493578	1234
20130815	123	123	123	171.28209572760798	1234
20130815	123	123	123	191.28867042866906	1234
20130815	123	123	123	206.24888581745404	1234
20130815	123	123	123	212.78290618079504	1234
20130815	123	123	123	229.22433439539614	1234
20130815	123	123	123	233.58486183666656	1234
20130815	123	123	123	247.4395203033284	1234
20130815	123	123	123	264.2781066945736	1234
20130815	123	123	123	279.88088234991477	1234
20130815	123	123	123	285.32875987067894	1234
20130815	123	123	123	293.20480359061315	1234
20130815	123	123	123	313.83732102004524	1234
20130815	123	123	123	323.04088124266104	1234
20130815	123	123	123	322.68421052631584	1234
20130815	123	123	123	352.3258378655518	1234
20130815	123	123	123	372.1495962552043	1234
20130815	123	123	123	394.42307848295525	1234
20130815	123	123	123	401.6005503440766	1234
20130815	123	123	123	403.7447175057761	1234
20130815	123	123	123	414.854310596619	1234
20130815	123	123	123	429.2915342540719	1234
20130815	123	123	123	450.8236245146338	1234
20130815	123	123	123	454.6600386476137	1234
20130815	123	123	123	457.85091657335016	1234
20130815	123	123	123	465.7925732054467	1234
20130815	123	123	123	479.09680734901286	1234
20130815	123	123	123	479.3157894736844	1234
20130815	123	123	123	498.2298978963112	1234
20130815	123	123	123	511.4465320432994	1234
20130815	123	123	123	494.5219107800584	1234
20130815	123	123	123	489.53334171753477	1234
20130815	123	123	123	468.7611072151255	1234
20130815	123	123	123	469.19607309662905	1234
20130815	123	123	123	465.26332181621086	1234
20130815	123	123	123	459.969605141443	1234
20130815	123	123	123	453.6315789473683	1234
20130815	123	123	123	441.58889968177823	1234
20130815	123	123	123	434.4076966924903	1234
20130815	123	123	123	421.38617294402223	1234
20130815	123	123	123	415.0528563466029	1234
20130815	123	123	123	399.2837135723081	1234
20130815	123	123	123	373.882873637319	1234
20130815	123	123	123	378.9035262804189	1234
20130815	123	123	123	385.4821560590556	1234
20130815	123	123	123	394.79389848270256	1234
20130815	123	123	123	405.5460985076644	1234
20130815	123	123	123	416.5686402826537	1234
20130815	123	123	123	433.14172693431465	1234
20130815	123	123	123	443.2024652933239	1234
20130815	123	123	123	453.1287178868554	1234
20130815	123	123	123	455.05080194639106	1234
20130815	123	123	123	477.94389342672355	1234
20130815	123	123	123	482.8019173796693	1234
20130815	123	123	123	498.15062163792436	1234
20130815	123	123	123	496.77990719500974	1234
20130815	123	123	123	498.6311484603459	1234
20130815	123	123	123	487.2091365171203	1234
20130815	123	123	123	475.5436700543378	1234
20130815	123	123	123	471.6490315865749	1234
20130815	123	123	123	454.83714241693497	1234
20130815	123	123	123	449.58224426854616	1234
20130815	123	123	123	437.3988529557467	1234
20130815	123	123	123	431.21860756238164	1234
20130815	123	123	123	431.5073672703134	1234
20130815	123	123	123	417.0164330760698	1234
20130815	123	123	123	407.91363001499775	1234
20130815	123	123	123	395.7399682555021	1234
20130815	123	123	123	382.5806083691957	1234
20130815	123	123	123	376.1609335687484	1234
20130815	123	123	123	376.0	1234
20130815	123	123	123	361.2761161929002	1234
20130815	123	123	123	350.61782104120493	1234
20130815	123	123	123	335.87052615834943	1234
20130815	123	123	123	336.9638502952624	1234
20130815	123	123	123	300.5036264365886	1234
20130815	123	123	123	293.4116698953041	1234
20130815	123	123	123	286.6646993826728	1234
20130815	123	123	123	281.92916649192284	1234
20130815	123	123	123	270.55861563078076	1234
20130815	123	123	123	253.64276871348443	1234
20130815	123	123	123	250.01660720797108	1234
20130815	123	123	123	228.2934215149322	1234
20130815	123	123	123	230.36662817906668	1234
20130815	123	123	123	214.69294899190365	1234
20130815	123	123	123	205.76619983507723	1234
20130815	123	123	123	189.02873864125394	1234
20130815	123	123	123	173.50680986862204	1234
20130815	123	123	123	171.79970512419752	1234
20130815	123	123	123	168.0	1234
20130815	123	123	123	3.8786765207499463	1234
20130815	123	123	123	5.945184044863736	1234
20130815	123	123	123	4.998388534000204	1234
20130815	123	123	123	17.158509484858577	1234
20130815	123	123	123	10.803791750595922	1234
20130815	123	123	123	17.52053760335861	1234
20130815	123	123	123	5.681685577916477	1234
20130815	123	123	123	5.674288337856391	1234
20130815	123	123	123	2.4628687759865264	1234
20130815	123	123	123	12.172570316259609	1234
20130815	123	123	123	5.555973461198899	1234
20130815	123	123	123	15.166508039741164	1234
20130815	123	123	123	3.334503738904384	1234
20130815	123	123	123	10.261353276007778	1234
20130815	123	123	123	5.704568447147316	1234
20130815	123	123	123	11.30359057528066	1234
20130815	123	123	123	12.956359483053681	1234
20130815	123	123	123	16.710419903767544	1234
20130815	123	123	123	4.420392930178791	1234
20130815	123	123	123	19.88007435466686	1234
20130815	123	123	123	1.926367322302318	1234
20130815	123	123	123	2.9517985471401964	1234
20130815	123	123	123	9.47705955086612	1234
20130815	123	123	123	8.002801508827984	1234
20130815	123	123	123	1.8433796337635	1234
20130815	123	123	123	17.523796996507834	1234
20130815	123	123	123	9.963496853631145	1234
20130815	123	123	123	2.1149703549049303	1234
20130815	123	123	123	8.155178874218453	1234
20130815	123	123	123	14.763052433246314	1234