time startPrice highestPrice lowestPrice endPrice transactionCount
20130815	123	123	123	13.299263857572907	1234
20130815	123	123	123	19.629651267015714	1234
20130815	123	123	123	10.482083259236724	1234
20130815	123	123	123	8.240292096062692	1234
20130815	123	123	123	3.3497392363951684	1234
20130815	123	123	123	0.32311890432799917	1234
20130815	123	123	123	1.0623964052192392	1234
20130815	123	123	123	10.315881510459771	1234
20130815	123	123	123	12.330302545323715	1234
20130815	123	123	123	15.60061031723119	1234
20130815	123	123	123	2.99298142854473	1234
20130815	123	123	123	12.199967359594702	1234
20130815	123	123	123	17.383831509066155	1234
20130815	123	123	123	2.9509659033591884	1234
20130815	123	123	123	11.250190882841588	1234
20130815	123	123	123	15.382640881022578	1234
20130815	123	123	123	15.081476643211767	1234
20130815	123	123	123	1.479471976457114	1234
20130815	123	123	123	2.3471831453869108	1234
20130815	123	123	123	16.59087354100125	1234
20130815	123	123	123	11.366261763879624	1234
20130815	123	123	123	10.359004261424516	1234
20130815	123	123	123	15.386124655272225	1234
20130815	123	123	123	10.655223084060774	1234
20130815	123	123	123	10.072069385755338	1234
20130815	123	123	123	10.67482446957004	1234
20130815	123	123	123	17.187787002655018	1234
20130815	123	123	123	19.637923294121833	1234
20130815	123	123	123	8.038638044255697	1234
20130815	123	123	123	5.641662804411691	1234
20130815	123	123	123	167.057614847895	1234
20130815	123	123	123	173.10345759180316	1234
20130815	123	123	123	188.48875374244201	1234
20130815	123	123	123	196.7278654734609	1234
20130815	123	123	123	213.85604985210216	1234
20130815	123	123	123	226.45760875138865	1234
20130815	123	123	123	243.54486749923822	1234
20130815	123	123	123	247.3996859521904	1234
20130815	123	123	123	259.3004182930531	1234
20130815	123	123	123	263.050806875883	1234
20130815	123	123	123	278.83090598524427	1234
20130815	123	123	123	282.2631578947369	1234
20130815	123	123	123	303.2194580207078	1234
20130815	123	123	123	312.5789473684211	1234
20130815	123	123	123	331.1815655781215	1234
20130815	123	123	123	332.7894736842106	1234
20130815	123	123	123	357.13861816797277	1234
20130815	123	123	123	355.15377522475706	1234
20130815	123	123	123	370.6386318837815	1234
20130815	123	123	123	387.04923049251875	1234
20130815	123	123	123	391.7263624722836	1234
20130815	123	123	123	413.0853075992987	1234
20130815	123	123	123	437.02569885981	1234
20130815	123	123	123	439.5853199692464	1234
20130815	123	123	123	449.3882276296197	1234
20130815	123	123	123	454.0526315789475	1234
20130815	123	123	123	473.6716393108739	1234
20130815	123	123	123	473.25021566024145	1234
20130815	123	123	123	492.35523222282484	1234
20130815	123	123	123	497.7741139923728	1234
20130815	123	123	123	498.94121703457665	1234
20130815	123	123	123	505.66113288889494	1234
20130815	123	123	123	513.0	1234
20130815	123	123	123	500.1873675143372	1234
20130815	123	123	123	494.13161739562054	1234
20130815	123	123	123	490.7368421052631	1234
20130815	123	123	123	482.0009830280543	1234
20130815	123	123	123	475.8947368421052	1234
20130815	123	123	123	460.12296321882235	1234
20130815	123	123	123	450.7344485120445	1234
20130815	123	123	123	452.3507165324224	1234
20130815	123	123	123	431.08828545106377	1234
20130815	123	123	123	431.36842105263145	1234
20130815	123	123	123	419.49753447740164	1234
20130815	123	123	123	414.43958588022093	1234
20130815	123	123	123	401.6976968538196	1234
20130815	123	123	123	397.51883113198426	1234
20130815	123	123	123	374.36559507536504	1234
20130815	123	123	123	372.21693844450147	1234
20130815	123	123	123	378.8421052631579	1234
20130815	123	123	123	396.21083055788745	1234
20130815	123	123	123	401.8939408013826	1234
20130815	123	123	123	407.5941862482456	1234
20130815	123	123	123	422.43420517377444	1234
20130815	123	123	123	426.73684210526335	1234
20130815	123	123	123	437.66022408747295	1234
20130815	123	123	123	445.33717273069436	1234
20130815	123	123	123	455.22905604286115	1234
20130815	123	123	123	475.9047779719955	1234
20130815	123	123	123	492.82728446795915	1234
20130815	123	123	123	500.64254277544615	1234
20130815	123	123	123	479.8504527484804	1234
20130815	123	123	123	481.0	1234
20130815	123	123	123	460.4436138648828	1234
20130815	123	123	123	459.0216366634044	1234
20130815	123	123	123	434.8964133267739	1234
20130815	123	123	123	436.4265518274568	1234
20130815	123	123	123	432.0	1234
20130815	123	123	123	425.0	1234
20130815	123	123	123	399.2065867132895	1234
20130815	123	123	123	387.45151965088354	1234
20130815	123	123	123	380.8261963348287	1234
20130815	123	123	123	368.96203122007216	1234
20130815	123	123	123	359.7620796450035	1234
20130815	123	123	123	344.49294590745836	1234
20130815	123	123	123	345.0329702512127	1234
20130815	123	123	123	324.38263860992	1234
20130815	123	123	123	320.77522231064114	1234
20130815	123	123	123	301.45538821615884	1234
20130815	123	123	123	294.1963857994099	1234
20130815	123	123	123	284.3684210526317	1234
20130815	123	123	123	266.3283729642862	1234
20130815	123	123	123	260.1583245370249	1234
20130815	123	123	123	250.63440168116722	1234
20130815	123	123	123	237.60129971180976	1234
20130815	123	123	123	198.5887227094443	1234
20130815	123	123	123	193.19602791927844	1234
20130815	123	123	123	189.1578947368423	1234
20130815	123	123	123	178.57894736842127	1234
20130815	123	123	123	168.0	1234
20130815	123	123	123	9.56799954806722	1234
20130815	123	123	123	3.327956091167512	1234
20130815	123	123	123	13.222107856978342	1234
20130815	123	123	123	3.9568840900986957	1234
20130815	123	123	123	14.27181989798096	1234
20130815	123	123	123	7.5563435058507515	1234
20130815	123	123	123	13.704555159952925	1234
20130815	123	123	123	8.963681364628622	1234
20130815	123	123	123	1.6426938189666696	1234
20130815	123	123	123	6.257571988415305	1234
20130815	123	123	123	0.13486992853303903	1234
20130815	123	123	123	2.3334141340635894	1234
20130815	123	123	123	12.795280818866416	1234
20130815	123	123	123	10.800701786416811	1234
20130815	123	123	123	1.8872226088483046	1234
20130815	123	123	123	5.136343178779381	1234
20130815	123	123	123	1.8770317922361723	1234
20130815	123	123	123	15.836380266667424	1234
20130815	123	123	123	18.10229060752134	1234
20130815	123	123	123	1.455186430379889	1234
20130815	123	123	123	14.944997275049655	1234
20130815	123	123	123	4.753632211642708	1234
20130815	123	123	123	8.780303449735737	1234
20130815	123	123	123	0.1060699035152779	1234
20130815	123	123	123	5.050777988901847	1234
20130815	123	123	123	9.812950633933436	1234
20130815	123	123	123	18.223889554176257	1234
20130815	123	123	123	8.566606454987419	1234
20130815	123	123	123	19.317906024108048	1234
20130815	123	123	123	12.11988087593946	1234