time startPrice highestPrice lowestPrice endPrice transactionCount
20130815	123	123	123	0.937837679692497	1234
20130815	123	123	123	9.391682421643285	1234
20130815	123	123	123	15.114936401820078	1234
20130815	123	123	123	4.934629366650752	1234
20130815	123	123	123	2.7656492844740077	1234
20130815	123	123	123	12.310986226267024	1234
20130815	123	123	123	19.597320164224005	1234
20130815	123	123	123	14.650176239862189	1234
20130815	123	123	123	0.8230053555923522	1234
20130815	123	123	123	9.622225115053254	1234
20130815	123	123	123	16.576481119838405	1234
20130815	123	123	123	15.077783555278595	1234
20130815	123	123	123	10.66383610107108	1234
20130815	123	123	123	11.065001144939577	1234
20130815	123	123	123	2.9818354556258364	1234
20130815	123	123	123	8.168633141048636	1234
20130815	123	123	123	10.087065463779261	1234
20130815	123	123	123	12.05736292179383	1234
20130815	123	123	123	0.010972573785146267	1234
20130815	123	123	123	7.704773391981636	1234
20130815	123	123	123	6.738177884130496	1234
20130815	123	123	123	10.62797579298522	1234
20130815	123	123	123	6.115336251732433	1234
20130815	123	123	123	4.888184607117607	1234
20130815	123	123	123	1.7141508364475566	1234
20130815	123	123	123	13.304686291200738	1234
20130815	123	123	123	18.776436657178945	1234
20130815	123	123	123	0.695377823402159	1234
20130815	123	123	123	3.325185052438837	1234
20130815	123	123	123	8.883432289899202	1234
20130815	123	123	123	165.1324214629048	1234
20130815	123	123	123	174.48227607757184	1234
20130815	123	123	123	184.20714542984942	1234
20130815	123	123	123	205.15951428891157	1234
20130815	123	123	123	236.96577196863637	1234
20130815	123	123	123	242.3648680952766	1234
20130815	123	123	123	242.61178017782623	1234
20130815	123	123	123	264.81217959873	1234
20130815	123	123	123	269.40570704173297	1234
20130815	123	123	123	284.23234330967733	1234
20130815	123	123	123	289.15445279328685	1234
20130815	123	123	123	299.08664198582755	1234
20130815	123	123	123	323.8072819323278	1234
20130815	123	123	123	335.81651374709696	1234
20130815	123	123	123	333.0493862727488	1234
20130815	123	123	123	357.9610212603558	1234
20130815	123	123	123	369.1089541595019	1234
20130815	123	123	123	387.6040081379818	1234
20130815	123	123	123	386.8423187336595	1234
20130815	123	123	123	399.6377176616486	1234
20130815	123	123	123	403.52631578947376	1234
20130815	123	123	123	426.0571131080875	1234
20130815	123	123	123	443.2272471760061	1234
20130815	123	123	123	455.01707073212066	1234
20130815	123	123	123	498.4679612622834	1234
20130815	123	123	123	499.21358627890083	1234
20130815	123	123	123	499.07893236026354	1234
20130815	123	123	123	509.5480515948066	1234
20130815	123	123	123	511.8602118813486	1234
20130815	123	123	123	505.57894736842104	1234
20130815	123	123	123	495.88614779976876	1234
20130815	123	123	123	487.57446866945423	1234
20130815	123	123	123	483.31578947368416	1234
20130815	123	123	123	474.53620954113404	1234
20130815	123	123	123	462.60684727144576	1234
20130815	123	123	123	461.0526315789473	1234
20130815	123	123	123	451.1453041989441	1234
20130815	123	123	123	438.6010487839661	1234
20130815	123	123	123	426.2666251978001	1234
20130815	123	123	123	423.9473684210525	1234
20130815	123	123	123	396.86833076650385	1234
20130815	123	123	123	384.5617407721581	1234
20130815	123	123	123	377.7435803394396	1234
20130815	123	123	123	373.907897978508	1234
20130815	123	123	123	381.9151048740947	1234
20130815	123	123	123	382.19776040041626	1234
20130815	123	123	123	387.7026585222122	1234
20130815	123	123	123	400.4362104504948	1234
20130815	123	123	123	401.40733913671636	1234
20130815	123	123	123	426.8910993417174	1234
20130815	123	123	123	429.3102157480918	1234
20130815	123	123	123	433.6498196149396	1234
20130815	123	123	123	462.0310394787704	1234
20130815	123	123	123	462.33247745564233	1234
20130815	123	123	123	467.7679053311241	1234
20130815	123	123	123	475.923194330136	1234
20130815	123	123	123	479.3351309336947	1234
20130815	123	123	123	481.4736842105267	1234
20130815	123	123	123	507.1692355325603	1234
20130815	123	123	123	492.38167514849283	1234
20130815	123	123	123	486.4788247064928	1234
20130815	123	123	123	479.45479842223443	1234
20130815	123	123	123	481.0	1234
20130815	123	123	123	468.0714092467308	1234
20130815	123	123	123	463.956350645035	1234
20130815	123	123	123	446.0	1234
20130815	123	123	123	429.3382997304477	1234
20130815	123	123	123	423.6735519281404	1234
20130815	123	123	123	401.6012377886923	1234
20130815	123	123	123	396.10176436584595	1234
20130815	123	123	123	387.1214451606522	1234
20130815	123	123	123	372.1715911420743	1234
20130815	123	123	123	355.76362944243965	1234
20130815	123	123	123	354.60153642720826	1234
20130815	123	123	123	342.3407974055332	1234
20130815	123	123	123	318.3089096532756	1234
20130815	123	123	123	317.6029190474951	1234
20130815	123	123	123	313.72931633013013	1234
20130815	123	123	123	303.7431494232977	1234
20130815	123	123	123	288.56354015765277	1234
20130815	123	123	123	267.6704219174003	1234
20130815	123	123	123	256.98689518545694	1234
20130815	123	123	123	252.63157894736855	1234
20130815	123	123	123	230.51125232823756	1234
20130815	123	123	123	218.12057468237592	1234
20130815	123	123	123	204.93715216736248	1234
20130815	123	123	123	197.9180545255736	1234
20130815	123	123	123	177.91758139246974	1234
20130815	123	123	123	178.57894736842127	1234
20130815	123	123	123	168.0	1234
20130815	123	123	123	17.399862733104868	1234
20130815	123	123	123	17.173438279366	1234
20130815	123	123	123	19.795593014786487	1234
20130815	123	123	123	15.036603419246182	1234
20130815	123	123	123	3.3457762660731194	1234
20130815	123	123	123	17.45106611291049	1234
20130815	123	123	123	17.44008759702051	1234
20130815	123	123	123	16.880114232014545	1234
20130815	123	123	123	9.930962728880841	1234
20130815	123	123	123	19.9608345283537	1234
20130815	123	123	123	11.730643500195812	1234
20130815	123	123	123	18.903612123512044	1234
20130815	123	123	123	5.178936832677186	1234
20130815	123	123	123	6.2165347563117574	1234
20130815	123	123	123	2.672989919038249	1234
20130815	123	123	123	2.0783902831105605	1234
20130815	123	123	123	13.160993625786316	1234
20130815	123	123	123	13.462140160309739	1234
20130815	123	123	123	13.040715318544853	1234
20130815	123	123	123	16.49274159763079	1234
20130815	123	123	123	15.962503938070757	1234
20130815	123	123	123	13.606566331703213	1234
20130815	123	123	123	18.268858751402618	1234
20130815	123	123	123	6.524637271941005	1234
20130815	123	123	123	7.625171520404188	1234
20130815	123	123	123	8.081079133378015	1234
20130815	123	123	123	10.187776864931905	1234
20130815	123	123	123	0.34677914639928975	1234
20130815	123	123	123	13.85735575137338	1234
20130815	123	123	123	14.603835983138202	1234