time startPrice highestPrice lowestPrice endPrice transactionCount
20130815	123	123	123	8.932033238302271	1234
20130815	123	123	123	15.134020620908	1234
20130815	123	123	123	10.366330154553028	1234
20130815	123	123	123	19.04145410951401	1234
20130815	123	123	123	3.3628960091630233	1234
20130815	123	123	123	15.453467570734729	1234
20130815	123	123	123	10.605894801567409	1234
20130815	123	123	123	5.39012828052142	1234
20130815	123	123	123	12.999960321243996	1234
20130815	123	123	123	0.09810023686396718	1234
20130815	123	123	123	19.777420238266036	1234
20130815	123	123	123	15.197680261052062	1234
20130815	123	123	123	2.191975390124039	1234
20130815	123	123	123	7.116116423249816	1234
20130815	123	123	123	19.51907152676433	1234
20130815	123	123	123	1.222967868566256	1234
20130815	123	123	123	0.37617299528430514	1234
20130815	123	123	123	11.885656318018142	1234
20130815	123	123	123	10.727979663679633	1234
20130815	123	123	123	12.268717325097263	1234
20130815	123	123	123	18.231187020346596	1234
20130815	123	123	123	13.393764382792043	1234
20130815	123	123	123	15.74210923523496	1234
20130815	123	123	123	6.606449813418451	1234
20130815	123	123	123	13.862262466102077	1234
20130815	123	123	123	16.571965143254726	1234
20130815	123	123	123	11.398227110330954	1234
20130815	123	123	123	10.214434079828546	1234
20130815	123	123	123	5.691733262006791	1234
20130815	123	123	123	4.163182254005953	1234
20130815	123	123	123	162.10746082243494	1234
20130815	123	123	123	189.9317180029129	1234
20130815	123	123	123	195.26461564810452	1234
20130815	123	123	123	201.42105263157896	1234
20130815	123	123	123	212.7140711973747	1234
20130815	123	123	123	223.635124179522	1234
20130815	123	123	123	241.96388827901168	1234
20130815	123	123	123	249.9986061714375	1234
20130815	123	123	123	261.6465844347883	1234
20130815	123	123	123	276.94669389334587	1234
20130815	123	123	123	273.91458722932083	1234
20130815	123	123	123	296.6879013394566	1234
20130815	123	123	123	307.8450278828852	1234
20130815	123	123	123	317.1387145865663	1234
20130815	123	123	123	340.8927579312597	1234
20130815	123	123	123	373.3512899884745	1234
20130815	123	123	123	375.43458719530133	1234
20130815	123	123	123	378.2631578947369	1234
20130815	123	123	123	399.88365380944845	1234
20130815	123	123	123	408.3728453120046	1234
20130815	123	123	123	421.2414343596421	1234
20130815	123	123	123	420.9781820920713	1234
20130815	123	123	123	441.8034835127612	1234
20130815	123	123	123	453.4891782037409	1234
20130815	123	123	123	469.49309676318313	1234
20130815	123	123	123	486.86585944712624	1234
20130815	123	123	123	489.9563923897857	1234
20130815	123	123	123	502.2669703659952	1234
20130815	123	123	123	505.18656931598883	1234
20130815	123	123	123	509.1052078150837	1234
20130815	123	123	123	500.91109496815955	1234
20130815	123	123	123	492.1017010351138	1234
20130815	123	123	123	489.01556895979144	1234
20130815	123	123	123	481.36074748296386	1234
20130815	123	123	123	468.15309733460515	1234
20130815	123	123	123	456.759359724817	1234
20130815	123	123	123	450.05695173563146	1234
20130815	123	123	123	450.44284660252424	1234
20130815	123	123	123	438.5793637724382	1234
20130815	123	123	123	436.253961442135	1234
20130815	123	123	123	423.9473684210525	1234
20130815	123	123	123	413.94086297109294	1234
20130815	123	123	123	405.5660067257534	1234
20130815	123	123	123	400.8457858940768	1234
20130815	123	123	123	384.80348929127274	1234
20130815	123	123	123	383.2459246263254	1234
20130815	123	123	123	376.1409865508518	1234
20130815	123	123	123	375.9296763469727	1234
20130815	123	123	123	381.5854677389089	1234
20130815	123	123	123	387.1318207374612	1234
20130815	123	123	123	402.2739518318153	1234
20130815	123	123	123	406.2105263157896	1234
20130815	123	123	123	432.1622287024754	1234
20130815	123	123	123	440.88831186952456	1234
20130815	123	123	123	442.42009941819526	1234
20130815	123	123	123	452.05869144084295	1234
20130815	123	123	123	475.4587599738566	1234
20130815	123	123	123	468.15245164871055	1234
20130815	123	123	123	486.62254758904146	1234
20130815	123	123	123	489.56939182299124	1234
20130815	123	123	123	499.8160434233488	1234
20130815	123	123	123	500.02715113230585	1234
20130815	123	123	123	488.1449123050184	1234
20130815	123	123	123	486.7069362343274	1234
20130815	123	123	123	478.94418588454755	1234
20130815	123	123	123	470.0846350048702	1234
20130815	123	123	123	456.15661286819295	1234
20130815	123	123	123	439.205219452131	1234
20130815	123	123	123	432.3325681931925	1234
20130815	123	123	123	429.8047898534481	1234
20130815	123	123	123	418.8521040946566	1234
20130815	123	123	123	406.8798159534399	1234
20130815	123	123	123	393.74259482454767	1234
20130815	123	123	123	395.46095942955367	1234
20130815	123	123	123	375.2903712753175	1234
20130815	123	123	123	368.34396659994496	1234
20130815	123	123	123	330.51231814001284	1234
20130815	123	123	123	330.76037819719386	1234
20130815	123	123	123	316.4334447082029	1234
20130815	123	123	123	313.87472855655994	1234
20130815	123	123	123	300.5212456784068	1234
20130815	123	123	123	294.5638344214467	1234
20130815	123	123	123	279.3617443312284	1234
20130815	123	123	123	269.87024627248354	1234
20130815	123	123	123	168.43401254855593	1234
20130815	123	123	123	205.4554262455399	1234
20130815	123	123	123	190.8978287779844	1234
20130815	123	123	123	184.94972980437882	1234
20130815	123	123	123	178.57894736842127	1234
20130815	123	123	123	168.0	1234
20130815	123	123	123	3.1252758226120525	1234
20130815	123	123	123	14.367844169623464	1234
20130815	123	123	123	18.981639665037115	1234
20130815	123	123	123	18.25489414912699	1234
20130815	123	123	123	19.54885894212523	1234
20130815	123	123	123	15.342966963466534	1234
20130815	123	123	123	6.2942814819760144	1234
20130815	123	123	123	6.398563346467805	1234
20130815	123	123	123	9.523954015415807	1234
20130815	123	123	123	5.344952712495803	1234
20130815	123	123	123	18.700392746881672	1234
20130815	123	123	123	10.14554385792259	1234
20130815	123	123	123	19.079371427034385	1234
20130815	123	123	123	8.241266327695447	1234
20130815	123	123	123	4.17353822245802	1234
20130815	123	123	123	4.8648249169629265	1234
20130815	123	123	123	14.44888642834761	1234
20130815	123	123	123	16.280644088184033	1234
20130815	123	123	123	12.363237303584784	1234
20130815	123	123	123	18.86811562693939	1234
20130815	123	123	123	19.180379736719715	1234
20130815	123	123	123	4.700026648514884	1234
20130815	123	123	123	10.818225822092824	1234
20130815	123	123	123	7.152951412045507	1234
20130815	123	123	123	8.255722078980236	1234
20130815	123	123	123	19.969586003824276	1234
20130815	123	123	123	6.735174162243838	1234
20130815	123	123	123	10.484635705626001	1234
20130815	123	123	123	10.220552189358227	1234
20130815	123	123	123	14.398627772534876	1234