time startPrice highestPrice lowestPrice endPrice transactionCount
20130815	123	123	123	13.0569458109713	1234
20130815	123	123	123	10.557347645656098	1234
20130815	123	123	123	18.48073169527771	1234
20130815	123	123	123	9.340209792083593	1234
20130815	123	123	123	9.876803912352335	1234
20130815	123	123	123	15.306439587949246	1234
20130815	123	123	123	7.643734426669977	1234
20130815	123	123	123	2.592480190658333	1234
20130815	123	123	123	10.795034943823598	1234
20130815	123	123	123	14.322586746714565	1234
20130815	123	123	123	12.813621768806298	1234
20130815	123	123	123	13.155725056056092	1234
20130815	123	123	123	0.973415128393007	1234
20130815	123	123	123	16.12100715429933	1234
20130815	123	123	123	3.985998774523838	1234
20130815	123	123	123	10.115435856225368	1234
20130815	123	123	123	14.076376880742865	1234
20130815	123	123	123	5.318241413543672	1234
20130815	123	123	123	16.146808712356354	1234
20130815	123	123	123	12.709572293983697	1234
20130815	123	123	123	4.4303963699741296	1234
20130815	123	123	123	6.152938227512481	1234
20130815	123	123	123	0.9079370625578154	1234
20130815	123	123	123	17.95820139938719	1234
20130815	123	123	123	8.766456290914473	1234
20130815	123	123	123	4.895280590616813	1234
20130815	123	123	123	16.382195604628254	1234
20130815	123	123	123	16.25069351271965	1234
20130815	123	123	123	14.843552859925602	1234
20130815	123	123	123	10.244790256385697	1234
20130815	123	123	123	188.45674889391424	1234
20130815	123	123	123	182.0472898697707	1234
20130815	123	123	123	194.90817839702117	1234
20130815	123	123	123	213.44300221148936	1234
20130815	123	123	123	217.35770474351594	1234
20130815	123	123	123	232.75599953370497	1234
20130815	123	123	123	239.4309889041933	1234
20130815	123	123	123	276.74430945888264	1234
20130815	123	123	123	286.96151310054904	1234
20130815	123	123	123	303.8516664562701	1234
20130815	123	123	123	312.82360447705963	1234
20130815	123	123	123	322.18118064946134	1234
20130815	123	123	123	334.3272452482642	1234
20130815	123	123	123	339.9622007538837	1234
20130815	123	123	123	343.6023562664056	1234
20130815	123	123	123	361.3650497869019	1234
20130815	123	123	123	379.8892226739619	1234
20130815	123	123	123	400.2111923444397	1234
20130815	123	123	123	407.4838734581311	1234
20130815	123	123	123	422.901552537095	1234
20130815	123	123	123	429.99119667137165	1234
20130815	123	123	123	447.31844395421433	1234
20130815	123	123	123	457.95238771842367	1234
20130815	123	123	123	460.51586492311907	1234
20130815	123	123	123	470.46394863967475	1234
20130815	123	123	123	482.53328417243995	1234
20130815	123	123	123	483.7105276035486	1234
20130815	123	123	123	502.27842675526546	1234
20130815	123	123	123	506.13910977021027	1234
20130815	123	123	123	509.9731570218351	1234
20130815	123	123	123	483.31578947368416	1234
20130815	123	123	123	467.15881064529634	1234
20130815	123	123	123	444.5775820448283	1234
20130815	123	123	123	440.44824437528666	1234
20130815	123	123	123	445.3305991613588	1234
20130815	123	123	123	438.7894736842104	1234
20130815	123	123	123	428.72554823701097	1234
20130815	123	123	123	420.1532620835316	1234
20130815	123	123	123	416.52631578947353	1234
20130815	123	123	123	402.97385105107537	1234
20130815	123	123	123	395.9807661118253	1234
20130815	123	123	123	379.6670353740185	1234
20130815	123	123	123	372.6923921669011	1234
20130815	123	123	123	372.0971389796543	1234
20130815	123	123	123	381.6968308056089	1234
20130815	123	123	123	388.77433295045995	1234
20130815	123	123	123	394.8271290911682	1234
20130815	123	123	123	399.3684210526317	1234
20130815	123	123	123	414.1279407324615	1234
20130815	123	123	123	414.17730160127945	1234
20130815	123	123	123	421.83475224057025	1234
20130815	123	123	123	429.44349656601145	1234
20130815	123	123	123	450.8028445200849	1234
20130815	123	123	123	451.81194940719445	1234
20130815	123	123	123	454.4055606342902	1234
20130815	123	123	123	468.77726810265455	1234
20130815	123	123	123	483.4761181867739	1234
20130815	123	123	123	493.30606541777234	1234
20130815	123	123	123	493.85066734368957	1234
20130815	123	123	123	472.5511372053452	1234
20130815	123	123	123	463.3930305987041	1234
20130815	123	123	123	460.0	1234
20130815	123	123	123	436.55102324946284	1234
20130815	123	123	123	439.0	1234
20130815	123	123	123	430.3117447815048	1234
20130815	123	123	123	416.4574165986915	1234
20130815	123	123	123	417.78986291355903	1234
20130815	123	123	123	409.2959765199343	1234
20130815	123	123	123	396.49471719084846	1234
20130815	123	123	123	397.0	1234
20130815	123	123	123	384.92893895337687	1234
20130815	123	123	123	378.2709958403189	1234
20130815	123	123	123	376.0	1234
20130815	123	123	123	356.9323594152643	1234
20130815	123	123	123	356.1022473150045	1234
20130815	123	123	123	335.64647585619673	1234
20130815	123	123	123	329.0003901489385	1234
20130815	123	123	123	317.3639187449735	1234
20130815	123	123	123	316.1052631578948	1234
20130815	123	123	123	301.738678403606	1234
20130815	123	123	123	294.9473684210527	1234
20130815	123	123	123	275.00765882259475	1234
20130815	123	123	123	261.7848787702758	1234
20130815	123	123	123	242.90000817983665	1234
20130815	123	123	123	250.28555509061886	1234
20130815	123	123	123	237.9866616291534	1234
20130815	123	123	123	216.32283732142596	1234
20130815	123	123	123	185.89394110346464	1234
20130815	123	123	123	171.63304193417306	1234
20130815	123	123	123	168.0	1234
20130815	123	123	123	16.081994987799572	1234
20130815	123	123	123	5.054656078875421	1234
20130815	123	123	123	4.505128674011017	1234
20130815	123	123	123	17.47639802841658	1234
20130815	123	123	123	6.942409182838194	1234
20130815	123	123	123	19.13344251733309	1234
20130815	123	123	123	12.099220935832843	1234
20130815	123	123	123	16.879817734142332	1234
20130815	123	123	123	9.010747366069333	1234
20130815	123	123	123	2.0067443132862106	1234
20130815	123	123	123	15.697009605368319	1234
20130815	123	123	123	9.94743478774635	1234
20130815	123	123	123	4.91115513693593	1234
20130815	123	123	123	7.861407144700408	1234
20130815	123	123	123	18.17337461067093	1234
20130815	123	123	123	7.801054040004464	1234
20130815	123	123	123	15.884170796929222	1234
20130815	123	123	123	5.717289763607194	1234
20130815	123	123	123	17.96695559811357	1234
20130815	123	123	123	5.508028999489245	1234
20130815	123	123	123	3.01756699862336	1234
20130815	123	123	123	18.375624935390245	1234
20130815	123	123	123	15.216134080991313	1234
20130815	123	123	123	13.2224362172613	1234
20130815	123	123	123	7.226223541602623	1234
20130815	123	123	123	7.525009678209084	1234
20130815	123	123	123	7.971252642712992	1234
20130815	123	123	123	0.4971206842594911	1234
20130815	123	123	123	9.605170664732306	1234
20130815	123	123	123	13.352801142438931	1234