time startPrice highestPrice lowestPrice endPrice transactionCount
20130815	123	123	123	9.615917946851226	1234
20130815	123	123	123	7.112722711321506	1234
20130815	123	123	123	19.177356851259244	1234
20130815	123	123	123	9.169933921515485	1234
20130815	123	123	123	0.6726397540117524	1234
20130815	123	123	123	18.254123211261117	1234
20130815	123	123	123	9.59340301176184	1234
20130815	123	123	123	6.468604102126703	1234
20130815	123	123	123	11.536342550473284	1234
20130815	123	123	123	7.794027690020384	1234
20130815	123	123	123	7.623005666972869	1234
20130815	123	123	123	7.729007484825314	1234
20130815	123	123	123	6.097153296229385	1234
20130815	123	123	123	0.5359461917317931	1234
20130815	123	123	123	1.171305459765699	1234
20130815	123	123	123	19.93392570780046	1234
20130815	123	123	123	17.65601076586462	1234
20130815	123	123	123	5.122141092532306	1234
20130815	123	123	123	10.87926825979311	1234
20130815	123	123	123	9.440125215972163	1234
20130815	123	123	123	3.0182975803453926	1234
20130815	123	123	123	12.310001215983608	1234
20130815	123	123	123	5.412890155703853	1234
20130815	123	123	123	6.4589257546711725	1234
20130815	123	123	123	11.962780172827369	1234
20130815	123	123	123	8.446877614224482	1234
20130815	123	123	123	0.6473044878906764	1234
20130815	123	123	123	9.448671381047792	1234
20130815	123	123	123	1.9228921794160758	1234
20130815	123	123	123	19.844672332028313	1234
20130815	123	123	123	165.63169938185166	1234
20130815	123	123	123	175.23888268849316	1234
20130815	123	123	123	183.2323381595933	1234
20130815	123	123	123	208.23972512979844	1234
20130815	123	123	123	209.33005264028714	1234
20130815	123	123	123	212.77273401712398	1234
20130815	123	123	123	236.1980690161782	1234
20130815	123	123	123	236.6010249291693	1234
20130815	123	123	123	264.498062156151	1234
20130815	123	123	123	295.241096057581	1234
20130815	123	123	123	307.6419946266077	1234
20130815	123	123	123	313.58077270874054	1234
20130815	123	123	123	321.7636108459808	1234
20130815	123	123	123	355.6791081620366	1234
20130815	123	123	123	386.681793361106	1234
20130815	123	123	123	399.8129455061156	1234
20130815	123	123	123	396.3261192035102	1234
20130815	123	123	123	413.5105792804313	1234
20130815	123	123	123	418.0139563634745	1234
20130815	123	123	123	420.3684210526317	1234
20130815	123	123	123	433.3595275225645	1234
20130815	123	123	123	440.2163441265342	1234
20130815	123	123	123	446.07279848566674	1234
20130815	123	123	123	486.47085164358	1234
20130815	123	123	123	491.7072721983181	1234
20130815	123	123	123	501.4159551258199	1234
20130815	123	123	123	509.7251838722542	1234
20130815	123	123	123	512.5748018882466	1234
20130815	123	123	123	503.0053720792588	1234
20130815	123	123	123	490.4534472446901	1234
20130815	123	123	123	485.7415642959269	1234
20130815	123	123	123	477.00865914538923	1234
20130815	123	123	123	467.5912870924812	1234
20130815	123	123	123	460.12381342520587	1234
20130815	123	123	123	449.73904266731483	1234
20130815	123	123	123	441.5488182283251	1234
20130815	123	123	123	437.8550601966526	1234
20130815	123	123	123	405.3337261820037	1234
20130815	123	123	123	400.86847765154687	1234
20130815	123	123	123	397.14517667479305	1234
20130815	123	123	123	384.9544685498825	1234
20130815	123	123	123	382.1607001552556	1234
20130815	123	123	123	376.07844715280186	1234
20130815	123	123	123	377.94438228687477	1234
20130815	123	123	123	395.0319701186212	1234
20130815	123	123	123	397.37151312965176	1234
20130815	123	123	123	430.37618166974346	1234
20130815	123	123	123	430.2959824726092	1234
20130815	123	123	123	436.8047473833856	1234
20130815	123	123	123	444.36525329586044	1234
20130815	123	123	123	447.67352970431085	1234
20130815	123	123	123	464.29421366214154	1234
20130815	123	123	123	465.82499561717106	1234
20130815	123	123	123	473.7909626998978	1234
20130815	123	123	123	493.76027895456383	1234
20130815	123	123	123	489.3957337279851	1234
20130815	123	123	123	497.7807389222561	1234
20130815	123	123	123	493.67327366227903	1234
20130815	123	123	123	486.9256597078907	1234
20130815	123	123	123	475.9553966941773	1234
20130815	123	123	123	467.20469430931826	1234
20130815	123	123	123	467.0	1234
20130815	123	123	123	445.6849360490009	1234
20130815	123	123	123	434.33868251501934	1234
20130815	123	123	123	425.48082468923116	1234
20130815	123	123	123	419.2438177764873	1234
20130815	123	123	123	410.15083715895923	1234
20130815	123	123	123	408.10112832716055	1234
20130815	123	123	123	395.8217016640289	1234
20130815	123	123	123	382.63765989679814	1234
20130815	123	123	123	379.84397944888866	1234
20130815	123	123	123	375.44582891909124	1234
20130815	123	123	123	369.0	1234
20130815	123	123	123	357.49336706945206	1234
20130815	123	123	123	332.29969676826323	1234
20130815	123	123	123	326.62857523253496	1234
20130815	123	123	123	326.2563211941123	1234
20130815	123	123	123	293.7225698241685	1234
20130815	123	123	123	271.48892744467565	1234
20130815	123	123	123	262.79701728003477	1234
20130815	123	123	123	263.1666573265902	1234
20130815	123	123	123	243.91275363980608	1234
20130815	123	123	123	240.78902436964748	1234
20130815	123	123	123	225.27375423116757	1234
20130815	123	123	123	220.89473684210543	1234
20130815	123	123	123	201.75345677324907	1234
20130815	123	123	123	181.99377172009906	1234
20130815	123	123	123	182.71833018050324	1234
20130815	123	123	123	177.93841527035568	1234
20130815	123	123	123	168.0	1234
20130815	123	123	123	6.694151753197454	1234
20130815	123	123	123	11.809847305135515	1234
20130815	123	123	123	9.221308865768886	1234
20130815	123	123	123	11.665627306791142	1234
20130815	123	123	123	7.286988280600548	1234
20130815	123	123	123	2.746243352131925	1234
20130815	123	123	123	12.827655044344342	1234
20130815	123	123	123	0.9659295901690812	1234
20130815	123	123	123	9.730906921398496	1234
20130815	123	123	123	1.7532320866700224	1234
20130815	123	123	123	14.363104055915068	1234
20130815	123	123	123	7.703885113018454	1234
20130815	123	123	123	10.438951229123898	1234
20130815	123	123	123	11.916868213641767	1234
20130815	123	123	123	8.95453098034087	1234
20130815	123	123	123	19.804585395855735	1234
20130815	123	123	123	1.0193192528837258	1234
20130815	123	123	123	1.0551889494254918	1234
20130815	123	123	123	15.544783477873988	1234
20130815	123	123	123	8.783141817718432	1234
20130815	123	123	123	12.943743138723926	1234
20130815	123	123	123	1.7057358849581394	1234
20130815	123	123	123	12.394546126809638	1234
20130815	123	123	123	0.963718013232564	1234
20130815	123	123	123	5.0188555335225775	1234
20130815	123	123	123	1.0609903208818716	1234
20130815	123	123	123	3.7651770604056356	1234
20130815	123	123	123	5.99174849855191	1234
20130815	123	123	123	17.198741491246118	1234
20130815	123	123	123	10.176060116616743	1234