time startPrice highestPrice lowestPrice endPrice transactionCount
20130815	123	123	123	18.00831252138982	1234
20130815	123	123	123	11.943288681796389	1234
20130815	123	123	123	1.5772022871762426	1234
20130815	123	123	123	4.345379744540107	1234
20130815	123	123	123	13.243358478283895	1234
20130815	123	123	123	0.25098802204711834	1234
20130815	123	123	123	9.547800970779193	1234
20130815	123	123	123	8.975865886234363	1234
20130815	123	123	123	0.8094006434898882	1234
20130815	123	123	123	4.389343693841273	1234
20130815	123	123	123	7.241512813283868	1234
20130815	123	123	123	16.64067110785276	1234
20130815	123	123	123	3.9844118908420034	1234
20130815	123	123	123	8.867767847539973	1234
20130815	123	123	123	3.637951895128997	1234
20130815	123	123	123	6.388562035198309	1234
20130815	123	123	123	14.264640222514425	1234
20130815	123	123	123	18.91868790191107	1234
20130815	123	123	123	12.012284583170095	1234
20130815	123	123	123	18.315257415446155	1234
20130815	123	123	123	0.10644618807928108	1234
20130815	123	123	123	16.249888511447192	1234
20130815	123	123	123	18.677576082418252	1234
20130815	123	123	123	10.662784939351955	1234
20130815	123	123	123	5.469722108248689	1234
20130815	123	123	123	16.003614246987215	1234
20130815	123	123	123	7.743616887271665	1234
20130815	123	123	123	0.8468566416004886	1234
20130815	123	123	123	16.51554835205554	1234
20130815	123	123	123	14.764351710790379	1234
20130815	123	123	123	176.42944520000574	1234
20130815	123	123	123	186.01404550561864	1234
20130815	123	123	123	192.88418842985578	1234
20130815	123	123	123	196.5915171323579	1234
20130815	123	123	123	203.0530450078587	1234
20130815	123	123	123	221.30544784333105	1234
20130815	123	123	123	233.15491214784626	1234
20130815	123	123	123	232.51884441427057	1234
20130815	123	123	123	263.92839559028033	1234
20130815	123	123	123	278.1861114258629	1234
20130815	123	123	123	279.75055554872495	1234
20130815	123	123	123	306.4737491716768	1234
20130815	123	123	123	304.60130991493673	1234
20130815	123	123	123	322.32745066144093	1234
20130815	123	123	123	351.2992902671871	1234
20130815	123	123	123	343.56740907030047	1234
20130815	123	123	123	361.91363712287216	1234
20130815	123	123	123	375.84686508688435	1234
20130815	123	123	123	370.82381694075355	1234
20130815	123	123	123	378.2631578947369	1234
20130815	123	123	123	388.43683316741215	1234
20130815	123	123	123	405.7900293401497	1234
20130815	123	123	123	412.8062366870686	1234
20130815	123	123	123	435.71561992577557	1234
20130815	123	123	123	441.82335382506795	1234
20130815	123	123	123	452.0543188083227	1234
20130815	123	123	123	454.0526315789475	1234
20130815	123	123	123	462.47368421052647	1234
20130815	123	123	123	491.6659364624572	1234
20130815	123	123	123	503.85301310714516	1234
20130815	123	123	123	505.2336713317884	1234
20130815	123	123	123	503.375077636253	1234
20130815	123	123	123	492.52476582497434	1234
20130815	123	123	123	488.3781127061717	1234
20130815	123	123	123	473.80279121028707	1234
20130815	123	123	123	460.45398104135825	1234
20130815	123	123	123	445.5407458484542	1234
20130815	123	123	123	440.4115904560716	1234
20130815	123	123	123	431.36842105263145	1234
20130815	123	123	123	423.5795759643712	1234
20130815	123	123	123	406.98442621251763	1234
20130815	123	123	123	403.7998910502348	1234
20130815	123	123	123	394.06453913380375	1234
20130815	123	123	123	388.99254329405585	1234
20130815	123	123	123	375.26919346719836	1234
20130815	123	123	123	373.7872709294049	1234
20130815	123	123	123	405.35362494051446	1234
20130815	123	123	123	415.1455940298266	1234
20130815	123	123	123	420.6590262211539	1234
20130815	123	123	123	426.15298542769875	1234
20130815	123	123	123	426.91190454577406	1234
20130815	123	123	123	434.019097111817	1234
20130815	123	123	123	453.69618480442216	1234
20130815	123	123	123	454.105263157895	1234
20130815	123	123	123	470.54994905002394	1234
20130815	123	123	123	474.6315789473688	1234
20130815	123	123	123	499.09664981693027	1234
20130815	123	123	123	502.2760252313036	1234
20130815	123	123	123	494.66214221355136	1234
20130815	123	123	123	486.7919779533747	1234
20130815	123	123	123	465.35535060759815	1234
20130815	123	123	123	466.45656733387887	1234
20130815	123	123	123	458.6823869829234	1234
20130815	123	123	123	453.0	1234
20130815	123	123	123	440.2185783069121	1234
20130815	123	123	123	427.6711453276042	1234
20130815	123	123	123	417.4187043471655	1234
20130815	123	123	123	408.34598912540065	1234
20130815	123	123	123	405.43088938833915	1234
20130815	123	123	123	400.6864122609783	1234
20130815	123	123	123	396.56106214279737	1234
20130815	123	123	123	389.05856635065237	1234
20130815	123	123	123	379.9829911144515	1234
20130815	123	123	123	368.2852556378136	1234
20130815	123	123	123	354.7761021376566	1234
20130815	123	123	123	336.6717852634387	1234
20130815	123	123	123	326.9585395853583	1234
20130815	123	123	123	316.1052631578948	1234
20130815	123	123	123	299.65739074232073	1234
20130815	123	123	123	283.044824095567	1234
20130815	123	123	123	263.4982894946247	1234
20130815	123	123	123	258.92916746707647	1234
20130815	123	123	123	243.00264678059716	1234
20130815	123	123	123	239.47040471474466	1234
20130815	123	123	123	212.63727369050244	1234
20130815	123	123	123	208.54790484811096	1234
20130815	123	123	123	195.2813686891658	1234
20130815	123	123	123	179.62968771857126	1234
20130815	123	123	123	169.13809690091617	1234
20130815	123	123	123	168.0	1234
20130815	123	123	123	10.606225386331223	1234
20130815	123	123	123	13.193624077079829	1234
20130815	123	123	123	8.814660331919889	1234
20130815	123	123	123	19.86736568031788	1234
20130815	123	123	123	1.947414733920605	1234
20130815	123	123	123	18.139851061242553	1234
20130815	123	123	123	4.552192080009463	1234
20130815	123	123	123	18.795224004226228	1234
20130815	123	123	123	10.218234219130558	1234
20130815	123	123	123	7.748178948833346	1234
20130815	123	123	123	9.468082193737569	1234
20130815	123	123	123	4.10969009389108	1234
20130815	123	123	123	9.892482770514206	1234
20130815	123	123	123	10.611837971415865	1234
20130815	123	123	123	2.651428500480093	1234
20130815	123	123	123	14.151540032061574	1234
20130815	123	123	123	15.220921225420183	1234
20130815	123	123	123	5.57078597114452	1234
20130815	123	123	123	18.810976873028803	1234
20130815	123	123	123	2.650993388745213	1234
20130815	123	123	123	0.7819899683032983	1234
20130815	123	123	123	8.133942628645487	1234
20130815	123	123	123	12.272853155951251	1234
20130815	123	123	123	11.426619219878377	1234
20130815	123	123	123	12.816472022187266	1234
20130815	123	123	123	16.09981914182399	1234
20130815	123	123	123	4.7105337461142005	1234
20130815	123	123	123	9.510728543845888	1234
20130815	123	123	123	7.149924651665598	1234
20130815	123	123	123	11.590512955124595	1234