time startPrice highestPrice lowestPrice endPrice transactionCount
20130815	123	123	123	11.10541948759068	1234
20130815	123	123	123	14.019280839749488	1234
20130815	123	123	123	7.34506660667164	1234
20130815	123	123	123	6.739203321962028	1234
20130815	123	123	123	3.5517230560844704	1234
20130815	123	123	123	13.593587115703798	1234
20130815	123	123	123	4.994370886235007	1234
20130815	123	123	123	2.3326432406184794	1234
20130815	123	123	123	0.698572355940088	1234
20130815	123	123	123	19.42974537983243	1234
20130815	123	123	123	1.7615749983701368	1234
20130815	123	123	123	14.487301129068026	1234
20130815	123	123	123	1.0816249145242662	1234
20130815	123	123	123	17.88065652981101	1234
20130815	123	123	123	11.827523857261031	1234
20130815	123	123	123	15.524644983430267	1234
20130815	123	123	123	7.124382205856927	1234
20130815	123	123	123	9.177792938582702	1234
20130815	123	123	123	16.976211849780157	1234
20130815	123	123	123	7.306031064770966	1234
20130815	123	123	123	15.63938627647615	1234
20130815	123	123	123	11.87115027993925	1234
20130815	123	123	123	7.819444309266528	1234
20130815	123	123	123	3.711874401836306	1234
20130815	123	123	123	13.566178331505762	1234
20130815	123	123	123	3.2324323181158565	1234
20130815	123	123	123	7.0298092906048115	1234
20130815	123	123	123	5.25256681814599	1234
20130815	123	123	123	4.818202644906626	1234
20130815	123	123	123	5.014163283556156	1234
20130815	123	123	123	169.70580988305693	1234
20130815	123	123	123	183.2126389167398	1234
20130815	123	123	123	195.92854614628354	1234
20130815	123	123	123	208.2915110101762	1234
20130815	123	123	123	219.20090360053354	1234
20130815	123	123	123	236.12102830279485	1234
20130815	123	123	123	236.0795658954566	1234
20130815	123	123	123	250.10093610529873	1234
20130815	123	123	123	262.31489362300374	1234
20130815	123	123	123	276.7907439675034	1234
20130815	123	123	123	282.2631578947369	1234
20130815	123	123	123	294.685909208203	1234
20130815	123	123	123	306.01634202971763	1234
20130815	123	123	123	319.9454720623586	1234
20130815	123	123	123	334.6298723466008	1234
20130815	123	123	123	333.5716328313036	1234
20130815	123	123	123	349.7460536002221	1234
20130815	123	123	123	375.10431633022097	1234
20130815	123	123	123	384.21617209392974	1234
20130815	123	123	123	397.1607747622168	1234
20130815	123	123	123	403.52631578947376	1234
20130815	123	123	123	419.0651727918503	1234
20130815	123	123	123	442.64705076651524	1234
20130815	123	123	123	437.2105263157896	1234
20130815	123	123	123	481.89925194120883	1234
20130815	123	123	123	490.3129154034408	1234
20130815	123	123	123	496.1578947368423	1234
20130815	123	123	123	506.03999577054117	1234
20130815	123	123	123	507.69246053985523	1234
20130815	123	123	123	503.75972718252024	1234
20130815	123	123	123	494.7552345920109	1234
20130815	123	123	123	485.54697799184254	1234
20130815	123	123	123	474.84632141261005	1234
20130815	123	123	123	456.218017989971	1234
20130815	123	123	123	459.48299926589976	1234
20130815	123	123	123	423.9473684210525	1234
20130815	123	123	123	407.0592290405287	1234
20130815	123	123	123	387.0324167492792	1234
20130815	123	123	123	392.7369477469693	1234
20130815	123	123	123	381.4438742783982	1234
20130815	123	123	123	374.39362302286065	1234
20130815	123	123	123	377.3736302410459	1234
20130815	123	123	123	379.172081331459	1234
20130815	123	123	123	399.2487723454185	1234
20130815	123	123	123	410.5699771424089	1234
20130815	123	123	123	408.6837038209573	1234
20130815	123	123	123	413.0526315789475	1234
20130815	123	123	123	425.98752928168767	1234
20130815	123	123	123	432.92207913036066	1234
20130815	123	123	123	439.8164594793697	1234
20130815	123	123	123	448.1546120661522	1234
20130815	123	123	123	447.57248632493685	1234
20130815	123	123	123	454.105263157895	1234
20130815	123	123	123	478.7793503569608	1234
20130815	123	123	123	486.21485053173376	1234
20130815	123	123	123	496.7657324996858	1234
20130815	123	123	123	500.34035595375894	1234
20130815	123	123	123	502.0	1234
20130815	123	123	123	492.78004586863756	1234
20130815	123	123	123	487.445025879814	1234
20130815	123	123	123	480.83549280251077	1234
20130815	123	123	123	465.9592538370557	1234
20130815	123	123	123	458.9245847143905	1234
20130815	123	123	123	460.0	1234
20130815	123	123	123	441.42281659216843	1234
20130815	123	123	123	434.8541047274002	1234
20130815	123	123	123	427.9663516979059	1234
20130815	123	123	123	417.29191894051	1234
20130815	123	123	123	394.6432699051451	1234
20130815	123	123	123	380.73546494698394	1234
20130815	123	123	123	373.1002476680794	1234
20130815	123	123	123	367.367586570467	1234
20130815	123	123	123	345.0708059673425	1234
20130815	123	123	123	330.1835549146574	1234
20130815	123	123	123	316.363997050782	1234
20130815	123	123	123	306.19693668406586	1234
20130815	123	123	123	298.8998374389677	1234
20130815	123	123	123	282.4221122382754	1234
20130815	123	123	123	268.826381335318	1234
20130815	123	123	123	267.8428314867583	1234
20130815	123	123	123	255.57288369361356	1234
20130815	123	123	123	240.90542700315632	1234
20130815	123	123	123	234.6504351203135	1234
20130815	123	123	123	226.86676783392065	1234
20130815	123	123	123	208.5962348018971	1234
20130815	123	123	123	210.10943698114792	1234
20130815	123	123	123	195.26125320644573	1234
20130815	123	123	123	189.1578947368423	1234
20130815	123	123	123	173.90888111008076	1234
20130815	123	123	123	168.0	1234
20130815	123	123	123	6.127968057711001	1234
20130815	123	123	123	15.95579644383288	1234
20130815	123	123	123	3.7397683489871025	1234
20130815	123	123	123	4.99258858397064	1234
20130815	123	123	123	6.061703194132679	1234
20130815	123	123	123	5.272578373427388	1234
20130815	123	123	123	3.4280601947076317	1234
20130815	123	123	123	13.882373525250774	1234
20130815	123	123	123	3.6305465197068165	1234
20130815	123	123	123	8.466962958496032	1234
20130815	123	123	123	3.0541179879887914	1234
20130815	123	123	123	14.496272137104157	1234
20130815	123	123	123	10.751235342121872	1234
20130815	123	123	123	7.802042304352865	1234
20130815	123	123	123	17.320599949641906	1234
20130815	123	123	123	5.433089377515761	1234
20130815	123	123	123	11.62563512157993	1234
20130815	123	123	123	3.8075325354117417	1234
20130815	123	123	123	13.323052719193187	1234
20130815	123	123	123	15.112416915640093	1234
20130815	123	123	123	14.06418673279732	1234
20130815	123	123	123	11.011873774484322	1234
20130815	123	123	123	5.335318502860764	1234
20130815	123	123	123	3.634783278326803	1234
20130815	123	123	123	15.534328162720062	1234
20130815	123	123	123	15.7444228044349	1234
20130815	123	123	123	6.418615867106217	1234
20130815	123	123	123	19.731009384086114	1234
20130815	123	123	123	1.9447665674641157	1234
20130815	123	123	123	14.961007433277388	1234