time startPrice highestPrice lowestPrice endPrice transactionCount
20130815	123	123	123	13.958327407842503	1234
20130815	123	123	123	2.843427132577956	1234
20130815	123	123	123	2.9233462436272384	1234
20130815	123	123	123	0.7618759143627241	1234
20130815	123	123	123	12.812255711835569	1234
20130815	123	123	123	10.314578477332823	1234
20130815	123	123	123	13.275455680183404	1234
20130815	123	123	123	12.260543315444764	1234
20130815	123	123	123	2.7703696621618445	1234
20130815	123	123	123	17.55103677381029	1234
20130815	123	123	123	10.24626580429658	1234
20130815	123	123	123	4.5169685667396635	1234
20130815	123	123	123	10.108188540406012	1234
20130815	123	123	123	9.279795489540334	1234
20130815	123	123	123	17.238869895749765	1234
20130815	123	123	123	5.035384110947296	1234
20130815	123	123	123	17.8306238480922	1234
20130815	123	123	123	19.331112963079168	1234
20130815	123	123	123	11.569056423437104	1234
20130815	123	123	123	18.300618548464907	1234
20130815	123	123	123	5.320781502570218	1234
20130815	123	123	123	13.448179160096398	1234
20130815	123	123	123	0.9746634418080391	1234
20130815	123	123	123	1.9584027483396804	1234
20130815	123	123	123	17.59930536250249	1234
20130815	123	123	123	4.181836653988665	1234
20130815	123	123	123	6.799985476358923	1234
20130815	123	123	123	12.010964880308325	1234
20130815	123	123	123	0.33988324204568654	1234
20130815	123	123	123	5.973997780375471	1234
20130815	123	123	123	176.72403501552992	1234
20130815	123	123	123	191.6967288108707	1234
20130815	123	123	123	206.578948168808	1234
20130815	123	123	123	224.4828706399173	1234
20130815	123	123	123	221.63157894736844	1234
20130815	123	123	123	277.44012592459336	1234
20130815	123	123	123	275.8230831819922	1234
20130815	123	123	123	290.7554254278958	1234
20130815	123	123	123	295.5643373350199	1234
20130815	123	123	123	308.0463627330067	1234
20130815	123	123	123	319.717954980083	1234
20130815	123	123	123	334.3481644195475	1234
20130815	123	123	123	339.3476885816005	1234
20130815	123	123	123	376.8697882442037	1234
20130815	123	123	123	373.57258075181534	1234
20130815	123	123	123	386.34863432861175	1234
20130815	123	123	123	390.49061045837266	1234
20130815	123	123	123	395.396990978092	1234
20130815	123	123	123	410.8732255693401	1234
20130815	123	123	123	414.85232303516597	1234
20130815	123	123	123	428.40453877711064	1234
20130815	123	123	123	446.8930022835015	1234
20130815	123	123	123	445.63157894736855	1234
20130815	123	123	123	464.0905237535027	1234
20130815	123	123	123	468.0531774901131	1234
20130815	123	123	123	473.45350288080823	1234
20130815	123	123	123	481.92308621744854	1234
20130815	123	123	123	493.81899514489	1234
20130815	123	123	123	499.3947042195551	1234
20130815	123	123	123	509.97660455621957	1234
20130815	123	123	123	505.57894736842104	1234
20130815	123	123	123	492.7343924930699	1234
20130815	123	123	123	466.37590699153515	1234
20130815	123	123	123	462.2931173895928	1234
20130815	123	123	123	448.6879652005146	1234
20130815	123	123	123	414.9236572545091	1234
20130815	123	123	123	412.76191338474456	1234
20130815	123	123	123	401.77615913927957	1234
20130815	123	123	123	399.3375625707972	1234
20130815	123	123	123	388.8765346969912	1234
20130815	123	123	123	386.8421052631577	1234
20130815	123	123	123	370.6429165830442	1234
20130815	123	123	123	380.96108235319304	1234
20130815	123	123	123	389.96724352422217	1234
20130815	123	123	123	396.453222453213	1234
20130815	123	123	123	408.2515479146862	1234
20130815	123	123	123	420.431970764259	1234
20130815	123	123	123	424.88080976780793	1234
20130815	123	123	123	430.2443688981793	1234
20130815	123	123	123	438.3934411277651	1234
20130815	123	123	123	440.4210526315792	1234
20130815	123	123	123	449.14738488287264	1234
20130815	123	123	123	458.48179986632107	1234
20130815	123	123	123	466.1045909994618	1234
20130815	123	123	123	469.3155318288731	1234
20130815	123	123	123	478.1010911053414	1234
20130815	123	123	123	508.0669958806155	1234
20130815	123	123	123	502.0	1234
20130815	123	123	123	494.82438090990223	1234
20130815	123	123	123	479.35773953906653	1234
20130815	123	123	123	474.0	1234
20130815	123	123	123	467.0	1234
20130815	123	123	123	452.56965730970745	1234
20130815	123	123	123	441.9177115537905	1234
20130815	123	123	123	436.6565532666268	1234
20130815	123	123	123	433.38084919147263	1234
20130815	123	123	123	418.8541633353922	1234
20130815	123	123	123	402.7399248587938	1234
20130815	123	123	123	399.74150240653995	1234
20130815	123	123	123	391.7137039839881	1234
20130815	123	123	123	381.0501123023855	1234
20130815	123	123	123	371.3077319354771	1234
20130815	123	123	123	374.7876011200883	1234
20130815	123	123	123	356.24983810161575	1234
20130815	123	123	123	358.42105263157896	1234
20130815	123	123	123	346.45259614879404	1234
20130815	123	123	123	309.56903206081364	1234
20130815	123	123	123	311.17747562210394	1234
20130815	123	123	123	305.3783067213085	1234
20130815	123	123	123	281.5126073045569	1234
20130815	123	123	123	270.5906121272871	1234
20130815	123	123	123	258.9308476656112	1234
20130815	123	123	123	248.24161716658375	1234
20130815	123	123	123	227.51934407072642	1234
20130815	123	123	123	229.80377356143117	1234
20130815	123	123	123	217.0945900538362	1234
20130815	123	123	123	194.34795287161094	1234
20130815	123	123	123	194.36383394712888	1234
20130815	123	123	123	177.12413395201614	1234
20130815	123	123	123	168.0	1234
20130815	123	123	123	10.049693511950647	1234
20130815	123	123	123	15.258512107171649	1234
20130815	123	123	123	5.165464627701704	1234
20130815	123	123	123	8.318547173204522	1234
20130815	123	123	123	13.948124980542074	1234
20130815	123	123	123	8.564841853617672	1234
20130815	123	123	123	1.2536199903143097	1234
20130815	123	123	123	2.7986859019172616	1234
20130815	123	123	123	7.206225100248094	1234
20130815	123	123	123	3.99798856067342	1234
20130815	123	123	123	3.9083972740090256	1234
20130815	123	123	123	5.834816682809832	1234
20130815	123	123	123	15.889804404070102	1234
20130815	123	123	123	16.494462543887117	1234
20130815	123	123	123	8.509930318441747	1234
20130815	123	123	123	13.137238605225466	1234
20130815	123	123	123	8.599206836987097	1234
20130815	123	123	123	6.418301628116849	1234
20130815	123	123	123	19.131955240765137	1234
20130815	123	123	123	4.143067406862002	1234
20130815	123	123	123	9.611868987369991	1234
20130815	123	123	123	3.2337999558040753	1234
20130815	123	123	123	5.121310560518435	1234
20130815	123	123	123	5.126957228897185	1234
20130815	123	123	123	17.705669252766064	1234
20130815	123	123	123	8.483453018835531	1234
20130815	123	123	123	6.062384728271393	1234
20130815	123	123	123	18.210354993500715	1234
20130815	123	123	123	4.572371913557349	1234
20130815	123	123	123	6.360290232831785	1234