time startPrice highestPrice lowestPrice endPrice transactionCount
20130815	123	123	123	7.002986730192604	1234
20130815	123	123	123	18.96086875664388	1234
20130815	123	123	123	11.758079522136878	1234
20130815	123	123	123	3.3663780186619796	1234
20130815	123	123	123	2.6572839451372077	1234
20130815	123	123	123	13.560937448428845	1234
20130815	123	123	123	1.3000731568805812	1234
20130815	123	123	123	1.125602035620883	1234
20130815	123	123	123	3.910360375119193	1234
20130815	123	123	123	0.9360493428361938	1234
20130815	123	123	123	12.1917101818142	1234
20130815	123	123	123	2.4434701859405195	1234
20130815	123	123	123	2.485659565524043	1234
20130815	123	123	123	3.124177329883717	1234
20130815	123	123	123	13.940837995913519	1234
20130815	123	123	123	0.08733723128504733	1234
20130815	123	123	123	17.453818648506843	1234
20130815	123	123	123	2.70927146976893	1234
20130815	123	123	123	19.79375567642492	1234
20130815	123	123	123	4.446360347093876	1234
20130815	123	123	123	8.0758241429377	1234
20130815	123	123	123	8.576861444473199	1234
20130815	123	123	123	14.169631547373085	1234
20130815	123	123	123	15.007594228743953	1234
20130815	123	123	123	6.347034537768579	1234
20130815	123	123	123	4.4895821604486645	1234
20130815	123	123	123	15.18062157576568	1234
20130815	123	123	123	15.21505767749442	1234
20130815	123	123	123	5.153331232468245	1234
20130815	123	123	123	3.9768766006564027	1234
20130815	123	123	123	168.48753978805064	1234
20130815	123	123	123	180.4648370804607	1234
20130815	123	123	123	202.34373219561044	1234
20130815	123	123	123	202.57955552192112	1234
20130815	123	123	123	217.26596125538236	1234
20130815	123	123	123	221.63157894736844	1234
20130815	123	123	123	231.73684210526318	1234
20130815	123	123	123	241.84210526315792	1234
20130815	123	123	123	251.94736842105266	1234
20130815	123	123	123	264.7258449717509	1234
20130815	123	123	123	273.9201442887581	1234
20130815	123	123	123	284.10236319587443	1234
20130815	123	123	123	297.23668306002105	1234
20130815	123	123	123	309.66712669558984	1234
20130815	123	123	123	312.5789473684211	1234
20130815	123	123	123	322.68421052631584	1234
20130815	123	123	123	340.2069394076402	1234
20130815	123	123	123	343.4587376765262	1234
20130815	123	123	123	388.7792559547695	1234
20130815	123	123	123	395.47499999688523	1234
20130815	123	123	123	411.2237576105884	1234
20130815	123	123	123	411.9473684210527	1234
20130815	123	123	123	420.86593196984114	1234
20130815	123	123	123	433.3534126539619	1234
20130815	123	123	123	437.6091932768346	1234
20130815	123	123	123	452.6393757143918	1234
20130815	123	123	123	456.23631644876326	1234
20130815	123	123	123	469.27515177722347	1234
20130815	123	123	123	497.7730104317444	1234
20130815	123	123	123	500.8914870257291	1234
20130815	123	123	123	510.7967007713513	1234
20130815	123	123	123	502.12672489666835	1234
20130815	123	123	123	505.57894736842104	1234
20130815	123	123	123	498.1578947368421	1234
20130815	123	123	123	465.92767389285996	1234
20130815	123	123	123	458.8919371289687	1234
20130815	123	123	123	439.0883712878488	1234
20130815	123	123	123	435.38166314171275	1234
20130815	123	123	123	431.36842105263145	1234
20130815	123	123	123	409.4012836325585	1234
20130815	123	123	123	402.7372375291021	1234
20130815	123	123	123	393.94857036395535	1234
20130815	123	123	123	393.22918621587246	1234
20130815	123	123	123	374.77124728210924	1234
20130815	123	123	123	374.6674911565288	1234
20130815	123	123	123	381.24142083395674	1234
20130815	123	123	123	386.8576632852013	1234
20130815	123	123	123	399.36238727466684	1234
20130815	123	123	123	408.55155301038513	1234
20130815	123	123	123	415.89874916689877	1234
20130815	123	123	123	422.48767194763894	1234
20130815	123	123	123	421.1715241840949	1234
20130815	123	123	123	438.60084200180256	1234
20130815	123	123	123	440.4210526315792	1234
20130815	123	123	123	451.12867913686074	1234
20130815	123	123	123	478.6770447545298	1234
20130815	123	123	123	482.34500004683423	1234
20130815	123	123	123	488.4176471819381	1234
20130815	123	123	123	495.15789473684254	1234
20130815	123	123	123	495.782386933375	1234
20130815	123	123	123	489.91005470656063	1234
20130815	123	123	123	469.07697190032195	1234
20130815	123	123	123	458.666464457705	1234
20130815	123	123	123	450.2371616590113	1234
20130815	123	123	123	441.39150736426575	1234
20130815	123	123	123	424.92101879736265	1234
20130815	123	123	123	418.0	1234
20130815	123	123	123	411.0	1234
20130815	123	123	123	404.0	1234
20130815	123	123	123	386.8188024819899	1234
20130815	123	123	123	375.67792516053936	1234
20130815	123	123	123	351.2920088663832	1234
20130815	123	123	123	348.32491543433144	1234
20130815	123	123	123	346.2765117639936	1234
20130815	123	123	123	318.9775356868255	1234
20130815	123	123	123	305.2049911580106	1234
20130815	123	123	123	297.3917601040178	1234
20130815	123	123	123	284.55600795854184	1234
20130815	123	123	123	275.0924063734128	1234
20130815	123	123	123	267.5329854222346	1234
20130815	123	123	123	258.81482472004313	1234
20130815	123	123	123	244.15272283756278	1234
20130815	123	123	123	235.51930320308094	1234
20130815	123	123	123	226.62050626867196	1234
20130815	123	123	123	216.9426147576502	1234
20130815	123	123	123	193.28362519347942	1234
20130815	123	123	123	196.51317026674258	1234
20130815	123	123	123	173.88360092048782	1234
20130815	123	123	123	166.27131312859004	1234
20130815	123	123	123	168.0	1234
20130815	123	123	123	4.447763863443852	1234
20130815	123	123	123	10.582978890791717	1234
20130815	123	123	123	18.829555313797577	1234
20130815	123	123	123	17.31830622810129	1234
20130815	123	123	123	6.364144664449556	1234
20130815	123	123	123	3.7821037841165706	1234
20130815	123	123	123	16.91429757022775	1234
20130815	123	123	123	6.810031125245071	1234
20130815	123	123	123	2.023227836169472	1234
20130815	123	123	123	12.39058609164434	1234
20130815	123	123	123	19.02401609641509	1234
20130815	123	123	123	5.039203789612296	1234
20130815	123	123	123	19.221654746669063	1234
20130815	123	123	123	5.098648110674262	1234
20130815	123	123	123	9.023362800570965	1234
20130815	123	123	123	17.55115523798687	1234
20130815	123	123	123	9.262213091250782	1234
20130815	123	123	123	0.3788516357652094	1234
20130815	123	123	123	0.0475017328846028	1234
20130815	123	123	123	6.0794202660998575	1234
20130815	123	123	123	3.724100124979559	1234
20130815	123	123	123	17.981476098839217	1234
20130815	123	123	123	18.436113006509814	1234
20130815	123	123	123	11.41880506810251	1234
20130815	123	123	123	19.933992200770895	1234
20130815	123	123	123	18.087158336645015	1234
20130815	123	123	123	14.267684263083503	1234
20130815	123	123	123	6.056847920633723	1234
20130815	123	123	123	12.562850932298852	1234
20130815	123	123	123	5.546603660749727	1234