time startPrice highestPrice lowestPrice endPrice transactionCount
20130815	123	123	123	6.661677756089668	1234
20130815	123	123	123	4.924906187778513	1234
20130815	123	123	123	11.28203998060176	1234
20130815	123	123	123	9.733491995197596	1234
20130815	123	123	123	14.259091763993608	1234
20130815	123	123	123	12.814953304593427	1234
20130815	123	123	123	13.446940082160417	1234
20130815	123	123	123	10.040808477430934	1234
20130815	123	123	123	18.94613777713875	1234
20130815	123	123	123	17.985376750340453	1234
20130815	123	123	123	9.520598195117476	1234
20130815	123	123	123	3.3979337696816825	1234
20130815	123	123	123	7.728376070931859	1234
20130815	123	123	123	9.51116285893473	1234
20130815	123	123	123	3.1579372156515717	1234
20130815	123	123	123	17.847274446877904	1234
20130815	123	123	123	6.321704297955895	1234
20130815	123	123	123	16.040234276825018	1234
20130815	123	123	123	14.852677145693509	1234
20130815	123	123	123	7.7275884742839	1234
20130815	123	123	123	4.556680703574736	1234
20130815	123	123	123	7.063563437623747	1234
20130815	123	123	123	15.533694421374797	1234
20130815	123	123	123	6.714088671745326	1234
20130815	123	123	123	17.0006850337798	1234
20130815	123	123	123	9.724317470537486	1234
20130815	123	123	123	11.691775523305136	1234
20130815	123	123	123	9.372738860717398	1234
20130815	123	123	123	13.908390644845351	1234
20130815	123	123	123	10.57827281444107	1234
20130815	123	123	123	167.00782927948643	1234
20130815	123	123	123	177.99732152682242	1234
20130815	123	123	123	181.21052631578948	1234
20130815	123	123	123	204.42567657516233	1234
20130815	123	123	123	204.95172026657772	1234
20130815	123	123	123	217.61804022117917	1234
20130815	123	123	123	250.45175893911633	1234
20130815	123	123	123	249.093925428204	1234
20130815	123	123	123	268.7100876821254	1234
20130815	123	123	123	271.1855946112087	1234
20130815	123	123	123	280.82841215428505	1234
20130815	123	123	123	292.7099972235918	1234
20130815	123	123	123	295.28291810389896	1234
20130815	123	123	123	327.9586995251857	1234
20130815	123	123	123	326.72847351914567	1234
20130815	123	123	123	335.4730671790045	1234
20130815	123	123	123	342.8947368421053	1234
20130815	123	123	123	363.4693266921766	1234
20130815	123	123	123	361.42105263157896	1234
20130815	123	123	123	373.94281276273773	1234
20130815	123	123	123	384.21355383934855	1234
20130815	123	123	123	388.3287962752154	1234
20130815	123	123	123	401.5033622780315	1234
20130815	123	123	123	410.63738303382814	1234
20130815	123	123	123	416.7043193663797	1234
20130815	123	123	123	420.3684210526317	1234
20130815	123	123	123	465.13400535401144	1234
20130815	123	123	123	476.45214557969075	1234
20130815	123	123	123	489.32189507873363	1234
20130815	123	123	123	495.3625643722938	1234
20130815	123	123	123	501.97561025904963	1234
20130815	123	123	123	505.69996873729633	1234
20130815	123	123	123	508.1849723775177	1234
20130815	123	123	123	505.1473145250559	1234
20130815	123	123	123	498.1578947368421	1234
20130815	123	123	123	481.97797265750165	1234
20130815	123	123	123	471.00441550343515	1234
20130815	123	123	123	463.95574129067853	1234
20130815	123	123	123	454.91781215730117	1234
20130815	123	123	123	443.12277219626304	1234
20130815	123	123	123	437.0472062668005	1234
20130815	123	123	123	414.1277406883418	1234
20130815	123	123	123	408.5409848983488	1234
20130815	123	123	123	407.907975413882	1234
20130815	123	123	123	400.0565569321369	1234
20130815	123	123	123	384.2995808058674	1234
20130815	123	123	123	375.9096358543135	1234
20130815	123	123	123	377.83339990537155	1234
20130815	123	123	123	384.29446074320566	1234
20130815	123	123	123	388.39062559754365	1234
20130815	123	123	123	396.0170280293013	1234
20130815	123	123	123	405.2271940488998	1234
20130815	123	123	123	413.9539713774985	1234
20130815	123	123	123	420.2002696284871	1234
20130815	123	123	123	432.61509709064677	1234
20130815	123	123	123	436.02169373472185	1234
20130815	123	123	123	443.0165072405243	1234
20130815	123	123	123	466.8911027152464	1234
20130815	123	123	123	474.6315789473688	1234
20130815	123	123	123	494.36668230791145	1234
20130815	123	123	123	495.1679775466241	1234
20130815	123	123	123	489.6252392801255	1234
20130815	123	123	123	484.29517595818476	1234
20130815	123	123	123	475.38511032194253	1234
20130815	123	123	123	466.0541896105813	1234
20130815	123	123	123	460.0	1234
20130815	123	123	123	441.08562262496145	1234
20130815	123	123	123	443.76485109129015	1234
20130815	123	123	123	434.51378983830307	1234
20130815	123	123	123	423.4922462336416	1234
20130815	123	123	123	408.34609053029664	1234
20130815	123	123	123	403.9034104194779	1234
20130815	123	123	123	394.79004435580157	1234
20130815	123	123	123	389.69118227828	1234
20130815	123	123	123	345.9578858619107	1234
20130815	123	123	123	349.737483040834	1234
20130815	123	123	123	343.608313532609	1234
20130815	123	123	123	322.0513038724919	1234
20130815	123	123	123	300.2636722247555	1234
20130815	123	123	123	291.0310491210473	1234
20130815	123	123	123	276.3626359002988	1234
20130815	123	123	123	263.8063011393577	1234
20130815	123	123	123	252.3251683072463	1234
20130815	123	123	123	216.0507801738638	1234
20130815	123	123	123	218.21362919575432	1234
20130815	123	123	123	197.3522889721265	1234
20130815	123	123	123	195.1207478180212	1234
20130815	123	123	123	188.31711442641006	1234
20130815	123	123	123	174.49148355978312	1234
20130815	123	123	123	168.0	1234
20130815	123	123	123	5.633574251995013	1234
20130815	123	123	123	6.705428518263508	1234
20130815	123	123	123	17.864930519958143	1234
20130815	123	123	123	8.377886399601671	1234
20130815	123	123	123	13.775978697766675	1234
20130815	123	123	123	19.385370638832345	1234
20130815	123	123	123	4.865038970109139	1234
20130815	123	123	123	8.737560125133655	1234
20130815	123	123	123	18.33550027559163	1234
20130815	123	123	123	8.729712606981419	1234
20130815	123	123	123	15.075364779131986	1234
20130815	123	123	123	4.447811834226004	1234
20130815	123	123	123	13.333706078898489	1234
20130815	123	123	123	19.92901846521679	1234
20130815	123	123	123	8.156054517823335	1234
20130815	123	123	123	6.241194863247959	1234
20130815	123	123	123	4.5311233582092765	1234
20130815	123	123	123	4.65093338367404	1234
20130815	123	123	123	10.77160564028167	1234
20130815	123	123	123	17.972990842901783	1234
20130815	123	123	123	14.718447574206799	1234
20130815	123	123	123	0.8579899194496621	1234
20130815	123	123	123	19.799910138694838	1234
20130815	123	123	123	7.464836921874285	1234
20130815	123	123	123	10.735290661090449	1234
20130815	123	123	123	16.527186124978513	1234
20130815	123	123	123	3.752294942426766	1234
20130815	123	123	123	9.669616451978742	1234
20130815	123	123	123	6.653122805540431	1234
20130815	123	123	123	10.93160557287866	1234