time startPrice highestPrice lowestPrice endPrice transactionCount
20130815	123	123	123	16.935171210165233	1234
20130815	123	123	123	6.406359256527918	1234
20130815	123	123	123	7.318403874077173	1234
20130815	123	123	123	11.282507145827605	1234
20130815	123	123	123	10.029031606868696	1234
20130815	123	123	123	17.044934484584754	1234
20130815	123	123	123	1.38559801702969	1234
20130815	123	123	123	6.09138975870636	1234
20130815	123	123	123	15.77742857544859	1234
20130815	123	123	123	10.487631994547211	1234
20130815	123	123	123	15.030358960951283	1234
20130815	123	123	123	3.778989746853101	1234
20130815	123	123	123	1.79342273006188	1234
20130815	123	123	123	13.040171863898289	1234
20130815	123	123	123	7.245257233175153	1234
20130815	123	123	123	7.339502598004004	1234
20130815	123	123	123	12.616741964644868	1234
20130815	123	123	123	10.848576403287746	1234
20130815	123	123	123	10.134567019769257	1234
20130815	123	123	123	7.100196871979265	1234
20130815	123	123	123	3.5128975759145664	1234
20130815	123	123	123	3.2965237698840433	1234
20130815	123	123	123	1.6234911844242084	1234
20130815	123	123	123	9.568267715853832	1234
20130815	123	123	123	6.0874304652348314	1234
20130815	123	123	123	3.7197015662592547	1234
20130815	123	123	123	17.945474978580684	1234
20130815	123	123	123	14.86085440458208	1234
20130815	123	123	123	8.032790026685912	1234
20130815	123	123	123	3.58765259516141	1234
20130815	123	123	123	167.11304043474325	1234
20130815	123	123	123	172.7013096575393	1234
20130815	123	123	123	193.7312908876166	1234
20130815	123	123	123	195.1861003483488	1234
20130815	123	123	123	207.18857045581464	1234
20130815	123	123	123	215.67560064129881	1234
20130815	123	123	123	227.23329226947666	1234
20130815	123	123	123	244.36075739001555	1234
20130815	123	123	123	254.35201017874095	1234
20130815	123	123	123	268.76684579967997	1234
20130815	123	123	123	275.6243899613349	1234
20130815	123	123	123	295.96717748625105	1234
20130815	123	123	123	303.491194462583	1234
20130815	123	123	123	319.1508405212577	1234
20130815	123	123	123	330.9784589669924	1234
20130815	123	123	123	345.5808707260491	1234
20130815	123	123	123	357.60715416664556	1234
20130815	123	123	123	367.62632640222205	1234
20130815	123	123	123	376.5057071230614	1234
20130815	123	123	123	401.59116228745336	1234
20130815	123	123	123	395.1052631578948	1234
20130815	123	123	123	421.47533424181785	1234
20130815	123	123	123	436.34717739040883	1234
20130815	123	123	123	445.63157894736855	1234
20130815	123	123	123	462.0107422295359	1234
20130815	123	123	123	465.5694176926129	1234
20130815	123	123	123	470.89473684210543	1234
20130815	123	123	123	482.4742452992897	1234
20130815	123	123	123	494.87305310792965	1234
20130815	123	123	123	505.55252340785074	1234
20130815	123	123	123	504.57894736842127	1234
20130815	123	123	123	509.14637381826435	1234
20130815	123	123	123	484.00864153722335	1234
20130815	123	123	123	487.24804666309336	1234
20130815	123	123	123	478.8467531277644	1234
20130815	123	123	123	475.5503245817966	1234
20130815	123	123	123	457.02530475224745	1234
20130815	123	123	123	445.88416578932754	1234
20130815	123	123	123	424.74270721882914	1234
20130815	123	123	123	415.64633285256804	1234
20130815	123	123	123	416.52631578947353	1234
20130815	123	123	123	386.8421052631577	1234
20130815	123	123	123	378.0179557163849	1234
20130815	123	123	123	374.76909765177373	1234
20130815	123	123	123	392.5095223205684	1234
20130815	123	123	123	392.52631578947376	1234
20130815	123	123	123	410.400315449505	1234
20130815	123	123	123	424.1120653945484	1234
20130815	123	123	123	429.4544761606606	1234
20130815	123	123	123	439.5911424760543	1234
20130815	123	123	123	443.2660712904515	1234
20130815	123	123	123	449.41364859402574	1234
20130815	123	123	123	454.86610739436276	1234
20130815	123	123	123	468.3922299721323	1234
20130815	123	123	123	479.1548364869871	1234
20130815	123	123	123	482.3155492372549	1234
20130815	123	123	123	495.10993557263674	1234
20130815	123	123	123	491.76066885047777	1234
20130815	123	123	123	485.06853270472607	1234
20130815	123	123	123	476.2435957941724	1234
20130815	123	123	123	464.49269352278924	1234
20130815	123	123	123	461.24599825890954	1234
20130815	123	123	123	454.3470621861257	1234
20130815	123	123	123	447.281649865484	1234
20130815	123	123	123	444.84754684982096	1234
20130815	123	123	123	411.06956655459726	1234
20130815	123	123	123	418.0	1234
20130815	123	123	123	407.5097570987361	1234
20130815	123	123	123	400.18335962537236	1234
20130815	123	123	123	397.0	1234
20130815	123	123	123	388.60837296254437	1234
20130815	123	123	123	382.80410277253884	1234
20130815	123	123	123	368.4124583054848	1234
20130815	123	123	123	369.0	1234
20130815	123	123	123	358.42105263157896	1234
20130815	123	123	123	342.6825225730046	1234
20130815	123	123	123	316.88361796478773	1234
20130815	123	123	123	303.39061713302164	1234
20130815	123	123	123	301.35509548751025	1234
20130815	123	123	123	288.3638632606646	1234
20130815	123	123	123	282.14249871654954	1234
20130815	123	123	123	262.9393115208502	1234
20130815	123	123	123	263.2105263157896	1234
20130815	123	123	123	230.51513358024752	1234
20130815	123	123	123	204.44937313859393	1234
20130815	123	123	123	205.30586975581355	1234
20130815	123	123	123	189.89189568969041	1234
20130815	123	123	123	189.1578947368423	1234
20130815	123	123	123	168.08315012867877	1234
20130815	123	123	123	168.0	1234
20130815	123	123	123	7.023925526748074	1234
20130815	123	123	123	17.74568795360764	1234
20130815	123	123	123	15.204255931713123	1234
20130815	123	123	123	3.588799100305211	1234
20130815	123	123	123	18.8060902026249	1234
20130815	123	123	123	6.167490271403326	1234
20130815	123	123	123	13.22522599749859	1234
20130815	123	123	123	10.464461693891131	1234
20130815	123	123	123	16.673224789063042	1234
20130815	123	123	123	8.107906444479301	1234
20130815	123	123	123	17.95108187437738	1234
20130815	123	123	123	1.972855484794418	1234
20130815	123	123	123	15.242618961249473	1234
20130815	123	123	123	12.724396011566883	1234
20130815	123	123	123	19.374779038709292	1234
20130815	123	123	123	14.024203973765657	1234
20130815	123	123	123	4.19342532260689	1234
20130815	123	123	123	4.936188151379715	1234
20130815	123	123	123	1.9361800511672844	1234
20130815	123	123	123	3.8132607755304404	1234
20130815	123	123	123	5.1896587946186035	1234
20130815	123	123	123	3.973032556791216	1234
20130815	123	123	123	5.701087492328991	1234
20130815	123	123	123	10.685692812131851	1234
20130815	123	123	123	9.540143162975681	1234
20130815	123	123	123	5.875161175924681	1234
20130815	123	123	123	17.50481471835385	1234
20130815	123	123	123	12.509929773159527	1234
20130815	123	123	123	17.926572072429224	1234
20130815	123	123	123	17.53051255347086	1234