time startPrice highestPrice lowestPrice endPrice transactionCount
20130815	123	123	123	7.894444097330922	1234
20130815	123	123	123	18.77669810696781	1234
20130815	123	123	123	4.60046793380767	1234
20130815	123	123	123	1.2572883841801596	1234
20130815	123	123	123	13.920064915811972	1234
20130815	123	123	123	19.727987884873333	1234
20130815	123	123	123	11.805216839330877	1234
20130815	123	123	123	19.49243454289575	1234
20130815	123	123	123	10.309034629520058	1234
20130815	123	123	123	15.61976543998896	1234
20130815	123	123	123	16.69604848897871	1234
20130815	123	123	123	1.5073140832319565	1234
20130815	123	123	123	16.111588876640123	1234
20130815	123	123	123	6.812741510247813	1234
20130815	123	123	123	3.175246961923852	1234
20130815	123	123	123	12.416457092387706	1234
20130815	123	123	123	8.667593533589685	1234
20130815	123	123	123	13.306761703897543	1234
20130815	123	123	123	19.647094624235912	1234
20130815	123	123	123	7.306895191406828	1234
20130815	123	123	123	17.619323725536237	1234
20130815	123	123	123	17.545244165664418	1234
20130815	123	123	123	1.5995762499090493	1234
20130815	123	123	123	10.230010996144825	1234
20130815	123	123	123	6.941763153465407	1234
20130815	123	123	123	13.91283083688004	1234
20130815	123	123	123	11.59233624887513	1234
20130815	123	123	123	0.8598044799335125	1234
20130815	123	123	123	7.971990817796019	1234
20130815	123	123	123	10.803323374112894	1234
20130815	123	123	123	163.79353833379005	1234
20130815	123	123	123	204.52082368168232	1234
20130815	123	123	123	203.87101672921116	1234
20130815	123	123	123	203.650257208556	1234
20130815	123	123	123	218.85826214492621	1234
20130815	123	123	123	233.82148548127995	1234
20130815	123	123	123	246.13281252278486	1234
20130815	123	123	123	258.9509667969487	1234
20130815	123	123	123	266.2440748248412	1234
20130815	123	123	123	280.3755840145023	1234
20130815	123	123	123	308.85340496321817	1234
20130815	123	123	123	324.68038735974	1234
20130815	123	123	123	340.7418586967503	1234
20130815	123	123	123	348.26394534691656	1234
20130815	123	123	123	365.50728691198975	1234
20130815	123	123	123	364.2309361180071	1234
20130815	123	123	123	379.3711372207551	1234
20130815	123	123	123	387.74966093166836	1234
20130815	123	123	123	399.3711078860746	1234
20130815	123	123	123	404.68718345365716	1234
20130815	123	123	123	430.3701836652564	1234
20130815	123	123	123	422.56788953534306	1234
20130815	123	123	123	433.8938000080144	1234
20130815	123	123	123	444.67636859764576	1234
20130815	123	123	123	445.63157894736855	1234
20130815	123	123	123	462.1866515674349	1234
20130815	123	123	123	468.0349177925849	1234
20130815	123	123	123	479.3157894736844	1234
20130815	123	123	123	491.92488162576996	1234
20130815	123	123	123	498.18577603892385	1234
20130815	123	123	123	517.0076703573852	1234
20130815	123	123	123	512.2074657313784	1234
20130815	123	123	123	498.92255954481936	1234
20130815	123	123	123	494.4383086375739	1234
20130815	123	123	123	485.8784129123322	1234
20130815	123	123	123	475.90601815724017	1234
20130815	123	123	123	474.20053480987633	1234
20130815	123	123	123	463.64146652223246	1234
20130815	123	123	123	449.5767846994359	1234
20130815	123	123	123	434.7503798987852	1234
20130815	123	123	123	420.0312431935045	1234
20130815	123	123	123	412.03770796057404	1234
20130815	123	123	123	400.2388926885517	1234
20130815	123	123	123	399.9223624466446	1234
20130815	123	123	123	375.3366988039004	1234
20130815	123	123	123	372.0	1234
20130815	123	123	123	383.45879020607106	1234
20130815	123	123	123	406.41577156080876	1234
20130815	123	123	123	409.6714814907424	1234
20130815	123	123	123	413.818206508596	1234
20130815	123	123	123	434.989087307801	1234
20130815	123	123	123	438.2314223270253	1234
20130815	123	123	123	440.5214403419317	1234
20130815	123	123	123	497.9410885830294	1234
20130815	123	123	123	482.71605557349716	1234
20130815	123	123	123	490.5048245408618	1234
20130815	123	123	123	495.15789473684254	1234
20130815	123	123	123	496.5835176504702	1234
20130815	123	123	123	489.57744541318834	1234
20130815	123	123	123	484.4398245003696	1234
20130815	123	123	123	471.71886814459157	1234
20130815	123	123	123	469.1772058997346	1234
20130815	123	123	123	461.0396743410053	1234
20130815	123	123	123	454.17098355214546	1234
20130815	123	123	123	444.59549306579817	1234
20130815	123	123	123	432.81436817943455	1234
20130815	123	123	123	438.96807265688216	1234
20130815	123	123	123	430.7040607206867	1234
20130815	123	123	123	420.757723515693	1234
20130815	123	123	123	405.4410013845276	1234
20130815	123	123	123	396.32341406709895	1234
20130815	123	123	123	395.7063836724059	1234
20130815	123	123	123	373.34501868748976	1234
20130815	123	123	123	362.79768104443997	1234
20130815	123	123	123	356.16472558188315	1234
20130815	123	123	123	337.563356021027	1234
20130815	123	123	123	331.0556262267386	1234
20130815	123	123	123	307.9111334395559	1234
20130815	123	123	123	295.7924370328307	1234
20130815	123	123	123	290.20033149261565	1234
20130815	123	123	123	270.31529662091697	1234
20130815	123	123	123	261.8316815137802	1234
20130815	123	123	123	250.04109119272715	1234
20130815	123	123	123	242.9230815908123	1234
20130815	123	123	123	238.23834457893912	1234
20130815	123	123	123	225.57293592053156	1234
20130815	123	123	123	209.77597007923947	1234
20130815	123	123	123	199.73684210526335	1234
20130815	123	123	123	172.8407306598247	1234
20130815	123	123	123	168.0	1234
20130815	123	123	123	19.05628617689157	1234
20130815	123	123	123	19.196605280986095	1234
20130815	123	123	123	3.5481325969166844	1234
20130815	123	123	123	19.670135516142896	1234
20130815	123	123	123	8.501664236521961	1234
20130815	123	123	123	18.792909700678386	1234
20130815	123	123	123	3.622249731479239	1234
20130815	123	123	123	2.131653604162498	1234
20130815	123	123	123	4.047751978988845	1234
20130815	123	123	123	17.200693426507808	1234
20130815	123	123	123	16.090460371357405	1234
20130815	123	123	123	10.989041163721467	1234
20130815	123	123	123	10.628865420214238	1234
20130815	123	123	123	8.687184194962583	1234
20130815	123	123	123	3.0874772046624255	1234
20130815	123	123	123	13.924196354614452	1234
20130815	123	123	123	17.797639813434937	1234
20130815	123	123	123	18.738763283789577	1234
20130815	123	123	123	2.6216686109301612	1234
20130815	123	123	123	9.68071367804278	1234
20130815	123	123	123	10.738034574570731	1234
20130815	123	123	123	12.47028764140537	1234
20130815	123	123	123	8.180637959727262	1234
20130815	123	123	123	15.690863666865948	1234
20130815	123	123	123	4.916893460732585	1234
20130815	123	123	123	19.779815561576864	1234
20130815	123	123	123	14.816243693551744	1234
20130815	123	123	123	3.396760446573648	1234
20130815	123	123	123	5.744294924094719	1234
20130815	123	123	123	8.936345175647347	1234