time startPrice highestPrice lowestPrice endPrice transactionCount
20130815	123	123	123	3.061715478030167	1234
20130815	123	123	123	12.480545509882097	1234
20130815	123	123	123	7.96400822536018	1234
20130815	123	123	123	15.384607314428964	1234
20130815	123	123	123	6.400381417385863	1234
20130815	123	123	123	18.010631990517453	1234
20130815	123	123	123	18.930380840027702	1234
20130815	123	123	123	0.22369001732877036	1234
20130815	123	123	123	5.865950658199872	1234
20130815	123	123	123	6.1885256774033	1234
20130815	123	123	123	6.45996391084235	1234
20130815	123	123	123	3.9498930386734576	1234
20130815	123	123	123	6.088414739797459	1234
20130815	123	123	123	12.502046416438684	1234
20130815	123	123	123	1.4015434246653924	1234
20130815	123	123	123	10.432490006042288	1234
20130815	123	123	123	10.253645307349917	1234
20130815	123	123	123	4.135388596583387	1234
20130815	123	123	123	14.153705389597157	1234
20130815	123	123	123	18.40487441455107	1234
20130815	123	123	123	12.513200557849292	1234
20130815	123	123	123	10.848016372648274	1234
20130815	123	123	123	15.669809948230826	1234
20130815	123	123	123	18.474103079282866	1234
20130815	123	123	123	17.165310830388194	1234
20130815	123	123	123	1.0562906607920475	1234
20130815	123	123	123	3.74397839077685	1234
20130815	123	123	123	4.021219176897213	1234
20130815	123	123	123	16.768305380052734	1234
20130815	123	123	123	12.86209156036233	1234
20130815	123	123	123	178.78998030830783	1234
20130815	123	123	123	201.57122199294372	1234
20130815	123	123	123	210.18344091550057	1234
20130815	123	123	123	221.42042634496025	1234
20130815	123	123	123	223.91885453289248	1234
20130815	123	123	123	249.71201039737477	1234
20130815	123	123	123	262.20493313015845	1234
20130815	123	123	123	269.1073883802712	1234
20130815	123	123	123	274.47292223531286	1234
20130815	123	123	123	282.9439797208399	1234
20130815	123	123	123	298.88097960903224	1234
20130815	123	123	123	315.8737720899738	1234
20130815	123	123	123	318.98828683577057	1234
20130815	123	123	123	331.6879199735239	1234
20130815	123	123	123	339.69096827268675	1234
20130815	123	123	123	354.16397566163903	1234
20130815	123	123	123	358.83697601302674	1234
20130815	123	123	123	374.70946267268886	1234
20130815	123	123	123	379.89775346813366	1234
20130815	123	123	123	386.68421052631584	1234
20130815	123	123	123	402.88549449910147	1234
20130815	123	123	123	404.29384692756014	1234
20130815	123	123	123	421.8338357234223	1234
20130815	123	123	123	429.4871579354797	1234
20130815	123	123	123	439.4811052971756	1234
20130815	123	123	123	448.4137619219499	1234
20130815	123	123	123	463.8477757315139	1234
20130815	123	123	123	476.677633060266	1234
20130815	123	123	123	483.7134331401505	1234
20130815	123	123	123	497.7432484394959	1234
20130815	123	123	123	504.47186271813723	1234
20130815	123	123	123	496.27382992610364	1234
20130815	123	123	123	470.0230656960461	1234
20130815	123	123	123	466.8203083269519	1234
20130815	123	123	123	455.99927571239294	1234
20130815	123	123	123	438.58219404877013	1234
20130815	123	123	123	428.6774624841963	1234
20130815	123	123	123	422.5537154612059	1234
20130815	123	123	123	409.4955720017458	1234
20130815	123	123	123	409.10526315789457	1234
20130815	123	123	123	398.56702275497116	1234
20130815	123	123	123	394.26315789473665	1234
20130815	123	123	123	383.8334338138313	1234
20130815	123	123	123	378.84968866990965	1234
20130815	123	123	123	372.0	1234
20130815	123	123	123	407.4393315039281	1234
20130815	123	123	123	427.1135066421166	1234
20130815	123	123	123	429.2353235812114	1234
20130815	123	123	123	441.13448051883387	1234
20130815	123	123	123	440.4210526315792	1234
20130815	123	123	123	448.71673632139897	1234
20130815	123	123	123	454.105263157895	1234
20130815	123	123	123	502.01895094839404	1234
20130815	123	123	123	492.8538600950565	1234
20130815	123	123	123	507.1599147461289	1234
20130815	123	123	123	493.12476420167025	1234
20130815	123	123	123	493.62162674283485	1234
20130815	123	123	123	481.8793545641877	1234
20130815	123	123	123	473.13327411178614	1234
20130815	123	123	123	466.6469046744891	1234
20130815	123	123	123	461.5053471629597	1234
20130815	123	123	123	445.30881527843474	1234
20130815	123	123	123	444.5857564871978	1234
20130815	123	123	123	432.475962064322	1234
20130815	123	123	123	422.3757671216684	1234
20130815	123	123	123	421.1080353802249	1234
20130815	123	123	123	406.7530839102565	1234
20130815	123	123	123	402.0679622538086	1234
20130815	123	123	123	392.6279554140525	1234
20130815	123	123	123	387.00260831448713	1234
20130815	123	123	123	383.0	1234
20130815	123	123	123	367.5398449575784	1234
20130815	123	123	123	358.57309770800094	1234
20130815	123	123	123	358.42105263157896	1234
20130815	123	123	123	341.9067409755172	1234
20130815	123	123	123	327.5466825662368	1234
20130815	123	123	123	324.1790041905384	1234
20130815	123	123	123	312.3958527197769	1234
20130815	123	123	123	300.7242971303105	1234
20130815	123	123	123	284.93989907329257	1234
20130815	123	123	123	283.48913782995135	1234
20130815	123	123	123	273.68413204535807	1234
20130815	123	123	123	250.02187196060083	1234
20130815	123	123	123	242.0526315789475	1234
20130815	123	123	123	214.81833763616385	1234
20130815	123	123	123	204.15717719396176	1234
20130815	123	123	123	199.73684210526335	1234
20130815	123	123	123	186.24851407527933	1234
20130815	123	123	123	167.58530003935155	1234
20130815	123	123	123	168.0	1234
20130815	123	123	123	3.038168503644989	1234
20130815	123	123	123	2.1135725504351788	1234
20130815	123	123	123	2.2266358961762545	1234
20130815	123	123	123	12.05785162169196	1234
20130815	123	123	123	17.251836533201974	1234
20130815	123	123	123	4.3980129804547285	1234
20130815	123	123	123	1.8935679101732017	1234
20130815	123	123	123	19.54758391855364	1234
20130815	123	123	123	14.90207337025433	1234
20130815	123	123	123	9.916475486417484	1234
20130815	123	123	123	13.863510738703024	1234
20130815	123	123	123	9.158622936193716	1234
20130815	123	123	123	6.373520953215004	1234
20130815	123	123	123	1.8831522043501558	1234
20130815	123	123	123	5.880869826826327	1234
20130815	123	123	123	3.4789810858502834	1234
20130815	123	123	123	19.213776451322683	1234
20130815	123	123	123	8.685085338949882	1234
20130815	123	123	123	10.671201894740257	1234
20130815	123	123	123	10.140350425935852	1234
20130815	123	123	123	1.0913958952033886	1234
20130815	123	123	123	5.715680013160574	1234
20130815	123	123	123	1.0043712975904828	1234
20130815	123	123	123	3.8769617535016043	1234
20130815	123	123	123	15.400022723052832	1234
20130815	123	123	123	19.123291455238878	1234
20130815	123	123	123	8.4283019693619	1234
20130815	123	123	123	10.725649703256423	1234
20130815	123	123	123	3.1835630866614317	1234
20130815	123	123	123	15.154695919081218	1234