time startPrice highestPrice lowestPrice endPrice transactionCount
20130815	123	123	123	4.0698318986338915	1234
20130815	123	123	123	0.26161281707580475	1234
20130815	123	123	123	8.92842317775078	1234
20130815	123	123	123	2.6053943576695637	1234
20130815	123	123	123	18.854552992385873	1234
20130815	123	123	123	0.4280120463310477	1234
20130815	123	123	123	12.13971520233783	1234
20130815	123	123	123	4.9242564993932	1234
20130815	123	123	123	12.589989173756415	1234
20130815	123	123	123	2.5831185130180456	1234
20130815	123	123	123	13.757474728894135	1234
20130815	123	123	123	10.360514955705558	1234
20130815	123	123	123	6.087868435762143	1234
20130815	123	123	123	6.73921362060068	1234
20130815	123	123	123	2.830870275586228	1234
20130815	123	123	123	0.12053018207064614	1234
20130815	123	123	123	4.501550613907361	1234
20130815	123	123	123	19.880695319815214	1234
20130815	123	123	123	4.056041381837481	1234
20130815	123	123	123	5.491079691453493	1234
20130815	123	123	123	1.6329385632998283	1234
20130815	123	123	123	12.6309141029724	1234
20130815	123	123	123	3.653951377909248	1234
20130815	123	123	123	11.061345080182992	1234
20130815	123	123	123	15.27753810366689	1234
20130815	123	123	123	12.590864606770499	1234
20130815	123	123	123	5.7239502896543115	1234
20130815	123	123	123	15.716906756407461	1234
20130815	123	123	123	4.968145773895016	1234
20130815	123	123	123	10.011951742579488	1234
20130815	123	123	123	161.1829874724356	1234
20130815	123	123	123	181.52649525461862	1234
20130815	123	123	123	186.43222662115002	1234
20130815	123	123	123	201.69673306146186	1234
20130815	123	123	123	221.54324136856548	1234
20130815	123	123	123	234.93688031177714	1234
20130815	123	123	123	236.09363556175805	1234
20130815	123	123	123	262.1600045190397	1234
20130815	123	123	123	264.43471336618995	1234
20130815	123	123	123	276.13832654402813	1234
20130815	123	123	123	298.50665237743607	1234
20130815	123	123	123	307.88892839962386	1234
20130815	123	123	123	322.0406963933427	1234
20130815	123	123	123	332.7894736842106	1234
20130815	123	123	123	348.45135526155497	1234
20130815	123	123	123	359.0491477363241	1234
20130815	123	123	123	364.5552760118546	1234
20130815	123	123	123	369.8421052631579	1234
20130815	123	123	123	393.47711297150863	1234
20130815	123	123	123	392.92402024169684	1234
20130815	123	123	123	398.10304086315483	1234
20130815	123	123	123	418.9393764054223	1234
20130815	123	123	123	418.5450696002772	1234
20130815	123	123	123	423.04789262267496	1234
20130815	123	123	123	436.3314033179085	1234
20130815	123	123	123	445.1673624052036	1234
20130815	123	123	123	450.94758074007814	1234
20130815	123	123	123	454.12887004029295	1234
20130815	123	123	123	475.49808335699333	1234
20130815	123	123	123	483.5430828210614	1234
20130815	123	123	123	490.7442824337638	1234
20130815	123	123	123	505.4362857451196	1234
20130815	123	123	123	504.7615139149614	1234
20130815	123	123	123	493.21934360928697	1234
20130815	123	123	123	485.35044541226125	1234
20130815	123	123	123	476.49941965464063	1234
20130815	123	123	123	468.47891521504056	1234
20130815	123	123	123	440.4219223660556	1234
20130815	123	123	123	439.3966882273832	1234
20130815	123	123	123	438.7894736842104	1234
20130815	123	123	123	413.82322003670305	1234
20130815	123	123	123	415.67114421082215	1234
20130815	123	123	123	409.1010137544721	1234
20130815	123	123	123	401.55618437841	1234
20130815	123	123	123	394.26315789473665	1234
20130815	123	123	123	382.8878907807416	1234
20130815	123	123	123	375.86037302484317	1234
20130815	123	123	123	373.9355439722444	1234
20130815	123	123	123	391.0329110149386	1234
20130815	123	123	123	392.69581226732976	1234
20130815	123	123	123	401.423465457048	1234
20130815	123	123	123	400.14646038066763	1234
20130815	123	123	123	406.2105263157896	1234
20130815	123	123	123	418.865712849311	1234
20130815	123	123	123	430.725006153687	1234
20130815	123	123	123	431.94034561835383	1234
20130815	123	123	123	443.34047370885526	1234
20130815	123	123	123	464.25220427509646	1234
20130815	123	123	123	466.1006785440257	1234
20130815	123	123	123	505.92544075875526	1234
20130815	123	123	123	499.4770999404157	1234
20130815	123	123	123	489.0152538918272	1234
20130815	123	123	123	478.8553165056235	1234
20130815	123	123	123	468.8700776249294	1234
20130815	123	123	123	458.36201043301	1234
20130815	123	123	123	429.7533236780229	1234
20130815	123	123	123	432.0	1234
20130815	123	123	123	421.94059709036895	1234
20130815	123	123	123	415.7593043356366	1234
20130815	123	123	123	394.3134883233336	1234
20130815	123	123	123	392.64679752195013	1234
20130815	123	123	123	389.5248082463397	1234
20130815	123	123	123	375.37555398397257	1234
20130815	123	123	123	349.74162623064353	1234
20130815	123	123	123	358.42105263157896	1234
20130815	123	123	123	347.43640731028313	1234
20130815	123	123	123	332.42139809118356	1234
20130815	123	123	123	319.7417522383205	1234
20130815	123	123	123	303.26651208493195	1234
20130815	123	123	123	298.72661451789065	1234
20130815	123	123	123	291.88385211060506	1234
20130815	123	123	123	271.23145679096734	1234
20130815	123	123	123	258.9455450914243	1234
20130815	123	123	123	220.30941761041126	1234
20130815	123	123	123	216.39060175961993	1234
20130815	123	123	123	209.42738658485632	1234
20130815	123	123	123	199.73684210526335	1234
20130815	123	123	123	178.58447532735497	1234
20130815	123	123	123	173.09657791324827	1234
20130815	123	123	123	168.0	1234
20130815	123	123	123	18.91984878672339	1234
20130815	123	123	123	3.1324283396548114	1234
20130815	123	123	123	3.7315365400602207	1234
20130815	123	123	123	8.125224791339962	1234
20130815	123	123	123	12.611716821786551	1234
20130815	123	123	123	11.712375450931859	1234
20130815	123	123	123	18.851446216873967	1234
20130815	123	123	123	15.234626342573758	1234
20130815	123	123	123	14.138018306752931	1234
20130815	123	123	123	10.276761993412558	1234
20130815	123	123	123	3.1350361854168574	1234
20130815	123	123	123	8.591948734572028	1234
20130815	123	123	123	4.319099075345445	1234
20130815	123	123	123	0.261581134418567	1234
20130815	123	123	123	7.808933339268977	1234
20130815	123	123	123	1.1063603560720736	1234
20130815	123	123	123	7.0944612778518845	1234
20130815	123	123	123	17.801226747648823	1234
20130815	123	123	123	0.9248673915532146	1234
20130815	123	123	123	11.101513691219742	1234
20130815	123	123	123	0.9626510569213398	1234
20130815	123	123	123	19.782875054883284	1234
20130815	123	123	123	11.033794002228547	1234
20130815	123	123	123	12.618400469220504	1234
20130815	123	123	123	4.844004354528614	1234
20130815	123	123	123	6.81044402820768	1234
20130815	123	123	123	14.891343159699655	1234
20130815	123	123	123	9.172284764436771	1234
20130815	123	123	123	9.052891806089116	1234
20130815	123	123	123	2.9884143478751835	1234