time startPrice highestPrice lowestPrice endPrice transactionCount
20130815	123	123	123	10.700676669861437	1234
20130815	123	123	123	9.844342050037703	1234
20130815	123	123	123	13.600472246751714	1234
20130815	123	123	123	4.187727066768758	1234
20130815	123	123	123	8.663018765692243	1234
20130815	123	123	123	17.16464932424247	1234
20130815	123	123	123	7.840253573021892	1234
20130815	123	123	123	5.67742180667163	1234
20130815	123	123	123	11.11027245492763	1234
20130815	123	123	123	5.264170786738937	1234
20130815	123	123	123	3.595346999788298	1234
20130815	123	123	123	8.011048406192447	1234
20130815	123	123	123	3.4415374535435928	1234
20130815	123	123	123	4.499835098714469	1234
20130815	123	123	123	3.3964487987637804	1234
20130815	123	123	123	5.669108334882678	1234
20130815	123	123	123	11.400581865519479	1234
20130815	123	123	123	0.29295460801865403	1234
20130815	123	123	123	11.320505267778337	1234
20130815	123	123	123	4.785018201098394	1234
20130815	123	123	123	0.07757568604527254	1234
20130815	123	123	123	11.502610082886516	1234
20130815	123	123	123	6.805573588953118	1234
20130815	123	123	123	18.503320453160647	1234
20130815	123	123	123	12.30835449759089	1234
20130815	123	123	123	3.205254923703751	1234
20130815	123	123	123	11.050771844196081	1234
20130815	123	123	123	1.5942887308130116	1234
20130815	123	123	123	5.331676865999904	1234
20130815	123	123	123	17.04277680800764	1234
20130815	123	123	123	161.0	1234
20130815	123	123	123	173.0944151587208	1234
20130815	123	123	123	189.30339553554123	1234
20130815	123	123	123	198.93907489945423	1234
20130815	123	123	123	204.11294249809038	1234
20130815	123	123	123	216.8818001266796	1234
20130815	123	123	123	227.8677611198633	1234
20130815	123	123	123	257.99958972863664	1234
20130815	123	123	123	264.74834507627526	1234
20130815	123	123	123	270.74711599089665	1234
20130815	123	123	123	293.92013126488695	1234
20130815	123	123	123	300.0630187782069	1234
20130815	123	123	123	305.76341174022684	1234
20130815	123	123	123	325.9566649593977	1234
20130815	123	123	123	322.68421052631584	1234
20130815	123	123	123	352.5989166753963	1234
20130815	123	123	123	361.68494020156214	1234
20130815	123	123	123	372.1981048854057	1234
20130815	123	123	123	384.1237727773159	1234
20130815	123	123	123	400.5729572404815	1234
20130815	123	123	123	396.7702457041803	1234
20130815	123	123	123	411.0609724828465	1234
20130815	123	123	123	423.1254640807937	1234
20130815	123	123	123	473.8103109916493	1234
20130815	123	123	123	465.35940192753196	1234
20130815	123	123	123	478.44452674028105	1234
20130815	123	123	123	479.3157894736844	1234
20130815	123	123	123	493.64980675526823	1234
20130815	123	123	123	498.3418102414929	1234
20130815	123	123	123	510.3483967042882	1234
20130815	123	123	123	510.2735789229612	1234
20130815	123	123	123	502.9240735450694	1234
20130815	123	123	123	483.3126871779139	1234
20130815	123	123	123	478.30184053153533	1234
20130815	123	123	123	475.8947368421052	1234
20130815	123	123	123	463.78952869092785	1234
20130815	123	123	123	461.0526315789473	1234
20130815	123	123	123	450.7341847338847	1234
20130815	123	123	123	443.8434578477253	1234
20130815	123	123	123	418.79627227888597	1234
20130815	123	123	123	418.67674937528693	1234
20130815	123	123	123	392.58808142728026	1234
20130815	123	123	123	389.3716390776302	1234
20130815	123	123	123	393.81726564075103	1234
20130815	123	123	123	377.1610895369147	1234
20130815	123	123	123	379.42105263157873	1234
20130815	123	123	123	390.6724534137716	1234
20130815	123	123	123	401.0454148623825	1234
20130815	123	123	123	401.61262733135084	1234
20130815	123	123	123	406.2105263157896	1234
20130815	123	123	123	445.31899205086495	1234
20130815	123	123	123	452.2993563279031	1234
20130815	123	123	123	467.67866892871695	1234
20130815	123	123	123	469.69710919628216	1234
20130815	123	123	123	480.38763088858747	1234
20130815	123	123	123	489.6153225765167	1234
20130815	123	123	123	488.8095671505232	1234
20130815	123	123	123	497.03989762936334	1234
20130815	123	123	123	499.5816936950621	1234
20130815	123	123	123	476.3216779726873	1234
20130815	123	123	123	474.0	1234
20130815	123	123	123	461.0900438676452	1234
20130815	123	123	123	454.40927665207874	1234
20130815	123	123	123	448.3133285977314	1234
20130815	123	123	123	446.0	1234
20130815	123	123	123	422.26766375544383	1234
20130815	123	123	123	421.44412805194156	1234
20130815	123	123	123	415.06241686111423	1234
20130815	123	123	123	405.5741773983053	1234
20130815	123	123	123	396.65829860655515	1234
20130815	123	123	123	396.7793281785285	1234
20130815	123	123	123	380.8412842435694	1234
20130815	123	123	123	379.0631274767777	1234
20130815	123	123	123	359.54906927590997	1234
20130815	123	123	123	318.68969605643923	1234
20130815	123	123	123	326.68421052631584	1234
20130815	123	123	123	307.5997311101384	1234
20130815	123	123	123	298.0174270351054	1234
20130815	123	123	123	294.19515653238165	1234
20130815	123	123	123	266.29731049045597	1234
20130815	123	123	123	261.4208628967601	1234
20130815	123	123	123	252.63157894736855	1234
20130815	123	123	123	239.07617077248534	1234
20130815	123	123	123	218.00734451862428	1234
20130815	123	123	123	219.64893194085084	1234
20130815	123	123	123	199.0971714986808	1234
20130815	123	123	123	199.73684210526335	1234
20130815	123	123	123	176.79114441525442	1234
20130815	123	123	123	163.47324630043624	1234
20130815	123	123	123	168.0	1234
20130815	123	123	123	13.348117568931059	1234
20130815	123	123	123	3.551590724749001	1234
20130815	123	123	123	4.818863934599646	1234
20130815	123	123	123	18.961401525940765	1234
20130815	123	123	123	4.009460407742158	1234
20130815	123	123	123	17.62236097499478	1234
20130815	123	123	123	18.769105806209765	1234
20130815	123	123	123	8.948980483983636	1234
20130815	123	123	123	12.993128823337397	1234
20130815	123	123	123	19.566680843269218	1234
20130815	123	123	123	0.2676228547150661	1234
20130815	123	123	123	10.288368801893766	1234
20130815	123	123	123	18.901305984772904	1234
20130815	123	123	123	4.416112699982122	1234
20130815	123	123	123	17.73278529187143	1234
20130815	123	123	123	16.879743808934258	1234
20130815	123	123	123	11.71056406920419	1234
20130815	123	123	123	2.0986020942015426	1234
20130815	123	123	123	4.032192819029059	1234
20130815	123	123	123	6.3448793602144065	1234
20130815	123	123	123	4.414391239361137	1234
20130815	123	123	123	3.5197155223997623	1234
20130815	123	123	123	11.726628415854329	1234
20130815	123	123	123	3.911546363687417	1234
20130815	123	123	123	13.697946870896544	1234
20130815	123	123	123	17.53782982965586	1234
20130815	123	123	123	0.7047012249593454	1234
20130815	123	123	123	7.4863607895666835	1234
20130815	123	123	123	7.8316933989184	1234
20130815	123	123	123	6.243558491293917	1234