time startPrice highestPrice lowestPrice endPrice transactionCount
20130815	123	123	123	11.230856244305931	1234
20130815	123	123	123	11.473529814342815	1234
20130815	123	123	123	18.19550887048438	1234
20130815	123	123	123	14.807967920946501	1234
20130815	123	123	123	8.872318354474304	1234
20130815	123	123	123	9.014865205182609	1234
20130815	123	123	123	12.935583715157428	1234
20130815	123	123	123	1.6981859652012798	1234
20130815	123	123	123	16.851701166264395	1234
20130815	123	123	123	13.843520572908233	1234
20130815	123	123	123	8.962651819837511	1234
20130815	123	123	123	1.9545545807910747	1234
20130815	123	123	123	11.260181433504442	1234
20130815	123	123	123	15.271444496940843	1234
20130815	123	123	123	3.8192947861903837	1234
20130815	123	123	123	4.4264104910276885	1234
20130815	123	123	123	18.790837563907836	1234
20130815	123	123	123	9.453519307790053	1234
20130815	123	123	123	12.678898923987955	1234
20130815	123	123	123	11.20769804435896	1234
20130815	123	123	123	13.603373095865992	1234
20130815	123	123	123	2.6226814323717473	1234
20130815	123	123	123	18.687752063607764	1234
20130815	123	123	123	18.071462079661956	1234
20130815	123	123	123	3.9959092436681742	1234
20130815	123	123	123	10.171081946605838	1234
20130815	123	123	123	13.010754807138865	1234
20130815	123	123	123	15.043901007398242	1234
20130815	123	123	123	11.006045539975126	1234
20130815	123	123	123	7.219990320727034	1234
20130815	123	123	123	169.74483420277664	1234
20130815	123	123	123	185.30910774107434	1234
20130815	123	123	123	196.18039540408415	1234
20130815	123	123	123	212.89822974878092	1234
20130815	123	123	123	223.73354022908092	1234
20130815	123	123	123	251.6989754862184	1234
20130815	123	123	123	270.32403913984535	1234
20130815	123	123	123	265.57664308789214	1234
20130815	123	123	123	286.1217383818203	1234
20130815	123	123	123	291.7577246686851	1234
20130815	123	123	123	292.3684210526316	1234
20130815	123	123	123	317.64379043643885	1234
20130815	123	123	123	336.1199394789197	1234
20130815	123	123	123	335.4384509531888	1234
20130815	123	123	123	349.53088955011424	1234
20130815	123	123	123	357.13452614042774	1234
20130815	123	123	123	367.76409851920033	1234
20130815	123	123	123	377.5664710169556	1234
20130815	123	123	123	381.77459166588875	1234
20130815	123	123	123	397.7363599994413	1234
20130815	123	123	123	403.9851690334764	1234
20130815	123	123	123	422.3061120736514	1234
20130815	123	123	123	423.5871289140833	1234
20130815	123	123	123	432.31273553416094	1234
20130815	123	123	123	437.2105263157896	1234
20130815	123	123	123	457.4434991701003	1234
20130815	123	123	123	471.85123091665366	1234
20130815	123	123	123	497.33697544621174	1234
20130815	123	123	123	489.2018658021981	1234
20130815	123	123	123	508.5278735626182	1234
20130815	123	123	123	505.2709506565366	1234
20130815	123	123	123	512.7387669018987	1234
20130815	123	123	123	503.86387198301674	1234
20130815	123	123	123	489.6152607085071	1234
20130815	123	123	123	474.2039301909324	1234
20130815	123	123	123	470.23735779269714	1234
20130815	123	123	123	447.68658207000703	1234
20130815	123	123	123	453.18610601651307	1234
20130815	123	123	123	445.4280023339605	1234
20130815	123	123	123	434.86865944884227	1234
20130815	123	123	123	428.55283178356797	1234
20130815	123	123	123	412.81669982691477	1234
20130815	123	123	123	404.99923991832327	1234
20130815	123	123	123	394.40726486236093	1234
20130815	123	123	123	380.664004609364	1234
20130815	123	123	123	372.0	1234
20130815	123	123	123	408.8578137348981	1234
20130815	123	123	123	404.4189004348115	1234
20130815	123	123	123	416.98519279730607	1234
20130815	123	123	123	438.4973757675662	1234
20130815	123	123	123	448.5303358780016	1234
20130815	123	123	123	455.1843567626281	1234
20130815	123	123	123	477.87768908922925	1234
20130815	123	123	123	474.67536631941545	1234
20130815	123	123	123	483.5293182794355	1234
20130815	123	123	123	493.1237827496531	1234
20130815	123	123	123	487.17885520506826	1234
20130815	123	123	123	485.89121953407675	1234
20130815	123	123	123	474.32929994442196	1234
20130815	123	123	123	468.3796809543842	1234
20130815	123	123	123	461.7164159727142	1234
20130815	123	123	123	457.5444624159011	1234
20130815	123	123	123	450.5679569975166	1234
20130815	123	123	123	438.36996637789724	1234
20130815	123	123	123	424.93756566803654	1234
20130815	123	123	123	421.1434567475991	1234
20130815	123	123	123	412.9649073810553	1234
20130815	123	123	123	410.4284155689823	1234
20130815	123	123	123	390.1386711070213	1234
20130815	123	123	123	374.00879213328227	1234
20130815	123	123	123	366.87713461554307	1234
20130815	123	123	123	361.71049921472206	1234
20130815	123	123	123	358.42105263157896	1234
20130815	123	123	123	347.71038619758497	1234
20130815	123	123	123	335.3137850740183	1234
20130815	123	123	123	319.27818218354196	1234
20130815	123	123	123	300.9562315666665	1234
20130815	123	123	123	301.9589418722562	1234
20130815	123	123	123	293.26158781089083	1234
20130815	123	123	123	273.20799992025235	1234
20130815	123	123	123	259.9643682570757	1234
20130815	123	123	123	242.52517622369984	1234
20130815	123	123	123	225.88624269728348	1234
20130815	123	123	123	219.52454781040234	1234
20130815	123	123	123	208.04968084952054	1234
20130815	123	123	123	195.3784167341952	1234
20130815	123	123	123	191.22135205036284	1234
20130815	123	123	123	180.4970572435163	1234
20130815	123	123	123	163.21021867346488	1234
20130815	123	123	123	168.0	1234
20130815	123	123	123	12.376771784161422	1234
20130815	123	123	123	3.5126328935523965	1234
20130815	123	123	123	10.692277754425294	1234
20130815	123	123	123	7.356300634942217	1234
20130815	123	123	123	0.6110461953153257	1234
20130815	123	123	123	18.861487504434027	1234
20130815	123	123	123	4.600788487427854	1234
20130815	123	123	123	15.373644296181908	1234
20130815	123	123	123	12.458509829005118	1234
20130815	123	123	123	18.34678396534485	1234
20130815	123	123	123	18.801513324666143	1234
20130815	123	123	123	17.141289118041463	1234
20130815	123	123	123	2.9432351615635843	1234
20130815	123	123	123	2.777725051768991	1234
20130815	123	123	123	10.881304226056356	1234
20130815	123	123	123	15.134140606062852	1234
20130815	123	123	123	3.5756621242665143	1234
20130815	123	123	123	7.536175563491119	1234
20130815	123	123	123	6.410912739047358	1234
20130815	123	123	123	11.692332223099235	1234
20130815	123	123	123	17.91066593570217	1234
20130815	123	123	123	3.5687709178991267	1234
20130815	123	123	123	11.656421916019628	1234
20130815	123	123	123	3.7390415642894848	1234
20130815	123	123	123	13.275910939115104	1234
20130815	123	123	123	12.206935121833817	1234
20130815	123	123	123	17.684665094959186	1234
20130815	123	123	123	2.4703249741914624	1234
20130815	123	123	123	2.9313656418026524	1234
20130815	123	123	123	19.018064942745355	1234