time startPrice highestPrice lowestPrice endPrice transactionCount
20130815	123	123	123	2.029704726015469	1234
20130815	123	123	123	19.464148223954275	1234
20130815	123	123	123	10.999925005223767	1234
20130815	123	123	123	7.077967317780125	1234
20130815	123	123	123	14.597157084831025	1234
20130815	123	123	123	17.512622590074585	1234
20130815	123	123	123	6.232754606208739	1234
20130815	123	123	123	3.246252601422317	1234
20130815	123	123	123	19.662284944438863	1234
20130815	123	123	123	7.6941958345137245	1234
20130815	123	123	123	9.163895819401445	1234
20130815	123	123	123	13.961418704382684	1234
20130815	123	123	123	1.5990817193772688	1234
20130815	123	123	123	4.552220584189268	1234
20130815	123	123	123	8.988792096721387	1234
20130815	123	123	123	8.851053138258587	1234
20130815	123	123	123	0.4780887552617985	1234
20130815	123	123	123	5.4535593154089685	1234
20130815	123	123	123	9.5178833426362	1234
20130815	123	123	123	12.401445729514556	1234
20130815	123	123	123	14.14163195052414	1234
20130815	123	123	123	19.843695863946667	1234
20130815	123	123	123	2.799584836047724	1234
20130815	123	123	123	7.957540410694143	1234
20130815	123	123	123	6.837228322868311	1234
20130815	123	123	123	16.025747388607236	1234
20130815	123	123	123	3.9343182535203147	1234
20130815	123	123	123	15.854765028451489	1234
20130815	123	123	123	19.285261543402637	1234
20130815	123	123	123	10.266230487291963	1234
20130815	123	123	123	182.704982264084	1234
20130815	123	123	123	181.89231980819545	1234
20130815	123	123	123	200.08059191456542	1234
20130815	123	123	123	214.15402373068227	1234
20130815	123	123	123	211.5263157894737	1234
20130815	123	123	123	225.29499459076328	1234
20130815	123	123	123	242.27990933583624	1234
20130815	123	123	123	254.5371787702442	1234
20130815	123	123	123	255.1470584346606	1234
20130815	123	123	123	268.3788757912602	1234
20130815	123	123	123	272.15789473684214	1234
20130815	123	123	123	284.33789789292155	1234
20130815	123	123	123	299.32415993540917	1234
20130815	123	123	123	306.6239185258871	1234
20130815	123	123	123	314.0388956883748	1234
20130815	123	123	123	327.4533229716038	1234
20130815	123	123	123	349.8504822663952	1234
20130815	123	123	123	357.5289839249015	1234
20130815	123	123	123	372.54374517098927	1234
20130815	123	123	123	395.42389845930364	1234
20130815	123	123	123	395.333771069276	1234
20130815	123	123	123	403.96147708055145	1234
20130815	123	123	123	415.2714874504408	1234
20130815	123	123	123	437.87060870663214	1234
20130815	123	123	123	442.99455537327145	1234
20130815	123	123	123	446.4039200487237	1234
20130815	123	123	123	455.06899946126026	1234
20130815	123	123	123	463.67370608374506	1234
20130815	123	123	123	476.5286870702191	1234
20130815	123	123	123	481.68100307338943	1234
20130815	123	123	123	496.1578947368423	1234
20130815	123	123	123	511.74883834093436	1234
20130815	123	123	123	509.60347416415544	1234
20130815	123	123	123	502.7207530562884	1234
20130815	123	123	123	496.3057985139423	1234
20130815	123	123	123	489.9847602675925	1234
20130815	123	123	123	480.0961518970013	1234
20130815	123	123	123	469.1864671822882	1234
20130815	123	123	123	463.19172566394457	1234
20130815	123	123	123	461.0526315789473	1234
20130815	123	123	123	440.6709995338652	1234
20130815	123	123	123	436.7751790063257	1234
20130815	123	123	123	415.8765185081812	1234
20130815	123	123	123	400.17543773289674	1234
20130815	123	123	123	389.46740195508374	1234
20130815	123	123	123	369.6253131551526	1234
20130815	123	123	123	380.23874764448595	1234
20130815	123	123	123	384.76869125154496	1234
20130815	123	123	123	392.94933065377506	1234
20130815	123	123	123	397.2114396074008	1234
20130815	123	123	123	400.9298040519917	1234
20130815	123	123	123	413.97079845921434	1234
20130815	123	123	123	426.73684210526335	1234
20130815	123	123	123	436.85268593484994	1234
20130815	123	123	123	446.39378575096066	1234
20130815	123	123	123	465.88357246801047	1234
20130815	123	123	123	474.6590889296325	1234
20130815	123	123	123	474.6315789473688	1234
20130815	123	123	123	488.4908012663657	1234
20130815	123	123	123	493.77902517800453	1234
20130815	123	123	123	502.5356525120073	1234
20130815	123	123	123	489.9163460191552	1234
20130815	123	123	123	484.410372786096	1234
20130815	123	123	123	459.89731153292024	1234
20130815	123	123	123	460.7582686451596	1234
20130815	123	123	123	459.2329998763374	1234
20130815	123	123	123	422.9985554563951	1234
20130815	123	123	123	407.5971773521022	1234
20130815	123	123	123	404.0	1234
20130815	123	123	123	393.34586396735403	1234
20130815	123	123	123	379.63625881827164	1234
20130815	123	123	123	374.9668010979581	1234
20130815	123	123	123	376.0	1234
20130815	123	123	123	356.6502617780384	1234
20130815	123	123	123	347.8421052631579	1234
20130815	123	123	123	335.29121769700714	1234
20130815	123	123	123	312.86018838965254	1234
20130815	123	123	123	315.93973948574796	1234
20130815	123	123	123	303.85752375909857	1234
20130815	123	123	123	277.1492492048735	1234
20130815	123	123	123	266.0169145027929	1234
20130815	123	123	123	261.0615824254904	1234
20130815	123	123	123	241.22823243606538	1234
20130815	123	123	123	227.97514466555057	1234
20130815	123	123	123	202.37506494100904	1234
20130815	123	123	123	207.09053819941263	1234
20130815	123	123	123	189.02466975975082	1234
20130815	123	123	123	175.43644699107494	1234
20130815	123	123	123	168.31900238442978	1234
20130815	123	123	123	168.0	1234
20130815	123	123	123	6.6920063143625335	1234
20130815	123	123	123	12.800036564082596	1234
20130815	123	123	123	7.810931117978872	1234
20130815	123	123	123	12.19059452082757	1234
20130815	123	123	123	11.361875610186566	1234
20130815	123	123	123	10.341913871340761	1234
20130815	123	123	123	16.049388243364934	1234
20130815	123	123	123	17.716694639892964	1234
20130815	123	123	123	1.2047997844545622	1234
20130815	123	123	123	19.117515473956644	1234
20130815	123	123	123	1.7368713786357937	1234
20130815	123	123	123	6.184525805431582	1234
20130815	123	123	123	1.9448318969833522	1234
20130815	123	123	123	12.536487987491649	1234
20130815	123	123	123	3.2295694953996623	1234
20130815	123	123	123	11.87570108483202	1234
20130815	123	123	123	9.927977629074684	1234
20130815	123	123	123	8.659950971009515	1234
20130815	123	123	123	15.64584129988427	1234
20130815	123	123	123	1.7763097471068257	1234
20130815	123	123	123	18.892666348144477	1234
20130815	123	123	123	12.25501458808305	1234
20130815	123	123	123	14.906324423047163	1234
20130815	123	123	123	1.2219537339019326	1234
20130815	123	123	123	12.737782572255561	1234
20130815	123	123	123	0.3531172959599216	1234
20130815	123	123	123	19.450382035929966	1234
20130815	123	123	123	6.973907531290056	1234
20130815	123	123	123	2.2405341014415536	1234
20130815	123	123	123	14.113082449895359	1234