time startPrice highestPrice lowestPrice endPrice transactionCount
20130815	123	123	123	1.3422764135301324	1234
20130815	123	123	123	15.00175311001476	1234
20130815	123	123	123	8.024420950663323	1234
20130815	123	123	123	11.977020859057228	1234
20130815	123	123	123	19.62437491429252	1234
20130815	123	123	123	6.041967227549938	1234
20130815	123	123	123	8.075431012311633	1234
20130815	123	123	123	13.135414084904959	1234
20130815	123	123	123	19.338858614702858	1234
20130815	123	123	123	8.536126494430231	1234
20130815	123	123	123	16.260849907568883	1234
20130815	123	123	123	12.776935613536619	1234
20130815	123	123	123	15.291893675091913	1234
20130815	123	123	123	5.291159857468091	1234
20130815	123	123	123	9.166634750656836	1234
20130815	123	123	123	17.145727123408378	1234
20130815	123	123	123	5.004133833975066	1234
20130815	123	123	123	3.496770315906914	1234
20130815	123	123	123	2.1856451134689125	1234
20130815	123	123	123	17.526913596333447	1234
20130815	123	123	123	8.303600052945937	1234
20130815	123	123	123	8.49907737321108	1234
20130815	123	123	123	5.0177039677050495	1234
20130815	123	123	123	16.66212224700382	1234
20130815	123	123	123	13.43095343657464	1234
20130815	123	123	123	13.10413415820237	1234
20130815	123	123	123	4.3012551429829475	1234
20130815	123	123	123	0.8673037334776268	1234
20130815	123	123	123	19.787168081245888	1234
20130815	123	123	123	18.87434378195301	1234
20130815	123	123	123	162.30376387538087	1234
20130815	123	123	123	176.64242162145587	1234
20130815	123	123	123	191.31578947368422	1234
20130815	123	123	123	208.151286194345	1234
20130815	123	123	123	211.78694850441815	1234
20130815	123	123	123	242.0548622553212	1234
20130815	123	123	123	272.0209107763295	1234
20130815	123	123	123	276.5190314223326	1234
20130815	123	123	123	295.8971510970692	1234
20130815	123	123	123	299.36671673504577	1234
20130815	123	123	123	307.3871158532203	1234
20130815	123	123	123	322.53034663002927	1234
20130815	123	123	123	348.6736318804683	1234
20130815	123	123	123	354.1815526330096	1234
20130815	123	123	123	369.2641508548039	1234
20130815	123	123	123	372.8226316404119	1234
20130815	123	123	123	399.20113710134797	1234
20130815	123	123	123	410.6781929493914	1234
20130815	123	123	123	422.61092566198226	1234
20130815	123	123	123	423.5872368817882	1234
20130815	123	123	123	435.47781211411836	1234
20130815	123	123	123	443.8722032388751	1234
20130815	123	123	123	445.88923362599877	1234
20130815	123	123	123	463.8781451117585	1234
20130815	123	123	123	462.47368421052647	1234
20130815	123	123	123	480.9212746616363	1234
20130815	123	123	123	481.98603631064213	1234
20130815	123	123	123	501.5824171154481	1234
20130815	123	123	123	505.58074244796114	1234
20130815	123	123	123	505.959600234439	1234
20130815	123	123	123	500.5288319928047	1234
20130815	123	123	123	474.0166703037405	1234
20130815	123	123	123	475.8947368421052	1234
20130815	123	123	123	454.79224202177653	1234
20130815	123	123	123	452.18561012985015	1234
20130815	123	123	123	437.1132401976209	1234
20130815	123	123	123	429.7180339602194	1234
20130815	123	123	123	427.46115260027085	1234
20130815	123	123	123	417.0713276999227	1234
20130815	123	123	123	413.1143292126342	1234
20130815	123	123	123	408.0347948522974	1234
20130815	123	123	123	396.3182592678302	1234
20130815	123	123	123	390.61677872039337	1234
20130815	123	123	123	380.9317522065134	1234
20130815	123	123	123	376.8904735225858	1234
20130815	123	123	123	376.7767914189032	1234
20130815	123	123	123	380.2429650668324	1234
20130815	123	123	123	396.24571243200796	1234
20130815	123	123	123	393.0362074486188	1234
20130815	123	123	123	427.62300015144154	1234
20130815	123	123	123	438.5456829468577	1234
20130815	123	123	123	440.94362890547313	1234
20130815	123	123	123	456.77277309133285	1234
20130815	123	123	123	458.04957817296287	1234
20130815	123	123	123	465.60149328438484	1234
20130815	123	123	123	468.21775745402385	1234
20130815	123	123	123	481.33393394998274	1234
20130815	123	123	123	486.99455734659034	1234
20130815	123	123	123	488.3157894736846	1234
20130815	123	123	123	493.701501796526	1234
20130815	123	123	123	492.20528197287945	1234
20130815	123	123	123	484.9690743243228	1234
20130815	123	123	123	481.0	1234
20130815	123	123	123	470.83495569724295	1234
20130815	123	123	123	465.28922953239737	1234
20130815	123	123	123	454.1576654939244	1234
20130815	123	123	123	443.3491181234178	1234
20130815	123	123	123	446.0	1234
20130815	123	123	123	439.0	1234
20130815	123	123	123	422.92736890377984	1234
20130815	123	123	123	413.3904697446524	1234
20130815	123	123	123	409.798381948289	1234
20130815	123	123	123	402.39182987632944	1234
20130815	123	123	123	389.0789563942452	1234
20130815	123	123	123	386.2748708631458	1234
20130815	123	123	123	375.3907376108577	1234
20130815	123	123	123	364.7210310623469	1234
20130815	123	123	123	345.0153136782878	1234
20130815	123	123	123	336.1625293098154	1234
20130815	123	123	123	325.19192030526636	1234
20130815	123	123	123	305.2839273332782	1234
20130815	123	123	123	280.80648760402795	1234
20130815	123	123	123	271.04674723025	1234
20130815	123	123	123	270.69573085644964	1234
20130815	123	123	123	258.9944919767412	1234
20130815	123	123	123	249.53004697134742	1234
20130815	123	123	123	204.9066744281092	1234
20130815	123	123	123	174.31131115250403	1234
20130815	123	123	123	177.3936573615724	1234
20130815	123	123	123	168.0	1234
20130815	123	123	123	7.305451022955236	1234
20130815	123	123	123	18.19282734363465	1234
20130815	123	123	123	3.3325117024098483	1234
20130815	123	123	123	3.1659336049423925	1234
20130815	123	123	123	5.552904917368837	1234
20130815	123	123	123	11.81346490605269	1234
20130815	123	123	123	9.649657101661294	1234
20130815	123	123	123	11.065819023919554	1234
20130815	123	123	123	15.309760707581216	1234
20130815	123	123	123	4.80855156038386	1234
20130815	123	123	123	1.8126421927157432	1234
20130815	123	123	123	4.921334584577202	1234
20130815	123	123	123	3.0711235608380894	1234
20130815	123	123	123	17.59024431258534	1234
20130815	123	123	123	15.457309449757828	1234
20130815	123	123	123	5.816472301856999	1234
20130815	123	123	123	8.486317263100906	1234
20130815	123	123	123	2.4604844775292123	1234
20130815	123	123	123	1.8277673052404775	1234
20130815	123	123	123	11.13342207668105	1234
20130815	123	123	123	14.609827022791162	1234
20130815	123	123	123	1.1248991951276732	1234
20130815	123	123	123	11.077305941435034	1234
20130815	123	123	123	10.248358824281059	1234
20130815	123	123	123	5.9302006223250086	1234
20130815	123	123	123	10.46455122603555	1234
20130815	123	123	123	2.731123225167995	1234
20130815	123	123	123	6.445590409024769	1234
20130815	123	123	123	18.32058484435298	1234
20130815	123	123	123	19.464095451797753	1234