time startPrice highestPrice lowestPrice endPrice transactionCount
20130815	123	123	123	8.633145430206064	1234
20130815	123	123	123	4.567909479230363	1234
20130815	123	123	123	15.77327135037156	1234
20130815	123	123	123	13.573075148238015	1234
20130815	123	123	123	18.330771589513613	1234
20130815	123	123	123	7.146354846950009	1234
20130815	123	123	123	10.419743093343474	1234
20130815	123	123	123	12.013947933668657	1234
20130815	123	123	123	2.6087512930345946	1234
20130815	123	123	123	15.133336150914952	1234
20130815	123	123	123	18.94098834667749	1234
20130815	123	123	123	3.327396959894384	1234
20130815	123	123	123	16.179262327011884	1234
20130815	123	123	123	16.441879140605117	1234
20130815	123	123	123	2.1951890881212632	1234
20130815	123	123	123	14.197322681646451	1234
20130815	123	123	123	19.417118912871395	1234
20130815	123	123	123	8.93446030552356	1234
20130815	123	123	123	13.78965991913449	1234
20130815	123	123	123	1.1424742243593866	1234
20130815	123	123	123	9.408129457529027	1234
20130815	123	123	123	3.047299608286098	1234
20130815	123	123	123	2.565257225490094	1234
20130815	123	123	123	10.220181526886126	1234
20130815	123	123	123	19.13887731092339	1234
20130815	123	123	123	1.3050017132738323	1234
20130815	123	123	123	7.874617332868681	1234
20130815	123	123	123	12.279189630378246	1234
20130815	123	123	123	15.055584464081592	1234
20130815	123	123	123	11.44247798274144	1234
20130815	123	123	123	166.8162658354203	1234
20130815	123	123	123	177.99854044251956	1234
20130815	123	123	123	188.2559476024881	1234
20130815	123	123	123	193.805871277768	1234
20130815	123	123	123	202.62312920571162	1234
20130815	123	123	123	215.9284590509903	1234
20130815	123	123	123	246.00575467107345	1234
20130815	123	123	123	248.9976584885932	1234
20130815	123	123	123	255.469089831016	1234
20130815	123	123	123	262.4023470510557	1234
20130815	123	123	123	274.08236837723354	1234
20130815	123	123	123	289.3427231533175	1234
20130815	123	123	123	320.59992774106064	1234
20130815	123	123	123	327.97531486076167	1234
20130815	123	123	123	331.8959984648341	1234
20130815	123	123	123	332.7894736842106	1234
20130815	123	123	123	351.55106559679723	1234
20130815	123	123	123	413.61509480365135	1234
20130815	123	123	123	411.9473684210527	1234
20130815	123	123	123	425.3695564376967	1234
20130815	123	123	123	438.5110420954238	1234
20130815	123	123	123	447.8297380286824	1234
20130815	123	123	123	456.2832145035744	1234
20130815	123	123	123	466.42958949794826	1234
20130815	123	123	123	468.66661268254757	1234
20130815	123	123	123	479.3157894736844	1234
20130815	123	123	123	487.73684210526335	1234
20130815	123	123	123	500.5705262179464	1234
20130815	123	123	123	512.49801288654	1234
20130815	123	123	123	513.0	1234
20130815	123	123	123	504.65186629786973	1234
20130815	123	123	123	486.545693493752	1234
20130815	123	123	123	483.78634086714726	1234
20130815	123	123	123	478.92426469632755	1234
20130815	123	123	123	466.24319674370577	1234
20130815	123	123	123	467.7254420031995	1234
20130815	123	123	123	457.2563947267299	1234
20130815	123	123	123	452.6363054693418	1234
20130815	123	123	123	438.7894736842104	1234
20130815	123	123	123	421.72172360436423	1234
20130815	123	123	123	408.00604710722405	1234
20130815	123	123	123	400.1218798229589	1234
20130815	123	123	123	385.5244302142131	1234
20130815	123	123	123	385.598283334738	1234
20130815	123	123	123	379.48607341710897	1234
20130815	123	123	123	389.45979431586403	1234
20130815	123	123	123	400.1878131658101	1234
20130815	123	123	123	401.10084533075326	1234
20130815	123	123	123	425.37733105001814	1234
20130815	123	123	123	429.2262707738366	1234
20130815	123	123	123	433.57894736842127	1234
20130815	123	123	123	442.3764546190981	1234
20130815	123	123	123	447.2631578947371	1234
20130815	123	123	123	456.3846666011216	1234
20130815	123	123	123	465.36056345550503	1234
20130815	123	123	123	474.6315789473688	1234
20130815	123	123	123	493.5421023317681	1234
20130815	123	123	123	495.15789473684254	1234
20130815	123	123	123	490.8275005986386	1234
20130815	123	123	123	490.5801138492	1234
20130815	123	123	123	484.9080960236628	1234
20130815	123	123	123	477.9197984267042	1234
20130815	123	123	123	463.21763576137374	1234
20130815	123	123	123	455.71420749991023	1234
20130815	123	123	123	454.1741121235895	1234
20130815	123	123	123	445.78147913265195	1234
20130815	123	123	123	433.895829137863	1234
20130815	123	123	123	422.84973825331434	1234
20130815	123	123	123	409.5752236379971	1234
20130815	123	123	123	373.6514036455341	1234
20130815	123	123	123	376.63259089881524	1234
20130815	123	123	123	376.0	1234
20130815	123	123	123	369.0	1234
20130815	123	123	123	348.2836086734342	1234
20130815	123	123	123	346.6043232122394	1234
20130815	123	123	123	332.67134839800747	1234
20130815	123	123	123	326.68421052631584	1234
20130815	123	123	123	306.65631894496556	1234
20130815	123	123	123	301.5145294822929	1234
20130815	123	123	123	282.9382030360662	1234
20130815	123	123	123	266.509732463932	1234
20130815	123	123	123	257.4310179114261	1234
20130815	123	123	123	243.75901833646753	1234
20130815	123	123	123	239.02126414991892	1234
20130815	123	123	123	217.2015503556799	1234
20130815	123	123	123	215.51993588143424	1234
20130815	123	123	123	194.80689015122326	1234
20130815	123	123	123	181.05254759102834	1234
20130815	123	123	123	178.57894736842127	1234
20130815	123	123	123	168.0	1234
20130815	123	123	123	18.24321043998704	1234
20130815	123	123	123	13.417974779243382	1234
20130815	123	123	123	17.22362580788132	1234
20130815	123	123	123	10.26120877514989	1234
20130815	123	123	123	17.06860506408457	1234
20130815	123	123	123	2.2775670000061266	1234
20130815	123	123	123	3.4481686727955307	1234
20130815	123	123	123	3.8820934259016826	1234
20130815	123	123	123	5.204748228385174	1234
20130815	123	123	123	15.895561871642439	1234
20130815	123	123	123	18.970315605040142	1234
20130815	123	123	123	6.717258548845542	1234
20130815	123	123	123	9.594466843457788	1234
20130815	123	123	123	4.070667845949791	1234
20130815	123	123	123	16.73203813550345	1234
20130815	123	123	123	6.268387184266826	1234
20130815	123	123	123	19.55480237351698	1234
20130815	123	123	123	8.534781770968022	1234
20130815	123	123	123	19.70709374368972	1234
20130815	123	123	123	13.769253552813929	1234
20130815	123	123	123	17.88620512672871	1234
20130815	123	123	123	7.70224610286397	1234
20130815	123	123	123	6.424022972099095	1234
20130815	123	123	123	1.7253259246836428	1234
20130815	123	123	123	12.668011033541323	1234
20130815	123	123	123	10.36360027075914	1234
20130815	123	123	123	13.561234965480526	1234
20130815	123	123	123	18.563454105222196	1234
20130815	123	123	123	7.419031785224323	1234
20130815	123	123	123	12.413789228203003	1234