time startPrice highestPrice lowestPrice endPrice transactionCount
20130815	123	123	123	8.936587903585217	1234
20130815	123	123	123	5.839192976321177	1234
20130815	123	123	123	10.589800285830194	1234
20130815	123	123	123	17.359830113577924	1234
20130815	123	123	123	16.094361829313154	1234
20130815	123	123	123	17.229535342965537	1234
20130815	123	123	123	13.815809770009086	1234
20130815	123	123	123	10.395074540313722	1234
20130815	123	123	123	1.2805056390570857	1234
20130815	123	123	123	12.134975563138044	1234
20130815	123	123	123	11.176333624928233	1234
20130815	123	123	123	3.3201337338668724	1234
20130815	123	123	123	17.69702138695543	1234
20130815	123	123	123	5.802755437621636	1234
20130815	123	123	123	4.293454709204405	1234
20130815	123	123	123	1.8165766517132065	1234
20130815	123	123	123	10.834822821501948	1234
20130815	123	123	123	4.954516215385507	1234
20130815	123	123	123	14.024492362389026	1234
20130815	123	123	123	9.36991833320955	1234
20130815	123	123	123	3.0390542032004397	1234
20130815	123	123	123	13.109371454467853	1234
20130815	123	123	123	15.205438892564045	1234
20130815	123	123	123	17.27650547895197	1234
20130815	123	123	123	10.604257911226092	1234
20130815	123	123	123	7.95725163469098	1234
20130815	123	123	123	5.353993081678281	1234
20130815	123	123	123	16.98051040454701	1234
20130815	123	123	123	10.619243668832919	1234
20130815	123	123	123	1.6791132572251088	1234
20130815	123	123	123	164.37148665114407	1234
20130815	123	123	123	187.4008104366773	1234
20130815	123	123	123	198.04865631710754	1234
20130815	123	123	123	207.27914280326863	1234
20130815	123	123	123	211.8853546940989	1234
20130815	123	123	123	221.6702808019906	1234
20130815	123	123	123	241.76621952339462	1234
20130815	123	123	123	247.3009560262314	1234
20130815	123	123	123	260.846866037177	1234
20130815	123	123	123	267.57595621933757	1234
20130815	123	123	123	276.76843914686333	1234
20130815	123	123	123	291.4647380644614	1234
20130815	123	123	123	308.63440317483287	1234
20130815	123	123	123	327.4756252023018	1234
20130815	123	123	123	330.04943006376095	1234
20130815	123	123	123	333.5840286335018	1234
20130815	123	123	123	344.4044314749714	1234
20130815	123	123	123	353.0	1234
20130815	123	123	123	374.90595224141174	1234
20130815	123	123	123	416.74223911159766	1234
20130815	123	123	123	405.4093707690248	1234
20130815	123	123	123	416.1874892762737	1234
20130815	123	123	123	423.2583154169946	1234
20130815	123	123	123	433.09751939808615	1234
20130815	123	123	123	468.30071182777846	1234
20130815	123	123	123	464.9309534813048	1234
20130815	123	123	123	485.02359182464005	1234
20130815	123	123	123	488.04010425577445	1234
20130815	123	123	123	497.24948015433915	1234
20130815	123	123	123	507.6497336819112	1234
20130815	123	123	123	510.9412726867442	1234
20130815	123	123	123	492.97540520067525	1234
20130815	123	123	123	482.17658891826494	1234
20130815	123	123	123	472.6353383348108	1234
20130815	123	123	123	459.81924640198616	1234
20130815	123	123	123	455.0630206705893	1234
20130815	123	123	123	446.89004844044064	1234
20130815	123	123	123	443.72164489978206	1234
20130815	123	123	123	424.0074292915421	1234
20130815	123	123	123	422.3503190062821	1234
20130815	123	123	123	413.5040099955816	1234
20130815	123	123	123	404.1711978193608	1234
20130815	123	123	123	396.59696225317305	1234
20130815	123	123	123	387.75237395089533	1234
20130815	123	123	123	386.63918208833	1234
20130815	123	123	123	372.7763113290374	1234
20130815	123	123	123	381.32657570000515	1234
20130815	123	123	123	383.9379478640393	1234
20130815	123	123	123	389.4789843985014	1234
20130815	123	123	123	393.09139499673967	1234
20130815	123	123	123	399.37718020497744	1234
20130815	123	123	123	406.2105263157896	1234
20130815	123	123	123	436.7827007992571	1234
20130815	123	123	123	444.89917884091636	1234
20130815	123	123	123	456.58516289597367	1234
20130815	123	123	123	463.15112781608804	1234
20130815	123	123	123	474.01814758594764	1234
20130815	123	123	123	477.31585127011294	1234
20130815	123	123	123	504.2135321819537	1234
20130815	123	123	123	493.7672051270268	1234
20130815	123	123	123	493.13658282570015	1234
20130815	123	123	123	481.8665575365509	1234
20130815	123	123	123	464.72027966116553	1234
20130815	123	123	123	463.43926883468714	1234
20130815	123	123	123	449.9697446566622	1234
20130815	123	123	123	439.3771924217887	1234
20130815	123	123	123	438.04385453626503	1234
20130815	123	123	123	413.4096043161141	1234
20130815	123	123	123	415.172834778069	1234
20130815	123	123	123	408.55686158693834	1234
20130815	123	123	123	397.8236665013672	1234
20130815	123	123	123	397.0	1234
20130815	123	123	123	390.0	1234
20130815	123	123	123	371.7051799683798	1234
20130815	123	123	123	358.39612333263955	1234
20130815	123	123	123	333.0420729321606	1234
20130815	123	123	123	319.9839145266956	1234
20130815	123	123	123	315.5623062833789	1234
20130815	123	123	123	301.74482341112304	1234
20130815	123	123	123	289.0757706283172	1234
20130815	123	123	123	282.7911516233918	1234
20130815	123	123	123	268.34350729081905	1234
20130815	123	123	123	260.78229013029426	1234
20130815	123	123	123	248.38450713874764	1234
20130815	123	123	123	239.50252309207184	1234
20130815	123	123	123	206.62779158308172	1234
20130815	123	123	123	196.50347447628153	1234
20130815	123	123	123	194.19349264649784	1234
20130815	123	123	123	167.69668925065122	1234
20130815	123	123	123	168.0	1234
20130815	123	123	123	6.788370750813062	1234
20130815	123	123	123	5.452102098747796	1234
20130815	123	123	123	2.53540409024553	1234
20130815	123	123	123	19.27079067380699	1234
20130815	123	123	123	8.434473506688514	1234
20130815	123	123	123	0.040498411439964244	1234
20130815	123	123	123	0.31115545338332273	1234
20130815	123	123	123	2.2123981536388815	1234
20130815	123	123	123	13.53540220049421	1234
20130815	123	123	123	3.0832860129955897	1234
20130815	123	123	123	4.989050950555707	1234
20130815	123	123	123	5.235362258399365	1234
20130815	123	123	123	12.54371911915407	1234
20130815	123	123	123	18.52602218305728	1234
20130815	123	123	123	4.691054446014191	1234
20130815	123	123	123	2.4743163803967505	1234
20130815	123	123	123	6.668248091955125	1234
20130815	123	123	123	2.9038125882768884	1234
20130815	123	123	123	9.271349315080784	1234
20130815	123	123	123	15.95124325347674	1234
20130815	123	123	123	6.863632614167434	1234
20130815	123	123	123	11.25920169387664	1234
20130815	123	123	123	10.244967932623455	1234
20130815	123	123	123	4.1244085629514	1234
20130815	123	123	123	5.492259952937548	1234
20130815	123	123	123	14.918374543584063	1234
20130815	123	123	123	3.1144351027583883	1234
20130815	123	123	123	1.1447906516392847	1234
20130815	123	123	123	3.4545713625990326	1234
20130815	123	123	123	2.520322322332784	1234