time startPrice highestPrice lowestPrice endPrice transactionCount
20130815	123	123	123	8.44410974110179	1234
20130815	123	123	123	14.55024507298937	1234
20130815	123	123	123	15.386015682077186	1234
20130815	123	123	123	16.082598761122217	1234
20130815	123	123	123	11.437508264127699	1234
20130815	123	123	123	3.8437288005921544	1234
20130815	123	123	123	13.661401685062813	1234
20130815	123	123	123	3.5145218830960823	1234
20130815	123	123	123	12.494814367210587	1234
20130815	123	123	123	2.3727484543881228	1234
20130815	123	123	123	1.1725121397025196	1234
20130815	123	123	123	3.409822589826701	1234
20130815	123	123	123	11.236163691302378	1234
20130815	123	123	123	2.7597519215060196	1234
20130815	123	123	123	14.388726965952936	1234
20130815	123	123	123	11.294934086750061	1234
20130815	123	123	123	18.385842706433696	1234
20130815	123	123	123	9.208948104432434	1234
20130815	123	123	123	12.631937423330104	1234
20130815	123	123	123	18.034296310032296	1234
20130815	123	123	123	7.29671834340579	1234
20130815	123	123	123	8.86838925026315	1234
20130815	123	123	123	6.779215634858922	1234
20130815	123	123	123	1.2015693278763862	1234
20130815	123	123	123	6.9754691519434715	1234
20130815	123	123	123	2.8167844950174303	1234
20130815	123	123	123	7.868691904647774	1234
20130815	123	123	123	18.484323393228863	1234
20130815	123	123	123	14.336273112991728	1234
20130815	123	123	123	0.8919610624242669	1234
20130815	123	123	123	167.59932079787467	1234
20130815	123	123	123	191.82881174886268	1234
20130815	123	123	123	201.42105263157896	1234
20130815	123	123	123	211.5263157894737	1234
20130815	123	123	123	222.55267527616633	1234
20130815	123	123	123	233.64814064517788	1234
20130815	123	123	123	262.0491472762005	1234
20130815	123	123	123	279.5043250530571	1234
20130815	123	123	123	291.85379415000574	1234
20130815	123	123	123	295.3358138782076	1234
20130815	123	123	123	327.4909401600383	1234
20130815	123	123	123	324.1089760669443	1234
20130815	123	123	123	351.83500098804865	1234
20130815	123	123	123	365.2357732771594	1234
20130815	123	123	123	383.2959795990501	1234
20130815	123	123	123	398.8747892626824	1234
20130815	123	123	123	402.2675600939527	1234
20130815	123	123	123	412.01187563453226	1234
20130815	123	123	123	411.9473684210527	1234
20130815	123	123	123	422.6143639945756	1234
20130815	123	123	123	431.7420782484833	1234
20130815	123	123	123	437.2105263157896	1234
20130815	123	123	123	450.2105480302488	1234
20130815	123	123	123	463.13879135474656	1234
20130815	123	123	123	467.44911880314453	1234
20130815	123	123	123	499.35403155871944	1234
20130815	123	123	123	500.14991559181834	1234
20130815	123	123	123	504.57894736842127	1234
20130815	123	123	123	511.0992401385397	1234
20130815	123	123	123	504.1812119381621	1234
20130815	123	123	123	490.6754439889699	1234
20130815	123	123	123	483.9590505104642	1234
20130815	123	123	123	466.61861569995256	1234
20130815	123	123	123	461.07671929921673	1234
20130815	123	123	123	456.29224570573786	1234
20130815	123	123	123	445.18565865954446	1234
20130815	123	123	123	444.77037564529695	1234
20130815	123	123	123	434.19525349714064	1234
20130815	123	123	123	423.20160257024685	1234
20130815	123	123	123	416.52631578947353	1234
20130815	123	123	123	401.4207764005835	1234
20130815	123	123	123	383.7594367849389	1234
20130815	123	123	123	376.5738587593095	1234
20130815	123	123	123	374.238340887038	1234
20130815	123	123	123	382.2533524571006	1234
20130815	123	123	123	401.5564657663781	1234
20130815	123	123	123	399.3684210526317	1234
20130815	123	123	123	406.2105263157896	1234
20130815	123	123	123	425.3593234420122	1234
20130815	123	123	123	435.4353423465831	1234
20130815	123	123	123	434.7667423198092	1234
20130815	123	123	123	445.4152440940911	1234
20130815	123	123	123	462.15554139484084	1234
20130815	123	123	123	468.43165407867514	1234
20130815	123	123	123	474.6315789473688	1234
20130815	123	123	123	487.6563698333535	1234
20130815	123	123	123	497.00722694812004	1234
20130815	123	123	123	499.5456040234014	1234
20130815	123	123	123	494.0605270123852	1234
20130815	123	123	123	484.572339304167	1234
20130815	123	123	123	476.5053463071536	1234
20130815	123	123	123	467.0	1234
20130815	123	123	123	457.3593410568677	1234
20130815	123	123	123	452.5631922167003	1234
20130815	123	123	123	435.93169661041105	1234
20130815	123	123	123	433.93106050455964	1234
20130815	123	123	123	423.152496057147	1234
20130815	123	123	123	420.75253316951216	1234
20130815	123	123	123	411.8102288821322	1234
20130815	123	123	123	406.1643009577971	1234
20130815	123	123	123	393.08156797273966	1234
20130815	123	123	123	388.8698885301435	1234
20130815	123	123	123	382.17338533408713	1234
20130815	123	123	123	373.23443385563746	1234
20130815	123	123	123	353.73974007873335	1234
20130815	123	123	123	347.8421052631579	1234
20130815	123	123	123	331.83649336158913	1234
20130815	123	123	123	326.68421052631584	1234
20130815	123	123	123	293.3188725878147	1234
20130815	123	123	123	286.8795775649293	1234
20130815	123	123	123	280.5743166930635	1234
20130815	123	123	123	266.1028320539893	1234
20130815	123	123	123	263.2105263157896	1234
20130815	123	123	123	238.0395279966422	1234
20130815	123	123	123	206.84859637197033	1234
20130815	123	123	123	207.52705251201462	1234
20130815	123	123	123	193.26233488539563	1234
20130815	123	123	123	182.28259195820377	1234
20130815	123	123	123	175.92561466137911	1234
20130815	123	123	123	168.0	1234
20130815	123	123	123	13.69761614356343	1234
20130815	123	123	123	10.278584382475973	1234
20130815	123	123	123	17.41452177422907	1234
20130815	123	123	123	4.988046323764655	1234
20130815	123	123	123	4.568014789877736	1234
20130815	123	123	123	0.6022622289350088	1234
20130815	123	123	123	18.401032113575415	1234
20130815	123	123	123	13.983610015068093	1234
20130815	123	123	123	5.526728151671452	1234
20130815	123	123	123	5.554143537341756	1234
20130815	123	123	123	5.611140307349791	1234
20130815	123	123	123	0.12314287521854261	1234
20130815	123	123	123	11.763049678919659	1234
20130815	123	123	123	16.767794998666595	1234
20130815	123	123	123	6.881958863715973	1234
20130815	123	123	123	11.459423762620373	1234
20130815	123	123	123	6.268574152652439	1234
20130815	123	123	123	3.6573666447426856	1234
20130815	123	123	123	3.3949934587206387	1234
20130815	123	123	123	7.874477555991919	1234
20130815	123	123	123	4.430276324631405	1234
20130815	123	123	123	12.724958821679234	1234
20130815	123	123	123	12.55021341286124	1234
20130815	123	123	123	19.231968727986427	1234
20130815	123	123	123	18.919249390820227	1234
20130815	123	123	123	14.796849216032033	1234
20130815	123	123	123	1.271587323622585	1234
20130815	123	123	123	3.3740554001945733	1234
20130815	123	123	123	10.053934729625187	1234
20130815	123	123	123	1.7785608115745255	1234