time startPrice highestPrice lowestPrice endPrice transactionCount
20130815	123	123	123	15.803399858694098	1234
20130815	123	123	123	10.154175332103604	1234
20130815	123	123	123	16.046866094896053	1234
20130815	123	123	123	18.386449538214176	1234
20130815	123	123	123	9.600312537301045	1234
20130815	123	123	123	9.604940862415855	1234
20130815	123	123	123	1.8193221806807647	1234
20130815	123	123	123	5.057481246797879	1234
20130815	123	123	123	14.938026105679647	1234
20130815	123	123	123	4.374585989344499	1234
20130815	123	123	123	14.86378326886294	1234
20130815	123	123	123	1.7845373806955678	1234
20130815	123	123	123	6.217510751982802	1234
20130815	123	123	123	1.3692824224547095	1234
20130815	123	123	123	10.508113381920401	1234
20130815	123	123	123	19.06425800409214	1234
20130815	123	123	123	6.25134158567665	1234
20130815	123	123	123	10.942799637531998	1234
20130815	123	123	123	16.886645714553644	1234
20130815	123	123	123	17.52881825680186	1234
20130815	123	123	123	3.3890578754337586	1234
20130815	123	123	123	4.735064754235488	1234
20130815	123	123	123	3.4582595683714468	1234
20130815	123	123	123	7.376259392258571	1234
20130815	123	123	123	2.097670334666386	1234
20130815	123	123	123	11.46675461740742	1234
20130815	123	123	123	2.3390394884331522	1234
20130815	123	123	123	18.653879498578526	1234
20130815	123	123	123	16.951529205162657	1234
20130815	123	123	123	18.69589444690782	1234
20130815	123	123	123	162.72127089070108	1234
20130815	123	123	123	175.31171827456296	1234
20130815	123	123	123	181.21052631578948	1234
20130815	123	123	123	201.4778161046409	1234
20130815	123	123	123	204.52231083491185	1234
20130815	123	123	123	213.60286902898645	1234
20130815	123	123	123	222.29947653618666	1234
20130815	123	123	123	239.21166341024139	1234
20130815	123	123	123	255.57760266022055	1234
20130815	123	123	123	280.7767679096146	1234
20130815	123	123	123	277.03300212624714	1234
20130815	123	123	123	295.9338350101852	1234
20130815	123	123	123	297.788764641552	1234
20130815	123	123	123	316.22603521524695	1234
20130815	123	123	123	334.0634265460037	1234
20130815	123	123	123	351.2285449981748	1234
20130815	123	123	123	362.8530347837498	1234
20130815	123	123	123	373.55361168975855	1234
20130815	123	123	123	411.258086289518	1234
20130815	123	123	123	396.4041807585364	1234
20130815	123	123	123	403.52631578947376	1234
20130815	123	123	123	437.44598686801817	1234
20130815	123	123	123	469.5419753077104	1234
20130815	123	123	123	476.9857347590577	1234
20130815	123	123	123	480.7158227789859	1234
20130815	123	123	123	487.73684210526335	1234
20130815	123	123	123	501.705230765686	1234
20130815	123	123	123	515.7928614904816	1234
20130815	123	123	123	506.8436799757143	1234
20130815	123	123	123	501.9850967237634	1234
20130815	123	123	123	493.96926624220487	1234
20130815	123	123	123	484.6068928641633	1234
20130815	123	123	123	483.31578947368416	1234
20130815	123	123	123	467.3591795900467	1234
20130815	123	123	123	458.6197259258487	1234
20130815	123	123	123	453.1179745026441	1234
20130815	123	123	123	438.58070648026336	1234
20130815	123	123	123	414.49845530634656	1234
20130815	123	123	123	407.2854512820679	1234
20130815	123	123	123	401.22453736120406	1234
20130815	123	123	123	397.6864711850099	1234
20130815	123	123	123	377.66364052735196	1234
20130815	123	123	123	373.4219369084667	1234
20130815	123	123	123	379.0668243131423	1234
20130815	123	123	123	391.34710891039066	1234
20130815	123	123	123	392.52631578947376	1234
20130815	123	123	123	407.5282516247018	1234
20130815	123	123	123	408.2090131243289	1234
20130815	123	123	123	416.62716217198357	1234
20130815	123	123	123	424.07346652711766	1234
20130815	123	123	123	445.3907333214451	1234
20130815	123	123	123	449.90108291939424	1234
20130815	123	123	123	454.105263157895	1234
20130815	123	123	123	462.6686124863211	1234
20130815	123	123	123	468.72334362126895	1234
20130815	123	123	123	475.2858804998609	1234
20130815	123	123	123	485.45138631102265	1234
20130815	123	123	123	488.63947324826546	1234
20130815	123	123	123	495.30636220992056	1234
20130815	123	123	123	489.8779107782624	1234
20130815	123	123	123	487.3246797012959	1234
20130815	123	123	123	474.3574833685749	1234
20130815	123	123	123	459.97350588660964	1234
20130815	123	123	123	450.70078445162244	1234
20130815	123	123	123	443.22576250490204	1234
20130815	123	123	123	428.5896921967918	1234
20130815	123	123	123	426.80021136709365	1234
20130815	123	123	123	422.4936456064544	1234
20130815	123	123	123	417.554366027399	1234
20130815	123	123	123	406.67319844763335	1234
20130815	123	123	123	394.37032031574296	1234
20130815	123	123	123	394.354731065508	1234
20130815	123	123	123	389.6749351316673	1234
20130815	123	123	123	378.84626410281953	1234
20130815	123	123	123	367.712008057749	1234
20130815	123	123	123	366.6609315881923	1234
20130815	123	123	123	352.2946959353363	1234
20130815	123	123	123	345.91358670592535	1234
20130815	123	123	123	335.1669086782295	1234
20130815	123	123	123	326.68421052631584	1234
20130815	123	123	123	311.5325476905654	1234
20130815	123	123	123	294.0665254456441	1234
20130815	123	123	123	241.88099203397815	1234
20130815	123	123	123	247.61171430129005	1234
20130815	123	123	123	178.93150069995522	1234
20130815	123	123	123	202.6131739027333	1234
20130815	123	123	123	199.73684210526335	1234
20130815	123	123	123	169.45027283115243	1234
20130815	123	123	123	173.38716425858965	1234
20130815	123	123	123	168.0	1234
20130815	123	123	123	18.390063549479173	1234
20130815	123	123	123	3.9651232170146344	1234
20130815	123	123	123	15.239694381890915	1234
20130815	123	123	123	0.2026053080098933	1234
20130815	123	123	123	18.317280404456543	1234
20130815	123	123	123	8.393055759237097	1234
20130815	123	123	123	11.777834110585665	1234
20130815	123	123	123	8.453290955844619	1234
20130815	123	123	123	16.481840080465837	1234
20130815	123	123	123	12.78117330842472	1234
20130815	123	123	123	1.0156016385162214	1234
20130815	123	123	123	19.505716701723117	1234
20130815	123	123	123	15.685649336123305	1234
20130815	123	123	123	5.984950130068238	1234
20130815	123	123	123	16.159332254617546	1234
20130815	123	123	123	13.751587676744085	1234
20130815	123	123	123	14.888323315129773	1234
20130815	123	123	123	9.305182218993606	1234
20130815	123	123	123	12.783823042344713	1234
20130815	123	123	123	0.0533836130964116	1234
20130815	123	123	123	2.6281259794929945	1234
20130815	123	123	123	2.036843764295415	1234
20130815	123	123	123	5.2858477627849565	1234
20130815	123	123	123	3.1173776558913824	1234
20130815	123	123	123	14.860878440159482	1234
20130815	123	123	123	0.9148296999063232	1234
20130815	123	123	123	18.53598187357874	1234
20130815	123	123	123	14.354905306117388	1234
20130815	123	123	123	8.997237454279306	1234
20130815	123	123	123	8.210610655069823	1234