time startPrice highestPrice lowestPrice endPrice transactionCount
20130815	123	123	123	16.820095531574285	1234
20130815	123	123	123	5.618320582405929	1234
20130815	123	123	123	14.368363463677857	1234
20130815	123	123	123	11.021001291244506	1234
20130815	123	123	123	11.825410681112547	1234
20130815	123	123	123	18.991785297095074	1234
20130815	123	123	123	6.0745873443195775	1234
20130815	123	123	123	1.7974188560131776	1234
20130815	123	123	123	6.497909006362068	1234
20130815	123	123	123	13.710395335402017	1234
20130815	123	123	123	3.259513465970949	1234
20130815	123	123	123	11.073751276585151	1234
20130815	123	123	123	8.07533485389709	1234
20130815	123	123	123	12.50049233733889	1234
20130815	123	123	123	13.138528254835343	1234
20130815	123	123	123	18.535363732221114	1234
20130815	123	123	123	6.578706840480115	1234
20130815	123	123	123	18.289447008466663	1234
20130815	123	123	123	9.87382308074043	1234
20130815	123	123	123	14.254729610165633	1234
20130815	123	123	123	14.260506251133622	1234
20130815	123	123	123	2.376533340826461	1234
20130815	123	123	123	18.718218812956362	1234
20130815	123	123	123	0.729164540115681	1234
20130815	123	123	123	4.91364780280456	1234
20130815	123	123	123	1.5895033209266818	1234
20130815	123	123	123	7.025692440069722	1234
20130815	123	123	123	14.682144402702743	1234
20130815	123	123	123	3.1321756720175875	1234
20130815	123	123	123	16.788297859796568	1234
20130815	123	123	123	166.77406484503757	1234
20130815	123	123	123	208.11700427352736	1234
20130815	123	123	123	208.3665181850354	1234
20130815	123	123	123	219.21947892486418	1234
20130815	123	123	123	222.10127445765306	1234
20130815	123	123	123	243.58507104029857	1234
20130815	123	123	123	247.18350579044136	1234
20130815	123	123	123	262.07063135336796	1234
20130815	123	123	123	268.92171074661616	1234
20130815	123	123	123	286.32317748116503	1234
20130815	123	123	123	283.24294505940753	1234
20130815	123	123	123	300.9477112778515	1234
20130815	123	123	123	310.9768895293345	1234
20130815	123	123	123	319.67601191919374	1234
20130815	123	123	123	328.2804794855033	1234
20130815	123	123	123	336.93401837029467	1234
20130815	123	123	123	349.23244189755394	1234
20130815	123	123	123	359.40325926712165	1234
20130815	123	123	123	361.42105263157896	1234
20130815	123	123	123	381.000193256164	1234
20130815	123	123	123	381.0522521717246	1234
20130815	123	123	123	397.08551932852146	1234
20130815	123	123	123	403.52631578947376	1234
20130815	123	123	123	433.2814236719316	1234
20130815	123	123	123	428.78947368421063	1234
20130815	123	123	123	439.7587000109788	1234
20130815	123	123	123	455.62414923807904	1234
20130815	123	123	123	464.5344566242674	1234
20130815	123	123	123	462.87177971145036	1234
20130815	123	123	123	471.6514549825749	1234
20130815	123	123	123	490.8687916474966	1234
20130815	123	123	123	493.30384919645593	1234
20130815	123	123	123	511.78518489054875	1234
20130815	123	123	123	509.6697954041589	1234
20130815	123	123	123	494.3532458068908	1234
20130815	123	123	123	490.5972519534659	1234
20130815	123	123	123	483.31578947368416	1234
20130815	123	123	123	474.1203571828432	1234
20130815	123	123	123	463.5089805881625	1234
20130815	123	123	123	455.9265786880924	1234
20130815	123	123	123	436.8035092135771	1234
20130815	123	123	123	436.88583773009	1234
20130815	123	123	123	431.36842105263145	1234
20130815	123	123	123	407.42448651646504	1234
20130815	123	123	123	403.95529979211943	1234
20130815	123	123	123	400.5666771182028	1234
20130815	123	123	123	387.7639534613685	1234
20130815	123	123	123	385.2966520325419	1234
20130815	123	123	123	379.42105263157873	1234
20130815	123	123	123	378.4680522483715	1234
20130815	123	123	123	407.9478503034935	1234
20130815	123	123	123	415.67366201424056	1234
20130815	123	123	123	440.4548026615729	1234
20130815	123	123	123	444.47897934902096	1234
20130815	123	123	123	451.5256063275007	1234
20130815	123	123	123	459.1161145408761	1234
20130815	123	123	123	470.93783568417825	1234
20130815	123	123	123	472.5801106128833	1234
20130815	123	123	123	487.05956084735686	1234
20130815	123	123	123	493.4753312513415	1234
20130815	123	123	123	497.5408063405399	1234
20130815	123	123	123	479.6389912807417	1234
20130815	123	123	123	476.28551921874123	1234
20130815	123	123	123	460.35937178757496	1234
20130815	123	123	123	435.0784884293416	1234
20130815	123	123	123	439.0	1234
20130815	123	123	123	430.83658568168164	1234
20130815	123	123	123	415.8640406510218	1234
20130815	123	123	123	404.8744620753555	1234
20130815	123	123	123	399.3727955703351	1234
20130815	123	123	123	394.02982018419243	1234
20130815	123	123	123	387.05200353097814	1234
20130815	123	123	123	350.90887399511774	1234
20130815	123	123	123	353.8617187121699	1234
20130815	123	123	123	347.8421052631579	1234
20130815	123	123	123	330.90485131643294	1234
20130815	123	123	123	312.3162867009184	1234
20130815	123	123	123	298.12820457424806	1234
20130815	123	123	123	286.8408245110139	1234
20130815	123	123	123	273.3260664201115	1234
20130815	123	123	123	259.89364188323543	1234
20130815	123	123	123	241.51750437874136	1234
20130815	123	123	123	240.23830589858886	1234
20130815	123	123	123	225.72692300317883	1234
20130815	123	123	123	202.41253051041957	1234
20130815	123	123	123	210.3157894736844	1234
20130815	123	123	123	193.90763116180602	1234
20130815	123	123	123	188.89437915101811	1234
20130815	123	123	123	161.35546112575258	1234
20130815	123	123	123	168.0	1234
20130815	123	123	123	5.393372768111093	1234
20130815	123	123	123	9.241608904488398	1234
20130815	123	123	123	18.243531767550778	1234
20130815	123	123	123	1.1125046732747923	1234
20130815	123	123	123	15.8911945896037	1234
20130815	123	123	123	4.706313600719511	1234
20130815	123	123	123	5.386153579606125	1234
20130815	123	123	123	10.529330440238539	1234
20130815	123	123	123	11.15177854951165	1234
20130815	123	123	123	1.8339455299460172	1234
20130815	123	123	123	7.085063336234665	1234
20130815	123	123	123	1.5239981368128452	1234
20130815	123	123	123	8.034537954068178	1234
20130815	123	123	123	15.432372226454339	1234
20130815	123	123	123	2.6820092419586072	1234
20130815	123	123	123	1.1846524109593681	1234
20130815	123	123	123	12.644402349237742	1234
20130815	123	123	123	8.008053479521802	1234
20130815	123	123	123	10.105643362956329	1234
20130815	123	123	123	3.4689984077231273	1234
20130815	123	123	123	19.67695997849892	1234
20130815	123	123	123	3.3233038522874914	1234
20130815	123	123	123	4.7211063749400335	1234
20130815	123	123	123	2.1000665230185533	1234
20130815	123	123	123	8.378230988683848	1234
20130815	123	123	123	17.936740630703483	1234
20130815	123	123	123	3.3773096216271137	1234
20130815	123	123	123	15.323641257585736	1234
20130815	123	123	123	9.848678268822352	1234
20130815	123	123	123	5.148919625155182	1234