time startPrice highestPrice lowestPrice endPrice transactionCount
20130815	123	123	123	11.178895742116048	1234
20130815	123	123	123	3.594960854227116	1234
20130815	123	123	123	8.944956979745736	1234
20130815	123	123	123	7.213211418918927	1234
20130815	123	123	123	15.307777949500565	1234
20130815	123	123	123	7.7188901523293785	1234
20130815	123	123	123	10.992442456454839	1234
20130815	123	123	123	18.533964543958458	1234
20130815	123	123	123	4.6753197092985355	1234
20130815	123	123	123	12.021315180103016	1234
20130815	123	123	123	6.860241221679266	1234
20130815	123	123	123	15.398099106250115	1234
20130815	123	123	123	8.328934821412592	1234
20130815	123	123	123	1.4138198987148165	1234
20130815	123	123	123	5.908466278259635	1234
20130815	123	123	123	13.22992679196062	1234
20130815	123	123	123	4.686151191798831	1234
20130815	123	123	123	6.186433162563489	1234
20130815	123	123	123	3.514578657919931	1234
20130815	123	123	123	12.083333515351375	1234
20130815	123	123	123	11.814919125564385	1234
20130815	123	123	123	17.775612176270776	1234
20130815	123	123	123	11.497022715973443	1234
20130815	123	123	123	14.378117291717423	1234
20130815	123	123	123	3.5237964490067464	1234
20130815	123	123	123	7.860566461088132	1234
20130815	123	123	123	18.57145425668869	1234
20130815	123	123	123	19.506232505499327	1234
20130815	123	123	123	3.7552987757671663	1234
20130815	123	123	123	5.395470216044378	1234
20130815	123	123	123	167.9979639650486	1234
20130815	123	123	123	181.0777361324195	1234
20130815	123	123	123	181.21052631578948	1234
20130815	123	123	123	204.39880978539924	1234
20130815	123	123	123	206.80996488523624	1234
20130815	123	123	123	239.2234824572667	1234
20130815	123	123	123	241.84210526315792	1234
20130815	123	123	123	266.05677796188985	1234
20130815	123	123	123	307.6685568800202	1234
20130815	123	123	123	308.0064699396271	1234
20130815	123	123	123	319.80414633021087	1234
20130815	123	123	123	333.01566710046063	1234
20130815	123	123	123	332.8924390786335	1234
20130815	123	123	123	344.8799702596901	1234
20130815	123	123	123	362.78313617252866	1234
20130815	123	123	123	375.8356539124689	1234
20130815	123	123	123	393.89797289077836	1234
20130815	123	123	123	394.4392309901094	1234
20130815	123	123	123	403.34698960196135	1234
20130815	123	123	123	404.8019454101643	1234
20130815	123	123	123	412.0982898464062	1234
20130815	123	123	123	432.9830049900303	1234
20130815	123	123	123	432.32918940136796	1234
20130815	123	123	123	437.2105263157896	1234
20130815	123	123	123	457.5244082446829	1234
20130815	123	123	123	454.0526315789475	1234
20130815	123	123	123	471.8063986612883	1234
20130815	123	123	123	480.53736893140564	1234
20130815	123	123	123	500.26682898087523	1234
20130815	123	123	123	500.4241692504265	1234
20130815	123	123	123	504.57894736842127	1234
20130815	123	123	123	504.73455285655854	1234
20130815	123	123	123	503.09212712062765	1234
20130815	123	123	123	498.08805451821	1234
20130815	123	123	123	483.31578947368416	1234
20130815	123	123	123	472.74873523287357	1234
20130815	123	123	123	467.97193103168746	1234
20130815	123	123	123	454.1400028663614	1234
20130815	123	123	123	441.9038926880682	1234
20130815	123	123	123	421.52048204498817	1234
20130815	123	123	123	412.9638537019815	1234
20130815	123	123	123	398.97005720557377	1234
20130815	123	123	123	391.7044060928202	1234
20130815	123	123	123	379.67183950730606	1234
20130815	123	123	123	371.390032922038	1234
20130815	123	123	123	373.48765549206325	1234
20130815	123	123	123	378.96322480491114	1234
20130815	123	123	123	389.19711604676905	1234
20130815	123	123	123	397.27210664966407	1234
20130815	123	123	123	404.7744264053655	1234
20130815	123	123	123	412.4370419953767	1234
20130815	123	123	123	422.69278433731176	1234
20130815	123	123	123	437.5736522275062	1234
20130815	123	123	123	438.6033224851321	1234
20130815	123	123	123	444.76213820554693	1234
20130815	123	123	123	449.25632089841133	1234
20130815	123	123	123	454.105263157895	1234
20130815	123	123	123	473.33006150740977	1234
20130815	123	123	123	474.6315789473688	1234
20130815	123	123	123	481.942581262028	1234
20130815	123	123	123	489.405503565768	1234
20130815	123	123	123	502.91364673922595	1234
20130815	123	123	123	497.5768814003689	1234
20130815	123	123	123	488.2167669269808	1234
20130815	123	123	123	484.5339621421814	1234
20130815	123	123	123	480.91003399248365	1234
20130815	123	123	123	471.87125463343307	1234
20130815	123	123	123	465.709720855523	1234
20130815	123	123	123	447.7933993505151	1234
20130815	123	123	123	435.06162621280896	1234
20130815	123	123	123	421.22853774389057	1234
20130815	123	123	123	424.47334855523013	1234
20130815	123	123	123	403.5433645079256	1234
20130815	123	123	123	390.0	1234
20130815	123	123	123	381.72059339793987	1234
20130815	123	123	123	365.7552887830718	1234
20130815	123	123	123	350.51781905641474	1234
20130815	123	123	123	335.0261735988645	1234
20130815	123	123	123	304.58754614249693	1234
20130815	123	123	123	300.5315584592347	1234
20130815	123	123	123	274.6604552209637	1234
20130815	123	123	123	260.0231889834286	1234
20130815	123	123	123	246.13348883379297	1234
20130815	123	123	123	234.0513520104636	1234
20130815	123	123	123	224.88699821905067	1234
20130815	123	123	123	212.64127279093066	1234
20130815	123	123	123	207.02144621139587	1234
20130815	123	123	123	190.76147669369354	1234
20130815	123	123	123	170.02168898437307	1234
20130815	123	123	123	168.0	1234
20130815	123	123	123	9.944185762056064	1234
20130815	123	123	123	19.104940341887392	1234
20130815	123	123	123	18.27961185044914	1234
20130815	123	123	123	19.095258822890976	1234
20130815	123	123	123	0.71385863449001	1234
20130815	123	123	123	11.266516147869371	1234
20130815	123	123	123	12.314756629383684	1234
20130815	123	123	123	13.92787256296144	1234
20130815	123	123	123	16.443774220930692	1234
20130815	123	123	123	4.551822275646133	1234
20130815	123	123	123	15.453214441655325	1234
20130815	123	123	123	19.325950598803605	1234
20130815	123	123	123	6.083717433506999	1234
20130815	123	123	123	13.397719835677755	1234
20130815	123	123	123	11.153930007760417	1234
20130815	123	123	123	4.116153806768539	1234
20130815	123	123	123	17.361508987945477	1234
20130815	123	123	123	15.355927197399302	1234
20130815	123	123	123	7.062497887075274	1234
20130815	123	123	123	18.574435795166515	1234
20130815	123	123	123	2.830935374093495	1234
20130815	123	123	123	7.57362076738656	1234
20130815	123	123	123	4.551268345751815	1234
20130815	123	123	123	17.55074552065787	1234
20130815	123	123	123	15.954103725248931	1234
20130815	123	123	123	5.023696828284336	1234
20130815	123	123	123	11.124991978742445	1234
20130815	123	123	123	0.2667989446332131	1234
20130815	123	123	123	0.9126860371240131	1234
20130815	123	123	123	6.215297206887172	1234