time startPrice highestPrice lowestPrice endPrice transactionCount
20130815	123	123	123	10.219521499266438	1234
20130815	123	123	123	11.509940523159457	1234
20130815	123	123	123	11.054644445704746	1234
20130815	123	123	123	9.045775113486126	1234
20130815	123	123	123	11.182347690913343	1234
20130815	123	123	123	2.1505230773885486	1234
20130815	123	123	123	8.958790690965843	1234
20130815	123	123	123	16.819930497884904	1234
20130815	123	123	123	4.14707744197467	1234
20130815	123	123	123	15.680972998681934	1234
20130815	123	123	123	10.768734423962119	1234
20130815	123	123	123	16.833412657385413	1234
20130815	123	123	123	2.932699610586267	1234
20130815	123	123	123	2.126781413783785	1234
20130815	123	123	123	5.463094082363353	1234
20130815	123	123	123	8.570028264510567	1234
20130815	123	123	123	2.439547726049993	1234
20130815	123	123	123	1.07216468117733	1234
20130815	123	123	123	12.232368828419474	1234
20130815	123	123	123	8.321035982276104	1234
20130815	123	123	123	15.013306350153792	1234
20130815	123	123	123	10.483942063390352	1234
20130815	123	123	123	4.86743440654376	1234
20130815	123	123	123	3.2809089445435857	1234
20130815	123	123	123	4.401732638333781	1234
20130815	123	123	123	0.12413596969824248	1234
20130815	123	123	123	5.08261546151364	1234
20130815	123	123	123	16.28314563369577	1234
20130815	123	123	123	15.441909167861203	1234
20130815	123	123	123	6.834611114289661	1234
20130815	123	123	123	249.0	1234
20130815	123	123	123	263.8343614163529	1234
20130815	123	123	123	273.29868956898474	1234
20130815	123	123	123	290.83548667222504	1234
20130815	123	123	123	293.33619142056534	1234
20130815	123	123	123	307.57347833777584	1234
20130815	123	123	123	319.48735271782454	1234
20130815	123	123	123	319.3684210526314	1234
20130815	123	123	123	348.86057938380145	1234
20130815	123	123	123	360.08829288057234	1234
20130815	123	123	123	367.8769076408911	1234
20130815	123	123	123	371.8657987281317	1234
20130815	123	123	123	388.31353868177473	1234
20130815	123	123	123	396.26893828378024	1234
20130815	123	123	123	402.1519824062517	1234
20130815	123	123	123	413.9397612687843	1234
20130815	123	123	123	434.86950545630447	1234
20130815	123	123	123	415.71017318629544	1234
20130815	123	123	123	411.1590544461213	1234
20130815	123	123	123	392.8176080591852	1234
20130815	123	123	123	393.0614566247231	1234
20130815	123	123	123	389.26401657375015	1234
20130815	123	123	123	387.9867230993213	1234
20130815	123	123	123	386.0	1234
20130815	123	123	123	417.16327798447116	1234
20130815	123	123	123	435.38433258416245	1234
20130815	123	123	123	433.582593006932	1234
20130815	123	123	123	443.4781358530766	1234
20130815	123	123	123	455.12797637084077	1234
20130815	123	123	123	457.6562380653192	1234
20130815	123	123	123	463.4113917838321	1234
20130815	123	123	123	484.46550799278356	1234
20130815	123	123	123	495.8586466205931	1234
20130815	123	123	123	495.47137760851945	1234
20130815	123	123	123	509.37829525840607	1234
20130815	123	123	123	511.90236275652626	1234
20130815	123	123	123	517.3059853170602	1234
20130815	123	123	123	523.8970072837573	1234
20130815	123	123	123	529.4411769612847	1234
20130815	123	123	123	513.7358171667289	1234
20130815	123	123	123	510.6822440212445	1234
20130815	123	123	123	508.2631578947369	1234
20130815	123	123	123	490.2941170207099	1234
20130815	123	123	123	481.30413230789685	1234
20130815	123	123	123	466.4976145217243	1234
20130815	123	123	123	462.78947368421063	1234
20130815	123	123	123	444.8988276668458	1234
20130815	123	123	123	437.5941162995206	1234
20130815	123	123	123	439.54042886673545	1234
20130815	123	123	123	425.13337422207934	1234
20130815	123	123	123	422.92447420700876	1234
20130815	123	123	123	406.16376699662754	1234
20130815	123	123	123	400.97804675332765	1234
20130815	123	123	123	398.7225593227714	1234
20130815	123	123	123	382.6989661002366	1234
20130815	123	123	123	387.0	1234
20130815	123	123	123	393.7459880330392	1234
20130815	123	123	123	399.0797174265189	1234
20130815	123	123	123	397.35624475241633	1234
20130815	123	123	123	409.711632589825	1234
20130815	123	123	123	416.24665055291183	1234
20130815	123	123	123	415.40763879964265	1234
20130815	123	123	123	419.7221462552499	1234
20130815	123	123	123	423.2424774298278	1234
20130815	123	123	123	427.9990209204153	1234
20130815	123	123	123	431.35825231211595	1234
20130815	123	123	123	435.00336648903175	1234
20130815	123	123	123	437.9533207596083	1234
20130815	123	123	123	442.04225285988105	1234
20130815	123	123	123	444.26315789473654	1234
20130815	123	123	123	447.7856229753403	1234
20130815	123	123	123	451.0	1234
20130815	123	123	123	438.48370062121785	1234
20130815	123	123	123	430.8947368421053	1234
20130815	123	123	123	419.27438388880364	1234
20130815	123	123	123	410.2622696905001	1234
20130815	123	123	123	395.88281544367163	1234
20130815	123	123	123	362.706273868654	1234
20130815	123	123	123	369.4130179945631	1234
20130815	123	123	123	344.0308573409789	1234
20130815	123	123	123	349.8702237598699	1234
20130815	123	123	123	323.0586366312763	1234
20130815	123	123	123	322.5038588871331	1234
20130815	123	123	123	312.7778101643574	1234
20130815	123	123	123	304.4516384956715	1234
20130815	123	123	123	295.61799183649606	1234
20130815	123	123	123	288.72484446133706	1234
20130815	123	123	123	273.0503623008405	1234
20130815	123	123	123	253.49744142931786	1234
20130815	123	123	123	260.0	1234
20130815	123	123	123	4.834975897257808	1234
20130815	123	123	123	5.461409029882162	1234
20130815	123	123	123	19.744759321492968	1234
20130815	123	123	123	2.5122413576674085	1234
20130815	123	123	123	8.892882703753106	1234
20130815	123	123	123	8.218926663914042	1234
20130815	123	123	123	2.897444625480048	1234
20130815	123	123	123	7.253240173609585	1234
20130815	123	123	123	13.223296890203793	1234
20130815	123	123	123	2.1117446471308043	1234
20130815	123	123	123	7.083186727337227	1234
20130815	123	123	123	9.930444796921948	1234
20130815	123	123	123	12.208660518973083	1234
20130815	123	123	123	16.599079888889612	1234
20130815	123	123	123	14.52195794088157	1234
20130815	123	123	123	16.37751052288923	1234
20130815	123	123	123	18.2706443818034	1234
20130815	123	123	123	9.086676513303885	1234
20130815	123	123	123	11.764383153278395	1234
20130815	123	123	123	11.38911547906416	1234
20130815	123	123	123	1.169441301180425	1234
20130815	123	123	123	16.286723791824382	1234
20130815	123	123	123	12.62510907049272	1234
20130815	123	123	123	14.906443667417669	1234
20130815	123	123	123	11.06367904887791	1234
20130815	123	123	123	7.640555174891457	1234
20130815	123	123	123	18.42080967049354	1234
20130815	123	123	123	15.042362264567808	1234
20130815	123	123	123	19.357448823781663	1234
20130815	123	123	123	1.3979935180288194	1234