time startPrice highestPrice lowestPrice endPrice transactionCount
20130815	123	123	123	16.219650834586933	1234
20130815	123	123	123	11.938049746434512	1234
20130815	123	123	123	19.604605752216536	1234
20130815	123	123	123	9.706203323458542	1234
20130815	123	123	123	19.90563841653908	1234
20130815	123	123	123	4.82569376481395	1234
20130815	123	123	123	9.992920436146091	1234
20130815	123	123	123	2.1792172904004614	1234
20130815	123	123	123	5.876102729021833	1234
20130815	123	123	123	9.00773078398059	1234
20130815	123	123	123	14.502810452819952	1234
20130815	123	123	123	3.792345126867378	1234
20130815	123	123	123	3.330563278288756	1234
20130815	123	123	123	15.696891758087999	1234
20130815	123	123	123	13.488363594803713	1234
20130815	123	123	123	4.849063022569007	1234
20130815	123	123	123	17.095183217578086	1234
20130815	123	123	123	5.131207264479474	1234
20130815	123	123	123	2.1905350337781826	1234
20130815	123	123	123	7.551178477906923	1234
20130815	123	123	123	12.886137640871514	1234
20130815	123	123	123	12.20420561671336	1234
20130815	123	123	123	3.9587848503424095	1234
20130815	123	123	123	0.41622895444363817	1234
20130815	123	123	123	8.426806883439603	1234
20130815	123	123	123	12.53770591625642	1234
20130815	123	123	123	3.0023844093629815	1234
20130815	123	123	123	19.25717187836066	1234
20130815	123	123	123	13.068334143189626	1234
20130815	123	123	123	10.011011651163091	1234
20130815	123	123	123	257.26176112190444	1234
20130815	123	123	123	274.2311940668314	1234
20130815	123	123	123	292.70263776112245	1234
20130815	123	123	123	305.41165909609117	1234
20130815	123	123	123	310.1578803619291	1234
20130815	123	123	123	323.26749315342704	1234
20130815	123	123	123	334.4373179653792	1234
20130815	123	123	123	354.0871652628289	1234
20130815	123	123	123	365.3563792461946	1234
20130815	123	123	123	378.3732108944605	1234
20130815	123	123	123	388.66214926896	1234
20130815	123	123	123	398.29963594187956	1234
20130815	123	123	123	414.21738416297615	1234
20130815	123	123	123	425.14580078886155	1234
20130815	123	123	123	433.292410464475	1234
20130815	123	123	123	431.83829863326196	1234
20130815	123	123	123	429.7485764161146	1234
20130815	123	123	123	431.47368421052624	1234
20130815	123	123	123	427.7231305929689	1234
20130815	123	123	123	407.4550638472051	1234
20130815	123	123	123	411.41976383464987	1234
20130815	123	123	123	407.8320958765299	1234
20130815	123	123	123	399.911920487412	1234
20130815	123	123	123	396.58068290525625	1234
20130815	123	123	123	393.7769361938964	1234
20130815	123	123	123	389.9951816031475	1234
20130815	123	123	123	388.84210526315746	1234
20130815	123	123	123	397.7715865232885	1234
20130815	123	123	123	396.7534527004304	1234
20130815	123	123	123	402.0415596838279	1234
20130815	123	123	123	418.95132605582955	1234
20130815	123	123	123	424.1578947368422	1234
20130815	123	123	123	434.5860173365051	1234
20130815	123	123	123	442.3120775724664	1234
20130815	123	123	123	447.8248317592063	1234
20130815	123	123	123	460.78352250161635	1234
20130815	123	123	123	467.9558657648689	1234
20130815	123	123	123	475.4841272276687	1234
20130815	123	123	123	477.57894736842127	1234
20130815	123	123	123	495.4264082499746	1234
20130815	123	123	123	501.51983048443157	1234
20130815	123	123	123	517.9740344263424	1234
20130815	123	123	123	526.5012086321406	1234
20130815	123	123	123	524.5088866318818	1234
20130815	123	123	123	529.6024474119365	1234
20130815	123	123	123	507.53398878978726	1234
20130815	123	123	123	501.9567001579871	1234
20130815	123	123	123	496.41064109985854	1234
20130815	123	123	123	481.7499366630617	1234
20130815	123	123	123	476.42497813049766	1234
20130815	123	123	123	464.41429782205796	1234
20130815	123	123	123	449.93399676036137	1234
20130815	123	123	123	444.52954972006114	1234
20130815	123	123	123	430.47077520428223	1234
20130815	123	123	123	388.4469026721189	1234
20130815	123	123	123	405.023546068429	1234
20130815	123	123	123	402.10877098249887	1234
20130815	123	123	123	388.19271001782516	1234
20130815	123	123	123	401.85804307448586	1234
20130815	123	123	123	400.6673797450956	1234
20130815	123	123	123	405.39387108829624	1234
20130815	123	123	123	415.3907086769289	1234
20130815	123	123	123	416.2842489407591	1234
20130815	123	123	123	418.43304539648625	1234
20130815	123	123	123	421.7048262923273	1234
20130815	123	123	123	426.1358641800155	1234
20130815	123	123	123	432.6928833313523	1234
20130815	123	123	123	436.622775763148	1234
20130815	123	123	123	444.710010423058	1234
20130815	123	123	123	447.78368457215157	1234
20130815	123	123	123	447.6315789473681	1234
20130815	123	123	123	436.1239742129591	1234
20130815	123	123	123	437.48019288846103	1234
20130815	123	123	123	402.54655213561006	1234
20130815	123	123	123	403.96451728410284	1234
20130815	123	123	123	384.6217217894547	1234
20130815	123	123	123	385.0228708289917	1234
20130815	123	123	123	379.54011892831926	1234
20130815	123	123	123	366.241757713213	1234
20130815	123	123	123	355.4001756082515	1234
20130815	123	123	123	334.1295482796685	1234
20130815	123	123	123	332.07081538425587	1234
20130815	123	123	123	312.9855090315268	1234
20130815	123	123	123	317.5538935931155	1234
20130815	123	123	123	306.5489342268902	1234
20130815	123	123	123	287.45390693355967	1234
20130815	123	123	123	289.50542029423286	1234
20130815	123	123	123	278.26086166723803	1234
20130815	123	123	123	259.16215699495314	1234
20130815	123	123	123	260.0	1234
20130815	123	123	123	18.432253627673184	1234
20130815	123	123	123	7.427608475297555	1234
20130815	123	123	123	10.066980826378074	1234
20130815	123	123	123	4.670440804925304	1234
20130815	123	123	123	11.920599244967372	1234
20130815	123	123	123	7.508453166518175	1234
20130815	123	123	123	10.30063841254847	1234
20130815	123	123	123	5.978315799799301	1234
20130815	123	123	123	4.997030046916697	1234
20130815	123	123	123	14.209597852250049	1234
20130815	123	123	123	3.960744973356365	1234
20130815	123	123	123	10.520659968863226	1234
20130815	123	123	123	18.8162387346418	1234
20130815	123	123	123	13.982795489676533	1234
20130815	123	123	123	17.634767968939254	1234
20130815	123	123	123	5.578028819354703	1234
20130815	123	123	123	19.17372840811511	1234
20130815	123	123	123	10.689632289156485	1234
20130815	123	123	123	8.198325463565816	1234
20130815	123	123	123	10.374049941141621	1234
20130815	123	123	123	12.612487315730254	1234
20130815	123	123	123	8.64111134582257	1234
20130815	123	123	123	12.064913528527715	1234
20130815	123	123	123	5.35140181813873	1234
20130815	123	123	123	15.654914543175668	1234
20130815	123	123	123	14.423045707788205	1234
20130815	123	123	123	18.595123799381557	1234
20130815	123	123	123	6.485117096167965	1234
20130815	123	123	123	8.510697599904141	1234
20130815	123	123	123	7.144083337131515	1234