time startPrice highestPrice lowestPrice endPrice transactionCount
20130815	123	123	123	10.413293174318326	1234
20130815	123	123	123	6.084648652948495	1234
20130815	123	123	123	13.6550245115217	1234
20130815	123	123	123	1.2233132084452225	1234
20130815	123	123	123	2.998715675037591	1234
20130815	123	123	123	19.063745207853668	1234
20130815	123	123	123	0.15090067752965286	1234
20130815	123	123	123	11.827282194418062	1234
20130815	123	123	123	1.5230573660327162	1234
20130815	123	123	123	12.229411783727482	1234
20130815	123	123	123	4.659037805271744	1234
20130815	123	123	123	7.220844038697727	1234
20130815	123	123	123	16.26812201607948	1234
20130815	123	123	123	15.104933721373834	1234
20130815	123	123	123	17.62357647476428	1234
20130815	123	123	123	16.09404878094481	1234
20130815	123	123	123	14.115412488452693	1234
20130815	123	123	123	18.183028016764112	1234
20130815	123	123	123	4.232140391692187	1234
20130815	123	123	123	15.672371835838447	1234
20130815	123	123	123	9.443597457362	1234
20130815	123	123	123	13.427348133214139	1234
20130815	123	123	123	9.681793980765487	1234
20130815	123	123	123	4.2344908303596025	1234
20130815	123	123	123	12.748090431205071	1234
20130815	123	123	123	4.199136210348358	1234
20130815	123	123	123	2.4542743498393538	1234
20130815	123	123	123	8.364345171166397	1234
20130815	123	123	123	6.136180968205503	1234
20130815	123	123	123	18.532970181435967	1234
20130815	123	123	123	251.617136715486	1234
20130815	123	123	123	266.7578098322808	1234
20130815	123	123	123	272.6259643042677	1234
20130815	123	123	123	280.6834144523809	1234
20130815	123	123	123	300.77076986388585	1234
20130815	123	123	123	313.10502125625266	1234
20130815	123	123	123	310.9404713488286	1234
20130815	123	123	123	351.4334178753884	1234
20130815	123	123	123	349.5263157894734	1234
20130815	123	123	123	371.6387659335152	1234
20130815	123	123	123	371.5796561163951	1234
20130815	123	123	123	390.62023852656995	1234
20130815	123	123	123	395.4324789254748	1234
20130815	123	123	123	406.3720246867826	1234
20130815	123	123	123	419.2173271607471	1234
20130815	123	123	123	423.4979301070648	1234
20130815	123	123	123	431.7428443474607	1234
20130815	123	123	123	434.2633215847924	1234
20130815	123	123	123	431.47368421052624	1234
20130815	123	123	123	419.3148345242995	1234
20130815	123	123	123	408.9921341160355	1234
20130815	123	123	123	407.63774975862924	1234
20130815	123	123	123	373.9070098209698	1234
20130815	123	123	123	389.2453351161874	1234
20130815	123	123	123	404.69538586230925	1234
20130815	123	123	123	416.5121379097628	1234
20130815	123	123	123	425.1065813913415	1234
20130815	123	123	123	443.5130493838576	1234
20130815	123	123	123	439.4210526315791	1234
20130815	123	123	123	452.8314526899918	1234
20130815	123	123	123	457.3198575880596	1234
20130815	123	123	123	470.18161141435684	1234
20130815	123	123	123	473.570722844753	1234
20130815	123	123	123	487.1304328274834	1234
20130815	123	123	123	497.185340553838	1234
20130815	123	123	123	501.58175288207394	1234
20130815	123	123	123	516.6178013935702	1234
20130815	123	123	123	526.1304516710459	1234
20130815	123	123	123	518.689884310272	1234
20130815	123	123	123	518.869242352827	1234
20130815	123	123	123	513.2264138057733	1234
20130815	123	123	123	502.6319303254855	1234
20130815	123	123	123	498.8303129273659	1234
20130815	123	123	123	486.31854100249035	1234
20130815	123	123	123	484.3649349122711	1234
20130815	123	123	123	475.999783286775	1234
20130815	123	123	123	470.3684210526317	1234
20130815	123	123	123	460.22906488048676	1234
20130815	123	123	123	435.3878730531504	1234
20130815	123	123	123	432.6098195067938	1234
20130815	123	123	123	427.8311086319677	1234
20130815	123	123	123	413.65315235317786	1234
20130815	123	123	123	416.10890442600885	1234
20130815	123	123	123	409.73684210526335	1234
20130815	123	123	123	400.7861917828233	1234
20130815	123	123	123	388.6099662644034	1234
20130815	123	123	123	387.0	1234
20130815	123	123	123	391.12037618779067	1234
20130815	123	123	123	393.7368421052631	1234
20130815	123	123	123	406.0826890474455	1234
20130815	123	123	123	413.8226974310652	1234
20130815	123	123	123	417.37927746970587	1234
20130815	123	123	123	420.2065826684131	1234
20130815	123	123	123	420.6842105263156	1234
20130815	123	123	123	429.18004563629177	1234
20130815	123	123	123	431.6341074682925	1234
20130815	123	123	123	435.82498096643593	1234
20130815	123	123	123	439.54446947221356	1234
20130815	123	123	123	445.43580477619923	1234
20130815	123	123	123	444.26315789473654	1234
20130815	123	123	123	442.66238993908183	1234
20130815	123	123	123	432.08807587124494	1234
20130815	123	123	123	416.62034995126027	1234
20130815	123	123	123	416.34494981764414	1234
20130815	123	123	123	407.80502308416055	1234
20130815	123	123	123	397.60968771743933	1234
20130815	123	123	123	390.02251023320576	1234
20130815	123	123	123	379.9957746566664	1234
20130815	123	123	123	365.25703236313666	1234
20130815	123	123	123	350.2207704772853	1234
20130815	123	123	123	333.95060340486197	1234
20130815	123	123	123	326.80894920942234	1234
20130815	123	123	123	318.1677049706683	1234
20130815	123	123	123	320.31578947368456	1234
20130815	123	123	123	301.14610142132176	1234
20130815	123	123	123	285.75661178917125	1234
20130815	123	123	123	288.17907815520323	1234
20130815	123	123	123	271.4401317972017	1234
20130815	123	123	123	269.5049890061326	1234
20130815	123	123	123	260.0	1234
20130815	123	123	123	2.927781072182283	1234
20130815	123	123	123	12.113391189594747	1234
20130815	123	123	123	9.480067864093535	1234
20130815	123	123	123	5.720706399134475	1234
20130815	123	123	123	8.343989826646387	1234
20130815	123	123	123	12.846602711670984	1234
20130815	123	123	123	18.764049822566303	1234
20130815	123	123	123	10.322892701595032	1234
20130815	123	123	123	1.9653789193231375	1234
20130815	123	123	123	4.268439895994054	1234
20130815	123	123	123	19.041032773493704	1234
20130815	123	123	123	0.012059543370439574	1234
20130815	123	123	123	4.1993587987035745	1234
20130815	123	123	123	0.9726579727421059	1234
20130815	123	123	123	18.41742232981984	1234
20130815	123	123	123	14.062470123030636	1234
20130815	123	123	123	6.53209353893673	1234
20130815	123	123	123	10.832477732379092	1234
20130815	123	123	123	16.614377123244477	1234
20130815	123	123	123	17.836059094746023	1234
20130815	123	123	123	5.306324042374895	1234
20130815	123	123	123	11.645311220437186	1234
20130815	123	123	123	11.907297374543175	1234
20130815	123	123	123	15.274449813179077	1234
20130815	123	123	123	1.693895037284574	1234
20130815	123	123	123	16.6688769409666	1234
20130815	123	123	123	3.624342541097889	1234
20130815	123	123	123	6.192089182041527	1234
20130815	123	123	123	16.655102781358902	1234
20130815	123	123	123	0.03320409017171011	1234