time startPrice highestPrice lowestPrice endPrice transactionCount
20130815	123	123	123	2.4242150278995545	1234
20130815	123	123	123	8.367462190447965	1234
20130815	123	123	123	19.385891202905626	1234
20130815	123	123	123	18.731866981531397	1234
20130815	123	123	123	7.499352581674699	1234
20130815	123	123	123	6.270164163647571	1234
20130815	123	123	123	3.333353616659349	1234
20130815	123	123	123	13.56531612553976	1234
20130815	123	123	123	16.645100067525856	1234
20130815	123	123	123	11.694113129273527	1234
20130815	123	123	123	10.041170538529421	1234
20130815	123	123	123	12.473833711822069	1234
20130815	123	123	123	5.656230483369606	1234
20130815	123	123	123	7.514316425744796	1234
20130815	123	123	123	7.642105080335773	1234
20130815	123	123	123	16.241766840847045	1234
20130815	123	123	123	3.6943477790061263	1234
20130815	123	123	123	13.231154709915998	1234
20130815	123	123	123	3.352502213116675	1234
20130815	123	123	123	11.798215877365905	1234
20130815	123	123	123	17.52265994390448	1234
20130815	123	123	123	9.394983191619762	1234
20130815	123	123	123	3.778125632442899	1234
20130815	123	123	123	6.0220966881921445	1234
20130815	123	123	123	10.749853227813649	1234
20130815	123	123	123	1.2770395207945162	1234
20130815	123	123	123	6.639310095865043	1234
20130815	123	123	123	12.022580573194599	1234
20130815	123	123	123	9.95134704562619	1234
20130815	123	123	123	10.769209295200904	1234
20130815	123	123	123	249.0	1234
20130815	123	123	123	275.19069257360667	1234
20130815	123	123	123	288.3627479931004	1234
20130815	123	123	123	301.03858183800924	1234
20130815	123	123	123	312.5477627622774	1234
20130815	123	123	123	328.5442493856045	1234
20130815	123	123	123	335.1836194712783	1234
20130815	123	123	123	353.5283275155095	1234
20130815	123	123	123	359.40552572418477	1234
20130815	123	123	123	364.24905526322374	1234
20130815	123	123	123	374.606958880447	1234
20130815	123	123	123	404.78808780323186	1234
20130815	123	123	123	416.27872696437805	1234
20130815	123	123	123	438.53685884764775	1234
20130815	123	123	123	432.47296227152606	1234
20130815	123	123	123	435.9284050264225	1234
20130815	123	123	123	434.31578947368416	1234
20130815	123	123	123	418.670340373687	1234
20130815	123	123	123	421.9313409610185	1234
20130815	123	123	123	417.3876303893324	1234
20130815	123	123	123	413.3516485480756	1234
20130815	123	123	123	411.5789473684208	1234
20130815	123	123	123	398.19853046173773	1234
20130815	123	123	123	393.60673895246356	1234
20130815	123	123	123	394.5263157894733	1234
20130815	123	123	123	391.6198471909969	1234
20130815	123	123	123	388.84210526315746	1234
20130815	123	123	123	398.01511514426954	1234
20130815	123	123	123	403.25991800307463	1234
20130815	123	123	123	403.23541158925894	1234
20130815	123	123	123	415.28393497001224	1234
20130815	123	123	123	432.6303858710702	1234
20130815	123	123	123	437.9869724342008	1234
20130815	123	123	123	443.82812871396806	1234
20130815	123	123	123	458.7536320083642	1234
20130815	123	123	123	457.402304895485	1234
20130815	123	123	123	462.327055813465	1234
20130815	123	123	123	487.03009504054734	1234
20130815	123	123	123	494.0954973222596	1234
20130815	123	123	123	505.69953451199854	1234
20130815	123	123	123	510.817043400717	1234
20130815	123	123	123	515.7368421052635	1234
20130815	123	123	123	527.0253476524549	1234
20130815	123	123	123	526.2358487673529	1234
20130815	123	123	123	523.421052631579	1234
20130815	123	123	123	515.6214007203782	1234
20130815	123	123	123	503.29912416811754	1234
20130815	123	123	123	500.5198008970076	1234
20130815	123	123	123	483.83253753150865	1234
20130815	123	123	123	480.88784538279623	1234
20130815	123	123	123	473.0651502037367	1234
20130815	123	123	123	469.85813688915823	1234
20130815	123	123	123	458.57398408921154	1234
20130815	123	123	123	444.51814101434445	1234
20130815	123	123	123	440.2273408960152	1234
20130815	123	123	123	435.5407137650155	1234
20130815	123	123	123	426.430606177786	1234
20130815	123	123	123	422.60319187568183	1234
20130815	123	123	123	416.800644570069	1234
20130815	123	123	123	400.8270287262828	1234
20130815	123	123	123	394.2723360859668	1234
20130815	123	123	123	387.0	1234
20130815	123	123	123	395.93301184611937	1234
20130815	123	123	123	397.1052631578947	1234
20130815	123	123	123	408.02852758154745	1234
20130815	123	123	123	423.2570599592448	1234
20130815	123	123	123	426.3687953141865	1234
20130815	123	123	123	429.2831255891954	1234
20130815	123	123	123	432.7811684938573	1234
20130815	123	123	123	439.1786542199529	1234
20130815	123	123	123	444.5707074982496	1234
20130815	123	123	123	449.37657087718253	1234
20130815	123	123	123	441.82975987616356	1234
20130815	123	123	123	431.5316619557259	1234
20130815	123	123	123	429.8176031768394	1234
20130815	123	123	123	407.279324297407	1234
20130815	123	123	123	403.7851294596936	1234
20130815	123	123	123	397.9627028095005	1234
20130815	123	123	123	379.3395324103544	1234
20130815	123	123	123	375.0829449126554	1234
20130815	123	123	123	359.91437421185157	1234
20130815	123	123	123	357.5831984145243	1234
20130815	123	123	123	350.4736842105266	1234
20130815	123	123	123	320.4071300473719	1234
20130815	123	123	123	320.31578947368456	1234
20130815	123	123	123	297.45613117862376	1234
20130815	123	123	123	290.15789473684254	1234
20130815	123	123	123	273.1214626722625	1234
20130815	123	123	123	269.57555210217635	1234
20130815	123	123	123	260.0	1234
20130815	123	123	123	2.395043102361587	1234
20130815	123	123	123	16.06690714090869	1234
20130815	123	123	123	16.040129955052233	1234
20130815	123	123	123	18.405348020461147	1234
20130815	123	123	123	9.811997177144692	1234
20130815	123	123	123	7.800223530359947	1234
20130815	123	123	123	8.888266351643994	1234
20130815	123	123	123	18.432010474031234	1234
20130815	123	123	123	8.215938298739637	1234
20130815	123	123	123	8.999759379527765	1234
20130815	123	123	123	5.954086765653976	1234
20130815	123	123	123	19.01661089398929	1234
20130815	123	123	123	0.9793431193465651	1234
20130815	123	123	123	6.828304066611633	1234
20130815	123	123	123	11.54896630400472	1234
20130815	123	123	123	16.96617032952767	1234
20130815	123	123	123	9.740469074235833	1234
20130815	123	123	123	6.3996080226644185	1234
20130815	123	123	123	12.381515462938772	1234
20130815	123	123	123	1.7399866834587274	1234
20130815	123	123	123	16.91551460155598	1234
20130815	123	123	123	4.440986909506415	1234
20130815	123	123	123	17.145898320268945	1234
20130815	123	123	123	17.07470291522052	1234
20130815	123	123	123	5.2569294821849315	1234
20130815	123	123	123	10.936060512688371	1234
20130815	123	123	123	3.1749172874146314	1234
20130815	123	123	123	10.200414524861138	1234
20130815	123	123	123	7.527326665369873	1234
20130815	123	123	123	8.853221918769938	1234