time startPrice highestPrice lowestPrice endPrice transactionCount
20130815	123	123	123	10.965014712326033	1234
20130815	123	123	123	18.97452072148073	1234
20130815	123	123	123	17.328201487698752	1234
20130815	123	123	123	19.393534701863967	1234
20130815	123	123	123	14.76318516157805	1234
20130815	123	123	123	13.285832783007404	1234
20130815	123	123	123	7.7866360069756	1234
20130815	123	123	123	17.309792986821297	1234
20130815	123	123	123	4.630368117349192	1234
20130815	123	123	123	18.847268803265447	1234
20130815	123	123	123	10.724907738163502	1234
20130815	123	123	123	3.105387315738113	1234
20130815	123	123	123	1.833855020958386	1234
20130815	123	123	123	13.96722447138382	1234
20130815	123	123	123	17.30549194728153	1234
20130815	123	123	123	1.672272403333761	1234
20130815	123	123	123	4.109265840450846	1234
20130815	123	123	123	16.571344201809676	1234
20130815	123	123	123	8.616061788952042	1234
20130815	123	123	123	14.448489371618559	1234
20130815	123	123	123	3.841437194607953	1234
20130815	123	123	123	15.01982586390423	1234
20130815	123	123	123	12.541674180214361	1234
20130815	123	123	123	2.553554557203619	1234
20130815	123	123	123	12.637463707463612	1234
20130815	123	123	123	14.01698623336971	1234
20130815	123	123	123	1.5057414037308714	1234
20130815	123	123	123	5.217834990256078	1234
20130815	123	123	123	4.355495690821849	1234
20130815	123	123	123	5.10344192156996	1234
20130815	123	123	123	259.17533154701	1234
20130815	123	123	123	272.4855995319972	1234
20130815	123	123	123	269.3520470621945	1234
20130815	123	123	123	281.9024192417371	1234
20130815	123	123	123	300.6823021293134	1234
20130815	123	123	123	299.2631578947367	1234
20130815	123	123	123	314.2006603371355	1234
20130815	123	123	123	323.4719602012295	1234
20130815	123	123	123	329.42105263157873	1234
20130815	123	123	123	350.66148999084015	1234
20130815	123	123	123	355.4803480323618	1234
20130815	123	123	123	359.8185828400152	1234
20130815	123	123	123	383.1115432402545	1234
20130815	123	123	123	403.38172117816737	1234
20130815	123	123	123	402.96102175601584	1234
20130815	123	123	123	414.8145060739979	1234
20130815	123	123	123	427.8275618865126	1234
20130815	123	123	123	440.0580530883456	1234
20130815	123	123	123	438.287588513716	1234
20130815	123	123	123	420.2118622683553	1234
20130815	123	123	123	419.63219658603515	1234
20130815	123	123	123	417.24190687780657	1234
20130815	123	123	123	410.9946825419391	1234
20130815	123	123	123	408.7368421052629	1234
20130815	123	123	123	402.3317991264603	1234
20130815	123	123	123	400.6681696299702	1234
20130815	123	123	123	395.83027602841696	1234
20130815	123	123	123	396.13489924901415	1234
20130815	123	123	123	392.6580140177767	1234
20130815	123	123	123	386.0	1234
20130815	123	123	123	393.68563470362955	1234
20130815	123	123	123	408.3092469569762	1234
20130815	123	123	123	411.87510984358585	1234
20130815	123	123	123	419.66656002144794	1234
20130815	123	123	123	426.74548697714084	1234
20130815	123	123	123	436.7308450496157	1234
20130815	123	123	123	447.676571577454	1234
20130815	123	123	123	458.31672026772486	1234
20130815	123	123	123	464.29928841830287	1234
20130815	123	123	123	474.2289871842869	1234
20130815	123	123	123	487.7074927695582	1234
20130815	123	123	123	491.8148606155843	1234
20130815	123	123	123	503.9354133968328	1234
20130815	123	123	123	510.1316232147817	1234
20130815	123	123	123	520.2615852546918	1234
20130815	123	123	123	527.1178975280907	1234
20130815	123	123	123	526.8575212885238	1234
20130815	123	123	123	519.9492047585888	1234
20130815	123	123	123	521.7671861042508	1234
20130815	123	123	123	502.4049848384063	1234
20130815	123	123	123	496.6494493069251	1234
20130815	123	123	123	492.57113638106335	1234
20130815	123	123	123	490.06024379444693	1234
20130815	123	123	123	485.5175316936413	1234
20130815	123	123	123	475.1681270267303	1234
20130815	123	123	123	466.31768366367976	1234
20130815	123	123	123	445.64702109165034	1234
20130815	123	123	123	424.89473684210543	1234
20130815	123	123	123	416.56892617733416	1234
20130815	123	123	123	398.3617362084654	1234
20130815	123	123	123	392.2875756685953	1234
20130815	123	123	123	391.39367451220755	1234
20130815	123	123	123	401.1585606773546	1234
20130815	123	123	123	402.51004028056497	1234
20130815	123	123	123	404.0350024253772	1234
20130815	123	123	123	409.9565364368004	1234
20130815	123	123	123	417.7832496030634	1234
20130815	123	123	123	422.6981514782007	1234
20130815	123	123	123	426.697038946174	1234
20130815	123	123	123	428.4821778078647	1234
20130815	123	123	123	431.42315001560434	1234
20130815	123	123	123	437.6462324557798	1234
20130815	123	123	123	458.39647070775675	1234
20130815	123	123	123	445.47111519521127	1234
20130815	123	123	123	440.94736842105266	1234
20130815	123	123	123	427.85536000418836	1234
20130815	123	123	123	402.6635642284581	1234
20130815	123	123	123	410.78947368421063	1234
20130815	123	123	123	382.69585916288867	1234
20130815	123	123	123	355.989358639506	1234
20130815	123	123	123	348.3616071084829	1234
20130815	123	123	123	323.39426241196804	1234
20130815	123	123	123	325.1505655244612	1234
20130815	123	123	123	313.1671732469944	1234
20130815	123	123	123	302.68315865418276	1234
20130815	123	123	123	296.82617826590246	1234
20130815	123	123	123	278.36840798838466	1234
20130815	123	123	123	278.17940219077633	1234
20130815	123	123	123	261.16190984339175	1234
20130815	123	123	123	260.0	1234
20130815	123	123	123	2.8797006826716576	1234
20130815	123	123	123	0.3107092213483287	1234
20130815	123	123	123	11.406794607274179	1234
20130815	123	123	123	10.381414679652579	1234
20130815	123	123	123	15.67772865080483	1234
20130815	123	123	123	14.494986136496117	1234
20130815	123	123	123	15.027455071229303	1234
20130815	123	123	123	15.408839100206155	1234
20130815	123	123	123	2.0942249624031373	1234
20130815	123	123	123	9.382697305119088	1234
20130815	123	123	123	19.220115122235875	1234
20130815	123	123	123	2.6080844840672013	1234
20130815	123	123	123	10.508226668653968	1234
20130815	123	123	123	7.040046874900403	1234
20130815	123	123	123	10.194879954217587	1234
20130815	123	123	123	0.07028743056265885	1234
20130815	123	123	123	7.770293221039449	1234
20130815	123	123	123	13.286953252156161	1234
20130815	123	123	123	18.392580292310754	1234
20130815	123	123	123	12.296418767458874	1234
20130815	123	123	123	12.90382237553249	1234
20130815	123	123	123	10.459266965766723	1234
20130815	123	123	123	18.552411236608425	1234
20130815	123	123	123	19.201391011011474	1234
20130815	123	123	123	11.794167710368924	1234
20130815	123	123	123	2.6494215587125747	1234
20130815	123	123	123	4.789888948464012	1234
20130815	123	123	123	17.617645732598078	1234
20130815	123	123	123	13.005316715653262	1234
20130815	123	123	123	5.913910671245457	1234