time startPrice highestPrice lowestPrice endPrice transactionCount
20130815	123	123	123	13.647690165105077	1234
20130815	123	123	123	7.816855029627403	1234
20130815	123	123	123	5.5244787554779995	1234
20130815	123	123	123	19.067133593289316	1234
20130815	123	123	123	12.532264998513604	1234
20130815	123	123	123	0.7217112895996625	1234
20130815	123	123	123	0.5413762040224368	1234
20130815	123	123	123	0.7780085039484952	1234
20130815	123	123	123	17.32023641490067	1234
20130815	123	123	123	13.259550214491316	1234
20130815	123	123	123	11.456965932788055	1234
20130815	123	123	123	1.4250366554196114	1234
20130815	123	123	123	5.1154425767963385	1234
20130815	123	123	123	14.1917029228266	1234
20130815	123	123	123	2.247206652618894	1234
20130815	123	123	123	6.762979493723085	1234
20130815	123	123	123	10.646725471416916	1234
20130815	123	123	123	18.183031418202972	1234
20130815	123	123	123	13.507810049984394	1234
20130815	123	123	123	3.834098344629111	1234
20130815	123	123	123	12.917310514683557	1234
20130815	123	123	123	5.15685184381489	1234
20130815	123	123	123	12.075014109176347	1234
20130815	123	123	123	19.08190066987498	1234
20130815	123	123	123	17.084845940322687	1234
20130815	123	123	123	9.34721742745879	1234
20130815	123	123	123	4.113401749227508	1234
20130815	123	123	123	16.139355443833015	1234
20130815	123	123	123	8.811477889872297	1234
20130815	123	123	123	0.9959539301766607	1234
20130815	123	123	123	250.7160946046204	1234
20130815	123	123	123	272.42359698575785	1234
20130815	123	123	123	280.68100957922	1234
20130815	123	123	123	284.4467850493244	1234
20130815	123	123	123	310.7970287066964	1234
20130815	123	123	123	319.1090134233005	1234
20130815	123	123	123	329.6451079062515	1234
20130815	123	123	123	335.667454884725	1234
20130815	123	123	123	351.9125221048019	1234
20130815	123	123	123	355.1468992107543	1234
20130815	123	123	123	364.4611603710155	1234
20130815	123	123	123	386.80032538960336	1234
20130815	123	123	123	379.68421052631544	1234
20130815	123	123	123	399.7894736842101	1234
20130815	123	123	123	418.4294880993129	1234
20130815	123	123	123	429.62429766619266	1234
20130815	123	123	123	438.84753772723803	1234
20130815	123	123	123	438.3505749485137	1234
20130815	123	123	123	434.64537590369315	1234
20130815	123	123	123	434.222878921021	1234
20130815	123	123	123	429.77804486757276	1234
20130815	123	123	123	423.74972932022746	1234
20130815	123	123	123	420.68245864885733	1234
20130815	123	123	123	415.58733409076405	1234
20130815	123	123	123	409.0346504545016	1234
20130815	123	123	123	407.50669546671287	1234
20130815	123	123	123	399.88028453716964	1234
20130815	123	123	123	392.82537961517295	1234
20130815	123	123	123	389.26375379374997	1234
20130815	123	123	123	388.71661992558035	1234
20130815	123	123	123	388.44974006770525	1234
20130815	123	123	123	395.169329299715	1234
20130815	123	123	123	406.3083540780134	1234
20130815	123	123	123	424.72314045282866	1234
20130815	123	123	123	441.4446450374746	1234
20130815	123	123	123	469.0787705512766	1234
20130815	123	123	123	474.68212389065854	1234
20130815	123	123	123	477.57894736842127	1234
20130815	123	123	123	491.5147589029248	1234
20130815	123	123	123	492.84210526315815	1234
20130815	123	123	123	509.8032065907083	1234
20130815	123	123	123	515.7368421052635	1234
20130815	123	123	123	531.5679886023967	1234
20130815	123	123	123	521.4204278422795	1234
20130815	123	123	123	513.9797982820219	1234
20130815	123	123	123	508.2631578947369	1234
20130815	123	123	123	500.68421052631584	1234
20130815	123	123	123	485.52631578947376	1234
20130815	123	123	123	466.1982112269865	1234
20130815	123	123	123	461.83408939353774	1234
20130815	123	123	123	456.58612082493846	1234
20130815	123	123	123	445.3427079615337	1234
20130815	123	123	123	444.6126086012364	1234
20130815	123	123	123	433.9792286267115	1234
20130815	123	123	123	429.5828231279316	1234
20130815	123	123	123	417.10661152147844	1234
20130815	123	123	123	415.8037934372153	1234
20130815	123	123	123	397.00428745836183	1234
20130815	123	123	123	402.1578947368423	1234
20130815	123	123	123	392.47835625291856	1234
20130815	123	123	123	389.24283003354276	1234
20130815	123	123	123	396.8321949315411	1234
20130815	123	123	123	399.22365247758665	1234
20130815	123	123	123	401.8478864518978	1234
20130815	123	123	123	410.5917370713236	1234
20130815	123	123	123	415.84502304436296	1234
20130815	123	123	123	417.8858940998851	1234
20130815	123	123	123	431.08199051416955	1234
20130815	123	123	123	432.2798387612821	1234
20130815	123	123	123	435.3110160699931	1234
20130815	123	123	123	444.17977472943636	1234
20130815	123	123	123	448.57310869291814	1234
20130815	123	123	123	448.1824157466723	1234
20130815	123	123	123	449.00998342749654	1234
20130815	123	123	123	440.786870716542	1234
20130815	123	123	123	423.4659764557125	1234
20130815	123	123	123	406.8539352348406	1234
20130815	123	123	123	399.13712125423024	1234
20130815	123	123	123	400.7368421052633	1234
20130815	123	123	123	383.36224751672506	1234
20130815	123	123	123	369.50412577990375	1234
20130815	123	123	123	360.8562428105065	1234
20130815	123	123	123	349.881494673906	1234
20130815	123	123	123	346.3471115892006	1234
20130815	123	123	123	327.7178522365697	1234
20130815	123	123	123	301.24350586255156	1234
20130815	123	123	123	300.2105263157899	1234
20130815	123	123	123	271.47998440001555	1234
20130815	123	123	123	264.18973120225513	1234
20130815	123	123	123	260.0	1234
20130815	123	123	123	6.4589737013083575	1234
20130815	123	123	123	3.8659275575304153	1234
20130815	123	123	123	1.7022442381673741	1234
20130815	123	123	123	8.426983125212988	1234
20130815	123	123	123	3.447088807290779	1234
20130815	123	123	123	1.5554167225388738	1234
20130815	123	123	123	4.95398536356745	1234
20130815	123	123	123	1.1406430296653092	1234
20130815	123	123	123	2.021287545285435	1234
20130815	123	123	123	2.7092650610434776	1234
20130815	123	123	123	7.965866480728899	1234
20130815	123	123	123	15.605853810154846	1234
20130815	123	123	123	16.610436444888638	1234
20130815	123	123	123	11.367637175956935	1234
20130815	123	123	123	11.416517174715583	1234
20130815	123	123	123	14.58815045509433	1234
20130815	123	123	123	7.078014625132627	1234
20130815	123	123	123	15.713237196958193	1234
20130815	123	123	123	10.19170033519725	1234
20130815	123	123	123	8.136739798412641	1234
20130815	123	123	123	17.988789736013754	1234
20130815	123	123	123	12.510492107479942	1234
20130815	123	123	123	12.550327172591496	1234
20130815	123	123	123	9.76392016313471	1234
20130815	123	123	123	5.504524902193664	1234
20130815	123	123	123	2.9153688775555575	1234
20130815	123	123	123	2.0455409805409297	1234
20130815	123	123	123	14.885334082787434	1234
20130815	123	123	123	9.411769432814536	1234
20130815	123	123	123	5.288771911311077	1234