time startPrice highestPrice lowestPrice endPrice transactionCount
20130815	123	123	123	3.0388906503053503	1234
20130815	123	123	123	2.116403064459531	1234
20130815	123	123	123	2.2252952497303236	1234
20130815	123	123	123	5.868697796166035	1234
20130815	123	123	123	4.37850776085922	1234
20130815	123	123	123	16.241376559609463	1234
20130815	123	123	123	15.795243871578528	1234
20130815	123	123	123	7.074685360971891	1234
20130815	123	123	123	17.12148601652107	1234
20130815	123	123	123	16.618783743558765	1234
20130815	123	123	123	4.309739132226202	1234
20130815	123	123	123	12.014399583492102	1234
20130815	123	123	123	16.401307077722546	1234
20130815	123	123	123	6.831591066476133	1234
20130815	123	123	123	2.5360703937664986	1234
20130815	123	123	123	14.281229653026449	1234
20130815	123	123	123	6.1450030264364175	1234
20130815	123	123	123	16.79160097433153	1234
20130815	123	123	123	1.548491430051071	1234
20130815	123	123	123	11.42951223430435	1234
20130815	123	123	123	5.545361367830521	1234
20130815	123	123	123	9.926691406596094	1234
20130815	123	123	123	11.474740587708649	1234
20130815	123	123	123	3.195682620078577	1234
20130815	123	123	123	17.169432777629694	1234
20130815	123	123	123	11.095081181660191	1234
20130815	123	123	123	1.761726124084373	1234
20130815	123	123	123	18.3044142287157	1234
20130815	123	123	123	14.079426499294023	1234
20130815	123	123	123	2.529475155245595	1234
20130815	123	123	123	253.53958255379357	1234
20130815	123	123	123	262.4601690795926	1234
20130815	123	123	123	279.78551579751695	1234
20130815	123	123	123	297.8147429111449	1234
20130815	123	123	123	308.64591651784195	1234
20130815	123	123	123	310.54223253455035	1234
20130815	123	123	123	352.49182615779256	1234
20130815	123	123	123	349.5263157894734	1234
20130815	123	123	123	384.0980582365216	1234
20130815	123	123	123	385.3326407872178	1234
20130815	123	123	123	394.33760630376804	1234
20130815	123	123	123	412.90016752600746	1234
20130815	123	123	123	424.1205758387787	1234
20130815	123	123	123	437.84189710080955	1234
20130815	123	123	123	436.01803327660986	1234
20130815	123	123	123	429.9986050188029	1234
20130815	123	123	123	425.12650658887594	1234
20130815	123	123	123	421.15753007571635	1234
20130815	123	123	123	420.10526315789457	1234
20130815	123	123	123	411.0500404152453	1234
20130815	123	123	123	409.0485801592054	1234
20130815	123	123	123	408.4760068874963	1234
20130815	123	123	123	394.4174637898426	1234
20130815	123	123	123	386.6246509807029	1234
20130815	123	123	123	393.19315714351114	1234
20130815	123	123	123	399.3209091800514	1234
20130815	123	123	123	409.0489498641665	1234
20130815	123	123	123	412.17817872364554	1234
20130815	123	123	123	419.8710282994073	1234
20130815	123	123	123	428.3911431750073	1234
20130815	123	123	123	443.32343693611637	1234
20130815	123	123	123	444.5980020674315	1234
20130815	123	123	123	449.9830209833534	1234
20130815	123	123	123	457.0051632447126	1234
20130815	123	123	123	466.54147035705716	1234
20130815	123	123	123	470.46993784240044	1234
20130815	123	123	123	483.3604567319121	1234
20130815	123	123	123	485.2105263157897	1234
20130815	123	123	123	493.57204629982635	1234
20130815	123	123	123	503.89352230198375	1234
20130815	123	123	123	508.48746043937206	1234
20130815	123	123	123	528.3160762774613	1234
20130815	123	123	123	524.374942865547	1234
20130815	123	123	123	527.042839844473	1234
20130815	123	123	123	522.0106477398384	1234
20130815	123	123	123	515.5321421010367	1234
20130815	123	123	123	501.81728364681084	1234
20130815	123	123	123	500.00658317993395	1234
20130815	123	123	123	489.68329100452837	1234
20130815	123	123	123	459.2392094621883	1234
20130815	123	123	123	453.80601113139636	1234
20130815	123	123	123	442.5888703338265	1234
20130815	123	123	123	420.59462650256694	1234
20130815	123	123	123	421.5199214825261	1234
20130815	123	123	123	399.27260532746277	1234
20130815	123	123	123	399.06149658353195	1234
20130815	123	123	123	382.1908073042294	1234
20130815	123	123	123	388.289223198922	1234
20130815	123	123	123	393.58360577614854	1234
20130815	123	123	123	397.583328570876	1234
20130815	123	123	123	398.4783243392014	1234
20130815	123	123	123	400.54456276341705	1234
20130815	123	123	123	403.8421052631578	1234
20130815	123	123	123	409.25239075473246	1234
20130815	123	123	123	410.5789473684209	1234
20130815	123	123	123	427.15660346361057	1234
20130815	123	123	123	429.89782974092293	1234
20130815	123	123	123	434.27567016586374	1234
20130815	123	123	123	438.45186840372895	1234
20130815	123	123	123	442.0835875098546	1234
20130815	123	123	123	444.26315789473654	1234
20130815	123	123	123	444.6576979528527	1234
20130815	123	123	123	430.09468987758333	1234
20130815	123	123	123	415.68560184563563	1234
20130815	123	123	123	420.842105263158	1234
20130815	123	123	123	405.93518955942693	1234
20130815	123	123	123	400.0174220016426	1234
20130815	123	123	123	384.5011366090945	1234
20130815	123	123	123	376.24283000044363	1234
20130815	123	123	123	370.57894736842127	1234
20130815	123	123	123	357.8549659022858	1234
20130815	123	123	123	349.26768621600655	1234
20130815	123	123	123	336.358768526176	1234
20130815	123	123	123	308.90144689356515	1234
20130815	123	123	123	301.21102677080864	1234
20130815	123	123	123	288.60455914477893	1234
20130815	123	123	123	282.90077918380496	1234
20130815	123	123	123	279.5968673516209	1234
20130815	123	123	123	267.72994720714894	1234
20130815	123	123	123	260.0	1234
20130815	123	123	123	1.0728098865477542	1234
20130815	123	123	123	19.47706936070176	1234
20130815	123	123	123	16.096008985645266	1234
20130815	123	123	123	4.274103287409141	1234
20130815	123	123	123	10.745517988804021	1234
20130815	123	123	123	6.98241502767228	1234
20130815	123	123	123	1.212910952205426	1234
20130815	123	123	123	12.86282004124877	1234
20130815	123	123	123	10.67992156481858	1234
20130815	123	123	123	9.91723767590565	1234
20130815	123	123	123	17.17566262540747	1234
20130815	123	123	123	17.3965945306611	1234
20130815	123	123	123	14.59432738287066	1234
20130815	123	123	123	1.3771210975010684	1234
20130815	123	123	123	0.3661772889327364	1234
20130815	123	123	123	5.713864752908037	1234
20130815	123	123	123	2.7763364201554985	1234
20130815	123	123	123	18.775336766801757	1234
20130815	123	123	123	14.388820250137922	1234
20130815	123	123	123	15.007403536415838	1234
20130815	123	123	123	4.773726112956924	1234
20130815	123	123	123	13.790428862730291	1234
20130815	123	123	123	9.132489660396226	1234
20130815	123	123	123	11.026480661788856	1234
20130815	123	123	123	1.9110151347574633	1234
20130815	123	123	123	17.770738997938583	1234
20130815	123	123	123	12.58716100516222	1234
20130815	123	123	123	17.913277990161546	1234
20130815	123	123	123	10.083994009972237	1234
20130815	123	123	123	7.896784033159728	1234