time startPrice highestPrice lowestPrice endPrice transactionCount
20130815	123	123	123	13.237210966496678	1234
20130815	123	123	123	3.1557908172553706	1234
20130815	123	123	123	8.61704996767694	1234
20130815	123	123	123	2.2439833526272834	1234
20130815	123	123	123	18.45524744092832	1234
20130815	123	123	123	17.315290008759074	1234
20130815	123	123	123	0.808605285654258	1234
20130815	123	123	123	4.240566044347873	1234
20130815	123	123	123	2.536917962435503	1234
20130815	123	123	123	6.152245733820793	1234
20130815	123	123	123	11.048300985620402	1234
20130815	123	123	123	6.886219865774539	1234
20130815	123	123	123	12.477433424974446	1234
20130815	123	123	123	12.52679579428631	1234
20130815	123	123	123	3.975845485996632	1234
20130815	123	123	123	15.919891213977893	1234
20130815	123	123	123	5.702079019571258	1234
20130815	123	123	123	5.722849510066355	1234
20130815	123	123	123	2.2936577475328157	1234
20130815	123	123	123	18.85458416110033	1234
20130815	123	123	123	15.586219618060106	1234
20130815	123	123	123	11.007251323310465	1234
20130815	123	123	123	10.68428917024205	1234
20130815	123	123	123	3.6530102201987336	1234
20130815	123	123	123	10.811914027843939	1234
20130815	123	123	123	13.761790290805134	1234
20130815	123	123	123	16.371157877069656	1234
20130815	123	123	123	11.836012444464423	1234
20130815	123	123	123	18.066150312982227	1234
20130815	123	123	123	9.026074769033992	1234
20130815	123	123	123	251.66275402522638	1234
20130815	123	123	123	264.1261884251574	1234
20130815	123	123	123	275.091984444994	1234
20130815	123	123	123	281.0382968572174	1234
20130815	123	123	123	292.4318227274893	1234
20130815	123	123	123	310.5901312102922	1234
20130815	123	123	123	325.43827190054145	1234
20130815	123	123	123	331.09350445180905	1234
20130815	123	123	123	342.60468558241115	1234
20130815	123	123	123	349.5263157894734	1234
20130815	123	123	123	361.92845050848416	1234
20130815	123	123	123	399.2369237600491	1234
20130815	123	123	123	405.2421427624049	1234
20130815	123	123	123	412.96402144379516	1234
20130815	123	123	123	419.8947368421048	1234
20130815	123	123	123	438.7148824884473	1234
20130815	123	123	123	434.68828551521335	1234
20130815	123	123	123	431.6231440751779	1234
20130815	123	123	123	431.2054723908025	1234
20130815	123	123	123	423.76709472014113	1234
20130815	123	123	123	421.275804474736	1234
20130815	123	123	123	414.94257364436135	1234
20130815	123	123	123	408.01764731993535	1234
20130815	123	123	123	398.3163062301071	1234
20130815	123	123	123	399.2759622355713	1234
20130815	123	123	123	397.3684210526312	1234
20130815	123	123	123	394.5263157894733	1234
20130815	123	123	123	388.84210526315746	1234
20130815	123	123	123	389.46397130489123	1234
20130815	123	123	123	394.12632964063846	1234
20130815	123	123	123	403.0052765845758	1234
20130815	123	123	123	410.87492188875717	1234
20130815	123	123	123	424.7337534481258	1234
20130815	123	123	123	429.46214016120416	1234
20130815	123	123	123	434.1916637717524	1234
20130815	123	123	123	449.1910407949059	1234
20130815	123	123	123	458.9456126801148	1234
20130815	123	123	123	461.42017126115496	1234
20130815	123	123	123	469.8984653985165	1234
20130815	123	123	123	472.61066697973195	1234
20130815	123	123	123	478.19549542148104	1234
20130815	123	123	123	490.7147178206143	1234
20130815	123	123	123	497.4173989501508	1234
20130815	123	123	123	500.4736842105266	1234
20130815	123	123	123	509.58387547676244	1234
20130815	123	123	123	515.7368421052635	1234
20130815	123	123	123	523.3684210526319	1234
20130815	123	123	123	528.7127074335581	1234
20130815	123	123	123	515.8099582338015	1234
20130815	123	123	123	510.63221241229087	1234
20130815	123	123	123	501.4270445130771	1234
20130815	123	123	123	495.5745225076954	1234
20130815	123	123	123	489.129839399869	1234
20130815	123	123	123	483.36422665604164	1234
20130815	123	123	123	470.4167736852621	1234
20130815	123	123	123	467.0616018094451	1234
20130815	123	123	123	446.23893143426244	1234
20130815	123	123	123	447.61188152386865	1234
20130815	123	123	123	433.27612600823545	1234
20130815	123	123	123	420.54848340081526	1234
20130815	123	123	123	401.6326658764166	1234
20130815	123	123	123	385.71831852638155	1234
20130815	123	123	123	390.1676251968684	1234
20130815	123	123	123	398.00104671404483	1234
20130815	123	123	123	403.2663855439161	1234
20130815	123	123	123	406.7522258741683	1234
20130815	123	123	123	408.5297444155477	1234
20130815	123	123	123	412.0617586518241	1234
20130815	123	123	123	415.49977543490814	1234
20130815	123	123	123	423.5386815003353	1234
20130815	123	123	123	433.209887035592	1234
20130815	123	123	123	436.33847161174833	1234
20130815	123	123	123	442.84532686254727	1234
20130815	123	123	123	447.12870149618	1234
20130815	123	123	123	442.18611361591644	1234
20130815	123	123	123	432.759041202581	1234
20130815	123	123	123	422.67754402497616	1234
20130815	123	123	123	411.2683043833263	1234
20130815	123	123	123	395.52555878820743	1234
20130815	123	123	123	382.77586137027794	1234
20130815	123	123	123	354.8408728436986	1234
20130815	123	123	123	332.49901550867594	1234
20130815	123	123	123	321.55838278647684	1234
20130815	123	123	123	317.5825323012136	1234
20130815	123	123	123	306.3144794686953	1234
20130815	123	123	123	299.11700502782867	1234
20130815	123	123	123	288.3142883746161	1234
20130815	123	123	123	277.9375732999722	1234
20130815	123	123	123	261.7819246436882	1234
20130815	123	123	123	260.0	1234
20130815	123	123	123	9.626430624382023	1234
20130815	123	123	123	10.738726567560107	1234
20130815	123	123	123	13.464606929774533	1234
20130815	123	123	123	4.574437327340259	1234
20130815	123	123	123	12.4712918715459	1234
20130815	123	123	123	18.47710759602859	1234
20130815	123	123	123	7.0887614250905395	1234
20130815	123	123	123	11.060193256428699	1234
20130815	123	123	123	1.880245184472047	1234
20130815	123	123	123	2.160091464846434	1234
20130815	123	123	123	7.15307025590789	1234
20130815	123	123	123	6.295741011571274	1234
20130815	123	123	123	4.992497352878353	1234
20130815	123	123	123	14.98033498665263	1234
20130815	123	123	123	15.572844213973285	1234
20130815	123	123	123	2.3971338459455693	1234
20130815	123	123	123	8.149886328652016	1234
20130815	123	123	123	1.0391189909620002	1234
20130815	123	123	123	15.082364245779441	1234
20130815	123	123	123	14.3069232877877	1234
20130815	123	123	123	19.022212461664072	1234
20130815	123	123	123	18.108664098048155	1234
20130815	123	123	123	19.55667177922531	1234
20130815	123	123	123	6.119220669092749	1234
20130815	123	123	123	11.647250408197685	1234
20130815	123	123	123	8.007762028504164	1234
20130815	123	123	123	13.819388291253734	1234
20130815	123	123	123	17.666084942743367	1234
20130815	123	123	123	7.90411002417124	1234
20130815	123	123	123	1.8642829129449567	1234