time startPrice highestPrice lowestPrice endPrice transactionCount
20130815	123	123	123	14.504984153852545	1234
20130815	123	123	123	14.016073956126343	1234
20130815	123	123	123	19.69720687158196	1234
20130815	123	123	123	1.352015120146337	1234
20130815	123	123	123	13.60176668787493	1234
20130815	123	123	123	4.9867964693390165	1234
20130815	123	123	123	1.4989403419971659	1234
20130815	123	123	123	17.628436616228168	1234
20130815	123	123	123	2.603794744656882	1234
20130815	123	123	123	9.622612604117826	1234
20130815	123	123	123	13.692819682606094	1234
20130815	123	123	123	12.330246807635499	1234
20130815	123	123	123	2.205234299134329	1234
20130815	123	123	123	15.881974395073568	1234
20130815	123	123	123	13.117811438750145	1234
20130815	123	123	123	7.729661533465024	1234
20130815	123	123	123	9.31785586820051	1234
20130815	123	123	123	8.162819084355542	1234
20130815	123	123	123	2.8086195217661114	1234
20130815	123	123	123	8.633444363309405	1234
20130815	123	123	123	19.753799781859737	1234
20130815	123	123	123	15.621635332585889	1234
20130815	123	123	123	11.044309442186876	1234
20130815	123	123	123	5.723908613234128	1234
20130815	123	123	123	0.7550845703652787	1234
20130815	123	123	123	2.0667133559987394	1234
20130815	123	123	123	5.618743093764658	1234
20130815	123	123	123	5.011775568457784	1234
20130815	123	123	123	11.605337052616235	1234
20130815	123	123	123	14.962823305911073	1234
20130815	123	123	123	253.81417515599867	1234
20130815	123	123	123	272.5203663246701	1234
20130815	123	123	123	289.21052631578937	1234
20130815	123	123	123	308.1292782212576	1234
20130815	123	123	123	317.0758279118432	1234
20130815	123	123	123	321.3191208311658	1234
20130815	123	123	123	335.8625366375319	1234
20130815	123	123	123	340.61639244744055	1234
20130815	123	123	123	351.68167021087567	1234
20130815	123	123	123	371.4056408851484	1234
20130815	123	123	123	382.6032490994364	1234
20130815	123	123	123	405.71744018748444	1234
20130815	123	123	123	412.7168354424016	1234
20130815	123	123	123	419.8947368421048	1234
20130815	123	123	123	430.4312479339104	1234
20130815	123	123	123	433.79069242348567	1234
20130815	123	123	123	430.4096794988321	1234
20130815	123	123	123	422.84164206679634	1234
20130815	123	123	123	411.6136341877071	1234
20130815	123	123	123	410.64170798768856	1234
20130815	123	123	123	407.38818830227615	1234
20130815	123	123	123	405.14432609672446	1234
20130815	123	123	123	401.5885824271452	1234
20130815	123	123	123	389.17783189975916	1234
20130815	123	123	123	384.9097398244858	1234
20130815	123	123	123	388.0652043659856	1234
20130815	123	123	123	404.3608412429861	1234
20130815	123	123	123	404.7026261897791	1234
20130815	123	123	123	413.36721466822576	1234
20130815	123	123	123	425.80931241536314	1234
20130815	123	123	123	450.99718068875814	1234
20130815	123	123	123	466.892876490427	1234
20130815	123	123	123	469.7145198008316	1234
20130815	123	123	123	481.66619415580504	1234
20130815	123	123	123	484.49974025725544	1234
20130815	123	123	123	492.29876092509613	1234
20130815	123	123	123	495.61418263199744	1234
20130815	123	123	123	507.69863448039547	1234
20130815	123	123	123	516.9777731355141	1234
20130815	123	123	123	515.8225114800954	1234
20130815	123	123	123	526.9308407089159	1234
20130815	123	123	123	529.8715751227054	1234
20130815	123	123	123	521.0508401009434	1234
20130815	123	123	123	503.139067543329	1234
20130815	123	123	123	498.1388893486704	1234
20130815	123	123	123	493.1052631578948	1234
20130815	123	123	123	475.1299221100848	1234
20130815	123	123	123	467.180409839617	1234
20130815	123	123	123	456.70294183866565	1234
20130815	123	123	123	442.15864547023153	1234
20130815	123	123	123	436.51354615114496	1234
20130815	123	123	123	430.1481647637072	1234
20130815	123	123	123	417.71387243966427	1234
20130815	123	123	123	411.7195792060204	1234
20130815	123	123	123	403.3038880674764	1234
20130815	123	123	123	397.3600205978543	1234
20130815	123	123	123	393.1676378109806	1234
20130815	123	123	123	393.39311561012016	1234
20130815	123	123	123	395.0179220605962	1234
20130815	123	123	123	398.97345440006944	1234
20130815	123	123	123	402.939823549604	1234
20130815	123	123	123	406.08686359568054	1234
20130815	123	123	123	409.5809914377918	1234
20130815	123	123	123	415.79120282498354	1234
20130815	123	123	123	414.9229255470125	1234
20130815	123	123	123	418.76189795501233	1234
20130815	123	123	123	426.4067031451518	1234
20130815	123	123	123	427.4918716862052	1234
20130815	123	123	123	434.2152369935589	1234
20130815	123	123	123	435.4639618119282	1234
20130815	123	123	123	441.13658058661656	1234
20130815	123	123	123	440.9389792684261	1234
20130815	123	123	123	445.2269640837994	1234
20130815	123	123	123	450.2652001519718	1234
20130815	123	123	123	448.6215005011476	1234
20130815	123	123	123	425.09020688457696	1234
20130815	123	123	123	430.1031349665529	1234
20130815	123	123	123	411.7545407282698	1234
20130815	123	123	123	397.8578549025078	1234
20130815	123	123	123	396.5015583231127	1234
20130815	123	123	123	385.03058660532815	1234
20130815	123	123	123	376.39578671544075	1234
20130815	123	123	123	369.410864235609	1234
20130815	123	123	123	357.2166882421576	1234
20130815	123	123	123	338.2323026797884	1234
20130815	123	123	123	311.86484734428046	1234
20130815	123	123	123	288.3217237645258	1234
20130815	123	123	123	277.25912022543343	1234
20130815	123	123	123	267.9519880831236	1234
20130815	123	123	123	260.0	1234
20130815	123	123	123	0.05461694065737488	1234
20130815	123	123	123	7.002565731033816	1234
20130815	123	123	123	10.813116707502637	1234
20130815	123	123	123	7.744702577862719	1234
20130815	123	123	123	7.799318736142804	1234
20130815	123	123	123	17.400864747917005	1234
20130815	123	123	123	11.735125949566141	1234
20130815	123	123	123	14.421899293138363	1234
20130815	123	123	123	12.882211725344943	1234
20130815	123	123	123	7.524466870411841	1234
20130815	123	123	123	15.011497011779388	1234
20130815	123	123	123	8.36767182748721	1234
20130815	123	123	123	11.079368638410855	1234
20130815	123	123	123	17.073041150958193	1234
20130815	123	123	123	15.814254169692425	1234
20130815	123	123	123	18.219797573824284	1234
20130815	123	123	123	14.323186822506784	1234
20130815	123	123	123	4.493633502972514	1234
20130815	123	123	123	16.66395450567462	1234
20130815	123	123	123	2.981309442413631	1234
20130815	123	123	123	2.91070449765515	1234
20130815	123	123	123	0.9079739811274767	1234
20130815	123	123	123	12.448421740307957	1234
20130815	123	123	123	5.6943222468737265	1234
20130815	123	123	123	15.005877580359803	1234
20130815	123	123	123	12.414206163251443	1234
20130815	123	123	123	13.281389458884885	1234
20130815	123	123	123	10.47028137707127	1234
20130815	123	123	123	0.9974404383185886	1234
20130815	123	123	123	2.548316384680125	1234