time startPrice highestPrice lowestPrice endPrice transactionCount
20130815	123	123	123	14.780680887085872	1234
20130815	123	123	123	4.3192357598913595	1234
20130815	123	123	123	19.289543231472184	1234
20130815	123	123	123	19.03000587137644	1234
20130815	123	123	123	1.816524539255886	1234
20130815	123	123	123	6.608808023020223	1234
20130815	123	123	123	12.921995700900695	1234
20130815	123	123	123	17.92201939567009	1234
20130815	123	123	123	3.2910965609367526	1234
20130815	123	123	123	7.613293388925852	1234
20130815	123	123	123	16.842759486350573	1234
20130815	123	123	123	5.549663723878393	1234
20130815	123	123	123	3.9363651435497116	1234
20130815	123	123	123	12.830635414754603	1234
20130815	123	123	123	14.308429781856224	1234
20130815	123	123	123	12.71016809238127	1234
20130815	123	123	123	2.2438135338247456	1234
20130815	123	123	123	10.889507175164503	1234
20130815	123	123	123	4.432483814605397	1234
20130815	123	123	123	17.1904695979539	1234
20130815	123	123	123	6.112787568764572	1234
20130815	123	123	123	15.149202982442384	1234
20130815	123	123	123	14.646879372796587	1234
20130815	123	123	123	12.677257509045338	1234
20130815	123	123	123	6.8673206274953635	1234
20130815	123	123	123	17.280218435625212	1234
20130815	123	123	123	1.6923444750176841	1234
20130815	123	123	123	6.626767540331082	1234
20130815	123	123	123	11.00971193789949	1234
20130815	123	123	123	9.3080560203075	1234
20130815	123	123	123	249.0163324606819	1234
20130815	123	123	123	260.23379280925684	1234
20130815	123	123	123	269.1052631578947	1234
20130815	123	123	123	311.0834436372253	1234
20130815	123	123	123	313.6223197658244	1234
20130815	123	123	123	321.2416280137836	1234
20130815	123	123	123	334.61935954568634	1234
20130815	123	123	123	344.36147503164227	1234
20130815	123	123	123	369.7086962271909	1234
20130815	123	123	123	372.7102754672033	1234
20130815	123	123	123	386.6397767706089	1234
20130815	123	123	123	401.3634151715536	1234
20130815	123	123	123	404.7852193048071	1234
20130815	123	123	123	415.21646627649795	1234
20130815	123	123	123	435.75802731075464	1234
20130815	123	123	123	434.8465765472236	1234
20130815	123	123	123	429.28939845062376	1234
20130815	123	123	123	424.2075640337072	1234
20130815	123	123	123	418.68989506816615	1234
20130815	123	123	123	412.5453606132681	1234
20130815	123	123	123	413.7446596071695	1234
20130815	123	123	123	399.79412879222434	1234
20130815	123	123	123	394.5263157894733	1234
20130815	123	123	123	387.4689276270014	1234
20130815	123	123	123	392.38547086001097	1234
20130815	123	123	123	393.63157894736844	1234
20130815	123	123	123	405.1709830325018	1234
20130815	123	123	123	411.5027578069209	1234
20130815	123	123	123	423.60360767878836	1234
20130815	123	123	123	434.51293477349446	1234
20130815	123	123	123	435.07977260514883	1234
20130815	123	123	123	441.55978966631653	1234
20130815	123	123	123	451.4891312746078	1234
20130815	123	123	123	460.07629752475435	1234
20130815	123	123	123	464.78276882488143	1234
20130815	123	123	123	480.11180547679965	1234
20130815	123	123	123	490.3453604847207	1234
20130815	123	123	123	497.2364029512788	1234
20130815	123	123	123	500.946575564217	1234
20130815	123	123	123	510.49842303712796	1234
20130815	123	123	123	516.067906254144	1234
20130815	123	123	123	529.0711834978252	1234
20130815	123	123	123	526.6178855560742	1234
20130815	123	123	123	512.9511709857475	1234
20130815	123	123	123	504.00938680627075	1234
20130815	123	123	123	500.68421052631584	1234
20130815	123	123	123	487.79866687933077	1234
20130815	123	123	123	484.3594022484604	1234
20130815	123	123	123	474.984399985219	1234
20130815	123	123	123	458.8357589253469	1234
20130815	123	123	123	459.8628386968675	1234
20130815	123	123	123	438.42479930808986	1234
20130815	123	123	123	436.29780674132394	1234
20130815	123	123	123	431.43487034771164	1234
20130815	123	123	123	420.13905370277985	1234
20130815	123	123	123	417.3157894736844	1234
20130815	123	123	123	409.6220408318431	1234
20130815	123	123	123	397.20665166763973	1234
20130815	123	123	123	388.851566037644	1234
20130815	123	123	123	388.4742853714513	1234
20130815	123	123	123	399.52273499685737	1234
20130815	123	123	123	403.27135896796364	1234
20130815	123	123	123	406.8952526467054	1234
20130815	123	123	123	408.93845560155074	1234
20130815	123	123	123	410.8779517668758	1234
20130815	123	123	123	420.8039973949252	1234
20130815	123	123	123	421.06156216927087	1234
20130815	123	123	123	438.4995118714119	1234
20130815	123	123	123	436.91721429054707	1234
20130815	123	123	123	438.57984492113667	1234
20130815	123	123	123	446.17401176484236	1234
20130815	123	123	123	443.7906918282505	1234
20130815	123	123	123	427.20192831660603	1234
20130815	123	123	123	424.62438509944457	1234
20130815	123	123	123	416.24738910337834	1234
20130815	123	123	123	405.11006099415926	1234
20130815	123	123	123	388.9642565157408	1234
20130815	123	123	123	383.3725407949635	1234
20130815	123	123	123	365.62767788294235	1234
20130815	123	123	123	349.02805795886195	1234
20130815	123	123	123	348.08120655287985	1234
20130815	123	123	123	325.77624002801537	1234
20130815	123	123	123	326.9469646967643	1234
20130815	123	123	123	319.56074559642764	1234
20130815	123	123	123	300.0683583658247	1234
20130815	123	123	123	298.4340141921138	1234
20130815	123	123	123	287.098883792482	1234
20130815	123	123	123	278.10209285325806	1234
20130815	123	123	123	260.25166278435387	1234
20130815	123	123	123	260.0	1234
20130815	123	123	123	7.116970225621213	1234
20130815	123	123	123	2.7663257750400505	1234
20130815	123	123	123	15.583061271544157	1234
20130815	123	123	123	3.5129654844291514	1234
20130815	123	123	123	18.829128678246704	1234
20130815	123	123	123	18.372292917188016	1234
20130815	123	123	123	2.64384933616991	1234
20130815	123	123	123	0.6134678182380293	1234
20130815	123	123	123	8.942144783431909	1234
20130815	123	123	123	19.066719727008746	1234
20130815	123	123	123	1.0995799912248416	1234
20130815	123	123	123	5.821680261593398	1234
20130815	123	123	123	9.964550265696996	1234
20130815	123	123	123	4.5976810225618685	1234
20130815	123	123	123	0.045380447819070024	1234
20130815	123	123	123	9.643609665103936	1234
20130815	123	123	123	16.33116378662339	1234
20130815	123	123	123	7.915905240457503	1234
20130815	123	123	123	16.73739079397272	1234
20130815	123	123	123	15.707739565367975	1234
20130815	123	123	123	16.336639942471344	1234
20130815	123	123	123	16.832985464915872	1234
20130815	123	123	123	4.469659902987118	1234
20130815	123	123	123	11.440389981827874	1234
20130815	123	123	123	10.724539320110223	1234
20130815	123	123	123	12.64409896930562	1234
20130815	123	123	123	10.87517524496631	1234
20130815	123	123	123	19.066494594743013	1234
20130815	123	123	123	18.501378986380963	1234
20130815	123	123	123	3.320831398220836	1234