time startPrice highestPrice lowestPrice endPrice transactionCount
20130815	123	123	123	9.761133885361584	1234
20130815	123	123	123	9.556104210635006	1234
20130815	123	123	123	0.5786376129962245	1234
20130815	123	123	123	9.399442898503867	1234
20130815	123	123	123	7.677039048328793	1234
20130815	123	123	123	2.4479751795306703	1234
20130815	123	123	123	18.097256757843887	1234
20130815	123	123	123	7.465334812129085	1234
20130815	123	123	123	13.528340924709303	1234
20130815	123	123	123	15.031414473005478	1234
20130815	123	123	123	17.314798357024944	1234
20130815	123	123	123	10.470500160672309	1234
20130815	123	123	123	19.767256197198876	1234
20130815	123	123	123	19.532674632842372	1234
20130815	123	123	123	0.3221206753693262	1234
20130815	123	123	123	11.040407918140943	1234
20130815	123	123	123	11.283427473056143	1234
20130815	123	123	123	0.440396078863996	1234
20130815	123	123	123	13.438917188082566	1234
20130815	123	123	123	12.544371919297184	1234
20130815	123	123	123	19.651475515852308	1234
20130815	123	123	123	2.9868725797222706	1234
20130815	123	123	123	18.527816324783903	1234
20130815	123	123	123	19.92053610017966	1234
20130815	123	123	123	0.4626045760741615	1234
20130815	123	123	123	0.6204953847783079	1234
20130815	123	123	123	15.814465304774137	1234
20130815	123	123	123	13.951575420531695	1234
20130815	123	123	123	6.819477752681566	1234
20130815	123	123	123	17.60036655901481	1234
20130815	123	123	123	257.03905945209135	1234
20130815	123	123	123	273.72141949428953	1234
20130815	123	123	123	277.4484867563674	1234
20130815	123	123	123	288.2376535228748	1234
20130815	123	123	123	298.16928552348435	1234
20130815	123	123	123	306.44770561710254	1234
20130815	123	123	123	316.7195296546492	1234
20130815	123	123	123	319.3684210526314	1234
20130815	123	123	123	343.6442622326689	1234
20130815	123	123	123	339.4736842105261	1234
20130815	123	123	123	357.13945103780475	1234
20130815	123	123	123	362.5399607224935	1234
20130815	123	123	123	381.5330611486122	1234
20130815	123	123	123	386.90230828548255	1234
20130815	123	123	123	395.04165831314845	1234
20130815	123	123	123	416.0971762014854	1234
20130815	123	123	123	424.8853346407453	1234
20130815	123	123	123	438.8574597936056	1234
20130815	123	123	123	434.8179421003463	1234
20130815	123	123	123	427.3348232432915	1234
20130815	123	123	123	428.5571792599104	1234
20130815	123	123	123	426.24855840583535	1234
20130815	123	123	123	422.1685578702657	1234
20130815	123	123	123	419.2824831891071	1234
20130815	123	123	123	416.3758051657144	1234
20130815	123	123	123	414.42105263157873	1234
20130815	123	123	123	407.08596202895586	1234
20130815	123	123	123	400.919432878391	1234
20130815	123	123	123	394.75557866075644	1234
20130815	123	123	123	390.90197064200487	1234
20130815	123	123	123	388.84210526315746	1234
20130815	123	123	123	390.6589964222583	1234
20130815	123	123	123	405.8011149411116	1234
20130815	123	123	123	408.8947368421053	1234
20130815	123	123	123	426.1061657784942	1234
20130815	123	123	123	425.4999906230126	1234
20130815	123	123	123	431.78947368421063	1234
20130815	123	123	123	446.8579844989453	1234
20130815	123	123	123	454.33277091131043	1234
20130815	123	123	123	458.6865062660676	1234
20130815	123	123	123	472.9284682625905	1234
20130815	123	123	123	482.08508873847285	1234
20130815	123	123	123	493.4395627342324	1234
20130815	123	123	123	498.19696401946726	1234
20130815	123	123	123	512.1482388189734	1234
20130815	123	123	123	511.6229436810596	1234
20130815	123	123	123	523.0822981236773	1234
20130815	123	123	123	529.3999819569617	1234
20130815	123	123	123	528.2945421915787	1234
20130815	123	123	123	515.1948802424381	1234
20130815	123	123	123	514.2263549669684	1234
20130815	123	123	123	505.6799991476747	1234
20130815	123	123	123	497.15350460619334	1234
20130815	123	123	123	489.16568863272033	1234
20130815	123	123	123	470.79471016367	1234
20130815	123	123	123	462.4430859289247	1234
20130815	123	123	123	446.45053634508974	1234
20130815	123	123	123	443.1671227464911	1234
20130815	123	123	123	430.3041128601746	1234
20130815	123	123	123	429.8721352716334	1234
20130815	123	123	123	420.49097862537855	1234
20130815	123	123	123	417.3157894736844	1234
20130815	123	123	123	409.73684210526335	1234
20130815	123	123	123	398.8482019602402	1234
20130815	123	123	123	389.15466197737595	1234
20130815	123	123	123	393.73601495646955	1234
20130815	123	123	123	400.21157429666147	1234
20130815	123	123	123	401.8433965548088	1234
20130815	123	123	123	412.4044443582024	1234
20130815	123	123	123	414.2433200541199	1234
20130815	123	123	123	419.3917499218964	1234
20130815	123	123	123	417.31578947368405	1234
20130815	123	123	123	424.05263157894717	1234
20130815	123	123	123	430.2410124173955	1234
20130815	123	123	123	431.68299166860777	1234
20130815	123	123	123	434.55465649795855	1234
20130815	123	123	123	452.3117690410055	1234
20130815	123	123	123	449.00676331260524	1234
20130815	123	123	123	438.3962978775347	1234
20130815	123	123	123	388.33496673728786	1234
20130815	123	123	123	378.4322899605589	1234
20130815	123	123	123	354.80582375617314	1234
20130815	123	123	123	352.4413978092191	1234
20130815	123	123	123	343.0763770149723	1234
20130815	123	123	123	313.07461481127245	1234
20130815	123	123	123	298.25638384517055	1234
20130815	123	123	123	280.88930854103205	1234
20130815	123	123	123	275.8578151404889	1234
20130815	123	123	123	266.7512197777082	1234
20130815	123	123	123	260.0	1234
20130815	123	123	123	7.279152620270275	1234
20130815	123	123	123	8.686549929122942	1234
20130815	123	123	123	7.327494995324444	1234
20130815	123	123	123	14.504214022069126	1234
20130815	123	123	123	4.001924468190166	1234
20130815	123	123	123	4.92700197657848	1234
20130815	123	123	123	15.29451191105165	1234
20130815	123	123	123	4.2259054852053834	1234
20130815	123	123	123	8.284559677891913	1234
20130815	123	123	123	4.043046211321208	1234
20130815	123	123	123	17.354937142320278	1234
20130815	123	123	123	13.949007759385614	1234
20130815	123	123	123	1.93917738544219	1234
20130815	123	123	123	15.857847254918301	1234
20130815	123	123	123	14.363062384703937	1234
20130815	123	123	123	4.61800187389845	1234
20130815	123	123	123	5.824648751483399	1234
20130815	123	123	123	1.936557633145719	1234
20130815	123	123	123	15.15437635011525	1234
20130815	123	123	123	3.588913593960279	1234
20130815	123	123	123	2.528397913890583	1234
20130815	123	123	123	1.33842145043229	1234
20130815	123	123	123	14.652523149016954	1234
20130815	123	123	123	18.426280675454684	1234
20130815	123	123	123	14.032583968274405	1234
20130815	123	123	123	9.738418202309555	1234
20130815	123	123	123	1.8034744440448591	1234
20130815	123	123	123	0.22353078982582097	1234
20130815	123	123	123	19.270055078995952	1234
20130815	123	123	123	4.797477147267295	1234