time startPrice highestPrice lowestPrice endPrice transactionCount
20130815	123	123	123	1.3854181368242924	1234
20130815	123	123	123	5.753350987324273	1234
20130815	123	123	123	3.018413453776083	1234
20130815	123	123	123	14.427366030362714	1234
20130815	123	123	123	1.3604831817936236	1234
20130815	123	123	123	6.122934346582641	1234
20130815	123	123	123	16.4965299676521	1234
20130815	123	123	123	0.25128480068211445	1234
20130815	123	123	123	18.880476306942896	1234
20130815	123	123	123	0.386152768536534	1234
20130815	123	123	123	1.4192828835964555	1234
20130815	123	123	123	5.315252986395109	1234
20130815	123	123	123	2.2315602627171427	1234
20130815	123	123	123	12.262261919004583	1234
20130815	123	123	123	1.1950765191826673	1234
20130815	123	123	123	1.900920849300236	1234
20130815	123	123	123	1.8628220347172353	1234
20130815	123	123	123	14.933386023859557	1234
20130815	123	123	123	11.484271156343064	1234
20130815	123	123	123	13.40378833806907	1234
20130815	123	123	123	9.721048503947397	1234
20130815	123	123	123	16.97521326596419	1234
20130815	123	123	123	14.260724371634685	1234
20130815	123	123	123	7.086691984720606	1234
20130815	123	123	123	16.037838221862867	1234
20130815	123	123	123	18.761425467813343	1234
20130815	123	123	123	4.358930215843784	1234
20130815	123	123	123	0.9560023246252736	1234
20130815	123	123	123	3.152180512938869	1234
20130815	123	123	123	8.382989438696631	1234
20130815	123	123	123	255.04903903376479	1234
20130815	123	123	123	272.6405557317984	1234
20130815	123	123	123	279.556667867011	1234
20130815	123	123	123	284.23508985794336	1234
20130815	123	123	123	289.21052631578937	1234
20130815	123	123	123	301.9192018120248	1234
20130815	123	123	123	318.2797794082183	1234
20130815	123	123	123	323.52341425409554	1234
20130815	123	123	123	329.42105263157873	1234
20130815	123	123	123	340.32548307697544	1234
20130815	123	123	123	355.4952933499286	1234
20130815	123	123	123	369.3798570112098	1234
20130815	123	123	123	378.88661941635087	1234
20130815	123	123	123	380.53517834665087	1234
20130815	123	123	123	423.60827550113544	1234
20130815	123	123	123	435.5834678100096	1234
20130815	123	123	123	440.0	1234
20130815	123	123	123	437.1578947368421	1234
20130815	123	123	123	431.9218740947515	1234
20130815	123	123	123	427.59618798325994	1234
20130815	123	123	123	423.1253637313128	1234
20130815	123	123	123	419.81604573595627	1234
20130815	123	123	123	409.90817863286406	1234
20130815	123	123	123	407.8750679030585	1234
20130815	123	123	123	408.5532421454363	1234
20130815	123	123	123	403.61684074689487	1234
20130815	123	123	123	400.8199536242632	1234
20130815	123	123	123	396.21678669838377	1234
20130815	123	123	123	394.350367683094	1234
20130815	123	123	123	388.0500213910705	1234
20130815	123	123	123	391.3008718134177	1234
20130815	123	123	123	402.0312744137542	1234
20130815	123	123	123	405.04651088694897	1234
20130815	123	123	123	413.07157573376895	1234
20130815	123	123	123	424.7013826618095	1234
20130815	123	123	123	425.377421554534	1234
20130815	123	123	123	435.20298743987706	1234
20130815	123	123	123	439.4210526315791	1234
20130815	123	123	123	448.04028237774503	1234
20130815	123	123	123	455.7829625101841	1234
20130815	123	123	123	469.97938581466525	1234
20130815	123	123	123	475.37898314535795	1234
20130815	123	123	123	482.3054215639545	1234
20130815	123	123	123	496.19628940802795	1234
20130815	123	123	123	499.3025541737788	1234
20130815	123	123	123	501.92514809540734	1234
20130815	123	123	123	511.8705313214513	1234
20130815	123	123	123	516.9943020607992	1234
20130815	123	123	123	535.4057563467984	1234
20130815	123	123	123	524.1615511426525	1234
20130815	123	123	123	504.99455561918694	1234
20130815	123	123	123	493.82409814120166	1234
20130815	123	123	123	491.11897734821605	1234
20130815	123	123	123	483.1853580353959	1234
20130815	123	123	123	441.6392850354841	1234
20130815	123	123	123	437.00241444771	1234
20130815	123	123	123	434.8803024484904	1234
20130815	123	123	123	421.4051238334106	1234
20130815	123	123	123	416.74684139113003	1234
20130815	123	123	123	413.79808010251514	1234
20130815	123	123	123	407.2969069394455	1234
20130815	123	123	123	391.38706579911	1234
20130815	123	123	123	394.57894736842127	1234
20130815	123	123	123	395.21564623956885	1234
20130815	123	123	123	404.7212716431837	1234
20130815	123	123	123	413.09078842280553	1234
20130815	123	123	123	414.49770714863564	1234
20130815	123	123	123	417.31578947368405	1234
20130815	123	123	123	420.6842105263156	1234
20130815	123	123	123	429.30853565128183	1234
20130815	123	123	123	431.6465226047389	1234
20130815	123	123	123	439.3352646536943	1234
20130815	123	123	123	442.227210592752	1234
20130815	123	123	123	449.30007294581173	1234
20130815	123	123	123	426.22082633445444	1234
20130815	123	123	123	405.1845525045892	1234
20130815	123	123	123	404.9054605735634	1234
20130815	123	123	123	394.91695604428025	1234
20130815	123	123	123	377.613821394718	1234
20130815	123	123	123	363.66585484951486	1234
20130815	123	123	123	355.8179082417986	1234
20130815	123	123	123	350.02560603298076	1234
20130815	123	123	123	330.59929677298817	1234
20130815	123	123	123	319.43225345049393	1234
20130815	123	123	123	310.58195098065494	1234
20130815	123	123	123	300.2105263157899	1234
20130815	123	123	123	290.15789473684254	1234
20130815	123	123	123	278.23492676001996	1234
20130815	123	123	123	270.05263157894785	1234
20130815	123	123	123	260.0	1234
20130815	123	123	123	3.1387146168767233	1234
20130815	123	123	123	18.928631325516378	1234
20130815	123	123	123	14.33053151905207	1234
20130815	123	123	123	5.90860831641338	1234
20130815	123	123	123	1.3408561168225863	1234
20130815	123	123	123	19.80559076256209	1234
20130815	123	123	123	17.0503411388694	1234
20130815	123	123	123	12.722785877331468	1234
20130815	123	123	123	13.773394663988192	1234
20130815	123	123	123	15.04050561862922	1234
20130815	123	123	123	4.841864460172573	1234
20130815	123	123	123	18.713104363602856	1234
20130815	123	123	123	2.159813261152783	1234
20130815	123	123	123	17.889147281569695	1234
20130815	123	123	123	9.537026369412835	1234
20130815	123	123	123	4.238482214605495	1234
20130815	123	123	123	9.29666821762239	1234
20130815	123	123	123	12.248691970311773	1234
20130815	123	123	123	6.652990964405811	1234
20130815	123	123	123	6.095331494781959	1234
20130815	123	123	123	7.609664957667228	1234
20130815	123	123	123	13.343090351408726	1234
20130815	123	123	123	10.642008792000723	1234
20130815	123	123	123	17.108685318732416	1234
20130815	123	123	123	18.263564918698926	1234
20130815	123	123	123	14.383562320288082	1234
20130815	123	123	123	13.86801339000761	1234
20130815	123	123	123	17.51053375029627	1234
20130815	123	123	123	3.1727371507083224	1234
20130815	123	123	123	13.430913407092683	1234