time startPrice highestPrice lowestPrice endPrice transactionCount
20130815	123	123	123	0.9661206687339075	1234
20130815	123	123	123	0.8336137027194801	1234
20130815	123	123	123	18.05461059912131	1234
20130815	123	123	123	12.952596531334628	1234
20130815	123	123	123	18.828377226152572	1234
20130815	123	123	123	11.832697168642735	1234
20130815	123	123	123	12.081940877979367	1234
20130815	123	123	123	4.317823537852532	1234
20130815	123	123	123	12.732556771402821	1234
20130815	123	123	123	13.3412514332918	1234
20130815	123	123	123	12.771980147212076	1234
20130815	123	123	123	4.028120304575924	1234
20130815	123	123	123	7.494399406937779	1234
20130815	123	123	123	5.162995525518248	1234
20130815	123	123	123	9.018348150394086	1234
20130815	123	123	123	3.480723700096826	1234
20130815	123	123	123	3.244926565999311	1234
20130815	123	123	123	0.10318077687993643	1234
20130815	123	123	123	5.007724908459494	1234
20130815	123	123	123	2.22909099929556	1234
20130815	123	123	123	12.025313724524992	1234
20130815	123	123	123	8.048969716987632	1234
20130815	123	123	123	3.1815009609264577	1234
20130815	123	123	123	19.52510264536079	1234
20130815	123	123	123	6.510609217131669	1234
20130815	123	123	123	3.4324798125089484	1234
20130815	123	123	123	1.9962548275809366	1234
20130815	123	123	123	4.748384115479496	1234
20130815	123	123	123	2.906370376900669	1234
20130815	123	123	123	3.5160653542026066	1234
20130815	123	123	123	260.42623216436846	1234
20130815	123	123	123	260.725401659829	1234
20130815	123	123	123	269.1052631578947	1234
20130815	123	123	123	279.9030291599542	1234
20130815	123	123	123	318.27203083478054	1234
20130815	123	123	123	323.93673050709816	1234
20130815	123	123	123	331.9577359508354	1234
20130815	123	123	123	342.15059370022755	1234
20130815	123	123	123	357.20321089935373	1234
20130815	123	123	123	366.79336710112716	1234
20130815	123	123	123	379.0686917850118	1234
20130815	123	123	123	385.50435776100744	1234
20130815	123	123	123	393.72356361538533	1234
20130815	123	123	123	403.70032910617243	1234
20130815	123	123	123	412.36554244783065	1234
20130815	123	123	123	422.3215342434218	1234
20130815	123	123	123	437.4048216237672	1234
20130815	123	123	123	432.5159849937203	1234
20130815	123	123	123	431.47368421052624	1234
20130815	123	123	123	426.0575799191573	1234
20130815	123	123	123	423.95332600529173	1234
20130815	123	123	123	422.07096814705545	1234
20130815	123	123	123	415.78357639226687	1234
20130815	123	123	123	406.6091835865441	1234
20130815	123	123	123	380.05226963955386	1234
20130815	123	123	123	392.8320823330397	1234
20130815	123	123	123	396.03236019580896	1234
20130815	123	123	123	405.30056671296774	1234
20130815	123	123	123	418.3320559385588	1234
20130815	123	123	123	433.1268524529146	1234
20130815	123	123	123	439.81576232911533	1234
20130815	123	123	123	442.9457730627865	1234
20130815	123	123	123	447.0526315789475	1234
20130815	123	123	123	459.772113308748	1234
20130815	123	123	123	464.2243404404549	1234
20130815	123	123	123	469.94736842105283	1234
20130815	123	123	123	482.6812424611316	1234
20130815	123	123	123	492.41656827605226	1234
20130815	123	123	123	505.37906467589914	1234
20130815	123	123	123	516.0422259158687	1234
20130815	123	123	123	518.2239667051916	1234
20130815	123	123	123	524.2636094643744	1234
20130815	123	123	123	522.6403275812019	1234
20130815	123	123	123	518.7482415511805	1234
20130815	123	123	123	500.9691561823831	1234
20130815	123	123	123	488.7626084686729	1234
20130815	123	123	123	479.4783898909748	1234
20130815	123	123	123	477.9473684210527	1234
20130815	123	123	123	466.86147242234347	1234
20130815	123	123	123	454.55862973131264	1234
20130815	123	123	123	453.14237452992455	1234
20130815	123	123	123	444.7254721737156	1234
20130815	123	123	123	427.1813007214776	1234
20130815	123	123	123	423.99032886715275	1234
20130815	123	123	123	406.72039365124897	1234
20130815	123	123	123	409.73684210526335	1234
20130815	123	123	123	394.57894736842127	1234
20130815	123	123	123	387.78235864519655	1234
20130815	123	123	123	390.72116766679306	1234
20130815	123	123	123	397.26291585233935	1234
20130815	123	123	123	403.16103417365144	1234
20130815	123	123	123	406.32218215883125	1234
20130815	123	123	123	408.754654865562	1234
20130815	123	123	123	411.83596543036396	1234
20130815	123	123	123	415.5903656366013	1234
20130815	123	123	123	417.56974983124604	1234
20130815	123	123	123	428.72878415447707	1234
20130815	123	123	123	427.42105263157873	1234
20130815	123	123	123	436.1506000995428	1234
20130815	123	123	123	441.6768054845991	1234
20130815	123	123	123	451.885638084839	1234
20130815	123	123	123	439.5044782045603	1234
20130815	123	123	123	430.08615368508055	1234
20130815	123	123	123	423.20898686128504	1234
20130815	123	123	123	405.58744923923865	1234
20130815	123	123	123	393.06817149585845	1234
20130815	123	123	123	377.7504345796046	1234
20130815	123	123	123	380.6315789473686	1234
20130815	123	123	123	353.80827521852234	1234
20130815	123	123	123	355.5440220110227	1234
20130815	123	123	123	344.7687955638673	1234
20130815	123	123	123	330.0339000432849	1234
20130815	123	123	123	324.6662637389019	1234
20130815	123	123	123	312.30429950567145	1234
20130815	123	123	123	300.6788749523252	1234
20130815	123	123	123	295.6160749902986	1234
20130815	123	123	123	290.15789473684254	1234
20130815	123	123	123	267.2298293274193	1234
20130815	123	123	123	263.12936086810896	1234
20130815	123	123	123	260.0	1234
20130815	123	123	123	14.950962656021915	1234
20130815	123	123	123	3.6642803337385366	1234
20130815	123	123	123	7.191190103406175	1234
20130815	123	123	123	3.4745698825241877	1234
20130815	123	123	123	13.540233610557184	1234
20130815	123	123	123	7.549655496071475	1234
20130815	123	123	123	4.131992135713524	1234
20130815	123	123	123	0.9094374340765787	1234
20130815	123	123	123	6.109284002742319	1234
20130815	123	123	123	0.4483713573656889	1234
20130815	123	123	123	1.8778841511137623	1234
20130815	123	123	123	17.214725078589645	1234
20130815	123	123	123	7.0277636934976755	1234
20130815	123	123	123	6.165931851403286	1234
20130815	123	123	123	1.4422582329008282	1234
20130815	123	123	123	6.125217957692762	1234
20130815	123	123	123	6.165951070867726	1234
20130815	123	123	123	1.0854542206015827	1234
20130815	123	123	123	0.011737921070922308	1234
20130815	123	123	123	10.812001795746852	1234
20130815	123	123	123	17.348252827265163	1234
20130815	123	123	123	1.484769867342639	1234
20130815	123	123	123	19.77447805750108	1234
20130815	123	123	123	10.051009146405471	1234
20130815	123	123	123	6.275327287219017	1234
20130815	123	123	123	14.757126738309708	1234
20130815	123	123	123	19.83922796194549	1234
20130815	123	123	123	1.2752042007975661	1234
20130815	123	123	123	13.347588154467182	1234
20130815	123	123	123	2.7856121300121073	1234