time startPrice highestPrice lowestPrice endPrice transactionCount
20130815	123	123	123	17.42149466504265	1234
20130815	123	123	123	0.8259317246419751	1234
20130815	123	123	123	19.142695373757586	1234
20130815	123	123	123	0.6547794121779305	1234
20130815	123	123	123	17.218203544529437	1234
20130815	123	123	123	18.553093054048098	1234
20130815	123	123	123	17.521150812834627	1234
20130815	123	123	123	1.144394424946833	1234
20130815	123	123	123	14.36932790141044	1234
20130815	123	123	123	12.26920595004371	1234
20130815	123	123	123	10.614684841278947	1234
20130815	123	123	123	2.40705829688868	1234
20130815	123	123	123	11.636655432413994	1234
20130815	123	123	123	16.159145343999878	1234
20130815	123	123	123	10.323488410049677	1234
20130815	123	123	123	17.14115982866823	1234
20130815	123	123	123	19.57011633891932	1234
20130815	123	123	123	8.83179701908439	1234
20130815	123	123	123	5.996166581193707	1234
20130815	123	123	123	1.468189805719664	1234
20130815	123	123	123	8.122394184114967	1234
20130815	123	123	123	5.01035680764889	1234
20130815	123	123	123	7.829524486383339	1234
20130815	123	123	123	14.110194459304694	1234
20130815	123	123	123	3.314142061535663	1234
20130815	123	123	123	7.076852558097846	1234
20130815	123	123	123	1.7682329663888008	1234
20130815	123	123	123	2.7520801276297724	1234
20130815	123	123	123	11.5212081293111	1234
20130815	123	123	123	9.281555261753978	1234
20130815	123	123	123	254.4861284999145	1234
20130815	123	123	123	269.8715397779556	1234
20130815	123	123	123	277.0156129547802	1234
20130815	123	123	123	313.4539316277252	1234
20130815	123	123	123	332.021475830563	1234
20130815	123	123	123	341.5938319364809	1234
20130815	123	123	123	350.6530039897275	1234
20130815	123	123	123	367.1654982609864	1234
20130815	123	123	123	370.324729247492	1234
20130815	123	123	123	379.68421052631544	1234
20130815	123	123	123	405.19221973112155	1234
20130815	123	123	123	406.02472343326207	1234
20130815	123	123	123	418.1504890297828	1234
20130815	123	123	123	419.8947368421048	1234
20130815	123	123	123	433.750727369141	1234
20130815	123	123	123	435.36262125338425	1234
20130815	123	123	123	422.0530912755072	1234
20130815	123	123	123	410.7862897861556	1234
20130815	123	123	123	414.31075401935345	1234
20130815	123	123	123	404.6436211531091	1234
20130815	123	123	123	401.89370978906055	1234
20130815	123	123	123	398.1333332467903	1234
20130815	123	123	123	389.5641510814378	1234
20130815	123	123	123	388.7195195314705	1234
20130815	123	123	123	387.27155677812607	1234
20130815	123	123	123	403.85579863865877	1234
20130815	123	123	123	424.8888555340454	1234
20130815	123	123	123	422.52028080214427	1234
20130815	123	123	123	426.8603911850554	1234
20130815	123	123	123	439.3696429044502	1234
20130815	123	123	123	462.05110482497685	1234
20130815	123	123	123	457.56783558179416	1234
20130815	123	123	123	463.7054822496296	1234
20130815	123	123	123	471.8025684609243	1234
20130815	123	123	123	486.5405428789571	1234
20130815	123	123	123	505.45605303518175	1234
20130815	123	123	123	510.36355910583507	1234
20130815	123	123	123	515.7368421052635	1234
20130815	123	123	123	524.3152744645116	1234
20130815	123	123	123	522.4767251070363	1234
20130815	123	123	123	515.5904561192863	1234
20130815	123	123	123	513.6246158411926	1234
20130815	123	123	123	506.71245534959655	1234
20130815	123	123	123	500.5862565247743	1234
20130815	123	123	123	489.31469976188293	1234
20130815	123	123	123	483.69373306115517	1234
20130815	123	123	123	477.9473684210527	1234
20130815	123	123	123	468.40301402919266	1234
20130815	123	123	123	453.88819310356047	1234
20130815	123	123	123	448.82102231412966	1234
20130815	123	123	123	440.5976799842087	1234
20130815	123	123	123	428.4865582754516	1234
20130815	123	123	123	429.90179106510715	1234
20130815	123	123	123	421.97745170723135	1234
20130815	123	123	123	414.0313389464248	1234
20130815	123	123	123	406.50851933850896	1234
20130815	123	123	123	392.5145608483114	1234
20130815	123	123	123	392.07782578621124	1234
20130815	123	123	123	389.2746872217777	1234
20130815	123	123	123	394.25771831085353	1234
20130815	123	123	123	402.5612053408986	1234
20130815	123	123	123	403.5088483073932	1234
20130815	123	123	123	407.77331867499686	1234
20130815	123	123	123	407.21052631578937	1234
20130815	123	123	123	417.499169894087	1234
20130815	123	123	123	420.12409602880035	1234
20130815	123	123	123	425.09994256606325	1234
20130815	123	123	123	430.952774030777	1234
20130815	123	123	123	440.39477944732954	1234
20130815	123	123	123	448.3850854556623	1234
20130815	123	123	123	450.718104587377	1234
20130815	123	123	123	450.7305402951115	1234
20130815	123	123	123	435.58157207148446	1234
20130815	123	123	123	425.9034111780662	1234
20130815	123	123	123	414.6786616867104	1234
20130815	123	123	123	409.1497250055193	1234
20130815	123	123	123	389.8696879438418	1234
20130815	123	123	123	381.5672944172547	1234
20130815	123	123	123	373.857360760055	1234
20130815	123	123	123	355.33914765551657	1234
20130815	123	123	123	339.0483572539553	1234
20130815	123	123	123	334.3685993617197	1234
20130815	123	123	123	319.78993107189035	1234
20130815	123	123	123	320.31578947368456	1234
20130815	123	123	123	302.7805852772996	1234
20130815	123	123	123	293.483222519201	1234
20130815	123	123	123	281.7272266775738	1234
20130815	123	123	123	264.7389178602082	1234
20130815	123	123	123	268.62508552911675	1234
20130815	123	123	123	260.0	1234
20130815	123	123	123	16.33711861587964	1234
20130815	123	123	123	10.8388842054078	1234
20130815	123	123	123	2.9591920115767567	1234
20130815	123	123	123	2.838107787322035	1234
20130815	123	123	123	9.905215934565156	1234
20130815	123	123	123	15.030801303911034	1234
20130815	123	123	123	18.06955761388182	1234
20130815	123	123	123	13.660347208321127	1234
20130815	123	123	123	8.072141626900782	1234
20130815	123	123	123	18.636388270988206	1234
20130815	123	123	123	15.765428079825314	1234
20130815	123	123	123	16.156964596022505	1234
20130815	123	123	123	15.183742299690508	1234
20130815	123	123	123	19.567044827748457	1234
20130815	123	123	123	0.8741004287667686	1234
20130815	123	123	123	6.285291471650227	1234
20130815	123	123	123	11.425384994433589	1234
20130815	123	123	123	2.703517566933338	1234
20130815	123	123	123	9.617224766037625	1234
20130815	123	123	123	4.975667782221123	1234
20130815	123	123	123	7.507657177457798	1234
20130815	123	123	123	16.037827173216684	1234
20130815	123	123	123	16.5984925693691	1234
20130815	123	123	123	19.072991157212552	1234
20130815	123	123	123	2.650655950631362	1234
20130815	123	123	123	17.551681802557976	1234
20130815	123	123	123	14.522592779992685	1234
20130815	123	123	123	11.102217511851977	1234
20130815	123	123	123	18.38944553642874	1234
20130815	123	123	123	5.515088264312706	1234