time startPrice highestPrice lowestPrice endPrice transactionCount
20130815	123	123	123	16.0545242943981	1234
20130815	123	123	123	19.00808723112046	1234
20130815	123	123	123	10.744229029383467	1234
20130815	123	123	123	5.526732615521048	1234
20130815	123	123	123	12.837855902545215	1234
20130815	123	123	123	13.756395504194023	1234
20130815	123	123	123	13.829941368068354	1234
20130815	123	123	123	1.2253551478583269	1234
20130815	123	123	123	14.859116268251318	1234
20130815	123	123	123	11.990021201351214	1234
20130815	123	123	123	5.076614039798613	1234
20130815	123	123	123	4.609218189373343	1234
20130815	123	123	123	2.445328526861532	1234
20130815	123	123	123	1.9032816460436086	1234
20130815	123	123	123	10.451914829574863	1234
20130815	123	123	123	3.358140358176831	1234
20130815	123	123	123	13.063090079552158	1234
20130815	123	123	123	2.6816450080962584	1234
20130815	123	123	123	19.805380739470962	1234
20130815	123	123	123	18.735132870938422	1234
20130815	123	123	123	5.224064229215985	1234
20130815	123	123	123	11.382691076864404	1234
20130815	123	123	123	13.37329280687246	1234
20130815	123	123	123	19.821456316678137	1234
20130815	123	123	123	3.659333169737544	1234
20130815	123	123	123	11.338771741126866	1234
20130815	123	123	123	3.6188778750261963	1234
20130815	123	123	123	6.408692154593578	1234
20130815	123	123	123	15.443401142088167	1234
20130815	123	123	123	1.3764159457675107	1234
20130815	123	123	123	250.0894851830161	1234
20130815	123	123	123	262.56104186536413	1234
20130815	123	123	123	271.30085145774547	1234
20130815	123	123	123	280.8064893339537	1234
20130815	123	123	123	302.7271049025292	1234
20130815	123	123	123	310.69892880701593	1234
20130815	123	123	123	341.5343679492281	1234
20130815	123	123	123	332.43271320693566	1234
20130815	123	123	123	339.4736842105261	1234
20130815	123	123	123	377.4618634183424	1234
20130815	123	123	123	384.74917897643246	1234
20130815	123	123	123	390.32582238017153	1234
20130815	123	123	123	405.5309888160549	1234
20130815	123	123	123	422.60082213253287	1234
20130815	123	123	123	427.6900757058489	1234
20130815	123	123	123	435.54477188966956	1234
20130815	123	123	123	434.77361220242506	1234
20130815	123	123	123	430.22143867635316	1234
20130815	123	123	123	431.47368421052624	1234
20130815	123	123	123	424.83765823575044	1234
20130815	123	123	123	409.99048593859686	1234
20130815	123	123	123	406.6515036914878	1234
20130815	123	123	123	403.9490968225677	1234
20130815	123	123	123	398.3128426589312	1234
20130815	123	123	123	393.77949251948473	1234
20130815	123	123	123	391.6842105263154	1234
20130815	123	123	123	387.1923281819631	1234
20130815	123	123	123	414.0281229502369	1234
20130815	123	123	123	406.0851655753727	1234
20130815	123	123	123	410.1763828986542	1234
20130815	123	123	123	427.9091994152019	1234
20130815	123	123	123	424.2994288900172	1234
20130815	123	123	123	434.1293552446245	1234
20130815	123	123	123	447.88798973003384	1234
20130815	123	123	123	447.0526315789475	1234
20130815	123	123	123	463.6446621372717	1234
20130815	123	123	123	474.2067967706581	1234
20130815	123	123	123	475.4057688518729	1234
20130815	123	123	123	489.55241967482897	1234
20130815	123	123	123	495.12223703830153	1234
20130815	123	123	123	506.0684618217226	1234
20130815	123	123	123	513.9146297930523	1234
20130815	123	123	123	519.0519974115917	1234
20130815	123	123	123	532.4748819403793	1234
20130815	123	123	123	525.1994335823255	1234
20130815	123	123	123	520.4405568652037	1234
20130815	123	123	123	512.5272139393959	1234
20130815	123	123	123	505.2898474211132	1234
20130815	123	123	123	500.1847764755571	1234
20130815	123	123	123	491.8132490519509	1234
20130815	123	123	123	463.2347939682802	1234
20130815	123	123	123	465.06291763447405	1234
20130815	123	123	123	452.0101190305199	1234
20130815	123	123	123	452.70775802692043	1234
20130815	123	123	123	438.38473175616195	1234
20130815	123	123	123	438.01563127868246	1234
20130815	123	123	123	430.44357671237253	1234
20130815	123	123	123	417.1656308310924	1234
20130815	123	123	123	417.3157894736844	1234
20130815	123	123	123	404.82754856017993	1234
20130815	123	123	123	394.2272941503418	1234
20130815	123	123	123	393.97241649818454	1234
20130815	123	123	123	391.8398731461995	1234
20130815	123	123	123	395.63482714046586	1234
20130815	123	123	123	406.18197679028134	1234
20130815	123	123	123	413.5290846226252	1234
20130815	123	123	123	411.21110818647867	1234
20130815	123	123	123	414.81557724060855	1234
20130815	123	123	123	422.1457562979275	1234
20130815	123	123	123	431.2396358397262	1234
20130815	123	123	123	433.5343119417814	1234
20130815	123	123	123	435.96620137881484	1234
20130815	123	123	123	449.66769429749144	1234
20130815	123	123	123	447.89615908032584	1234
20130815	123	123	123	441.92130958686846	1234
20130815	123	123	123	438.8059492106079	1234
20130815	123	123	123	414.8925069916677	1234
20130815	123	123	123	413.93062564599126	1234
20130815	123	123	123	405.9784339758328	1234
20130815	123	123	123	399.45824234841587	1234
20130815	123	123	123	390.14258046956616	1234
20130815	123	123	123	362.6810489016299	1234
20130815	123	123	123	359.2658028726223	1234
20130815	123	123	123	345.60975850008714	1234
20130815	123	123	123	329.42954041254654	1234
20130815	123	123	123	318.3285323497459	1234
20130815	123	123	123	283.3750293280297	1234
20130815	123	123	123	275.3913040807617	1234
20130815	123	123	123	268.49448267001617	1234
20130815	123	123	123	260.0	1234
20130815	123	123	123	13.699957840068446	1234
20130815	123	123	123	4.032331176903712	1234
20130815	123	123	123	3.2525408675127143	1234
20130815	123	123	123	8.05768263687511	1234
20130815	123	123	123	9.42256401038712	1234
20130815	123	123	123	19.104025469799318	1234
20130815	123	123	123	1.5710800781885093	1234
20130815	123	123	123	14.18381538961637	1234
20130815	123	123	123	10.230443703138972	1234
20130815	123	123	123	4.69732026250397	1234
20130815	123	123	123	4.413131963414454	1234
20130815	123	123	123	15.961711918500344	1234
20130815	123	123	123	6.5967922737541524	1234
20130815	123	123	123	8.264326514196732	1234
20130815	123	123	123	19.006187210913037	1234
20130815	123	123	123	8.518877980479449	1234
20130815	123	123	123	6.1259508976663835	1234
20130815	123	123	123	11.408458258565464	1234
20130815	123	123	123	8.886875649831314	1234
20130815	123	123	123	14.862690383885486	1234
20130815	123	123	123	18.739214426982382	1234
20130815	123	123	123	8.811012889888165	1234
20130815	123	123	123	1.9881274288051776	1234
20130815	123	123	123	16.914950890710482	1234
20130815	123	123	123	12.5102989986972	1234
20130815	123	123	123	8.507030845800717	1234
20130815	123	123	123	14.550861756684856	1234
20130815	123	123	123	18.912866083770922	1234
20130815	123	123	123	6.032432033860687	1234
20130815	123	123	123	8.928519513211533	1234