time startPrice highestPrice lowestPrice endPrice transactionCount
20130815	123	123	123	17.893428684683347	1234
20130815	123	123	123	14.031188499783273	1234
20130815	123	123	123	16.10428407011684	1234
20130815	123	123	123	13.549330890207196	1234
20130815	123	123	123	0.7816408101800687	1234
20130815	123	123	123	2.4908184963097635	1234
20130815	123	123	123	6.029106794169183	1234
20130815	123	123	123	11.120853329813267	1234
20130815	123	123	123	5.74111721468916	1234
20130815	123	123	123	2.7433768641417844	1234
20130815	123	123	123	6.816090037793567	1234
20130815	123	123	123	10.161329768690525	1234
20130815	123	123	123	12.582741786711884	1234
20130815	123	123	123	14.582298073240757	1234
20130815	123	123	123	2.5639708609485012	1234
20130815	123	123	123	18.511173368240733	1234
20130815	123	123	123	16.993738235432804	1234
20130815	123	123	123	9.768740266680176	1234
20130815	123	123	123	11.321011645369488	1234
20130815	123	123	123	15.394160893799285	1234
20130815	123	123	123	0.6599323052384864	1234
20130815	123	123	123	6.615222137627493	1234
20130815	123	123	123	19.218390105647174	1234
20130815	123	123	123	15.650695004737711	1234
20130815	123	123	123	1.662009351465037	1234
20130815	123	123	123	14.754286628508712	1234
20130815	123	123	123	17.713577425733007	1234
20130815	123	123	123	2.0921968951625924	1234
20130815	123	123	123	7.6781051919829535	1234
20130815	123	123	123	18.80130388018789	1234
20130815	123	123	123	250.57192234608368	1234
20130815	123	123	123	259.05263157894734	1234
20130815	123	123	123	269.1052631578947	1234
20130815	123	123	123	279.8114211343412	1234
20130815	123	123	123	293.65437118351247	1234
20130815	123	123	123	308.42914157750187	1234
20130815	123	123	123	337.76555319464944	1234
20130815	123	123	123	343.9069039553747	1234
20130815	123	123	123	353.1525960940036	1234
20130815	123	123	123	361.3336959355705	1234
20130815	123	123	123	369.94900051160954	1234
20130815	123	123	123	380.3977125014504	1234
20130815	123	123	123	402.792512844643	1234
20130815	123	123	123	407.3882101534303	1234
20130815	123	123	123	409.84210526315746	1234
20130815	123	123	123	422.14247638070213	1234
20130815	123	123	123	431.9191471572238	1234
20130815	123	123	123	439.63414362228025	1234
20130815	123	123	123	427.9796692485746	1234
20130815	123	123	123	427.30940783361893	1234
20130815	123	123	123	422.5920231514612	1234
20130815	123	123	123	418.96372982194555	1234
20130815	123	123	123	417.26315789473665	1234
20130815	123	123	123	411.2101515312242	1234
20130815	123	123	123	411.5789473684208	1234
20130815	123	123	123	404.6858410004504	1234
20130815	123	123	123	396.2269329483546	1234
20130815	123	123	123	392.4510497699011	1234
20130815	123	123	123	404.1599162756309	1234
20130815	123	123	123	408.9677106666618	1234
20130815	123	123	123	418.0359884774072	1234
20130815	123	123	123	419.9836976562451	1234
20130815	123	123	123	424.1578947368422	1234
20130815	123	123	123	435.29748461282975	1234
20130815	123	123	123	440.2607076508375	1234
20130815	123	123	123	447.5289739612696	1234
20130815	123	123	123	458.14972486838644	1234
20130815	123	123	123	462.3157894736844	1234
20130815	123	123	123	474.0222982663326	1234
20130815	123	123	123	484.6807687886066	1234
20130815	123	123	123	488.9916140833899	1234
20130815	123	123	123	511.899607955836	1234
20130815	123	123	123	519.85827655235	1234
20130815	123	123	123	530.7956100513334	1234
20130815	123	123	123	524.5635081139213	1234
20130815	123	123	123	519.6427868572264	1234
20130815	123	123	123	515.7259667200694	1234
20130815	123	123	123	504.2232026703655	1234
20130815	123	123	123	491.6584285557757	1234
20130815	123	123	123	480.0054039413009	1234
20130815	123	123	123	467.7375730760255	1234
20130815	123	123	123	463.2856739618337	1234
20130815	123	123	123	462.1056672201141	1234
20130815	123	123	123	446.36122718709856	1234
20130815	123	123	123	445.9413444164155	1234
20130815	123	123	123	435.1229858288341	1234
20130815	123	123	123	431.47600484641794	1234
20130815	123	123	123	417.75212363491204	1234
20130815	123	123	123	412.640382571183	1234
20130815	123	123	123	409.4910322355982	1234
20130815	123	123	123	394.13660273208495	1234
20130815	123	123	123	391.9492491441446	1234
20130815	123	123	123	387.0	1234
20130815	123	123	123	397.53353346222906	1234
20130815	123	123	123	402.80732898858906	1234
20130815	123	123	123	405.6928792147683	1234
20130815	123	123	123	411.842701896817	1234
20130815	123	123	123	425.67911819243085	1234
20130815	123	123	123	424.30471495344943	1234
20130815	123	123	123	435.51408307173375	1234
20130815	123	123	123	441.9147003183696	1234
20130815	123	123	123	447.6948337328186	1234
20130815	123	123	123	438.1433157373363	1234
20130815	123	123	123	436.18869630481726	1234
20130815	123	123	123	419.61429338038425	1234
20130815	123	123	123	409.1711236546405	1234
20130815	123	123	123	400.76903540971216	1234
20130815	123	123	123	398.24634635181843	1234
20130815	123	123	123	371.2604836804588	1234
20130815	123	123	123	366.645541083515	1234
20130815	123	123	123	358.66371674947567	1234
20130815	123	123	123	346.3880613754305	1234
20130815	123	123	123	328.8486531073337	1234
20130815	123	123	123	314.846549711761	1234
20130815	123	123	123	304.20997760902685	1234
20130815	123	123	123	300.2105263157899	1234
20130815	123	123	123	288.4822894785474	1234
20130815	123	123	123	273.3475865205421	1234
20130815	123	123	123	254.0497303594313	1234
20130815	123	123	123	260.0	1234
20130815	123	123	123	13.71238223941141	1234
20130815	123	123	123	19.500182317720704	1234
20130815	123	123	123	12.278996828094616	1234
20130815	123	123	123	3.7806790312637117	1234
20130815	123	123	123	19.154746255945728	1234
20130815	123	123	123	19.516247316514512	1234
20130815	123	123	123	15.481043910939649	1234
20130815	123	123	123	7.46987299483817	1234
20130815	123	123	123	16.590774844262196	1234
20130815	123	123	123	19.516823288321536	1234
20130815	123	123	123	13.72595546070189	1234
20130815	123	123	123	15.225825992226715	1234
20130815	123	123	123	0.33990203695778654	1234
20130815	123	123	123	10.539240412907965	1234
20130815	123	123	123	11.58535256818697	1234
20130815	123	123	123	11.393502608901823	1234
20130815	123	123	123	9.017492012596172	1234
20130815	123	123	123	19.42327761649565	1234
20130815	123	123	123	17.742006556903334	1234
20130815	123	123	123	8.056451507133653	1234
20130815	123	123	123	14.529584552468018	1234
20130815	123	123	123	18.555041026445632	1234
20130815	123	123	123	1.1785390535172757	1234
20130815	123	123	123	6.674426819179919	1234
20130815	123	123	123	15.07789547786624	1234
20130815	123	123	123	2.947671835660941	1234
20130815	123	123	123	0.008277989649894124	1234
20130815	123	123	123	11.063264469480409	1234
20130815	123	123	123	15.283597470962086	1234
20130815	123	123	123	18.866028489297506	1234