time startPrice highestPrice lowestPrice endPrice transactionCount
20130815	123	123	123	15.531647839818788	1234
20130815	123	123	123	15.152740635901917	1234
20130815	123	123	123	16.53902854745617	1234
20130815	123	123	123	0.22973049925159028	1234
20130815	123	123	123	19.86787074606479	1234
20130815	123	123	123	16.80063677247453	1234
20130815	123	123	123	2.075756288596877	1234
20130815	123	123	123	15.857874954108604	1234
20130815	123	123	123	3.390589932362318	1234
20130815	123	123	123	7.009600874240536	1234
20130815	123	123	123	5.22239587156726	1234
20130815	123	123	123	18.31687640158958	1234
20130815	123	123	123	0.5407301611594928	1234
20130815	123	123	123	7.367132750757812	1234
20130815	123	123	123	8.37180964055806	1234
20130815	123	123	123	5.775279072407451	1234
20130815	123	123	123	2.332569260300079	1234
20130815	123	123	123	16.468474056095058	1234
20130815	123	123	123	7.012666234729615	1234
20130815	123	123	123	0.12513615559559543	1234
20130815	123	123	123	19.768885819600705	1234
20130815	123	123	123	10.038306647546047	1234
20130815	123	123	123	2.8008585957253906	1234
20130815	123	123	123	1.055705197369996	1234
20130815	123	123	123	18.98639832918024	1234
20130815	123	123	123	2.2738562818906405	1234
20130815	123	123	123	11.685485989041542	1234
20130815	123	123	123	0.5541771842962917	1234
20130815	123	123	123	14.452904414608362	1234
20130815	123	123	123	14.970078451903513	1234
20130815	123	123	123	251.8146939007969	1234
20130815	123	123	123	266.4712257232487	1234
20130815	123	123	123	272.35698092812675	1234
20130815	123	123	123	289.78870752753744	1234
20130815	123	123	123	290.2337851311396	1234
20130815	123	123	123	303.35852339500417	1234
20130815	123	123	123	310.13293022983345	1234
20130815	123	123	123	319.75283832331905	1234
20130815	123	123	123	329.42105263157873	1234
20130815	123	123	123	345.01783558778646	1234
20130815	123	123	123	349.5263157894734	1234
20130815	123	123	123	367.7740775470287	1234
20130815	123	123	123	386.08738107550795	1234
20130815	123	123	123	407.84485852702676	1234
20130815	123	123	123	414.8940361894915	1234
20130815	123	123	123	421.520383444916	1234
20130815	123	123	123	436.05818050902155	1234
20130815	123	123	123	429.4900103040212	1234
20130815	123	123	123	426.83318521533926	1234
20130815	123	123	123	423.8712884489318	1234
20130815	123	123	123	417.0155730701037	1234
20130815	123	123	123	412.73135594921865	1234
20130815	123	123	123	405.75860372209524	1234
20130815	123	123	123	400.7321521257441	1234
20130815	123	123	123	396.40652436350535	1234
20130815	123	123	123	391.0872637796924	1234
20130815	123	123	123	382.31975250956685	1234
20130815	123	123	123	390.60921652658095	1234
20130815	123	123	123	394.7293517301435	1234
20130815	123	123	123	401.3611125016138	1234
20130815	123	123	123	410.8831234896927	1234
20130815	123	123	123	417.90436885114036	1234
20130815	123	123	123	432.0770729131072	1234
20130815	123	123	123	442.3263386276147	1234
20130815	123	123	123	445.893088514675	1234
20130815	123	123	123	449.42930669714434	1234
20130815	123	123	123	461.2314084923353	1234
20130815	123	123	123	467.74168265680595	1234
20130815	123	123	123	469.94736842105283	1234
20130815	123	123	123	483.0869691087766	1234
20130815	123	123	123	492.66631218123786	1234
20130815	123	123	123	498.1286497394742	1234
20130815	123	123	123	506.725232233643	1234
20130815	123	123	123	511.1757924494585	1234
20130815	123	123	123	518.4492949399615	1234
20130815	123	123	123	532.3531390622201	1234
20130815	123	123	123	531.0	1234
20130815	123	123	123	516.2935172773765	1234
20130815	123	123	123	502.00362379438366	1234
20130815	123	123	123	500.13793772828444	1234
20130815	123	123	123	486.5142216746342	1234
20130815	123	123	123	485.52631578947376	1234
20130815	123	123	123	470.65470373716573	1234
20130815	123	123	123	443.32715279929016	1234
20130815	123	123	123	438.92438777153257	1234
20130815	123	123	123	430.6676114166584	1234
20130815	123	123	123	421.7964473094761	1234
20130815	123	123	123	415.4440840784799	1234
20130815	123	123	123	399.1957717281065	1234
20130815	123	123	123	394.41326458902597	1234
20130815	123	123	123	390.1140935693965	1234
20130815	123	123	123	394.23702076862776	1234
20130815	123	123	123	397.86139704273234	1234
20130815	123	123	123	406.7809039466875	1234
20130815	123	123	123	407.21052631578937	1234
20130815	123	123	123	417.3805085786627	1234
20130815	123	123	123	421.27969379359945	1234
20130815	123	123	123	429.3183305034243	1234
20130815	123	123	123	431.2562371696635	1234
20130815	123	123	123	439.5105070434122	1234
20130815	123	123	123	444.055057430963	1234
20130815	123	123	123	445.5876349647094	1234
20130815	123	123	123	451.00750530493065	1234
20130815	123	123	123	444.21639627979516	1234
20130815	123	123	123	432.117610210175	1234
20130815	123	123	123	421.478067369367	1234
20130815	123	123	123	412.1799283519934	1234
20130815	123	123	123	410.3119189324938	1234
20130815	123	123	123	389.0499791153103	1234
20130815	123	123	123	375.66785411143377	1234
20130815	123	123	123	374.9554436100165	1234
20130815	123	123	123	369.5187622572752	1234
20130815	123	123	123	360.5263157894739	1234
20130815	123	123	123	316.09611675145834	1234
20130815	123	123	123	312.67560100034393	1234
20130815	123	123	123	307.0970496851054	1234
20130815	123	123	123	290.9409190316008	1234
20130815	123	123	123	289.59129391973977	1234
20130815	123	123	123	256.7754330133859	1234
20130815	123	123	123	260.0	1234
20130815	123	123	123	11.272151152519388	1234
20130815	123	123	123	4.833567493542614	1234
20130815	123	123	123	15.541435244197652	1234
20130815	123	123	123	16.397741381040966	1234
20130815	123	123	123	19.672704442891636	1234
20130815	123	123	123	7.660540328291452	1234
20130815	123	123	123	13.935658534263247	1234
20130815	123	123	123	15.440399726419836	1234
20130815	123	123	123	19.282001709505373	1234
20130815	123	123	123	14.1536045742718	1234
20130815	123	123	123	14.574643194967736	1234
20130815	123	123	123	8.156384962605438	1234
20130815	123	123	123	13.238617440170643	1234
20130815	123	123	123	7.344776325371745	1234
20130815	123	123	123	11.224041764422616	1234
20130815	123	123	123	13.717115330407905	1234
20130815	123	123	123	9.767892581134452	1234
20130815	123	123	123	1.1454426917042793	1234
20130815	123	123	123	9.264614791232052	1234
20130815	123	123	123	4.5831715537632745	1234
20130815	123	123	123	10.172078122166333	1234
20130815	123	123	123	12.829845507202954	1234
20130815	123	123	123	2.9179584888803034	1234
20130815	123	123	123	11.814742831633133	1234
20130815	123	123	123	9.923753445863127	1234
20130815	123	123	123	15.747232358038763	1234
20130815	123	123	123	1.8831831959216805	1234
20130815	123	123	123	10.573211363950845	1234
20130815	123	123	123	9.135104883820965	1234
20130815	123	123	123	18.696397583794713	1234