time startPrice highestPrice lowestPrice endPrice transactionCount
20130815	123	123	123	3.9762942786330124	1234
20130815	123	123	123	19.5940419333491	1234
20130815	123	123	123	8.22929386365016	1234
20130815	123	123	123	7.133151952901193	1234
20130815	123	123	123	17.526457284993004	1234
20130815	123	123	123	0.3297665961681284	1234
20130815	123	123	123	16.450534487458846	1234
20130815	123	123	123	15.596505579539349	1234
20130815	123	123	123	18.771286149071436	1234
20130815	123	123	123	7.196616331147007	1234
20130815	123	123	123	13.305142135473796	1234
20130815	123	123	123	10.387513342188504	1234
20130815	123	123	123	12.029200469294121	1234
20130815	123	123	123	16.748406481608985	1234
20130815	123	123	123	8.175682322842171	1234
20130815	123	123	123	1.8043508997954105	1234
20130815	123	123	123	13.662379616498031	1234
20130815	123	123	123	7.436139249465228	1234
20130815	123	123	123	0.16067668447254713	1234
20130815	123	123	123	12.815829611385174	1234
20130815	123	123	123	10.369366724004824	1234
20130815	123	123	123	8.141547192496557	1234
20130815	123	123	123	8.716037408949639	1234
20130815	123	123	123	17.235112476697346	1234
20130815	123	123	123	0.8772711876969908	1234
20130815	123	123	123	6.647256066088434	1234
20130815	123	123	123	15.38561727442316	1234
20130815	123	123	123	10.385279098007157	1234
20130815	123	123	123	8.429200465065925	1234
20130815	123	123	123	7.397200558245349	1234
20130815	123	123	123	258.57917220431267	1234
20130815	123	123	123	277.23648457341005	1234
20130815	123	123	123	280.075179042991	1234
20130815	123	123	123	289.21052631578937	1234
20130815	123	123	123	309.31578947368405	1234
20130815	123	123	123	331.28129601245473	1234
20130815	123	123	123	334.64314822940463	1234
20130815	123	123	123	345.1078960651994	1234
20130815	123	123	123	351.28390718195817	1234
20130815	123	123	123	365.20765630195405	1234
20130815	123	123	123	374.78164359208506	1234
20130815	123	123	123	385.31209290513755	1234
20130815	123	123	123	400.06253045161117	1234
20130815	123	123	123	407.1758188539199	1234
20130815	123	123	123	414.5332088332252	1234
20130815	123	123	123	433.96214702481217	1234
20130815	123	123	123	439.81777948210873	1234
20130815	123	123	123	422.09230871283177	1234
20130815	123	123	123	417.8093925145481	1234
20130815	123	123	123	409.33674939020045	1234
20130815	123	123	123	404.7291526821465	1234
20130815	123	123	123	399.8402173326821	1234
20130815	123	123	123	398.27409870172016	1234
20130815	123	123	123	397.05484660398514	1234
20130815	123	123	123	392.8867430827423	1234
20130815	123	123	123	391.1390730856001	1234
20130815	123	123	123	388.4566148517922	1234
20130815	123	123	123	408.68673975755263	1234
20130815	123	123	123	401.83666603458994	1234
20130815	123	123	123	432.4436161062398	1234
20130815	123	123	123	451.37897854713657	1234
20130815	123	123	123	450.82853363316707	1234
20130815	123	123	123	468.1042676874139	1234
20130815	123	123	123	475.1446796476539	1234
20130815	123	123	123	484.87965538414136	1234
20130815	123	123	123	495.99636666315644	1234
20130815	123	123	123	496.2968215359667	1234
20130815	123	123	123	508.9979806295135	1234
20130815	123	123	123	508.59912985820506	1234
20130815	123	123	123	518.6926914045811	1234
20130815	123	123	123	532.6486031388359	1234
20130815	123	123	123	528.7017294534419	1234
20130815	123	123	123	514.3959664394143	1234
20130815	123	123	123	511.21034809484115	1234
20130815	123	123	123	508.2631578947369	1234
20130815	123	123	123	494.05185342153464	1234
20130815	123	123	123	493.1052631578948	1234
20130815	123	123	123	482.8614695871433	1234
20130815	123	123	123	476.8618893077238	1234
20130815	123	123	123	469.1580424607204	1234
20130815	123	123	123	461.3524534066642	1234
20130815	123	123	123	445.5081271278955	1234
20130815	123	123	123	447.63157894736855	1234
20130815	123	123	123	407.18947029242577	1234
20130815	123	123	123	401.82160754608304	1234
20130815	123	123	123	388.3569145175277	1234
20130815	123	123	123	396.0552553150408	1234
20130815	123	123	123	399.37049013102967	1234
20130815	123	123	123	401.26849979107084	1234
20130815	123	123	123	406.6875177080765	1234
20130815	123	123	123	413.28417669164116	1234
20130815	123	123	123	413.9473684210525	1234
20130815	123	123	123	422.33157378175866	1234
20130815	123	123	123	424.05263157894717	1234
20130815	123	123	123	428.0256807500945	1234
20130815	123	123	123	431.3477201795213	1234
20130815	123	123	123	435.74157437796305	1234
20130815	123	123	123	442.41399571920584	1234
20130815	123	123	123	446.3331559406205	1234
20130815	123	123	123	448.4724535600475	1234
20130815	123	123	123	445.6417633314378	1234
20130815	123	123	123	429.6385865797264	1234
20130815	123	123	123	418.77042315822695	1234
20130815	123	123	123	418.93395051139214	1234
20130815	123	123	123	402.03631632879893	1234
20130815	123	123	123	400.7368421052633	1234
20130815	123	123	123	382.35856153551003	1234
20130815	123	123	123	375.84427779293657	1234
20130815	123	123	123	358.5804256451454	1234
20130815	123	123	123	354.1538703684886	1234
20130815	123	123	123	347.01219150630624	1234
20130815	123	123	123	338.40047000117585	1234
20130815	123	123	123	329.6514378469388	1234
20130815	123	123	123	319.06243945416446	1234
20130815	123	123	123	307.49175451140286	1234
20130815	123	123	123	285.4380553078728	1234
20130815	123	123	123	285.0734554328496	1234
20130815	123	123	123	264.3087372484806	1234
20130815	123	123	123	264.37974127860224	1234
20130815	123	123	123	260.0	1234
20130815	123	123	123	4.06533182105651	1234
20130815	123	123	123	11.737341518825666	1234
20130815	123	123	123	19.841462433711904	1234
20130815	123	123	123	17.68609399066151	1234
20130815	123	123	123	4.686722272663044	1234
20130815	123	123	123	0.34894932936466727	1234
20130815	123	123	123	18.408974255368925	1234
20130815	123	123	123	19.326897420583126	1234
20130815	123	123	123	15.772220983038201	1234
20130815	123	123	123	3.4046958525315785	1234
20130815	123	123	123	12.56623103619852	1234
20130815	123	123	123	8.88039560734515	1234
20130815	123	123	123	5.005806094162956	1234
20130815	123	123	123	15.75657929046773	1234
20130815	123	123	123	19.965086450641238	1234
20130815	123	123	123	3.6911437579908513	1234
20130815	123	123	123	3.7791228907752283	1234
20130815	123	123	123	4.085832892115766	1234
20130815	123	123	123	7.509507110808354	1234
20130815	123	123	123	13.259201328401723	1234
20130815	123	123	123	1.6145599609847228	1234
20130815	123	123	123	3.15500576816224	1234
20130815	123	123	123	11.891369405194359	1234
20130815	123	123	123	5.887230542900374	1234
20130815	123	123	123	9.433180248203278	1234
20130815	123	123	123	3.591809505721628	1234
20130815	123	123	123	12.300270607300199	1234
20130815	123	123	123	19.077691911108975	1234
20130815	123	123	123	16.826805206492633	1234
20130815	123	123	123	0.743927475717947	1234