time startPrice highestPrice lowestPrice endPrice transactionCount
20130815	123	123	123	7.678192803690001	1234
20130815	123	123	123	18.219307168536027	1234
20130815	123	123	123	7.163145120890757	1234
20130815	123	123	123	1.20015148682459	1234
20130815	123	123	123	5.282028925049788	1234
20130815	123	123	123	3.9387603280643724	1234
20130815	123	123	123	18.81785301896048	1234
20130815	123	123	123	10.4564311820193	1234
20130815	123	123	123	17.860760040764305	1234
20130815	123	123	123	1.7431537510207873	1234
20130815	123	123	123	10.548514956568635	1234
20130815	123	123	123	0.05147587554606314	1234
20130815	123	123	123	10.552821158422123	1234
20130815	123	123	123	15.208988426083984	1234
20130815	123	123	123	3.5631364976580393	1234
20130815	123	123	123	13.634419979746987	1234
20130815	123	123	123	8.268689574071303	1234
20130815	123	123	123	9.430462685067331	1234
20130815	123	123	123	11.194145922458645	1234
20130815	123	123	123	9.8394164888639	1234
20130815	123	123	123	7.833757711081326	1234
20130815	123	123	123	10.520746140579176	1234
20130815	123	123	123	18.544211667407687	1234
20130815	123	123	123	17.14027969291144	1234
20130815	123	123	123	14.35172591118986	1234
20130815	123	123	123	12.809273860573482	1234
20130815	123	123	123	12.020614142766537	1234
20130815	123	123	123	1.7005161072501052	1234
20130815	123	123	123	10.297433346261407	1234
20130815	123	123	123	9.983222620794628	1234
20130815	123	123	123	249.0	1234
20130815	123	123	123	264.6564270646658	1234
20130815	123	123	123	278.65745083812067	1234
20130815	123	123	123	291.93878103086206	1234
20130815	123	123	123	296.3343254114992	1234
20130815	123	123	123	300.0831993895161	1234
20130815	123	123	123	321.3593546567086	1234
20130815	123	123	123	330.93232154069705	1234
20130815	123	123	123	338.0398369281908	1234
20130815	123	123	123	340.85053449523474	1234
20130815	123	123	123	368.1100210787049	1234
20130815	123	123	123	371.37831914051185	1234
20130815	123	123	123	379.68421052631544	1234
20130815	123	123	123	402.44872198157844	1234
20130815	123	123	123	401.53174263757006	1234
20130815	123	123	123	430.14052740145036	1234
20130815	123	123	123	434.48038238645404	1234
20130815	123	123	123	436.0189199975517	1234
20130815	123	123	123	429.752075240289	1234
20130815	123	123	123	428.34389531669143	1234
20130815	123	123	123	422.19609684172974	1234
20130815	123	123	123	418.85953021832427	1234
20130815	123	123	123	412.82459950186956	1234
20130815	123	123	123	405.7201741502105	1234
20130815	123	123	123	405.0252309193638	1234
20130815	123	123	123	401.6084660575058	1234
20130815	123	123	123	397.0906812428781	1234
20130815	123	123	123	386.01865854127584	1234
20130815	123	123	123	385.76173515392475	1234
20130815	123	123	123	390.44311894596177	1234
20130815	123	123	123	395.06765872079234	1234
20130815	123	123	123	410.82143203959066	1234
20130815	123	123	123	408.8947368421053	1234
20130815	123	123	123	430.41482687642633	1234
20130815	123	123	123	452.8715401959606	1234
20130815	123	123	123	457.63669375835593	1234
20130815	123	123	123	475.59083137744045	1234
20130815	123	123	123	478.31743530655416	1234
20130815	123	123	123	493.5446175569481	1234
20130815	123	123	123	500.0418149019088	1234
20130815	123	123	123	508.2931634234527	1234
20130815	123	123	123	510.37185554098227	1234
20130815	123	123	123	516.8201463991734	1234
20130815	123	123	123	527.474115666958	1234
20130815	123	123	123	529.9635628765773	1234
20130815	123	123	123	516.919988517216	1234
20130815	123	123	123	514.2105262935358	1234
20130815	123	123	123	508.2631578947369	1234
20130815	123	123	123	497.6695723209049	1234
20130815	123	123	123	493.1052631578948	1234
20130815	123	123	123	481.9962983136087	1234
20130815	123	123	123	472.7921842295402	1234
20130815	123	123	123	449.67505289181827	1234
20130815	123	123	123	455.2105263157896	1234
20130815	123	123	123	434.64534372888954	1234
20130815	123	123	123	438.49129394435755	1234
20130815	123	123	123	425.7695335437172	1234
20130815	123	123	123	421.41603149314255	1234
20130815	123	123	123	408.1602195218785	1234
20130815	123	123	123	401.4174021976007	1234
20130815	123	123	123	402.1578947368423	1234
20130815	123	123	123	394.57894736842127	1234
20130815	123	123	123	390.22904788660867	1234
20130815	123	123	123	391.17732104606813	1234
20130815	123	123	123	394.326236851866	1234
20130815	123	123	123	402.9755616622398	1234
20130815	123	123	123	403.8421052631578	1234
20130815	123	123	123	416.8367693656914	1234
20130815	123	123	123	417.4170341435006	1234
20130815	123	123	123	425.7186002871112	1234
20130815	123	123	123	446.92794376003366	1234
20130815	123	123	123	449.7595653441664	1234
20130815	123	123	123	442.54877421021683	1234
20130815	123	123	123	429.8616447838553	1234
20130815	123	123	123	427.2709407814035	1234
20130815	123	123	123	417.1142773309279	1234
20130815	123	123	123	405.0397238671518	1234
20130815	123	123	123	370.0831351609596	1234
20130815	123	123	123	370.66601306862265	1234
20130815	123	123	123	360.2678328732556	1234
20130815	123	123	123	354.6849607232815	1234
20130815	123	123	123	343.0966644587473	1234
20130815	123	123	123	335.4003123241438	1234
20130815	123	123	123	321.98656226350096	1234
20130815	123	123	123	302.68579579755453	1234
20130815	123	123	123	293.49133892866615	1234
20130815	123	123	123	273.2844156692705	1234
20130815	123	123	123	274.0191577707642	1234
20130815	123	123	123	266.84484062242996	1234
20130815	123	123	123	260.0	1234
20130815	123	123	123	0.12841072446019286	1234
20130815	123	123	123	19.90638060629502	1234
20130815	123	123	123	4.851939867625045	1234
20130815	123	123	123	11.831506097217662	1234
20130815	123	123	123	4.959037465198608	1234
20130815	123	123	123	14.243222836892615	1234
20130815	123	123	123	13.121583850881851	1234
20130815	123	123	123	1.7847589442274425	1234
20130815	123	123	123	15.002403427377995	1234
20130815	123	123	123	16.273067374725944	1234
20130815	123	123	123	0.13664738394493003	1234
20130815	123	123	123	12.104954893015487	1234
20130815	123	123	123	14.22692996276976	1234
20130815	123	123	123	3.694014243005115	1234
20130815	123	123	123	12.90416108084245	1234
20130815	123	123	123	3.3634479847897225	1234
20130815	123	123	123	19.81340560053446	1234
20130815	123	123	123	19.809707086772537	1234
20130815	123	123	123	15.293294860916431	1234
20130815	123	123	123	12.756393363138688	1234
20130815	123	123	123	11.494921560071658	1234
20130815	123	123	123	3.209776010963641	1234
20130815	123	123	123	15.16068139039773	1234
20130815	123	123	123	1.8416458134603064	1234
20130815	123	123	123	19.146568578163738	1234
20130815	123	123	123	13.059809521030097	1234
20130815	123	123	123	10.876927594648372	1234
20130815	123	123	123	8.441405291028639	1234
20130815	123	123	123	12.084974583819957	1234
20130815	123	123	123	11.122072867613786	1234