time startPrice highestPrice lowestPrice endPrice transactionCount
20130815	123	123	123	11.978741838631311	1234
20130815	123	123	123	5.560475676426755	1234
20130815	123	123	123	19.83320697620599	1234
20130815	123	123	123	11.967757536798233	1234
20130815	123	123	123	16.664171711991152	1234
20130815	123	123	123	1.0971954226580394	1234
20130815	123	123	123	4.320212272017844	1234
20130815	123	123	123	1.7272614052205393	1234
20130815	123	123	123	7.811712342705439	1234
20130815	123	123	123	17.62274808313377	1234
20130815	123	123	123	14.989504178664198	1234
20130815	123	123	123	7.003279510236995	1234
20130815	123	123	123	9.45742443310115	1234
20130815	123	123	123	14.791660110897318	1234
20130815	123	123	123	1.1412436291378114	1234
20130815	123	123	123	13.446082218153476	1234
20130815	123	123	123	2.199102462913791	1234
20130815	123	123	123	3.3038634552517054	1234
20130815	123	123	123	0.5457900938379878	1234
20130815	123	123	123	8.181676475107889	1234
20130815	123	123	123	1.30373046113202	1234
20130815	123	123	123	0.02326662091709286	1234
20130815	123	123	123	19.178857592659746	1234
20130815	123	123	123	12.758100450932002	1234
20130815	123	123	123	7.343568068975714	1234
20130815	123	123	123	11.893413496187101	1234
20130815	123	123	123	15.208021731053353	1234
20130815	123	123	123	5.930383423422354	1234
20130815	123	123	123	16.854147982116597	1234
20130815	123	123	123	18.25778252927524	1234
20130815	123	123	123	258.22424438844337	1234
20130815	123	123	123	260.91651473734663	1234
20130815	123	123	123	287.90271995744814	1234
20130815	123	123	123	296.2373704601279	1234
20130815	123	123	123	312.1030572346088	1234
20130815	123	123	123	313.9910016594693	1234
20130815	123	123	123	334.5045379629248	1234
20130815	123	123	123	345.48333534944754	1234
20130815	123	123	123	351.8498784423868	1234
20130815	123	123	123	373.96064601792983	1234
20130815	123	123	123	385.3766321363011	1234
20130815	123	123	123	389.7141317261336	1234
20130815	123	123	123	398.5581390216091	1234
20130815	123	123	123	411.9871866058829	1234
20130815	123	123	123	449.023493184391	1234
20130815	123	123	123	434.2577593446125	1234
20130815	123	123	123	434.31578947368416	1234
20130815	123	123	123	425.7530583926473	1234
20130815	123	123	123	419.79331785881527	1234
20130815	123	123	123	415.34395154891536	1234
20130815	123	123	123	412.8976574361224	1234
20130815	123	123	123	411.3855344446984	1234
20130815	123	123	123	408.1225039282028	1234
20130815	123	123	123	405.01826196998627	1234
20130815	123	123	123	403.05263157894706	1234
20130815	123	123	123	394.2517734776937	1234
20130815	123	123	123	390.350366602624	1234
20130815	123	123	123	391.6842105263154	1234
20130815	123	123	123	389.4570586700479	1234
20130815	123	123	123	397.1462207844447	1234
20130815	123	123	123	409.24935353512416	1234
20130815	123	123	123	408.8947368421053	1234
20130815	123	123	123	427.9306406601454	1234
20130815	123	123	123	432.4294374023186	1234
20130815	123	123	123	436.28416612858996	1234
20130815	123	123	123	440.1180615012222	1234
20130815	123	123	123	451.309537780391	1234
20130815	123	123	123	455.0971070313925	1234
20130815	123	123	123	472.81324620478256	1234
20130815	123	123	123	485.8947757049397	1234
20130815	123	123	123	485.37936537184487	1234
20130815	123	123	123	502.77750108559945	1234
20130815	123	123	123	501.73246422500074	1234
20130815	123	123	123	514.5181044452133	1234
20130815	123	123	123	524.1948668535057	1234
20130815	123	123	123	533.9131249623891	1234
20130815	123	123	123	517.2160885507204	1234
20130815	123	123	123	519.9330333562251	1234
20130815	123	123	123	511.6833967652303	1234
20130815	123	123	123	499.4166725971482	1234
20130815	123	123	123	482.6298853526969	1234
20130815	123	123	123	480.1807266796953	1234
20130815	123	123	123	476.9064482240304	1234
20130815	123	123	123	463.68781090839803	1234
20130815	123	123	123	453.261575489285	1234
20130815	123	123	123	454.9602306747917	1234
20130815	123	123	123	441.99228064716834	1234
20130815	123	123	123	434.91345613966917	1234
20130815	123	123	123	425.7964249841203	1234
20130815	123	123	123	409.47904998503697	1234
20130815	123	123	123	401.9238570899645	1234
20130815	123	123	123	393.91768116652446	1234
20130815	123	123	123	387.4666880448632	1234
20130815	123	123	123	393.30016222379055	1234
20130815	123	123	123	394.2593831089862	1234
20130815	123	123	123	399.5589620886429	1234
20130815	123	123	123	403.13152251975873	1234
20130815	123	123	123	406.5933939353778	1234
20130815	123	123	123	407.94739498434126	1234
20130815	123	123	123	427.03436092208386	1234
20130815	123	123	123	429.2696673869759	1234
20130815	123	123	123	437.5263157894734	1234
20130815	123	123	123	440.894736842105	1234
20130815	123	123	123	449.81049308862623	1234
20130815	123	123	123	450.79296995067506	1234
20130815	123	123	123	421.9356804193594	1234
20130815	123	123	123	389.9728234289763	1234
20130815	123	123	123	384.99918700401435	1234
20130815	123	123	123	369.8021306852432	1234
20130815	123	123	123	355.54712831837645	1234
20130815	123	123	123	353.83979118367245	1234
20130815	123	123	123	342.6165286877344	1234
20130815	123	123	123	329.8710559424037	1234
20130815	123	123	123	313.0170325060021	1234
20130815	123	123	123	301.7409491839185	1234
20130815	123	123	123	290.2867977041071	1234
20130815	123	123	123	278.0033525770239	1234
20130815	123	123	123	275.23146986764567	1234
20130815	123	123	123	270.05263157894785	1234
20130815	123	123	123	260.0	1234
20130815	123	123	123	11.335184374918889	1234
20130815	123	123	123	15.081154205556523	1234
20130815	123	123	123	7.011386101334994	1234
20130815	123	123	123	14.102419543216453	1234
20130815	123	123	123	5.166019211409967	1234
20130815	123	123	123	9.546561026052306	1234
20130815	123	123	123	17.953894976788614	1234
20130815	123	123	123	17.77376450072548	1234
20130815	123	123	123	5.96882959058151	1234
20130815	123	123	123	1.7148047851775106	1234
20130815	123	123	123	9.130509602640853	1234
20130815	123	123	123	15.884685628177806	1234
20130815	123	123	123	18.001641063655118	1234
20130815	123	123	123	12.487260528683205	1234
20130815	123	123	123	1.9319358143337273	1234
20130815	123	123	123	15.406885403299587	1234
20130815	123	123	123	15.527781849927827	1234
20130815	123	123	123	6.539799969788578	1234
20130815	123	123	123	19.869337514013328	1234
20130815	123	123	123	18.358007203414445	1234
20130815	123	123	123	12.706581794746823	1234
20130815	123	123	123	9.794598891586261	1234
20130815	123	123	123	19.691590296569288	1234
20130815	123	123	123	8.026926250432268	1234
20130815	123	123	123	2.737253600037184	1234
20130815	123	123	123	6.61036452995215	1234
20130815	123	123	123	12.08682311967004	1234
20130815	123	123	123	17.34085506727135	1234
20130815	123	123	123	4.950409080798717	1234
20130815	123	123	123	17.421567749450357	1234