time startPrice highestPrice lowestPrice endPrice transactionCount
20130815	123	123	123	1.6328238700311482	1234
20130815	123	123	123	15.62957596323402	1234
20130815	123	123	123	12.586047182235827	1234
20130815	123	123	123	17.144874169749627	1234
20130815	123	123	123	16.847617819746937	1234
20130815	123	123	123	19.826162089582887	1234
20130815	123	123	123	1.6456950337709886	1234
20130815	123	123	123	19.711598824509387	1234
20130815	123	123	123	11.79643815374288	1234
20130815	123	123	123	13.076122604311928	1234
20130815	123	123	123	10.004973806461631	1234
20130815	123	123	123	5.663407269498184	1234
20130815	123	123	123	10.615924521296911	1234
20130815	123	123	123	9.365736318935964	1234
20130815	123	123	123	1.4365884584445476	1234
20130815	123	123	123	6.896248467412002	1234
20130815	123	123	123	14.611837241130722	1234
20130815	123	123	123	3.6641720087114726	1234
20130815	123	123	123	12.827418892939422	1234
20130815	123	123	123	4.228092297762389	1234
20130815	123	123	123	5.361536626955816	1234
20130815	123	123	123	18.775208341871664	1234
20130815	123	123	123	2.7597116260575194	1234
20130815	123	123	123	15.028512198053779	1234
20130815	123	123	123	6.303950845718338	1234
20130815	123	123	123	1.354087003708777	1234
20130815	123	123	123	5.17552917708481	1234
20130815	123	123	123	7.724891733667221	1234
20130815	123	123	123	10.525164797175828	1234
20130815	123	123	123	9.255637877524999	1234
20130815	123	123	123	260.7490022470393	1234
20130815	123	123	123	265.3257113398357	1234
20130815	123	123	123	282.9479742300421	1234
20130815	123	123	123	286.6773859083455	1234
20130815	123	123	123	289.5978909149086	1234
20130815	123	123	123	310.1212721838418	1234
20130815	123	123	123	318.72488964208173	1234
20130815	123	123	123	327.14358919224856	1234
20130815	123	123	123	344.21149143786204	1234
20130815	123	123	123	340.1218884769058	1234
20130815	123	123	123	355.9895131614179	1234
20130815	123	123	123	359.6121231167708	1234
20130815	123	123	123	373.8225858699704	1234
20130815	123	123	123	379.8760447617952	1234
20130815	123	123	123	389.7368421052628	1234
20130815	123	123	123	401.1234075563411	1234
20130815	123	123	123	412.41668613878113	1234
20130815	123	123	123	425.91087131019407	1234
20130815	123	123	123	436.6322658705377	1234
20130815	123	123	123	418.31094342271615	1234
20130815	123	123	123	417.20904156189965	1234
20130815	123	123	123	415.92697777198936	1234
20130815	123	123	123	412.19761861759014	1234
20130815	123	123	123	403.8948216130038	1234
20130815	123	123	123	393.0130609296358	1234
20130815	123	123	123	394.5263157894733	1234
20130815	123	123	123	388.04109493318913	1234
20130815	123	123	123	385.4419103034358	1234
20130815	123	123	123	389.03550725616975	1234
20130815	123	123	123	405.00763914862847	1234
20130815	123	123	123	422.55450815057264	1234
20130815	123	123	123	419.79194305531973	1234
20130815	123	123	123	437.0238243266141	1234
20130815	123	123	123	436.9835141734388	1234
20130815	123	123	123	440.94421534512776	1234
20130815	123	123	123	447.82701285056675	1234
20130815	123	123	123	460.629052748392	1234
20130815	123	123	123	462.9420146827529	1234
20130815	123	123	123	471.2632973243285	1234
20130815	123	123	123	482.6858966710961	1234
20130815	123	123	123	489.67043568302796	1234
20130815	123	123	123	504.232934593968	1234
20130815	123	123	123	504.1250887927908	1234
20130815	123	123	123	511.4924797566604	1234
20130815	123	123	123	519.2544467000931	1234
20130815	123	123	123	526.8855398959316	1234
20130815	123	123	123	531.0	1234
20130815	123	123	123	522.0692211000478	1234
20130815	123	123	123	513.0794297640592	1234
20130815	123	123	123	499.98471876037786	1234
20130815	123	123	123	489.3665253749497	1234
20130815	123	123	123	480.18168072545484	1234
20130815	123	123	123	475.76645697470116	1234
20130815	123	123	123	465.32237153551574	1234
20130815	123	123	123	455.4432883474059	1234
20130815	123	123	123	436.4186530142	1234
20130815	123	123	123	432.19060769317537	1234
20130815	123	123	123	410.3563106030869	1234
20130815	123	123	123	401.75895637270645	1234
20130815	123	123	123	396.03029343163644	1234
20130815	123	123	123	394.57894736842127	1234
20130815	123	123	123	392.4098067356682	1234
20130815	123	123	123	407.33622012342516	1234
20130815	123	123	123	411.37459412201895	1234
20130815	123	123	123	411.11718055680495	1234
20130815	123	123	123	414.2417984262729	1234
20130815	123	123	123	428.96087960509203	1234
20130815	123	123	123	431.03645261296435	1234
20130815	123	123	123	436.0827971561015	1234
20130815	123	123	123	440.57238250806273	1234
20130815	123	123	123	440.894736842105	1234
20130815	123	123	123	447.8147320246066	1234
20130815	123	123	123	438.1279385601834	1234
20130815	123	123	123	432.7760344610538	1234
20130815	123	123	123	415.2738049170814	1234
20130815	123	123	123	420.64087451655735	1234
20130815	123	123	123	404.8688663590769	1234
20130815	123	123	123	386.5011256678889	1234
20130815	123	123	123	388.0347227696224	1234
20130815	123	123	123	363.6967571910728	1234
20130815	123	123	123	358.69235781429995	1234
20130815	123	123	123	349.5746594189016	1234
20130815	123	123	123	340.42105263157924	1234
20130815	123	123	123	317.57588731968934	1234
20130815	123	123	123	309.59926162489074	1234
20130815	123	123	123	308.46687678370057	1234
20130815	123	123	123	280.7649876145133	1234
20130815	123	123	123	271.50286484563907	1234
20130815	123	123	123	267.2814030810968	1234
20130815	123	123	123	260.0	1234
20130815	123	123	123	0.8814125097625247	1234
20130815	123	123	123	0.4783396900802672	1234
20130815	123	123	123	0.8266707397752993	1234
20130815	123	123	123	12.164971492553285	1234
20130815	123	123	123	7.091622292002404	1234
20130815	123	123	123	12.670066852741568	1234
20130815	123	123	123	9.66721413624418	1234
20130815	123	123	123	15.372185910500008	1234
20130815	123	123	123	5.774726398016385	1234
20130815	123	123	123	7.311624092696263	1234
20130815	123	123	123	11.198090752383234	1234
20130815	123	123	123	12.587698592613407	1234
20130815	123	123	123	5.259716898799198	1234
20130815	123	123	123	10.090063260850853	1234
20130815	123	123	123	5.365647385897729	1234
20130815	123	123	123	17.85496174604541	1234
20130815	123	123	123	16.374231031258503	1234
20130815	123	123	123	16.481734974646365	1234
20130815	123	123	123	4.933645981622787	1234
20130815	123	123	123	18.902481994071564	1234
20130815	123	123	123	4.32887243733683	1234
20130815	123	123	123	2.2160961550837843	1234
20130815	123	123	123	10.282060066471088	1234
20130815	123	123	123	14.687221683885808	1234
20130815	123	123	123	10.6280235057076	1234
20130815	123	123	123	14.34355798695875	1234
20130815	123	123	123	13.967777451391392	1234
20130815	123	123	123	8.416610036216323	1234
20130815	123	123	123	5.478955209815979	1234
20130815	123	123	123	0.2590543802325951	1234