time startPrice highestPrice lowestPrice endPrice transactionCount
20130815	123	123	123	9.367253992351587	1234
20130815	123	123	123	19.18593190244932	1234
20130815	123	123	123	18.818302950785103	1234
20130815	123	123	123	9.846912573091783	1234
20130815	123	123	123	13.179684518050262	1234
20130815	123	123	123	9.67052979093044	1234
20130815	123	123	123	15.897496608559148	1234
20130815	123	123	123	1.485706677713392	1234
20130815	123	123	123	2.738290463464097	1234
20130815	123	123	123	13.630223956059542	1234
20130815	123	123	123	1.9778764970337082	1234
20130815	123	123	123	2.7687386963981253	1234
20130815	123	123	123	7.507596653572961	1234
20130815	123	123	123	6.1307461557424725	1234
20130815	123	123	123	15.46473716986366	1234
20130815	123	123	123	19.95775610716161	1234
20130815	123	123	123	17.790157272261833	1234
20130815	123	123	123	13.360219961380919	1234
20130815	123	123	123	2.1511421347005943	1234
20130815	123	123	123	19.86618592002064	1234
20130815	123	123	123	9.69483986106654	1234
20130815	123	123	123	11.855416656333988	1234
20130815	123	123	123	1.9338438847419503	1234
20130815	123	123	123	6.537443064319543	1234
20130815	123	123	123	1.5894259563519042	1234
20130815	123	123	123	13.434889115363383	1234
20130815	123	123	123	4.371005275343684	1234
20130815	123	123	123	1.322083510745058	1234
20130815	123	123	123	8.456600730174133	1234
20130815	123	123	123	2.653566385106416	1234
20130815	123	123	123	249.697434436374	1234
20130815	123	123	123	272.5674199643205	1234
20130815	123	123	123	286.0000052319343	1234
20130815	123	123	123	290.89130390893945	1234
20130815	123	123	123	299.578943101662	1234
20130815	123	123	123	322.5179697715995	1234
20130815	123	123	123	330.08931234803225	1234
20130815	123	123	123	343.43903933932194	1234
20130815	123	123	123	354.77848018886715	1234
20130815	123	123	123	364.76195636210474	1234
20130815	123	123	123	383.42196764434107	1234
20130815	123	123	123	399.60632309749866	1234
20130815	123	123	123	428.0692539130028	1234
20130815	123	123	123	419.8947368421048	1234
20130815	123	123	123	429.94736842105215	1234
20130815	123	123	123	436.9039062136422	1234
20130815	123	123	123	430.26730043553675	1234
20130815	123	123	123	426.3788787172024	1234
20130815	123	123	123	419.81726693907194	1234
20130815	123	123	123	418.04887905489977	1234
20130815	123	123	123	415.97197376540544	1234
20130815	123	123	123	411.1620010306229	1234
20130815	123	123	123	405.894736842105	1234
20130815	123	123	123	394.7617137857613	1234
20130815	123	123	123	395.82833706576434	1234
20130815	123	123	123	387.2027563763763	1234
20130815	123	123	123	399.4803738567906	1234
20130815	123	123	123	401.55778182773673	1234
20130815	123	123	123	413.57156509504034	1234
20130815	123	123	123	420.1366107069609	1234
20130815	123	123	123	434.71697746445227	1234
20130815	123	123	123	436.43721475769223	1234
20130815	123	123	123	440.49679694213006	1234
20130815	123	123	123	465.75680253450196	1234
20130815	123	123	123	463.30517551171124	1234
20130815	123	123	123	474.61002088935993	1234
20130815	123	123	123	487.6962528057881	1234
20130815	123	123	123	498.09792077384793	1234
20130815	123	123	123	504.4098314936148	1234
20130815	123	123	123	509.5211648382404	1234
20130815	123	123	123	529.4281338205993	1234
20130815	123	123	123	525.706072337391	1234
20130815	123	123	123	522.8434929424562	1234
20130815	123	123	123	516.9423258163679	1234
20130815	123	123	123	507.1754423977534	1234
20130815	123	123	123	500.70351146544607	1234
20130815	123	123	123	492.43744739176896	1234
20130815	123	123	123	490.3611093853336	1234
20130815	123	123	123	471.9922833392672	1234
20130815	123	123	123	477.9473684210527	1234
20130815	123	123	123	457.75534383742047	1234
20130815	123	123	123	436.79958043200816	1234
20130815	123	123	123	437.40805515029024	1234
20130815	123	123	123	422.6570347137802	1234
20130815	123	123	123	410.3266191689145	1234
20130815	123	123	123	404.51973510172456	1234
20130815	123	123	123	402.1578947368423	1234
20130815	123	123	123	388.80842574184123	1234
20130815	123	123	123	390.62028820413093	1234
20130815	123	123	123	393.5008450799016	1234
20130815	123	123	123	396.0707877133865	1234
20130815	123	123	123	400.928756233052	1234
20130815	123	123	123	400.47368421052624	1234
20130815	123	123	123	407.5945099105257	1234
20130815	123	123	123	413.5841374077593	1234
20130815	123	123	123	417.8768555585632	1234
20130815	123	123	123	426.5131094819194	1234
20130815	123	123	123	426.16471006230705	1234
20130815	123	123	123	433.29416990492007	1234
20130815	123	123	123	437.5263157894734	1234
20130815	123	123	123	440.99801374591266	1234
20130815	123	123	123	444.26315789473654	1234
20130815	123	123	123	450.6683915808876	1234
20130815	123	123	123	434.8159251218539	1234
20130815	123	123	123	427.4433749147908	1234
20130815	123	123	123	415.233014575204	1234
20130815	123	123	123	400.23653548717107	1234
20130815	123	123	123	378.09955069568866	1234
20130815	123	123	123	380.5815162291146	1234
20130815	123	123	123	367.07177840222175	1234
20130815	123	123	123	337.21512345793747	1234
20130815	123	123	123	339.53588210376336	1234
20130815	123	123	123	320.37387492475875	1234
20130815	123	123	123	317.9978909571692	1234
20130815	123	123	123	308.6534328279534	1234
20130815	123	123	123	296.38718775433637	1234
20130815	123	123	123	290.15789473684254	1234
20130815	123	123	123	275.9681745036337	1234
20130815	123	123	123	262.458678914053	1234
20130815	123	123	123	260.0	1234
20130815	123	123	123	13.92461658470819	1234
20130815	123	123	123	12.670321294396413	1234
20130815	123	123	123	7.7012945599133005	1234
20130815	123	123	123	12.128537956790698	1234
20130815	123	123	123	1.9219129434413507	1234
20130815	123	123	123	12.054094252612853	1234
20130815	123	123	123	0.2112702540440825	1234
20130815	123	123	123	7.745910825996822	1234
20130815	123	123	123	11.586491824671759	1234
20130815	123	123	123	0.6555244030559559	1234
20130815	123	123	123	3.851731299176737	1234
20130815	123	123	123	10.543792118894658	1234
20130815	123	123	123	4.931258830250364	1234
20130815	123	123	123	17.80626771519406	1234
20130815	123	123	123	13.078646585573006	1234
20130815	123	123	123	4.97658973247127	1234
20130815	123	123	123	15.871706854657878	1234
20130815	123	123	123	6.634902453235021	1234
20130815	123	123	123	17.98439435472908	1234
20130815	123	123	123	14.3009912023634	1234
20130815	123	123	123	2.6094679331400528	1234
20130815	123	123	123	14.977172741281443	1234
20130815	123	123	123	18.84322408343588	1234
20130815	123	123	123	2.9841321725203374	1234
20130815	123	123	123	14.152462588000045	1234
20130815	123	123	123	10.326548163206756	1234
20130815	123	123	123	18.10295096641426	1234
20130815	123	123	123	13.31962543000575	1234
20130815	123	123	123	0.7793899352654954	1234
20130815	123	123	123	6.450221889651894	1234