time startPrice highestPrice lowestPrice endPrice transactionCount
20130815	123	123	123	10.465850338804755	1234
20130815	123	123	123	8.614128893536215	1234
20130815	123	123	123	4.447409618158447	1234
20130815	123	123	123	8.202443484785944	1234
20130815	123	123	123	16.594378979514275	1234
20130815	123	123	123	10.718769235529187	1234
20130815	123	123	123	4.366744278758333	1234
20130815	123	123	123	2.325277566291213	1234
20130815	123	123	123	8.078212364073863	1234
20130815	123	123	123	8.277380744606948	1234
20130815	123	123	123	17.230958072993282	1234
20130815	123	123	123	13.416624445275948	1234
20130815	123	123	123	15.909695838632338	1234
20130815	123	123	123	0.14807113549780926	1234
20130815	123	123	123	3.7165413592660257	1234
20130815	123	123	123	16.997135147033035	1234
20130815	123	123	123	0.32579902826126217	1234
20130815	123	123	123	18.635407388634714	1234
20130815	123	123	123	14.269309509959465	1234
20130815	123	123	123	14.737556482786092	1234
20130815	123	123	123	15.90726294327313	1234
20130815	123	123	123	17.46706611778326	1234
20130815	123	123	123	15.637770999030295	1234
20130815	123	123	123	4.63506452222563	1234
20130815	123	123	123	0.25495994425532853	1234
20130815	123	123	123	13.043900698673328	1234
20130815	123	123	123	11.046270879743506	1234
20130815	123	123	123	1.1881675637431233	1234
20130815	123	123	123	8.853940336157072	1234
20130815	123	123	123	15.875647896017043	1234
20130815	123	123	123	250.91292190264613	1234
20130815	123	123	123	259.05263157894734	1234
20130815	123	123	123	281.98588544754887	1234
20130815	123	123	123	326.70328712065947	1234
20130815	123	123	123	320.20894334073824	1234
20130815	123	123	123	342.27828769561006	1234
20130815	123	123	123	346.7172792814178	1234
20130815	123	123	123	354.02224020224577	1234
20130815	123	123	123	359.57894736842076	1234
20130815	123	123	123	382.54895627777836	1234
20130815	123	123	123	384.4906119953396	1234
20130815	123	123	123	400.2430738275029	1234
20130815	123	123	123	400.0354634633445	1234
20130815	123	123	123	421.261249799332	1234
20130815	123	123	123	425.55213653164117	1234
20130815	123	123	123	442.1239860267554	1234
20130815	123	123	123	439.4825052426556	1234
20130815	123	123	123	434.8351807593239	1234
20130815	123	123	123	431.129372565674	1234
20130815	123	123	123	418.9640414845554	1234
20130815	123	123	123	415.2800036722531	1234
20130815	123	123	123	404.46961097646647	1234
20130815	123	123	123	393.74047952283803	1234
20130815	123	123	123	386.3247044263451	1234
20130815	123	123	123	393.50386043956166	1234
20130815	123	123	123	394.22484969014664	1234
20130815	123	123	123	404.7503846442347	1234
20130815	123	123	123	411.1580644754754	1234
20130815	123	123	123	429.93327719683936	1234
20130815	123	123	123	431.78947368421063	1234
20130815	123	123	123	445.7547739556592	1234
20130815	123	123	123	453.250001036029	1234
20130815	123	123	123	460.50737251869316	1234
20130815	123	123	123	466.54999825467996	1234
20130815	123	123	123	476.9800270623633	1234
20130815	123	123	123	490.4751020955376	1234
20130815	123	123	123	506.89949907419134	1234
20130815	123	123	123	503.6265554090867	1234
20130815	123	123	123	518.6010759076094	1234
20130815	123	123	123	515.7368421052635	1234
20130815	123	123	123	530.9337459724863	1234
20130815	123	123	123	531.0	1234
20130815	123	123	123	505.98234924023313	1234
20130815	123	123	123	495.68949935044606	1234
20130815	123	123	123	499.34604804346657	1234
20130815	123	123	123	489.64884002227524	1234
20130815	123	123	123	477.6252728422072	1234
20130815	123	123	123	476.89065714712575	1234
20130815	123	123	123	468.781240851412	1234
20130815	123	123	123	461.6711274992198	1234
20130815	123	123	123	447.10497014196386	1234
20130815	123	123	123	429.54092419507765	1234
20130815	123	123	123	428.3306064918588	1234
20130815	123	123	123	419.51939705566855	1234
20130815	123	123	123	410.44462370074325	1234
20130815	123	123	123	396.80359604008817	1234
20130815	123	123	123	393.80646855967325	1234
20130815	123	123	123	388.52066847357963	1234
20130815	123	123	123	392.9715204679432	1234
20130815	123	123	123	395.88360973545736	1234
20130815	123	123	123	405.18275427374425	1234
20130815	123	123	123	405.2928785669739	1234
20130815	123	123	123	409.26687589373734	1234
20130815	123	123	123	415.1901449737939	1234
20130815	123	123	123	415.9275903680842	1234
20130815	123	123	123	419.6339093841166	1234
20130815	123	123	123	424.15335900845014	1234
20130815	123	123	123	427.499159178319	1234
20130815	123	123	123	434.31760452171784	1234
20130815	123	123	123	437.0820308708652	1234
20130815	123	123	123	439.03980616870666	1234
20130815	123	123	123	441.48455434545303	1234
20130815	123	123	123	447.48607673401557	1234
20130815	123	123	123	448.90080200886433	1234
20130815	123	123	123	439.3988007282393	1234
20130815	123	123	123	424.6575163587824	1234
20130815	123	123	123	410.5855853164248	1234
20130815	123	123	123	384.0641162729721	1234
20130815	123	123	123	371.57877587476196	1234
20130815	123	123	123	363.1483265270002	1234
20130815	123	123	123	358.443238583639	1234
20130815	123	123	123	337.6980706312641	1234
20130815	123	123	123	322.8746975518526	1234
20130815	123	123	123	313.9487670379581	1234
20130815	123	123	123	310.2631578947372	1234
20130815	123	123	123	292.7760064249088	1234
20130815	123	123	123	289.3019488857907	1234
20130815	123	123	123	280.1052631578952	1234
20130815	123	123	123	269.4476713984899	1234
20130815	123	123	123	260.0	1234
20130815	123	123	123	5.1047079717518145	1234
20130815	123	123	123	18.546861111042038	1234
20130815	123	123	123	18.989546471202573	1234
20130815	123	123	123	5.774665582038012	1234
20130815	123	123	123	3.868039498214051	1234
20130815	123	123	123	7.837378327588043	1234
20130815	123	123	123	8.95888086903706	1234
20130815	123	123	123	9.165243303734576	1234
20130815	123	123	123	12.90018014171986	1234
20130815	123	123	123	16.208535569579798	1234
20130815	123	123	123	5.324816626156601	1234
20130815	123	123	123	9.776187240760239	1234
20130815	123	123	123	1.7633229942992679	1234
20130815	123	123	123	9.619317933312196	1234
20130815	123	123	123	0.5886556568382861	1234
20130815	123	123	123	5.0195355998655184	1234
20130815	123	123	123	2.045106103727561	1234
20130815	123	123	123	13.985023335007964	1234
20130815	123	123	123	16.411431957268555	1234
20130815	123	123	123	9.518418357981206	1234
20130815	123	123	123	17.852453942312508	1234
20130815	123	123	123	0.021927355882878086	1234
20130815	123	123	123	3.3927764595219534	1234
20130815	123	123	123	4.53222844760619	1234
20130815	123	123	123	12.642342317697528	1234
20130815	123	123	123	5.97808665563528	1234
20130815	123	123	123	7.42016184294001	1234
20130815	123	123	123	17.437428319843843	1234
20130815	123	123	123	14.326121814331021	1234
20130815	123	123	123	19.41057065406094	1234