time startPrice highestPrice lowestPrice endPrice transactionCount
20130815	123	123	123	10.06919388908985	1234
20130815	123	123	123	17.19147901467529	1234
20130815	123	123	123	7.3613234514313515	1234
20130815	123	123	123	12.261680475372634	1234
20130815	123	123	123	3.7953628215076174	1234
20130815	123	123	123	0.31083082476233814	1234
20130815	123	123	123	6.507018376512292	1234
20130815	123	123	123	12.803676390612733	1234
20130815	123	123	123	12.889674474953894	1234
20130815	123	123	123	10.201360673181096	1234
20130815	123	123	123	9.172415225737664	1234
20130815	123	123	123	4.535494112955911	1234
20130815	123	123	123	5.896662994840547	1234
20130815	123	123	123	1.1711260306635185	1234
20130815	123	123	123	11.202975974635693	1234
20130815	123	123	123	19.028059410364868	1234
20130815	123	123	123	4.967017165467061	1234
20130815	123	123	123	18.201948149322863	1234
20130815	123	123	123	12.736540683428517	1234
20130815	123	123	123	11.690679782596817	1234
20130815	123	123	123	9.623431892757024	1234
20130815	123	123	123	11.697785340363062	1234
20130815	123	123	123	11.36269175491668	1234
20130815	123	123	123	10.225745419773109	1234
20130815	123	123	123	17.292763498702435	1234
20130815	123	123	123	14.423137408912757	1234
20130815	123	123	123	11.730121338145015	1234
20130815	123	123	123	17.008394745802235	1234
20130815	123	123	123	13.859485954021071	1234
20130815	123	123	123	5.219506194236501	1234
20130815	123	123	123	249.0	1234
20130815	123	123	123	260.2849928485972	1234
20130815	123	123	123	269.4613098845575	1234
20130815	123	123	123	279.157894736842	1234
20130815	123	123	123	301.8850891976494	1234
20130815	123	123	123	312.2965371850738	1234
20130815	123	123	123	335.3929728188254	1234
20130815	123	123	123	339.55352679319486	1234
20130815	123	123	123	339.4736842105261	1234
20130815	123	123	123	357.0767678672679	1234
20130815	123	123	123	361.4108355397218	1234
20130815	123	123	123	387.4153468891029	1234
20130815	123	123	123	418.83618427944566	1234
20130815	123	123	123	412.4530078908303	1234
20130815	123	123	123	425.5980770584633	1234
20130815	123	123	123	430.2113180396938	1234
20130815	123	123	123	439.30677236967165	1234
20130815	123	123	123	434.63520179919936	1234
20130815	123	123	123	430.0884735170568	1234
20130815	123	123	123	425.23479526119934	1234
20130815	123	123	123	423.70400798023235	1234
20130815	123	123	123	421.05322610648915	1234
20130815	123	123	123	417.4026788053448	1234
20130815	123	123	123	414.8249828556846	1234
20130815	123	123	123	411.73177282445374	1234
20130815	123	123	123	407.27097205040803	1234
20130815	123	123	123	403.7072053892564	1234
20130815	123	123	123	401.50984167776033	1234
20130815	123	123	123	398.2389105571149	1234
20130815	123	123	123	391.4137922576862	1234
20130815	123	123	123	388.8351871672285	1234
20130815	123	123	123	388.21520914019754	1234
20130815	123	123	123	398.0741376278197	1234
20130815	123	123	123	401.2631578947369	1234
20130815	123	123	123	421.07381755128256	1234
20130815	123	123	123	432.91782707063487	1234
20130815	123	123	123	432.3696938901404	1234
20130815	123	123	123	448.3461477625066	1234
20130815	123	123	123	465.0344999386146	1234
20130815	123	123	123	479.1607235611918	1234
20130815	123	123	123	483.8666431925377	1234
20130815	123	123	123	500.349407396205	1234
20130815	123	123	123	511.4937814508261	1234
20130815	123	123	123	515.3408178047748	1234
20130815	123	123	123	518.2615336615196	1234
20130815	123	123	123	530.2584372662634	1234
20130815	123	123	123	524.793891094087	1234
20130815	123	123	123	522.5669716351014	1234
20130815	123	123	123	514.5193159791315	1234
20130815	123	123	123	501.2206124667394	1234
20130815	123	123	123	499.67457478396784	1234
20130815	123	123	123	484.1157819363176	1234
20130815	123	123	123	460.04236258034064	1234
20130815	123	123	123	453.6781735521536	1234
20130815	123	123	123	418.94680811253073	1234
20130815	123	123	123	432.47368421052647	1234
20130815	123	123	123	423.5220040334137	1234
20130815	123	123	123	402.46272624726987	1234
20130815	123	123	123	392.1015143997186	1234
20130815	123	123	123	391.7892455771488	1234
20130815	123	123	123	394.1898450617415	1234
20130815	123	123	123	412.5019376040754	1234
20130815	123	123	123	415.60636782456925	1234
20130815	123	123	123	420.39607711544215	1234
20130815	123	123	123	425.4381917505917	1234
20130815	123	123	123	429.5805289325809	1234
20130815	123	123	123	431.9158895547132	1234
20130815	123	123	123	434.28713158311564	1234
20130815	123	123	123	443.6204983410424	1234
20130815	123	123	123	444.8750354941824	1234
20130815	123	123	123	450.39110665513095	1234
20130815	123	123	123	449.91571817471123	1234
20130815	123	123	123	415.1906407422771	1234
20130815	123	123	123	413.6410250163555	1234
20130815	123	123	123	408.5739626387513	1234
20130815	123	123	123	393.1820490929915	1234
20130815	123	123	123	382.57783970042107	1234
20130815	123	123	123	374.5847554429668	1234
20130815	123	123	123	362.71475753881253	1234
20130815	123	123	123	351.99669301878424	1234
20130815	123	123	123	337.88733095431087	1234
20130815	123	123	123	335.1123655622857	1234
20130815	123	123	123	326.61573729895616	1234
20130815	123	123	123	314.9949819775701	1234
20130815	123	123	123	301.0411165663344	1234
20130815	123	123	123	291.51435031630143	1234
20130815	123	123	123	289.48628600839146	1234
20130815	123	123	123	280.1052631578952	1234
20130815	123	123	123	261.6696871665424	1234
20130815	123	123	123	260.0	1234
20130815	123	123	123	18.65582979773977	1234
20130815	123	123	123	3.856103957514012	1234
20130815	123	123	123	3.3743666366491976	1234
20130815	123	123	123	1.3730697815563553	1234
20130815	123	123	123	5.731402064130333	1234
20130815	123	123	123	6.500825673577884	1234
20130815	123	123	123	5.056174554008662	1234
20130815	123	123	123	6.916902674791363	1234
20130815	123	123	123	9.48800120944991	1234
20130815	123	123	123	13.04895820658092	1234
20130815	123	123	123	7.853144419871663	1234
20130815	123	123	123	17.68622041618627	1234
20130815	123	123	123	10.373133931580774	1234
20130815	123	123	123	5.812071086799026	1234
20130815	123	123	123	18.084831928959908	1234
20130815	123	123	123	5.605286532305556	1234
20130815	123	123	123	6.1086456078300095	1234
20130815	123	123	123	19.11398870266831	1234
20130815	123	123	123	4.063886076369537	1234
20130815	123	123	123	14.469776779006867	1234
20130815	123	123	123	0.4408107834619712	1234
20130815	123	123	123	17.027470755178953	1234
20130815	123	123	123	13.101191837060718	1234
20130815	123	123	123	17.398550450779062	1234
20130815	123	123	123	0.8597843816818029	1234
20130815	123	123	123	14.46639509078231	1234
20130815	123	123	123	10.92672853334812	1234
20130815	123	123	123	12.163933098397164	1234
20130815	123	123	123	2.557095786704595	1234
20130815	123	123	123	2.657008425043592	1234