time startPrice highestPrice lowestPrice endPrice transactionCount
20130815	123	123	123	11.31238958498898	1234
20130815	123	123	123	4.769779197975734	1234
20130815	123	123	123	12.706267689562514	1234
20130815	123	123	123	15.734445615794058	1234
20130815	123	123	123	4.561941600924461	1234
20130815	123	123	123	13.931724947685344	1234
20130815	123	123	123	19.09304595299354	1234
20130815	123	123	123	9.058411936440569	1234
20130815	123	123	123	17.537175228996617	1234
20130815	123	123	123	19.52421556993056	1234
20130815	123	123	123	10.188140217468007	1234
20130815	123	123	123	11.814532484252723	1234
20130815	123	123	123	5.018230376885953	1234
20130815	123	123	123	16.59403121144654	1234
20130815	123	123	123	9.946773097239124	1234
20130815	123	123	123	6.565574268570478	1234
20130815	123	123	123	2.4499692846851007	1234
20130815	123	123	123	3.200203644455344	1234
20130815	123	123	123	19.93575049173556	1234
20130815	123	123	123	16.63936561439545	1234
20130815	123	123	123	3.505191906353231	1234
20130815	123	123	123	5.125366285132806	1234
20130815	123	123	123	3.8301610008616627	1234
20130815	123	123	123	8.587923001335726	1234
20130815	123	123	123	2.399376558907067	1234
20130815	123	123	123	3.4137364030297523	1234
20130815	123	123	123	4.888231598177528	1234
20130815	123	123	123	1.4249254448685034	1234
20130815	123	123	123	0.5205491976134358	1234
20130815	123	123	123	1.7260887106056177	1234
20130815	123	123	123	257.59584034971203	1234
20130815	123	123	123	261.6295874670665	1234
20130815	123	123	123	276.0440097348239	1234
20130815	123	123	123	280.70775526268596	1234
20130815	123	123	123	290.2245103687704	1234
20130815	123	123	123	308.1696640268481	1234
20130815	123	123	123	309.5111356769769	1234
20130815	123	123	123	327.64948851051633	1234
20130815	123	123	123	335.94369509352447	1234
20130815	123	123	123	341.17836414663975	1234
20130815	123	123	123	357.9883612615436	1234
20130815	123	123	123	372.73065479975185	1234
20130815	123	123	123	405.40632841090155	1234
20130815	123	123	123	420.45017264427383	1234
20130815	123	123	123	419.8947368421048	1234
20130815	123	123	123	437.62497746065645	1234
20130815	123	123	123	434.24899936731515	1234
20130815	123	123	123	433.70512649512824	1234
20130815	123	123	123	431.0243858760092	1234
20130815	123	123	123	416.780896263483	1234
20130815	123	123	123	414.42105263157873	1234
20130815	123	123	123	407.5784811277563	1234
20130815	123	123	123	402.53586752819814	1234
20130815	123	123	123	391.21260086271536	1234
20130815	123	123	123	396.38012685670753	1234
20130815	123	123	123	404.0839535366872	1234
20130815	123	123	123	417.73406116953834	1234
20130815	123	123	123	425.6125454979142	1234
20130815	123	123	123	435.15485333987834	1234
20130815	123	123	123	438.57009600020086	1234
20130815	123	123	123	445.56085059984406	1234
20130815	123	123	123	447.0526315789475	1234
20130815	123	123	123	455.06970220464507	1234
20130815	123	123	123	474.54899577503403	1234
20130815	123	123	123	477.57894736842127	1234
20130815	123	123	123	491.87842025924635	1234
20130815	123	123	123	496.210135577751	1234
20130815	123	123	123	500.4736842105266	1234
20130815	123	123	123	514.7938649602169	1234
20130815	123	123	123	523.908179132545	1234
20130815	123	123	123	524.7360115003827	1234
20130815	123	123	123	522.7716195182865	1234
20130815	123	123	123	510.18620349332616	1234
20130815	123	123	123	496.48954393236346	1234
20130815	123	123	123	490.5609304396401	1234
20130815	123	123	123	473.76289812110207	1234
20130815	123	123	123	477.9473684210527	1234
20130815	123	123	123	463.2104365817333	1234
20130815	123	123	123	461.3588186910111	1234
20130815	123	123	123	455.2105263157896	1234
20130815	123	123	123	437.9435031297584	1234
20130815	123	123	123	414.286600111078	1234
20130815	123	123	123	408.5953235285981	1234
20130815	123	123	123	397.8164297966478	1234
20130815	123	123	123	394.26318298003565	1234
20130815	123	123	123	385.5736183951311	1234
20130815	123	123	123	387.86401388392784	1234
20130815	123	123	123	393.3565778603526	1234
20130815	123	123	123	399.41434574206244	1234
20130815	123	123	123	400.97736721918477	1234
20130815	123	123	123	400.798361086765	1234
20130815	123	123	123	404.7215138913941	1234
20130815	123	123	123	411.4802751368779	1234
20130815	123	123	123	415.14719871045185	1234
20130815	123	123	123	418.8222972639481	1234
20130815	123	123	123	420.6842105263156	1234
20130815	123	123	123	427.9024313397811	1234
20130815	123	123	123	434.9625745495597	1234
20130815	123	123	123	438.04583587463935	1234
20130815	123	123	123	440.68010097253875	1234
20130815	123	123	123	444.26315789473654	1234
20130815	123	123	123	448.07219323869873	1234
20130815	123	123	123	441.8075355077405	1234
20130815	123	123	123	437.0210107260058	1234
20130815	123	123	123	424.7733443276976	1234
20130815	123	123	123	417.139463165537	1234
20130815	123	123	123	410.05021864590253	1234
20130815	123	123	123	399.1168430113749	1234
20130815	123	123	123	390.68421052631595	1234
20130815	123	123	123	377.60036413528456	1234
20130815	123	123	123	366.83329219776664	1234
20130815	123	123	123	341.07312518756186	1234
20130815	123	123	123	331.7114987995671	1234
20130815	123	123	123	328.5931862773659	1234
20130815	123	123	123	316.12253266473317	1234
20130815	123	123	123	301.5426866830309	1234
20130815	123	123	123	284.4252223566648	1234
20130815	123	123	123	286.7753894177199	1234
20130815	123	123	123	257.0969618659243	1234
20130815	123	123	123	260.0	1234
20130815	123	123	123	15.704262197805111	1234
20130815	123	123	123	16.94636098693666	1234
20130815	123	123	123	19.69179018300974	1234
20130815	123	123	123	9.662230682645564	1234
20130815	123	123	123	1.3559725902893938	1234
20130815	123	123	123	6.16179703729562	1234
20130815	123	123	123	10.262779809431281	1234
20130815	123	123	123	5.4866504384843795	1234
20130815	123	123	123	12.004003538142655	1234
20130815	123	123	123	5.7114058683219815	1234
20130815	123	123	123	11.230708762421733	1234
20130815	123	123	123	17.103158156118788	1234
20130815	123	123	123	9.067712758880248	1234
20130815	123	123	123	15.116519107218076	1234
20130815	123	123	123	11.719774777091077	1234
20130815	123	123	123	3.659511280753478	1234
20130815	123	123	123	10.292822904108762	1234
20130815	123	123	123	0.8091495992953956	1234
20130815	123	123	123	18.402390526160342	1234
20130815	123	123	123	11.823150981100675	1234
20130815	123	123	123	13.342876406841453	1234
20130815	123	123	123	6.108565301159306	1234
20130815	123	123	123	11.824147923697678	1234
20130815	123	123	123	0.5543482579710668	1234
20130815	123	123	123	4.987860719990815	1234
20130815	123	123	123	17.660669030352565	1234
20130815	123	123	123	16.098470520504712	1234
20130815	123	123	123	16.113214541592676	1234
20130815	123	123	123	3.5297795563434398	1234
20130815	123	123	123	8.328583456723127	1234