time startPrice highestPrice lowestPrice endPrice transactionCount
20130815	123	123	123	18.992795927916923	1234
20130815	123	123	123	19.763064164588165	1234
20130815	123	123	123	15.983074384960272	1234
20130815	123	123	123	18.904936525656503	1234
20130815	123	123	123	6.044543309857914	1234
20130815	123	123	123	1.0201666149262367	1234
20130815	123	123	123	11.739475879998524	1234
20130815	123	123	123	8.2241031202756	1234
20130815	123	123	123	3.3166432341786023	1234
20130815	123	123	123	15.993070346008892	1234
20130815	123	123	123	10.531272161746374	1234
20130815	123	123	123	10.500975164465984	1234
20130815	123	123	123	5.271357761073327	1234
20130815	123	123	123	9.26586379984423	1234
20130815	123	123	123	4.60731989580951	1234
20130815	123	123	123	4.385038098464609	1234
20130815	123	123	123	1.702812372282887	1234
20130815	123	123	123	0.1120523702833931	1234
20130815	123	123	123	17.22445454184148	1234
20130815	123	123	123	14.439466961701878	1234
20130815	123	123	123	15.471279756479365	1234
20130815	123	123	123	3.107722332045788	1234
20130815	123	123	123	5.477188821290611	1234
20130815	123	123	123	11.03556978245014	1234
20130815	123	123	123	9.950536963488098	1234
20130815	123	123	123	14.09636150388213	1234
20130815	123	123	123	5.295626935829734	1234
20130815	123	123	123	8.5447546357112	1234
20130815	123	123	123	19.3651855103295	1234
20130815	123	123	123	17.89022476051041	1234
20130815	123	123	123	258.322423423294	1234
20130815	123	123	123	271.37677928273996	1234
20130815	123	123	123	283.511597791977	1234
20130815	123	123	123	288.6854348471919	1234
20130815	123	123	123	293.68145858104134	1234
20130815	123	123	123	305.3976639179427	1234
20130815	123	123	123	316.78773412405246	1234
20130815	123	123	123	332.4369292266553	1234
20130815	123	123	123	354.49982528515204	1234
20130815	123	123	123	349.5263157894734	1234
20130815	123	123	123	362.1935953478763	1234
20130815	123	123	123	370.78172567803017	1234
20130815	123	123	123	406.64428497238515	1234
20130815	123	123	123	400.47914078988526	1234
20130815	123	123	123	411.6234363276391	1234
20130815	123	123	123	440.0	1234
20130815	123	123	123	436.53664418852316	1234
20130815	123	123	123	431.6195392637601	1234
20130815	123	123	123	430.4361180515899	1234
20130815	123	123	123	427.63306573686884	1234
20130815	123	123	123	421.436561859276	1234
20130815	123	123	123	415.90864060628104	1234
20130815	123	123	123	414.80538253346043	1234
20130815	123	123	123	412.75275538444345	1234
20130815	123	123	123	410.42849728369606	1234
20130815	123	123	123	407.0240321171129	1234
20130815	123	123	123	404.16379158999223	1234
20130815	123	123	123	398.3273040601359	1234
20130815	123	123	123	387.07683872279614	1234
20130815	123	123	123	382.5787941028041	1234
20130815	123	123	123	393.3285115125934	1234
20130815	123	123	123	393.7842364513149	1234
20130815	123	123	123	411.56326912787364	1234
20130815	123	123	123	424.0382300994321	1234
20130815	123	123	123	429.276525066785	1234
20130815	123	123	123	436.92048880174667	1234
20130815	123	123	123	465.32187656733026	1234
20130815	123	123	123	473.75438933387704	1234
20130815	123	123	123	487.3819991475698	1234
20130815	123	123	123	497.8562520104804	1234
20130815	123	123	123	502.5919338817518	1234
20130815	123	123	123	511.13908811214424	1234
20130815	123	123	123	521.7596079595721	1234
20130815	123	123	123	530.5103353196827	1234
20130815	123	123	123	527.1948658246299	1234
20130815	123	123	123	519.5351589144196	1234
20130815	123	123	123	512.2113183839945	1234
20130815	123	123	123	503.6794344707097	1234
20130815	123	123	123	498.5272366627051	1234
20130815	123	123	123	489.32946637797	1234
20130815	123	123	123	471.19537671344654	1234
20130815	123	123	123	463.5120746594962	1234
20130815	123	123	123	462.78947368421063	1234
20130815	123	123	123	455.2105263157896	1234
20130815	123	123	123	442.61391056894564	1234
20130815	123	123	123	434.3042845482322	1234
20130815	123	123	123	428.2714580837116	1234
20130815	123	123	123	421.1287038744145	1234
20130815	123	123	123	407.22464263678717	1234
20130815	123	123	123	407.98284161475516	1234
20130815	123	123	123	396.64749963267474	1234
20130815	123	123	123	383.5623887423066	1234
20130815	123	123	123	387.34484393868576	1234
20130815	123	123	123	396.06223909690726	1234
20130815	123	123	123	393.7368421052631	1234
20130815	123	123	123	397.6605933084601	1234
20130815	123	123	123	401.56313013338695	1234
20130815	123	123	123	410.41368923369765	1234
20130815	123	123	123	411.50349121447147	1234
20130815	123	123	123	418.3430882898629	1234
20130815	123	123	123	425.0440265618281	1234
20130815	123	123	123	424.65916018943943	1234
20130815	123	123	123	429.7494787733277	1234
20130815	123	123	123	435.49496560097407	1234
20130815	123	123	123	445.6505143176743	1234
20130815	123	123	123	444.26315789473654	1234
20130815	123	123	123	450.7828636806529	1234
20130815	123	123	123	442.16674727145306	1234
20130815	123	123	123	440.5703891312618	1234
20130815	123	123	123	430.8947368421053	1234
20130815	123	123	123	403.916082484738	1234
20130815	123	123	123	407.8292013297233	1234
20130815	123	123	123	391.0452792785133	1234
20130815	123	123	123	371.28898164734954	1234
20130815	123	123	123	346.50345086848193	1234
20130815	123	123	123	298.0472854288095	1234
20130815	123	123	123	309.3594959302926	1234
20130815	123	123	123	292.2291925623696	1234
20130815	123	123	123	270.05263157894785	1234
20130815	123	123	123	260.0	1234
20130815	123	123	123	4.337303941856234	1234
20130815	123	123	123	0.8398541783333191	1234
20130815	123	123	123	8.573712812384635	1234
20130815	123	123	123	8.878292357812551	1234
20130815	123	123	123	10.940064388417257	1234
20130815	123	123	123	19.465309967531223	1234
20130815	123	123	123	5.3569868485502115	1234
20130815	123	123	123	18.62101257817415	1234
20130815	123	123	123	2.869498292137227	1234
20130815	123	123	123	4.308365843300706	1234
20130815	123	123	123	7.900790408193488	1234
20130815	123	123	123	15.547196611617697	1234
20130815	123	123	123	8.285866482038607	1234
20130815	123	123	123	19.201083551668933	1234
20130815	123	123	123	12.914889787955158	1234
20130815	123	123	123	1.0285674636460929	1234
20130815	123	123	123	13.17184328536854	1234
20130815	123	123	123	5.6056424177937565	1234
20130815	123	123	123	15.710059184948333	1234
20130815	123	123	123	13.392638872933414	1234
20130815	123	123	123	4.403817609414544	1234
20130815	123	123	123	6.383049538059389	1234
20130815	123	123	123	2.5583681875801	1234
20130815	123	123	123	6.8447476759495185	1234
20130815	123	123	123	5.7158992659070185	1234
20130815	123	123	123	8.618035462002938	1234
20130815	123	123	123	7.790964076185993	1234
20130815	123	123	123	15.805218640000225	1234
20130815	123	123	123	4.997180056290431	1234
20130815	123	123	123	9.570571586399563	1234