time startPrice highestPrice lowestPrice endPrice transactionCount
20130815	123	123	123	5.389322866790587	1234
20130815	123	123	123	13.162099244643496	1234
20130815	123	123	123	3.598683219393184	1234
20130815	123	123	123	15.194666214587523	1234
20130815	123	123	123	9.166455224616847	1234
20130815	123	123	123	19.290626343753743	1234
20130815	123	123	123	17.65963456183308	1234
20130815	123	123	123	15.49126278620355	1234
20130815	123	123	123	2.8379522472235874	1234
20130815	123	123	123	4.291379447527113	1234
20130815	123	123	123	16.30475890427602	1234
20130815	123	123	123	10.894166867655926	1234
20130815	123	123	123	4.821276862315407	1234
20130815	123	123	123	16.71755434960223	1234
20130815	123	123	123	2.186673050572361	1234
20130815	123	123	123	3.1853227369813486	1234
20130815	123	123	123	9.396476668359718	1234
20130815	123	123	123	1.6830930254725884	1234
20130815	123	123	123	3.5592142465969	1234
20130815	123	123	123	18.54502313210935	1234
20130815	123	123	123	13.029675830226422	1234
20130815	123	123	123	11.72185696905685	1234
20130815	123	123	123	2.7233240645279766	1234
20130815	123	123	123	14.587507039750838	1234
20130815	123	123	123	12.988993989461523	1234
20130815	123	123	123	16.954757702519974	1234
20130815	123	123	123	0.1775288256005081	1234
20130815	123	123	123	0.13865633314893655	1234
20130815	123	123	123	3.6563244937963013	1234
20130815	123	123	123	14.738791989556255	1234
20130815	123	123	123	266.7763661506563	1234
20130815	123	123	123	262.1730065149055	1234
20130815	123	123	123	272.7091053529856	1234
20130815	123	123	123	281.2004974151308	1234
20130815	123	123	123	289.21052631578937	1234
20130815	123	123	123	306.3029097468974	1234
20130815	123	123	123	319.3684210526314	1234
20130815	123	123	123	333.45624962904924	1234
20130815	123	123	123	348.7963443202093	1234
20130815	123	123	123	354.29718490610844	1234
20130815	123	123	123	373.8744700536656	1234
20130815	123	123	123	376.70124744767435	1234
20130815	123	123	123	380.708679952754	1234
20130815	123	123	123	395.4813630656151	1234
20130815	123	123	123	401.1996058259659	1234
20130815	123	123	123	425.58229926881074	1234
20130815	123	123	123	432.00259237905766	1234
20130815	123	123	123	429.94736842105215	1234
20130815	123	123	123	436.9253159927725	1234
20130815	123	123	123	427.490318266783	1234
20130815	123	123	123	425.060861960772	1234
20130815	123	123	123	411.9127452291692	1234
20130815	123	123	123	414.42105263157873	1234
20130815	123	123	123	410.99443425496975	1234
20130815	123	123	123	407.0156197263064	1234
20130815	123	123	123	405.61784660383853	1234
20130815	123	123	123	403.05263157894706	1234
20130815	123	123	123	396.24302891515435	1234
20130815	123	123	123	393.42735986613644	1234
20130815	123	123	123	389.8782351068434	1234
20130815	123	123	123	384.1492882045083	1234
20130815	123	123	123	387.8359176877102	1234
20130815	123	123	123	393.7685010750403	1234
20130815	123	123	123	410.2779929760893	1234
20130815	123	123	123	425.26380663333225	1234
20130815	123	123	123	425.5094061408587	1234
20130815	123	123	123	431.78947368421063	1234
20130815	123	123	123	442.1112211903196	1234
20130815	123	123	123	452.1867193759386	1234
20130815	123	123	123	457.5518547672628	1234
20130815	123	123	123	469.67110961785215	1234
20130815	123	123	123	480.8675739591092	1234
20130815	123	123	123	485.280641212507	1234
20130815	123	123	123	504.05425818596746	1234
20130815	123	123	123	515.8044388041329	1234
20130815	123	123	123	529.2341259458888	1234
20130815	123	123	123	520.2256986593761	1234
20130815	123	123	123	514.7982887835307	1234
20130815	123	123	123	510.5165307020691	1234
20130815	123	123	123	502.67310682514403	1234
20130815	123	123	123	497.39786135734585	1234
20130815	123	123	123	488.40365132442673	1234
20130815	123	123	123	485.52631578947376	1234
20130815	123	123	123	473.9006563838257	1234
20130815	123	123	123	461.41794051690374	1234
20130815	123	123	123	457.29142379666047	1234
20130815	123	123	123	452.0048621566996	1234
20130815	123	123	123	444.084005828408	1234
20130815	123	123	123	411.01825488805366	1234
20130815	123	123	123	416.68779088866165	1234
20130815	123	123	123	408.00798169299463	1234
20130815	123	123	123	399.7602652245629	1234
20130815	123	123	123	384.60153282813087	1234
20130815	123	123	123	390.6756568297764	1234
20130815	123	123	123	390.36842105263156	1234
20130815	123	123	123	398.203953467233	1234
20130815	123	123	123	399.1406998391078	1234
20130815	123	123	123	405.2172544027574	1234
20130815	123	123	123	409.4648202462425	1234
20130815	123	123	123	410.5789473684209	1234
20130815	123	123	123	423.373641561655	1234
20130815	123	123	123	424.05747165654867	1234
20130815	123	123	123	439.10834110993216	1234
20130815	123	123	123	450.2862046045953	1234
20130815	123	123	123	431.6599407487425	1234
20130815	123	123	123	426.26157306804475	1234
20130815	123	123	123	415.854073578829	1234
20130815	123	123	123	407.2790947801218	1234
20130815	123	123	123	395.2297345404545	1234
20130815	123	123	123	387.96851598823685	1234
20130815	123	123	123	364.72292350628936	1234
20130815	123	123	123	347.64467034809184	1234
20130815	123	123	123	333.95514835298036	1234
20130815	123	123	123	338.1810573564337	1234
20130815	123	123	123	308.19307518775685	1234
20130815	123	123	123	309.4793577034602	1234
20130815	123	123	123	296.83792065540695	1234
20130815	123	123	123	275.18223560504805	1234
20130815	123	123	123	270.05263157894785	1234
20130815	123	123	123	260.0	1234
20130815	123	123	123	18.050283785078307	1234
20130815	123	123	123	1.1816951841551693	1234
20130815	123	123	123	10.56733500621002	1234
20130815	123	123	123	5.007093099632307	1234
20130815	123	123	123	10.082855631488002	1234
20130815	123	123	123	3.994453440526591	1234
20130815	123	123	123	19.965928886573998	1234
20130815	123	123	123	11.669255192377356	1234
20130815	123	123	123	2.247834279475316	1234
20130815	123	123	123	2.2244055050454103	1234
20130815	123	123	123	2.538344261851355	1234
20130815	123	123	123	12.726355452511939	1234
20130815	123	123	123	18.029751420942105	1234
20130815	123	123	123	8.495364712992648	1234
20130815	123	123	123	13.995944542279329	1234
20130815	123	123	123	12.165244793056658	1234
20130815	123	123	123	5.460711964019794	1234
20130815	123	123	123	3.112350902852754	1234
20130815	123	123	123	2.3046846359068485	1234
20130815	123	123	123	5.231839712940061	1234
20130815	123	123	123	19.195334867660765	1234
20130815	123	123	123	2.528826145367573	1234
20130815	123	123	123	1.613127683007387	1234
20130815	123	123	123	15.343305873018952	1234
20130815	123	123	123	0.2257127679220461	1234
20130815	123	123	123	18.463132058088004	1234
20130815	123	123	123	6.30979559174087	1234
20130815	123	123	123	15.68417218147169	1234
20130815	123	123	123	18.27850419595961	1234
20130815	123	123	123	4.898628841615191	1234