time startPrice highestPrice lowestPrice endPrice transactionCount
20130815	123	123	123	15.2318639855602	1234
20130815	123	123	123	10.856141866246137	1234
20130815	123	123	123	5.105111220111396	1234
20130815	123	123	123	5.818515598534228	1234
20130815	123	123	123	0.06925328516886653	1234
20130815	123	123	123	17.019000674990505	1234
20130815	123	123	123	18.682211169293527	1234
20130815	123	123	123	15.087088840182265	1234
20130815	123	123	123	13.692770735698822	1234
20130815	123	123	123	10.031848944677728	1234
20130815	123	123	123	3.795850858674441	1234
20130815	123	123	123	6.1730228363717305	1234
20130815	123	123	123	15.587508549577972	1234
20130815	123	123	123	3.758012640434907	1234
20130815	123	123	123	2.7988375699419454	1234
20130815	123	123	123	3.1949610670553796	1234
20130815	123	123	123	6.790748554730321	1234
20130815	123	123	123	13.920152949681771	1234
20130815	123	123	123	6.886131322482232	1234
20130815	123	123	123	14.254278854993212	1234
20130815	123	123	123	5.405939380015646	1234
20130815	123	123	123	1.596884355615722	1234
20130815	123	123	123	3.3277697474225487	1234
20130815	123	123	123	5.934173816490526	1234
20130815	123	123	123	15.428381308411684	1234
20130815	123	123	123	12.427494106936885	1234
20130815	123	123	123	4.796770391955367	1234
20130815	123	123	123	0.9058456994900976	1234
20130815	123	123	123	15.965754741778591	1234
20130815	123	123	123	8.065901750256847	1234
20130815	123	123	123	249.81476977438487	1234
20130815	123	123	123	265.39726279259145	1234
20130815	123	123	123	278.10035011292905	1234
20130815	123	123	123	287.1901866234262	1234
20130815	123	123	123	301.70091746917353	1234
20130815	123	123	123	308.0531596331191	1234
20130815	123	123	123	312.4151608580003	1234
20130815	123	123	123	329.13798829140023	1234
20130815	123	123	123	336.3178407827541	1234
20130815	123	123	123	351.31015875627554	1234
20130815	123	123	123	356.49843837545376	1234
20130815	123	123	123	366.23907560158113	1234
20130815	123	123	123	375.85653899529314	1234
20130815	123	123	123	387.0165676144548	1234
20130815	123	123	123	394.240049821039	1234
20130815	123	123	123	403.15500316542625	1234
20130815	123	123	123	429.2576603156374	1234
20130815	123	123	123	437.6509432062634	1234
20130815	123	123	123	437.6881492692944	1234
20130815	123	123	123	437.1578947368421	1234
20130815	123	123	123	430.7201740957829	1234
20130815	123	123	123	427.8620336828735	1234
20130815	123	123	123	419.45573189752315	1234
20130815	123	123	123	408.53858603728537	1234
20130815	123	123	123	402.1922566552516	1234
20130815	123	123	123	402.3211142342101	1234
20130815	123	123	123	392.40476951501563	1234
20130815	123	123	123	391.80665569512155	1234
20130815	123	123	123	391.6842105263154	1234
20130815	123	123	123	388.35235007311263	1234
20130815	123	123	123	392.09229122319243	1234
20130815	123	123	123	400.0895268863378	1234
20130815	123	123	123	402.8917745450485	1234
20130815	123	123	123	412.6771570048963	1234
20130815	123	123	123	416.52631578947376	1234
20130815	123	123	123	429.80092616107254	1234
20130815	123	123	123	431.78947368421063	1234
20130815	123	123	123	454.43471526997394	1234
20130815	123	123	123	461.69012918401006	1234
20130815	123	123	123	464.51372172504256	1234
20130815	123	123	123	474.565795798931	1234
20130815	123	123	123	482.61387521746667	1234
20130815	123	123	123	487.735785760016	1234
20130815	123	123	123	532.4575801295085	1234
20130815	123	123	123	523.4636537377239	1234
20130815	123	123	123	515.352345767625	1234
20130815	123	123	123	514.3467231560708	1234
20130815	123	123	123	502.6109029860502	1234
20130815	123	123	123	498.8455311914908	1234
20130815	123	123	123	487.14191161767667	1234
20130815	123	123	123	470.80584204230263	1234
20130815	123	123	123	467.0286021636883	1234
20130815	123	123	123	461.4772890038732	1234
20130815	123	123	123	455.2105263157896	1234
20130815	123	123	123	443.68694673201367	1234
20130815	123	123	123	440.0526315789475	1234
20130815	123	123	123	424.15415258555606	1234
20130815	123	123	123	409.92836335745676	1234
20130815	123	123	123	393.2678678374261	1234
20130815	123	123	123	387.9259006780284	1234
20130815	123	123	123	389.5818588720681	1234
20130815	123	123	123	392.23818418878693	1234
20130815	123	123	123	395.14628121783204	1234
20130815	123	123	123	397.1052631578947	1234
20130815	123	123	123	419.0677611502437	1234
20130815	123	123	123	421.11091496801174	1234
20130815	123	123	123	421.7355380095139	1234
20130815	123	123	123	430.3771228897537	1234
20130815	123	123	123	435.79207032538363	1234
20130815	123	123	123	440.47990938571047	1234
20130815	123	123	123	443.5185917958777	1234
20130815	123	123	123	451.13147584122146	1234
20130815	123	123	123	433.42168800173476	1234
20130815	123	123	123	429.97038938894894	1234
20130815	123	123	123	414.42976063128157	1234
20130815	123	123	123	401.9540260509672	1234
20130815	123	123	123	389.8654322384252	1234
20130815	123	123	123	377.371267684489	1234
20130815	123	123	123	368.19665643035324	1234
20130815	123	123	123	350.35390290837825	1234
20130815	123	123	123	348.15085179130784	1234
20130815	123	123	123	340.42105263157924	1234
20130815	123	123	123	325.24390358657394	1234
20130815	123	123	123	312.2423488525769	1234
20130815	123	123	123	306.2861727234144	1234
20130815	123	123	123	289.39711455097336	1234
20130815	123	123	123	279.25269440901513	1234
20130815	123	123	123	272.2994623262199	1234
20130815	123	123	123	259.3898313995418	1234
20130815	123	123	123	260.0	1234
20130815	123	123	123	2.9239619361048086	1234
20130815	123	123	123	0.3098576066628467	1234
20130815	123	123	123	16.31552274831369	1234
20130815	123	123	123	6.210156123900399	1234
20130815	123	123	123	15.653118461962553	1234
20130815	123	123	123	3.928425761784884	1234
20130815	123	123	123	3.86515177387202	1234
20130815	123	123	123	13.443913510919007	1234
20130815	123	123	123	18.536152306383634	1234
20130815	123	123	123	10.637038583023774	1234
20130815	123	123	123	16.410004045384202	1234
20130815	123	123	123	11.161511469967383	1234
20130815	123	123	123	3.799560095902905	1234
20130815	123	123	123	9.221468903642423	1234
20130815	123	123	123	18.23764557748558	1234
20130815	123	123	123	19.008394263047176	1234
20130815	123	123	123	17.829688435479255	1234
20130815	123	123	123	15.368890695114164	1234
20130815	123	123	123	10.20624402077871	1234
20130815	123	123	123	12.553811423174501	1234
20130815	123	123	123	7.665819742676843	1234
20130815	123	123	123	14.489475190189562	1234
20130815	123	123	123	18.048613243056373	1234
20130815	123	123	123	12.322865686040574	1234
20130815	123	123	123	0.15646968385159887	1234
20130815	123	123	123	11.99749464801994	1234
20130815	123	123	123	0.26238264202687045	1234
20130815	123	123	123	9.850139486426837	1234
20130815	123	123	123	3.625697865681945	1234
20130815	123	123	123	12.778617667000505	1234