time startPrice highestPrice lowestPrice endPrice transactionCount
20130815	123	123	123	6.364035118528724	1234
20130815	123	123	123	10.552791797389236	1234
20130815	123	123	123	14.503785003388671	1234
20130815	123	123	123	11.148623997897547	1234
20130815	123	123	123	1.7919371642441417	1234
20130815	123	123	123	0.1284669473594069	1234
20130815	123	123	123	14.415696075063686	1234
20130815	123	123	123	16.473784796701604	1234
20130815	123	123	123	5.533658514020354	1234
20130815	123	123	123	4.5844661725457865	1234
20130815	123	123	123	11.212447541731105	1234
20130815	123	123	123	7.5565716036957165	1234
20130815	123	123	123	1.218277378683199	1234
20130815	123	123	123	13.226035416713334	1234
20130815	123	123	123	10.434613986484031	1234
20130815	123	123	123	3.1327539976213936	1234
20130815	123	123	123	2.495959503320564	1234
20130815	123	123	123	1.8291759531946639	1234
20130815	123	123	123	10.894551225258438	1234
20130815	123	123	123	5.881718215220384	1234
20130815	123	123	123	10.835335583881541	1234
20130815	123	123	123	1.4022288754611356	1234
20130815	123	123	123	3.0513649209917393	1234
20130815	123	123	123	10.472993450582814	1234
20130815	123	123	123	8.275655184336323	1234
20130815	123	123	123	1.4275348307125202	1234
20130815	123	123	123	16.78798702781235	1234
20130815	123	123	123	8.218408734415856	1234
20130815	123	123	123	4.169973670961966	1234
20130815	123	123	123	19.202437483687376	1234
20130815	123	123	123	255.54440128189634	1234
20130815	123	123	123	279.157894736842	1234
20130815	123	123	123	296.6743139613942	1234
20130815	123	123	123	333.2551925113501	1234
20130815	123	123	123	321.05704374225195	1234
20130815	123	123	123	344.1722717889741	1234
20130815	123	123	123	357.78045881174035	1234
20130815	123	123	123	363.1756834770027	1234
20130815	123	123	123	379.2299116431461	1234
20130815	123	123	123	381.7265193959534	1234
20130815	123	123	123	391.91957170650494	1234
20130815	123	123	123	402.61375312293785	1234
20130815	123	123	123	409.84210526315746	1234
20130815	123	123	123	419.8947368421048	1234
20130815	123	123	123	439.9494799114914	1234
20130815	123	123	123	439.415166777663	1234
20130815	123	123	123	436.4759528972719	1234
20130815	123	123	123	427.9957792671294	1234
20130815	123	123	123	423.0037357289728	1234
20130815	123	123	123	422.9473684210525	1234
20130815	123	123	123	419.0462327858662	1234
20130815	123	123	123	412.69504264473034	1234
20130815	123	123	123	408.7368421052629	1234
20130815	123	123	123	399.3209350185174	1234
20130815	123	123	123	399.5329937847742	1234
20130815	123	123	123	394.0224809112017	1234
20130815	123	123	123	392.94924907366715	1234
20130815	123	123	123	389.5364273719973	1234
20130815	123	123	123	386.64618722856767	1234
20130815	123	123	123	394.05040514682656	1234
20130815	123	123	123	411.2481967976116	1234
20130815	123	123	123	412.1886207338585	1234
20130815	123	123	123	427.81828259687967	1234
20130815	123	123	123	429.46485566216137	1234
20130815	123	123	123	433.46058894550043	1234
20130815	123	123	123	450.18522667282804	1234
20130815	123	123	123	449.55929292163574	1234
20130815	123	123	123	457.06026852140883	1234
20130815	123	123	123	474.9728385778348	1234
20130815	123	123	123	469.94736842105283	1234
20130815	123	123	123	477.8098184287863	1234
20130815	123	123	123	485.2105263157897	1234
20130815	123	123	123	517.0537903925585	1234
20130815	123	123	123	527.8415025692491	1234
20130815	123	123	123	522.3735612467003	1234
20130815	123	123	123	504.46094871446013	1234
20130815	123	123	123	506.38085382373725	1234
20130815	123	123	123	497.92165453487127	1234
20130815	123	123	123	491.5236269239274	1234
20130815	123	123	123	465.7674932817259	1234
20130815	123	123	123	463.16117370382074	1234
20130815	123	123	123	455.269184375526	1234
20130815	123	123	123	450.75460356796754	1234
20130815	123	123	123	446.0500763331515	1234
20130815	123	123	123	429.04941054316964	1234
20130815	123	123	123	427.5015287924085	1234
20130815	123	123	123	418.9737050487128	1234
20130815	123	123	123	408.59919144113303	1234
20130815	123	123	123	396.44287288835267	1234
20130815	123	123	123	394.57894736842127	1234
20130815	123	123	123	387.0	1234
20130815	123	123	123	391.97157618987956	1234
20130815	123	123	123	397.2048631415433	1234
20130815	123	123	123	397.9540600514171	1234
20130815	123	123	123	404.71437558384326	1234
20130815	123	123	123	406.49462951215077	1234
20130815	123	123	123	409.1131959539114	1234
20130815	123	123	123	412.03577475843707	1234
20130815	123	123	123	413.9473684210525	1234
20130815	123	123	123	419.85715563958547	1234
20130815	123	123	123	420.6842105263156	1234
20130815	123	123	123	435.131573023905	1234
20130815	123	123	123	447.93992928424717	1234
20130815	123	123	123	449.3337673869649	1234
20130815	123	123	123	434.9774774209019	1234
20130815	123	123	123	407.49193213306336	1234
20130815	123	123	123	406.4154057007307	1234
20130815	123	123	123	390.9264532709882	1234
20130815	123	123	123	390.68421052631595	1234
20130815	123	123	123	373.72162785315714	1234
20130815	123	123	123	370.4471048649323	1234
20130815	123	123	123	354.9146545581677	1234
20130815	123	123	123	346.42539980567483	1234
20130815	123	123	123	334.61354917051534	1234
20130815	123	123	123	314.76112550756716	1234
20130815	123	123	123	300.5217152570006	1234
20130815	123	123	123	289.00077532867044	1234
20130815	123	123	123	280.1052631578952	1234
20130815	123	123	123	255.95494922682846	1234
20130815	123	123	123	260.0	1234
20130815	123	123	123	3.925434001417809	1234
20130815	123	123	123	6.3260881486647635	1234
20130815	123	123	123	15.834530546409125	1234
20130815	123	123	123	9.184036956777588	1234
20130815	123	123	123	10.750744449999852	1234
20130815	123	123	123	13.600160889871448	1234
20130815	123	123	123	7.023388978351344	1234
20130815	123	123	123	16.652281442668006	1234
20130815	123	123	123	18.901486206138507	1234
20130815	123	123	123	16.402710525790617	1234
20130815	123	123	123	15.276308202234903	1234
20130815	123	123	123	18.54112162212539	1234
20130815	123	123	123	9.141135530055209	1234
20130815	123	123	123	18.792152245026493	1234
20130815	123	123	123	9.441730418303944	1234
20130815	123	123	123	0.9476152658268755	1234
20130815	123	123	123	11.876039572559181	1234
20130815	123	123	123	8.974875196249387	1234
20130815	123	123	123	12.055667196534737	1234
20130815	123	123	123	17.614029546994118	1234
20130815	123	123	123	10.706071967524238	1234
20130815	123	123	123	0.5546492522465196	1234
20130815	123	123	123	17.761177084140524	1234
20130815	123	123	123	16.588138690504813	1234
20130815	123	123	123	0.8675055227450534	1234
20130815	123	123	123	1.5369514490764624	1234
20130815	123	123	123	18.582036078904967	1234
20130815	123	123	123	13.302073111527973	1234
20130815	123	123	123	13.118026824313823	1234
20130815	123	123	123	6.643013365652505	1234