time startPrice highestPrice lowestPrice endPrice transactionCount
20130815	123	123	123	19.809694096542398	1234
20130815	123	123	123	3.479676067274151	1234
20130815	123	123	123	10.152003836812334	1234
20130815	123	123	123	5.998908996193015	1234
20130815	123	123	123	11.812466818440024	1234
20130815	123	123	123	13.231212020352343	1234
20130815	123	123	123	6.755964013972058	1234
20130815	123	123	123	15.086140440881337	1234
20130815	123	123	123	0.39014447959948795	1234
20130815	123	123	123	2.792961406948413	1234
20130815	123	123	123	5.152140775226868	1234
20130815	123	123	123	4.647231286939249	1234
20130815	123	123	123	5.723476979136006	1234
20130815	123	123	123	5.266614508124164	1234
20130815	123	123	123	15.748950253488784	1234
20130815	123	123	123	17.30738529043266	1234
20130815	123	123	123	11.646705009435918	1234
20130815	123	123	123	5.583419608045988	1234
20130815	123	123	123	18.43730884216425	1234
20130815	123	123	123	16.205658074098324	1234
20130815	123	123	123	4.493294682604367	1234
20130815	123	123	123	3.132116973319441	1234
20130815	123	123	123	14.783735248431292	1234
20130815	123	123	123	18.359250832160857	1234
20130815	123	123	123	17.689903531584168	1234
20130815	123	123	123	13.429935553654115	1234
20130815	123	123	123	9.989324221527642	1234
20130815	123	123	123	14.07922970917717	1234
20130815	123	123	123	3.4004604001903327	1234
20130815	123	123	123	18.346542166934732	1234
20130815	123	123	123	252.3144130907073	1234
20130815	123	123	123	268.5452992468425	1234
20130815	123	123	123	271.1831048583603	1234
20130815	123	123	123	292.37075182279824	1234
20130815	123	123	123	298.0159156705627	1234
20130815	123	123	123	309.90781803966223	1234
20130815	123	123	123	338.43271412172834	1234
20130815	123	123	123	350.37974787573216	1234
20130815	123	123	123	356.30795743962307	1234
20130815	123	123	123	374.59942630632077	1234
20130815	123	123	123	385.9185139544802	1234
20130815	123	123	123	393.04581616055737	1234
20130815	123	123	123	404.5145052430656	1234
20130815	123	123	123	423.3477867683717	1234
20130815	123	123	123	448.19643598219875	1234
20130815	123	123	123	434.6810890808501	1234
20130815	123	123	123	433.7326738052296	1234
20130815	123	123	123	430.859649301931	1234
20130815	123	123	123	424.67117784779833	1234
20130815	123	123	123	417.26315789473665	1234
20130815	123	123	123	412.3724718818124	1234
20130815	123	123	123	408.4496040221983	1234
20130815	123	123	123	394.4251912479999	1234
20130815	123	123	123	392.4718284291843	1234
20130815	123	123	123	387.3219428102394	1234
20130815	123	123	123	386.93268979926177	1234
20130815	123	123	123	386.0	1234
20130815	123	123	123	394.53227604446437	1234
20130815	123	123	123	405.8472944367714	1234
20130815	123	123	123	417.47539256471134	1234
20130815	123	123	123	418.51154717500674	1234
20130815	123	123	123	424.6429635458566	1234
20130815	123	123	123	432.4248831034898	1234
20130815	123	123	123	447.0526315789475	1234
20130815	123	123	123	458.63863240403583	1234
20130815	123	123	123	467.5085187108206	1234
20130815	123	123	123	477.6393068407885	1234
20130815	123	123	123	483.52341789836464	1234
20130815	123	123	123	488.88146348527215	1234
20130815	123	123	123	503.33738814662547	1234
20130815	123	123	123	506.3424770802768	1234
20130815	123	123	123	508.5828434604819	1234
20130815	123	123	123	521.3913738978468	1234
20130815	123	123	123	530.2177756392375	1234
20130815	123	123	123	530.8810029166989	1234
20130815	123	123	123	506.7024658592107	1234
20130815	123	123	123	497.761887365201	1234
20130815	123	123	123	494.63943072485193	1234
20130815	123	123	123	493.1052631578948	1234
20130815	123	123	123	482.48563253679106	1234
20130815	123	123	123	476.2160285253753	1234
20130815	123	123	123	468.36714232329314	1234
20130815	123	123	123	454.2660032045687	1234
20130815	123	123	123	446.2612512510242	1234
20130815	123	123	123	438.1831612109978	1234
20130815	123	123	123	436.8541263556342	1234
20130815	123	123	123	423.2740879318024	1234
20130815	123	123	123	422.7998026471093	1234
20130815	123	123	123	406.5639596493865	1234
20130815	123	123	123	402.9654154816231	1234
20130815	123	123	123	402.08289834647326	1234
20130815	123	123	123	387.94069643615165	1234
20130815	123	123	123	395.1054376482445	1234
20130815	123	123	123	401.27245427294264	1234
20130815	123	123	123	408.0740915554518	1234
20130815	123	123	123	408.2162476017894	1234
20130815	123	123	123	411.84969258160595	1234
20130815	123	123	123	418.9922200385532	1234
20130815	123	123	123	419.82846836898995	1234
20130815	123	123	123	427.04685544154665	1234
20130815	123	123	123	428.0381064956001	1234
20130815	123	123	123	439.67656548086137	1234
20130815	123	123	123	442.2089820264441	1234
20130815	123	123	123	445.32036806653014	1234
20130815	123	123	123	446.9368819504399	1234
20130815	123	123	123	449.55906399693146	1234
20130815	123	123	123	373.24259287655474	1234
20130815	123	123	123	383.70412413900175	1234
20130815	123	123	123	379.157957790061	1234
20130815	123	123	123	366.4108846462948	1234
20130815	123	123	123	343.61009415689307	1234
20130815	123	123	123	328.19778538414926	1234
20130815	123	123	123	320.7879326947974	1234
20130815	123	123	123	307.60943864031555	1234
20130815	123	123	123	303.0215213468983	1234
20130815	123	123	123	282.94474264266444	1234
20130815	123	123	123	289.19677543599835	1234
20130815	123	123	123	280.06975977889397	1234
20130815	123	123	123	262.9090605516581	1234
20130815	123	123	123	260.0	1234
20130815	123	123	123	8.465301892291182	1234
20130815	123	123	123	14.574512419815829	1234
20130815	123	123	123	5.901146023833352	1234
20130815	123	123	123	9.175989801395069	1234
20130815	123	123	123	9.317275275998826	1234
20130815	123	123	123	16.22862084877943	1234
20130815	123	123	123	7.870965399546314	1234
20130815	123	123	123	9.761854613939278	1234
20130815	123	123	123	3.5966990132832977	1234
20130815	123	123	123	14.506347430558666	1234
20130815	123	123	123	0.41151062834160257	1234
20130815	123	123	123	17.91593267881818	1234
20130815	123	123	123	3.869482972175775	1234
20130815	123	123	123	3.04514938934207	1234
20130815	123	123	123	10.363419612576985	1234
20130815	123	123	123	2.5309978398555866	1234
20130815	123	123	123	18.468077259868046	1234
20130815	123	123	123	14.208736233686686	1234
20130815	123	123	123	4.365941805908795	1234
20130815	123	123	123	1.0732944235008501	1234
20130815	123	123	123	17.734769077473796	1234
20130815	123	123	123	16.227972514061886	1234
20130815	123	123	123	18.109928633667145	1234
20130815	123	123	123	17.550589004165317	1234
20130815	123	123	123	7.630343861635462	1234
20130815	123	123	123	19.026871121437257	1234
20130815	123	123	123	11.363470544896355	1234
20130815	123	123	123	4.586763679904853	1234
20130815	123	123	123	7.27365390757827	1234
20130815	123	123	123	15.929115146694892	1234