time startPrice highestPrice lowestPrice endPrice transactionCount
20130815	123	123	123	5.416574369763465	1234
20130815	123	123	123	13.050183048563078	1234
20130815	123	123	123	10.163230844204772	1234
20130815	123	123	123	8.289330633851757	1234
20130815	123	123	123	19.447426514602444	1234
20130815	123	123	123	12.309389563898762	1234
20130815	123	123	123	5.381804583934575	1234
20130815	123	123	123	17.21145414064068	1234
20130815	123	123	123	11.688146445671704	1234
20130815	123	123	123	1.8276530921336276	1234
20130815	123	123	123	3.573798031664135	1234
20130815	123	123	123	2.0443628280084547	1234
20130815	123	123	123	12.17663868039995	1234
20130815	123	123	123	10.666285417889355	1234
20130815	123	123	123	4.801720665292035	1234
20130815	123	123	123	6.463452493421529	1234
20130815	123	123	123	17.019898059083257	1234
20130815	123	123	123	9.786505441328499	1234
20130815	123	123	123	8.596962534347188	1234
20130815	123	123	123	0.8615706469848394	1234
20130815	123	123	123	9.924947438878986	1234
20130815	123	123	123	10.744843973196494	1234
20130815	123	123	123	5.951747690371983	1234
20130815	123	123	123	19.65126401235456	1234
20130815	123	123	123	1.429910029415915	1234
20130815	123	123	123	15.256555300979686	1234
20130815	123	123	123	14.571831878241229	1234
20130815	123	123	123	8.455116874881297	1234
20130815	123	123	123	19.910540143897823	1234
20130815	123	123	123	6.347875782951419	1234
20130815	123	123	123	262.96717553844314	1234
20130815	123	123	123	259.71241009151964	1234
20130815	123	123	123	302.36912254769385	1234
20130815	123	123	123	331.7922691292526	1234
20130815	123	123	123	346.6911425069393	1234
20130815	123	123	123	351.90166758783465	1234
20130815	123	123	123	365.2041756667758	1234
20130815	123	123	123	369.6315789473681	1234
20130815	123	123	123	387.1175870745272	1234
20130815	123	123	123	396.1331388836405	1234
20130815	123	123	123	421.5473839563276	1234
20130815	123	123	123	433.1953999378097	1234
20130815	123	123	123	439.63515666770485	1234
20130815	123	123	123	435.23127231863634	1234
20130815	123	123	123	434.31578947368416	1234
20130815	123	123	123	423.03083822184726	1234
20130815	123	123	123	418.0354019231265	1234
20130815	123	123	123	415.9105389078914	1234
20130815	123	123	123	414.1687288036922	1234
20130815	123	123	123	407.45268981956895	1234
20130815	123	123	123	394.09645356688253	1234
20130815	123	123	123	394.16297088939353	1234
20130815	123	123	123	389.48805442218105	1234
20130815	123	123	123	388.84210526315746	1234
20130815	123	123	123	390.70680396796143	1234
20130815	123	123	123	395.34879313746063	1234
20130815	123	123	123	410.8422248802644	1234
20130815	123	123	123	422.35895800758897	1234
20130815	123	123	123	427.87074742102936	1234
20130815	123	123	123	437.2133699232472	1234
20130815	123	123	123	444.6201365586175	1234
20130815	123	123	123	451.8750192707236	1234
20130815	123	123	123	463.0907970840026	1234
20130815	123	123	123	469.2265229182737	1234
20130815	123	123	123	478.90290668130234	1234
20130815	123	123	123	478.5817981697669	1234
20130815	123	123	123	488.3526846394066	1234
20130815	123	123	123	492.84210526315815	1234
20130815	123	123	123	503.56141021106333	1234
20130815	123	123	123	509.9720469939713	1234
20130815	123	123	123	516.2423335790622	1234
20130815	123	123	123	525.8875645738383	1234
20130815	123	123	123	527.6421595108329	1234
20130815	123	123	123	513.8362289031605	1234
20130815	123	123	123	510.99302930134826	1234
20130815	123	123	123	495.5427555961428	1234
20130815	123	123	123	490.80460037126767	1234
20130815	123	123	123	482.05090237487184	1234
20130815	123	123	123	484.87351810227966	1234
20130815	123	123	123	470.1820976891143	1234
20130815	123	123	123	468.1916749023796	1234
20130815	123	123	123	460.6570615939868	1234
20130815	123	123	123	449.5960041723586	1234
20130815	123	123	123	442.9393878662007	1234
20130815	123	123	123	429.4900986653446	1234
20130815	123	123	123	422.76019154554604	1234
20130815	123	123	123	411.90741074225633	1234
20130815	123	123	123	416.457117423458	1234
20130815	123	123	123	409.2994954848818	1234
20130815	123	123	123	399.29260639825344	1234
20130815	123	123	123	387.0	1234
20130815	123	123	123	399.80791147254564	1234
20130815	123	123	123	407.9721377061317	1234
20130815	123	123	123	411.90284652956194	1234
20130815	123	123	123	419.3124529089934	1234
20130815	123	123	123	420.6070715229495	1234
20130815	123	123	123	425.4133526330379	1234
20130815	123	123	123	425.3179689486454	1234
20130815	123	123	123	429.2531296096031	1234
20130815	123	123	123	432.54682932948356	1234
20130815	123	123	123	436.2390489694735	1234
20130815	123	123	123	437.8128169034092	1234
20130815	123	123	123	443.7908487686934	1234
20130815	123	123	123	443.9900324716427	1234
20130815	123	123	123	430.36516080369165	1234
20130815	123	123	123	420.20006173538576	1234
20130815	123	123	123	419.4236461359193	1234
20130815	123	123	123	404.79092233553126	1234
20130815	123	123	123	387.83291253429655	1234
20130815	123	123	123	377.1098184943832	1234
20130815	123	123	123	363.47553006826394	1234
20130815	123	123	123	353.5093137553067	1234
20130815	123	123	123	350.4736842105266	1234
20130815	123	123	123	333.9494957595344	1234
20130815	123	123	123	321.5246320824094	1234
20130815	123	123	123	320.31578947368456	1234
20130815	123	123	123	303.82807953783026	1234
20130815	123	123	123	268.35621994812857	1234
20130815	123	123	123	265.31270168560735	1234
20130815	123	123	123	260.0	1234
20130815	123	123	123	8.389092210457989	1234
20130815	123	123	123	13.906966107039466	1234
20130815	123	123	123	0.5664342244981624	1234
20130815	123	123	123	15.353100873369456	1234
20130815	123	123	123	13.52455862210487	1234
20130815	123	123	123	3.884424157460944	1234
20130815	123	123	123	13.845044777285999	1234
20130815	123	123	123	10.67262314750987	1234
20130815	123	123	123	17.20885046297431	1234
20130815	123	123	123	19.21580188014539	1234
20130815	123	123	123	13.140548055815895	1234
20130815	123	123	123	13.99322338876852	1234
20130815	123	123	123	3.60837414092239	1234
20130815	123	123	123	9.252177346993552	1234
20130815	123	123	123	3.108490901539702	1234
20130815	123	123	123	17.582066510215434	1234
20130815	123	123	123	11.072059354588909	1234
20130815	123	123	123	13.168016054586026	1234
20130815	123	123	123	14.566080206483576	1234
20130815	123	123	123	12.301004638241043	1234
20130815	123	123	123	19.00480850012245	1234
20130815	123	123	123	16.451397899993665	1234
20130815	123	123	123	19.70185901174973	1234
20130815	123	123	123	0.1479576103526692	1234
20130815	123	123	123	19.3902390879965	1234
20130815	123	123	123	17.767573782447034	1234
20130815	123	123	123	12.197437324222683	1234
20130815	123	123	123	17.417281729281644	1234
20130815	123	123	123	7.926715144611212	1234
20130815	123	123	123	5.227214984427729	1234