time startPrice highestPrice lowestPrice endPrice transactionCount
20130815	123	123	123	9.210642293591372	1234
20130815	123	123	123	8.4658644116141	1234
20130815	123	123	123	14.165351829376656	1234
20130815	123	123	123	2.2274046159112815	1234
20130815	123	123	123	7.8666531474928725	1234
20130815	123	123	123	12.439528404446039	1234
20130815	123	123	123	1.2514466943974245	1234
20130815	123	123	123	9.467067335854093	1234
20130815	123	123	123	8.101683493761486	1234
20130815	123	123	123	6.21804860984835	1234
20130815	123	123	123	14.579922709839364	1234
20130815	123	123	123	13.807827441107944	1234
20130815	123	123	123	0.9763431803680866	1234
20130815	123	123	123	5.114164708425701	1234
20130815	123	123	123	12.20176530836422	1234
20130815	123	123	123	0.8312760493859073	1234
20130815	123	123	123	17.41477946607217	1234
20130815	123	123	123	2.2906827102008664	1234
20130815	123	123	123	2.552192691836299	1234
20130815	123	123	123	5.998231745753808	1234
20130815	123	123	123	5.819616289519518	1234
20130815	123	123	123	11.32506303163953	1234
20130815	123	123	123	7.834533781717019	1234
20130815	123	123	123	11.433273399952185	1234
20130815	123	123	123	11.601509411758054	1234
20130815	123	123	123	11.224669588175749	1234
20130815	123	123	123	18.40472048814396	1234
20130815	123	123	123	19.34602726445784	1234
20130815	123	123	123	13.65566790100863	1234
20130815	123	123	123	15.101780148371004	1234
20130815	123	123	123	254.9782094326223	1234
20130815	123	123	123	268.91544246637557	1234
20130815	123	123	123	269.1052631578947	1234
20130815	123	123	123	291.3411578433273	1234
20130815	123	123	123	298.2177183900789	1234
20130815	123	123	123	310.8910630850895	1234
20130815	123	123	123	309.31578947368405	1234
20130815	123	123	123	332.6507125390946	1234
20130815	123	123	123	346.6435028465632	1234
20130815	123	123	123	358.2341792247001	1234
20130815	123	123	123	361.5771521931361	1234
20130815	123	123	123	371.64656776137315	1234
20130815	123	123	123	393.4189090909587	1234
20130815	123	123	123	397.7040962697363	1234
20130815	123	123	123	452.33277576333614	1234
20130815	123	123	123	432.093609646543	1234
20130815	123	123	123	429.2195472946692	1234
20130815	123	123	123	425.142960470914	1234
20130815	123	123	123	416.89429551858746	1234
20130815	123	123	123	414.42105263157873	1234
20130815	123	123	123	401.66210929300746	1234
20130815	123	123	123	395.0910625126369	1234
20130815	123	123	123	392.56427422317785	1234
20130815	123	123	123	388.74110332863006	1234
20130815	123	123	123	390.58332095444786	1234
20130815	123	123	123	400.90282590715316	1234
20130815	123	123	123	451.1852390355182	1234
20130815	123	123	123	441.67221696946154	1234
20130815	123	123	123	440.6143139410621	1234
20130815	123	123	123	472.94172235386156	1234
20130815	123	123	123	468.2616952026878	1234
20130815	123	123	123	476.65807023409303	1234
20130815	123	123	123	477.9014194645587	1234
20130815	123	123	123	489.20374027186443	1234
20130815	123	123	123	497.01570757933445	1234
20130815	123	123	123	505.7471938023742	1234
20130815	123	123	123	518.2516393316188	1234
20130815	123	123	123	518.8128889323932	1234
20130815	123	123	123	526.6894389009561	1234
20130815	123	123	123	522.8783497583316	1234
20130815	123	123	123	514.1572635613469	1234
20130815	123	123	123	500.68421052631584	1234
20130815	123	123	123	482.04920899311617	1234
20130815	123	123	123	481.3135221764909	1234
20130815	123	123	123	475.6167477596721	1234
20130815	123	123	123	468.7616781393556	1234
20130815	123	123	123	453.92711310028477	1234
20130815	123	123	123	454.48451730049686	1234
20130815	123	123	123	431.87733726320636	1234
20130815	123	123	123	429.9886635319824	1234
20130815	123	123	123	424.122549670645	1234
20130815	123	123	123	415.35630757005293	1234
20130815	123	123	123	406.0212696829307	1234
20130815	123	123	123	396.23923770259995	1234
20130815	123	123	123	392.02227302570316	1234
20130815	123	123	123	394.42707009279536	1234
20130815	123	123	123	396.7213200319435	1234
20130815	123	123	123	399.5121990589884	1234
20130815	123	123	123	400.92266872498294	1234
20130815	123	123	123	407.2587291500917	1234
20130815	123	123	123	409.3096225317069	1234
20130815	123	123	123	413.9473684210525	1234
20130815	123	123	123	417.31578947368405	1234
20130815	123	123	123	422.31876770645084	1234
20130815	123	123	123	426.4579325544781	1234
20130815	123	123	123	430.2182761384282	1234
20130815	123	123	123	433.3876773531451	1234
20130815	123	123	123	438.18321469026404	1234
20130815	123	123	123	442.2241636004476	1234
20130815	123	123	123	452.2010678943768	1234
20130815	123	123	123	441.2866069562245	1234
20130815	123	123	123	436.4339710794686	1234
20130815	123	123	123	419.994160589653	1234
20130815	123	123	123	410.7607099775538	1234
20130815	123	123	123	407.7016002719453	1234
20130815	123	123	123	399.84729478252183	1234
20130815	123	123	123	386.3934398861572	1234
20130815	123	123	123	368.9656299869671	1234
20130815	123	123	123	358.99070506442433	1234
20130815	123	123	123	360.42951172534487	1234
20130815	123	123	123	350.4736842105266	1234
20130815	123	123	123	340.0994515888502	1234
20130815	123	123	123	315.6804780660968	1234
20130815	123	123	123	318.12604487537357	1234
20130815	123	123	123	303.96180171014026	1234
20130815	123	123	123	292.5241444247531	1234
20130815	123	123	123	282.4050652548433	1234
20130815	123	123	123	277.07583565393315	1234
20130815	123	123	123	257.6641194806807	1234
20130815	123	123	123	260.0	1234
20130815	123	123	123	0.42507086139353056	1234
20130815	123	123	123	8.112762913163877	1234
20130815	123	123	123	10.571590709025616	1234
20130815	123	123	123	17.877623289038727	1234
20130815	123	123	123	15.872445387908671	1234
20130815	123	123	123	12.764523489865482	1234
20130815	123	123	123	10.241188624004886	1234
20130815	123	123	123	0.6698596526853384	1234
20130815	123	123	123	3.9272663380196438	1234
20130815	123	123	123	5.475649326951519	1234
20130815	123	123	123	0.534346773076384	1234
20130815	123	123	123	19.928085403061143	1234
20130815	123	123	123	15.836299365873538	1234
20130815	123	123	123	3.6192369925773793	1234
20130815	123	123	123	5.839917812712652	1234
20130815	123	123	123	7.917082939853628	1234
20130815	123	123	123	11.533489920546376	1234
20130815	123	123	123	3.053708391352521	1234
20130815	123	123	123	4.524006844999205	1234
20130815	123	123	123	17.80771740865779	1234
20130815	123	123	123	15.619572134556584	1234
20130815	123	123	123	2.527334298044428	1234
20130815	123	123	123	15.73635123419077	1234
20130815	123	123	123	1.4205105701208276	1234
20130815	123	123	123	12.74255944494403	1234
20130815	123	123	123	11.43520910772963	1234
20130815	123	123	123	0.4994741845897943	1234
20130815	123	123	123	10.57710081117724	1234
20130815	123	123	123	17.987636724812116	1234
20130815	123	123	123	17.63583188502303	1234