time startPrice highestPrice lowestPrice endPrice transactionCount
20130815	123	123	123	1.864657933174514	1234
20130815	123	123	123	4.460555503284544	1234
20130815	123	123	123	15.464797338206107	1234
20130815	123	123	123	9.90798967755478	1234
20130815	123	123	123	5.71783224394721	1234
20130815	123	123	123	11.722500814257732	1234
20130815	123	123	123	3.2388314922715433	1234
20130815	123	123	123	9.433518694585407	1234
20130815	123	123	123	9.264483461801591	1234
20130815	123	123	123	6.701447975644744	1234
20130815	123	123	123	17.120797598792162	1234
20130815	123	123	123	18.642820428167308	1234
20130815	123	123	123	3.096145591941397	1234
20130815	123	123	123	8.762229573459868	1234
20130815	123	123	123	18.75195095319466	1234
20130815	123	123	123	11.580692469773155	1234
20130815	123	123	123	13.598845277994805	1234
20130815	123	123	123	3.6190865310759412	1234
20130815	123	123	123	3.4111074064963276	1234
20130815	123	123	123	14.782881735374556	1234
20130815	123	123	123	17.375560993958928	1234
20130815	123	123	123	17.935745435243085	1234
20130815	123	123	123	17.96421364933223	1234
20130815	123	123	123	1.642366838076763	1234
20130815	123	123	123	16.13676357208146	1234
20130815	123	123	123	1.3651624570721088	1234
20130815	123	123	123	5.535974093312537	1234
20130815	123	123	123	1.0381248437017354	1234
20130815	123	123	123	1.1148249708980607	1234
20130815	123	123	123	9.698983210827762	1234
20130815	123	123	123	190.8311551359876	1234
20130815	123	123	123	195.34421331953587	1234
20130815	123	123	123	200.1760560303954	1234
20130815	123	123	123	209.3014044838042	1234
20130815	123	123	123	213.67186719417987	1234
20130815	123	123	123	220.31204402940352	1234
20130815	123	123	123	222.946782900818	1234
20130815	123	123	123	226.59718235173932	1234
20130815	123	123	123	231.67787861755662	1234
20130815	123	123	123	246.86054038465974	1234
20130815	123	123	123	245.60824997040714	1234
20130815	123	123	123	248.80398942173665	1234
20130815	123	123	123	259.37848344196146	1234
20130815	123	123	123	269.14571971898704	1234
20130815	123	123	123	260.1258626742034	1234
20130815	123	123	123	258.4064006441833	1234
20130815	123	123	123	258.0647104936206	1234
20130815	123	123	123	253.82786474465442	1234
20130815	123	123	123	244.40622901248915	1234
20130815	123	123	123	243.27126830935794	1234
20130815	123	123	123	229.12247035838126	1234
20130815	123	123	123	224.58723813540558	1234
20130815	123	123	123	214.76965663492498	1234
20130815	123	123	123	216.36842105263162	1234
20130815	123	123	123	209.99378572550444	1234
20130815	123	123	123	204.90864195759224	1234
20130815	123	123	123	201.3547266358579	1234
20130815	123	123	123	200.20457335855133	1234
20130815	123	123	123	193.27705925053044	1234
20130815	123	123	123	250.07200716971448	1234
20130815	123	123	123	242.4736842105263	1234
20130815	123	123	123	269.9827746544739	1234
20130815	123	123	123	316.07462208448027	1234
20130815	123	123	123	320.97712063353316	1234
20130815	123	123	123	353.6907577678579	1234
20130815	123	123	123	376.7414576056034	1234
20130815	123	123	123	418.99505807396895	1234
20130815	123	123	123	430.4177018356784	1234
20130815	123	123	123	449.87262813417266	1234
20130815	123	123	123	472.83452389619555	1234
20130815	123	123	123	514.388536026658	1234
20130815	123	123	123	523.7230972829369	1234
20130815	123	123	123	560.200933338875	1234
20130815	123	123	123	568.4880003439151	1234
20130815	123	123	123	608.2723329584252	1234
20130815	123	123	123	634.8774518237636	1234
20130815	123	123	123	641.5674977157851	1234
20130815	123	123	123	659.8935313864631	1234
20130815	123	123	123	626.5434147248205	1234
20130815	123	123	123	598.9791092458659	1234
20130815	123	123	123	569.464350381239	1234
20130815	123	123	123	547.3583373442663	1234
20130815	123	123	123	535.1338022996817	1234
20130815	123	123	123	511.7349553757308	1234
20130815	123	123	123	470.3677935105146	1234
20130815	123	123	123	451.4312986482174	1234
20130815	123	123	123	418.35483770664683	1234
20130815	123	123	123	410.6835876939175	1234
20130815	123	123	123	390.3157894736843	1234
20130815	123	123	123	350.6000370756342	1234
20130815	123	123	123	301.30553303611146	1234
20130815	123	123	123	309.5123879650311	1234
20130815	123	123	123	291.1578947368422	1234
20130815	123	123	123	251.5647807666877	1234
20130815	123	123	123	225.98749980196246	1234
20130815	123	123	123	216.78947368421063	1234
20130815	123	123	123	193.6499061560981	1234
20130815	123	123	123	207.3229292818434	1234
20130815	123	123	123	209.7400031153255	1234
20130815	123	123	123	213.52975384864638	1234
20130815	123	123	123	216.27182517647336	1234
20130815	123	123	123	220.6874925896849	1234
20130815	123	123	123	229.74770018010992	1234
20130815	123	123	123	232.3863484362136	1234
20130815	123	123	123	250.54852816009407	1234
20130815	123	123	123	255.696995054641	1234
20130815	123	123	123	257.4434861338159	1234
20130815	123	123	123	261.8801780600695	1234
20130815	123	123	123	261.66962034063823	1234
20130815	123	123	123	254.3201033933144	1234
20130815	123	123	123	244.34436761638597	1234
20130815	123	123	123	241.1796497073531	1234
20130815	123	123	123	232.26315789473685	1234
20130815	123	123	123	219.5771801425328	1234
20130815	123	123	123	217.99335795212946	1234
20130815	123	123	123	216.8947368421053	1234
20130815	123	123	123	210.30066446729467	1234
20130815	123	123	123	201.80344755621786	1234
20130815	123	123	123	195.22407404202892	1234
20130815	123	123	123	190.0	1234
20130815	123	123	123	7.570638808562842	1234
20130815	123	123	123	8.08588072943235	1234
20130815	123	123	123	12.561985590416409	1234
20130815	123	123	123	5.706918290305798	1234
20130815	123	123	123	9.515475247637578	1234
20130815	123	123	123	9.342994376692024	1234
20130815	123	123	123	19.520487860614807	1234
20130815	123	123	123	5.281388875640491	1234
20130815	123	123	123	5.051853292752915	1234
20130815	123	123	123	17.39728862669883	1234
20130815	123	123	123	7.8073663891963	1234
20130815	123	123	123	15.662955712606337	1234
20130815	123	123	123	15.615273571855653	1234
20130815	123	123	123	10.49229529513326	1234
20130815	123	123	123	10.035318783619989	1234
20130815	123	123	123	19.807201971374326	1234
20130815	123	123	123	16.88707790059003	1234
20130815	123	123	123	11.689027919937995	1234
20130815	123	123	123	0.4949683111791914	1234
20130815	123	123	123	16.363894502143378	1234
20130815	123	123	123	12.006991267210465	1234
20130815	123	123	123	19.03707130050989	1234
20130815	123	123	123	9.852742546977556	1234
20130815	123	123	123	8.27440180132367	1234
20130815	123	123	123	12.447043574870516	1234
20130815	123	123	123	13.32541350804042	1234
20130815	123	123	123	9.872497108421989	1234
20130815	123	123	123	4.6535133989989586	1234
20130815	123	123	123	1.80382844421489	1234
20130815	123	123	123	3.2061176638743194	1234