time startPrice highestPrice lowestPrice endPrice transactionCount
20130815	123	123	123	18.209457682499753	1234
20130815	123	123	123	6.843179883570453	1234
20130815	123	123	123	7.235095903642799	1234
20130815	123	123	123	7.596853247534819	1234
20130815	123	123	123	15.53961685222273	1234
20130815	123	123	123	9.690603316416828	1234
20130815	123	123	123	7.185991064465263	1234
20130815	123	123	123	16.532851589446974	1234
20130815	123	123	123	11.4932751675188	1234
20130815	123	123	123	3.78086533005894	1234
20130815	123	123	123	6.8897287192953405	1234
20130815	123	123	123	0.04804570481836912	1234
20130815	123	123	123	1.4225428609332091	1234
20130815	123	123	123	1.858411636653996	1234
20130815	123	123	123	1.416785629989532	1234
20130815	123	123	123	0.6284534415783138	1234
20130815	123	123	123	2.4504884692197315	1234
20130815	123	123	123	6.550417666850872	1234
20130815	123	123	123	2.022544780151616	1234
20130815	123	123	123	18.187017907163806	1234
20130815	123	123	123	2.5391186160587753	1234
20130815	123	123	123	15.2756825062823	1234
20130815	123	123	123	7.099020615756579	1234
20130815	123	123	123	15.1534407069601	1234
20130815	123	123	123	13.647874520292206	1234
20130815	123	123	123	6.386526698175816	1234
20130815	123	123	123	19.086298831965568	1234
20130815	123	123	123	4.219445561518631	1234
20130815	123	123	123	1.6126484935958696	1234
20130815	123	123	123	5.506711214177584	1234
20130815	123	123	123	191.3448145623378	1234
20130815	123	123	123	204.45289399582353	1234
20130815	123	123	123	214.80931433333032	1234
20130815	123	123	123	218.96840799717614	1234
20130815	123	123	123	219.94527248182956	1234
20130815	123	123	123	227.22026792146778	1234
20130815	123	123	123	226.8712257032537	1234
20130815	123	123	123	230.5263157894737	1234
20130815	123	123	123	245.28075949100017	1234
20130815	123	123	123	246.73684210526318	1234
20130815	123	123	123	251.85644511146486	1234
20130815	123	123	123	256.5212740280869	1234
20130815	123	123	123	262.20988085833153	1234
20130815	123	123	123	263.06217672585706	1234
20130815	123	123	123	257.0225912212064	1234
20130815	123	123	123	244.20774271131017	1234
20130815	123	123	123	243.4347304043901	1234
20130815	123	123	123	239.6728173080359	1234
20130815	123	123	123	231.6510433771879	1234
20130815	123	123	123	228.96029525114687	1234
20130815	123	123	123	228.0526315789474	1234
20130815	123	123	123	222.03317363111347	1234
20130815	123	123	123	203.73047947674075	1234
20130815	123	123	123	199.5487312048783	1234
20130815	123	123	123	196.79421620970663	1234
20130815	123	123	123	196.34386536719566	1234
20130815	123	123	123	201.20756991081205	1234
20130815	123	123	123	217.73684210526315	1234
20130815	123	123	123	247.35551728192792	1234
20130815	123	123	123	282.1663060880894	1234
20130815	123	123	123	305.0344576365493	1234
20130815	123	123	123	369.9345344937061	1234
20130815	123	123	123	384.3368556187071	1234
20130815	123	123	123	417.9721903563193	1234
20130815	123	123	123	432.9097157458093	1234
20130815	123	123	123	444.70580890885503	1234
20130815	123	123	123	482.2761903076904	1234
20130815	123	123	123	504.01842470774784	1234
20130815	123	123	123	574.0791507190592	1234
20130815	123	123	123	583.3827444915677	1234
20130815	123	123	123	618.4261294437615	1234
20130815	123	123	123	643.4506080644985	1234
20130815	123	123	123	657.3021997304251	1234
20130815	123	123	123	605.3312893544372	1234
20130815	123	123	123	607.7727506940057	1234
20130815	123	123	123	568.0996821385801	1234
20130815	123	123	123	552.0543722034172	1234
20130815	123	123	123	539.0526315789474	1234
20130815	123	123	123	509.6441957140776	1234
20130815	123	123	123	454.6033688826423	1234
20130815	123	123	123	462.5828981943598	1234
20130815	123	123	123	435.29755249252685	1234
20130815	123	123	123	402.1255721567588	1234
20130815	123	123	123	368.57041197844126	1234
20130815	123	123	123	363.8500116656441	1234
20130815	123	123	123	339.9186596574686	1234
20130815	123	123	123	314.4658123775503	1234
20130815	123	123	123	257.14081159895443	1234
20130815	123	123	123	250.41869782062048	1234
20130815	123	123	123	241.57894736842115	1234
20130815	123	123	123	187.120043659613	1234
20130815	123	123	123	195.84429865688463	1234
20130815	123	123	123	195.73684210526315	1234
20130815	123	123	123	209.11232097132935	1234
20130815	123	123	123	206.9473684210526	1234
20130815	123	123	123	223.0309347032027	1234
20130815	123	123	123	222.04581679661507	1234
20130815	123	123	123	221.8947368421052	1234
20130815	123	123	123	227.15156037033657	1234
20130815	123	123	123	233.33919578160774	1234
20130815	123	123	123	236.792614804323	1234
20130815	123	123	123	240.41575186426735	1234
20130815	123	123	123	243.14830686291526	1234
20130815	123	123	123	251.63223721035786	1234
20130815	123	123	123	260.6380459382473	1234
20130815	123	123	123	261.8894100284025	1234
20130815	123	123	123	261.33179314599676	1234
20130815	123	123	123	257.1754566080888	1234
20130815	123	123	123	253.04888769729652	1234
20130815	123	123	123	243.65305334615184	1234
20130815	123	123	123	241.55376934341064	1234
20130815	123	123	123	238.7922903131374	1234
20130815	123	123	123	225.9261001373023	1234
20130815	123	123	123	218.14676532293106	1234
20130815	123	123	123	202.7267326682716	1234
20130815	123	123	123	206.41523339092183	1234
20130815	123	123	123	200.94171781745598	1234
20130815	123	123	123	195.71010229386175	1234
20130815	123	123	123	190.90073979720074	1234
20130815	123	123	123	190.0	1234
20130815	123	123	123	3.772534449192395	1234
20130815	123	123	123	1.579438819401271	1234
20130815	123	123	123	1.2542430664653037	1234
20130815	123	123	123	8.313541222532292	1234
20130815	123	123	123	13.352741908552634	1234
20130815	123	123	123	17.354187462809406	1234
20130815	123	123	123	4.229074532522459	1234
20130815	123	123	123	1.4224837671166157	1234
20130815	123	123	123	12.68302102977784	1234
20130815	123	123	123	1.8577919004821664	1234
20130815	123	123	123	9.263859082055978	1234
20130815	123	123	123	16.567777349696684	1234
20130815	123	123	123	19.35827622420907	1234
20130815	123	123	123	11.465890752736886	1234
20130815	123	123	123	9.669898269419942	1234
20130815	123	123	123	14.932675271632991	1234
20130815	123	123	123	12.5578815859006	1234
20130815	123	123	123	1.0656854400011073	1234
20130815	123	123	123	1.411514872284536	1234
20130815	123	123	123	8.2681130417207	1234
20130815	123	123	123	3.0451607342319087	1234
20130815	123	123	123	11.41603604049098	1234
20130815	123	123	123	6.507062534583252	1234
20130815	123	123	123	1.348751506135455	1234
20130815	123	123	123	7.272946126515578	1234
20130815	123	123	123	19.218525888433593	1234
20130815	123	123	123	1.1698800300180956	1234
20130815	123	123	123	6.350503127114678	1234
20130815	123	123	123	12.238903000407484	1234
20130815	123	123	123	15.29806067652271	1234