time startPrice highestPrice lowestPrice endPrice transactionCount
20130815	123	123	123	18.12365122447708	1234
20130815	123	123	123	16.511913587485722	1234
20130815	123	123	123	4.560792270197453	1234
20130815	123	123	123	19.415159125919526	1234
20130815	123	123	123	2.3145505835665725	1234
20130815	123	123	123	0.7422540875751271	1234
20130815	123	123	123	14.426274615086525	1234
20130815	123	123	123	4.248595303904259	1234
20130815	123	123	123	19.63513454996185	1234
20130815	123	123	123	19.49562491841101	1234
20130815	123	123	123	0.18048694936362075	1234
20130815	123	123	123	8.554558006186534	1234
20130815	123	123	123	14.071172434541893	1234
20130815	123	123	123	1.4496739030847738	1234
20130815	123	123	123	17.666600850338458	1234
20130815	123	123	123	6.905983017899191	1234
20130815	123	123	123	3.7953735184066817	1234
20130815	123	123	123	14.9969813301483	1234
20130815	123	123	123	12.983137667682747	1234
20130815	123	123	123	10.278333466601321	1234
20130815	123	123	123	19.0513374137955	1234
20130815	123	123	123	7.7278331851364435	1234
20130815	123	123	123	12.823869882442692	1234
20130815	123	123	123	0.6385464426579812	1234
20130815	123	123	123	10.443333441921002	1234
20130815	123	123	123	17.440797754063066	1234
20130815	123	123	123	16.418920605732712	1234
20130815	123	123	123	12.732252177677577	1234
20130815	123	123	123	0.6330047072294653	1234
20130815	123	123	123	2.6089685459352108	1234
20130815	123	123	123	191.39123221977903	1234
20130815	123	123	123	195.09143735342798	1234
20130815	123	123	123	200.6288544368951	1234
20130815	123	123	123	206.42604136465508	1234
20130815	123	123	123	214.77628003038936	1234
20130815	123	123	123	218.3684210526316	1234
20130815	123	123	123	229.51667824099965	1234
20130815	123	123	123	231.1160698085373	1234
20130815	123	123	123	239.9688747216015	1234
20130815	123	123	123	244.64731883876513	1234
20130815	123	123	123	253.4260653803966	1234
20130815	123	123	123	257.70244738643584	1234
20130815	123	123	123	259.6048799414103	1234
20130815	123	123	123	263.4287727836822	1234
20130815	123	123	123	264.0487038660542	1234
20130815	123	123	123	258.8342187900266	1234
20130815	123	123	123	252.7186737319393	1234
20130815	123	123	123	250.13833762873233	1234
20130815	123	123	123	247.40911912372474	1234
20130815	123	123	123	239.71387267808535	1234
20130815	123	123	123	239.73684210526318	1234
20130815	123	123	123	232.38963011667698	1234
20130815	123	123	123	229.0805170140284	1234
20130815	123	123	123	227.35088742042012	1234
20130815	123	123	123	223.37245643940395	1234
20130815	123	123	123	218.68328487804806	1234
20130815	123	123	123	215.35797249701517	1234
20130815	123	123	123	210.58619917402544	1234
20130815	123	123	123	208.5789473684211	1234
20130815	123	123	123	200.65165457856028	1234
20130815	123	123	123	200.68334091846128	1234
20130815	123	123	123	196.01376942763193	1234
20130815	123	123	123	249.2381363756264	1234
20130815	123	123	123	276.91076353151834	1234
20130815	123	123	123	270.30293521052766	1234
20130815	123	123	123	321.0415328952041	1234
20130815	123	123	123	374.42617827081955	1234
20130815	123	123	123	426.28838592755847	1234
20130815	123	123	123	446.01246343286806	1234
20130815	123	123	123	455.2284020961877	1234
20130815	123	123	123	465.4066954841036	1234
20130815	123	123	123	524.7408376740835	1234
20130815	123	123	123	532.3885057637943	1234
20130815	123	123	123	546.7017402635934	1234
20130815	123	123	123	571.7713691523988	1234
20130815	123	123	123	617.851124184398	1234
20130815	123	123	123	645.2630317170203	1234
20130815	123	123	123	651.2456303356039	1234
20130815	123	123	123	635.1552791950007	1234
20130815	123	123	123	613.421052631579	1234
20130815	123	123	123	545.2052760796686	1234
20130815	123	123	123	522.0625234356673	1234
20130815	123	123	123	440.0239359728596	1234
20130815	123	123	123	431.17325614034405	1234
20130815	123	123	123	396.6215113992099	1234
20130815	123	123	123	354.72211137958357	1234
20130815	123	123	123	361.9233123579372	1234
20130815	123	123	123	320.9525906297915	1234
20130815	123	123	123	294.258387435504	1234
20130815	123	123	123	267.0531122669508	1234
20130815	123	123	123	265.567267896309	1234
20130815	123	123	123	217.7984595402446	1234
20130815	123	123	123	183.38777164022682	1234
20130815	123	123	123	195.69275231663252	1234
20130815	123	123	123	199.42437017414616	1234
20130815	123	123	123	207.24152321874942	1234
20130815	123	123	123	208.6538210148548	1234
20130815	123	123	123	212.22014676794808	1234
20130815	123	123	123	233.02187071793338	1234
20130815	123	123	123	234.12616223855224	1234
20130815	123	123	123	239.25509473466806	1234
20130815	123	123	123	240.2513483927888	1234
20130815	123	123	123	240.57894736842096	1234
20130815	123	123	123	244.32229251517484	1234
20130815	123	123	123	249.25225704183148	1234
20130815	123	123	123	259.368309904623	1234
20130815	123	123	123	259.98761631722687	1234
20130815	123	123	123	251.88906836398408	1234
20130815	123	123	123	253.54835081187258	1234
20130815	123	123	123	234.49000926283045	1234
20130815	123	123	123	237.8045279634675	1234
20130815	123	123	123	235.51580436373192	1234
20130815	123	123	123	228.97070049967024	1234
20130815	123	123	123	224.14905546064915	1234
20130815	123	123	123	224.3685616766038	1234
20130815	123	123	123	217.92111543876024	1234
20130815	123	123	123	213.0526315789474	1234
20130815	123	123	123	207.56998055707706	1234
20130815	123	123	123	205.36842105263162	1234
20130815	123	123	123	190.0	1234
20130815	123	123	123	16.81449755736818	1234
20130815	123	123	123	3.3115841966374537	1234
20130815	123	123	123	5.198002376495687	1234
20130815	123	123	123	9.389875273979309	1234
20130815	123	123	123	11.045077262627824	1234
20130815	123	123	123	18.768539295761883	1234
20130815	123	123	123	4.286460741000577	1234
20130815	123	123	123	9.552244936969934	1234
20130815	123	123	123	3.693295558331915	1234
20130815	123	123	123	0.9865113053854224	1234
20130815	123	123	123	5.705130805355072	1234
20130815	123	123	123	9.102926551758374	1234
20130815	123	123	123	6.399179915981669	1234
20130815	123	123	123	18.19527601610503	1234
20130815	123	123	123	2.2078976191858124	1234
20130815	123	123	123	0.9324672989452343	1234
20130815	123	123	123	7.07177740760865	1234
20130815	123	123	123	12.712366941098775	1234
20130815	123	123	123	11.00530749335234	1234
20130815	123	123	123	16.457979786565385	1234
20130815	123	123	123	6.872640185398156	1234
20130815	123	123	123	0.6764247433847714	1234
20130815	123	123	123	11.894644694108344	1234
20130815	123	123	123	1.0270847128161864	1234
20130815	123	123	123	0.48202454279931306	1234
20130815	123	123	123	0.22577157947093252	1234
20130815	123	123	123	11.913998450723387	1234
20130815	123	123	123	15.756890651396038	1234
20130815	123	123	123	5.725085272246506	1234
20130815	123	123	123	4.048117749378505	1234