time startPrice highestPrice lowestPrice endPrice transactionCount
20130815	123	123	123	1.7158530777596193	1234
20130815	123	123	123	0.2496253576788865	1234
20130815	123	123	123	18.244234643242258	1234
20130815	123	123	123	0.07063847702981407	1234
20130815	123	123	123	6.3511897125621335	1234
20130815	123	123	123	12.252344965094405	1234
20130815	123	123	123	2.210473640256705	1234
20130815	123	123	123	18.088024604789396	1234
20130815	123	123	123	11.169797973203881	1234
20130815	123	123	123	17.0926629544701	1234
20130815	123	123	123	13.950757512552093	1234
20130815	123	123	123	19.452807832264607	1234
20130815	123	123	123	18.60549913065765	1234
20130815	123	123	123	4.575372988950017	1234
20130815	123	123	123	5.534809622577608	1234
20130815	123	123	123	2.6894478557358403	1234
20130815	123	123	123	18.14916489693856	1234
20130815	123	123	123	19.315669152495925	1234
20130815	123	123	123	14.957179758253245	1234
20130815	123	123	123	18.135864724964744	1234
20130815	123	123	123	7.748730493938599	1234
20130815	123	123	123	10.531650335840377	1234
20130815	123	123	123	11.919175248176417	1234
20130815	123	123	123	15.537125071538323	1234
20130815	123	123	123	19.735524804586372	1234
20130815	123	123	123	4.452892656179895	1234
20130815	123	123	123	15.416459649183981	1234
20130815	123	123	123	13.744023757843175	1234
20130815	123	123	123	16.289719508098827	1234
20130815	123	123	123	18.50340423470325	1234
20130815	123	123	123	194.7603293697495	1234
20130815	123	123	123	196.5421318327412	1234
20130815	123	123	123	198.4461005459582	1234
20130815	123	123	123	204.82470006566874	1234
20130815	123	123	123	213.10665125189448	1234
20130815	123	123	123	223.77881235227713	1234
20130815	123	123	123	223.1797517575912	1234
20130815	123	123	123	227.52908693571848	1234
20130815	123	123	123	235.21630794635166	1234
20130815	123	123	123	236.28072780881953	1234
20130815	123	123	123	241.0302917325093	1234
20130815	123	123	123	242.74555627350443	1234
20130815	123	123	123	247.1368260583461	1234
20130815	123	123	123	255.67807190898463	1234
20130815	123	123	123	254.84210526315792	1234
20130815	123	123	123	262.15810409546515	1234
20130815	123	123	123	262.9473684210526	1234
20130815	123	123	123	263.3299846648766	1234
20130815	123	123	123	262.1568005857395	1234
20130815	123	123	123	258.05525114218506	1234
20130815	123	123	123	255.31578947368422	1234
20130815	123	123	123	246.31549315861827	1234
20130815	123	123	123	246.55926472225948	1234
20130815	123	123	123	242.958913459374	1234
20130815	123	123	123	231.94736842105266	1234
20130815	123	123	123	227.8327022781778	1234
20130815	123	123	123	222.8202090842635	1234
20130815	123	123	123	217.24403637195164	1234
20130815	123	123	123	203.05100786351278	1234
20130815	123	123	123	239.88693263229206	1234
20130815	123	123	123	255.67836873156804	1234
20130815	123	123	123	281.9045777862741	1234
20130815	123	123	123	300.73531701560927	1234
20130815	123	123	123	318.74541946914974	1234
20130815	123	123	123	377.4602695302871	1234
20130815	123	123	123	393.1664180472678	1234
20130815	123	123	123	402.8575875485397	1234
20130815	123	123	123	434.7003541479244	1234
20130815	123	123	123	453.9110626139469	1234
20130815	123	123	123	481.43311731934455	1234
20130815	123	123	123	489.8421052631581	1234
20130815	123	123	123	540.9759837652729	1234
20130815	123	123	123	569.4250465018085	1234
20130815	123	123	123	594.2241168459583	1234
20130815	123	123	123	613.5263157894738	1234
20130815	123	123	123	640.8782922240728	1234
20130815	123	123	123	618.9020106432064	1234
20130815	123	123	123	592.8540584260161	1234
20130815	123	123	123	588.1326175960878	1234
20130815	123	123	123	548.8957045142668	1234
20130815	123	123	123	506.14593449413195	1234
20130815	123	123	123	461.0142534368719	1234
20130815	123	123	123	464.68421052631584	1234
20130815	123	123	123	384.3195519582685	1234
20130815	123	123	123	370.3280991791423	1234
20130815	123	123	123	358.29090377230153	1234
20130815	123	123	123	340.73684210526324	1234
20130815	123	123	123	297.21203583625766	1234
20130815	123	123	123	289.8460805500117	1234
20130815	123	123	123	227.57285974534597	1234
20130815	123	123	123	187.13826651448747	1234
20130815	123	123	123	194.40512983660082	1234
20130815	123	123	123	195.73684210526315	1234
20130815	123	123	123	210.9388223617092	1234
20130815	123	123	123	215.3417127362399	1234
20130815	123	123	123	223.17001366508367	1234
20130815	123	123	123	229.50497936744543	1234
20130815	123	123	123	230.28684605318404	1234
20130815	123	123	123	236.6309452416937	1234
20130815	123	123	123	243.54005958907217	1234
20130815	123	123	123	244.7278487091664	1234
20130815	123	123	123	250.2905521145537	1234
20130815	123	123	123	253.96792596260676	1234
20130815	123	123	123	260.46621529300086	1234
20130815	123	123	123	262.78148844703867	1234
20130815	123	123	123	258.8089910294518	1234
20130815	123	123	123	249.9498237349395	1234
20130815	123	123	123	243.78947368421052	1234
20130815	123	123	123	232.19153966547017	1234
20130815	123	123	123	232.0453071024753	1234
20130815	123	123	123	227.15067616029145	1234
20130815	123	123	123	213.01390399092466	1234
20130815	123	123	123	216.11997270224808	1234
20130815	123	123	123	206.50270583337462	1234
20130815	123	123	123	206.5738677002048	1234
20130815	123	123	123	203.91674129019182	1234
20130815	123	123	123	198.0885569950502	1234
20130815	123	123	123	196.4634775814739	1234
20130815	123	123	123	192.49719904585072	1234
20130815	123	123	123	190.0	1234
20130815	123	123	123	0.06896176901793893	1234
20130815	123	123	123	8.676833584541367	1234
20130815	123	123	123	1.5866366740888993	1234
20130815	123	123	123	9.952452357012934	1234
20130815	123	123	123	19.321155806723244	1234
20130815	123	123	123	0.8121609692261478	1234
20130815	123	123	123	3.0195310758663996	1234
20130815	123	123	123	13.38689365953947	1234
20130815	123	123	123	17.95715700091697	1234
20130815	123	123	123	6.673501181806829	1234
20130815	123	123	123	2.2733945183822923	1234
20130815	123	123	123	11.143809085277773	1234
20130815	123	123	123	3.8165119038753037	1234
20130815	123	123	123	0.1537336871770445	1234
20130815	123	123	123	8.528216413255832	1234
20130815	123	123	123	18.752385541807897	1234
20130815	123	123	123	19.162941257150518	1234
20130815	123	123	123	8.970465013089079	1234
20130815	123	123	123	0.6990524760183359	1234
20130815	123	123	123	13.469155674290867	1234
20130815	123	123	123	15.849720442259798	1234
20130815	123	123	123	9.152779058217925	1234
20130815	123	123	123	3.374158555739706	1234
20130815	123	123	123	8.15085974235364	1234
20130815	123	123	123	15.241777449634263	1234
20130815	123	123	123	16.180609869476317	1234
20130815	123	123	123	1.991346983177662	1234
20130815	123	123	123	14.99434267354114	1234
20130815	123	123	123	3.795995953962892	1234
20130815	123	123	123	5.245606370480386	1234