time startPrice highestPrice lowestPrice endPrice transactionCount
20130815	123	123	123	10.246631977047336	1234
20130815	123	123	123	6.909561143008309	1234
20130815	123	123	123	14.905919707444555	1234
20130815	123	123	123	14.88453058349763	1234
20130815	123	123	123	19.349730445573215	1234
20130815	123	123	123	9.013716372310725	1234
20130815	123	123	123	10.372797175394393	1234
20130815	123	123	123	0.4370324105843637	1234
20130815	123	123	123	3.4490021227473333	1234
20130815	123	123	123	13.91816677897237	1234
20130815	123	123	123	12.505520519475583	1234
20130815	123	123	123	10.581057367418383	1234
20130815	123	123	123	0.7081833318536157	1234
20130815	123	123	123	9.930387305808976	1234
20130815	123	123	123	2.550409809315899	1234
20130815	123	123	123	10.253119662212839	1234
20130815	123	123	123	0.7739061241385481	1234
20130815	123	123	123	0.051920485094874014	1234
20130815	123	123	123	2.6549583729488524	1234
20130815	123	123	123	13.16659652009922	1234
20130815	123	123	123	14.219464145915792	1234
20130815	123	123	123	8.356501599814443	1234
20130815	123	123	123	2.3192434597379585	1234
20130815	123	123	123	13.56793760621127	1234
20130815	123	123	123	11.590565614231572	1234
20130815	123	123	123	15.681020821110053	1234
20130815	123	123	123	3.564622434450888	1234
20130815	123	123	123	19.56797947544184	1234
20130815	123	123	123	0.11277879550742886	1234
20130815	123	123	123	3.7095285064525774	1234
20130815	123	123	123	192.83432596470539	1234
20130815	123	123	123	200.14871231205328	1234
20130815	123	123	123	212.9617027506289	1234
20130815	123	123	123	211.85585293014435	1234
20130815	123	123	123	214.01296701272503	1234
20130815	123	123	123	219.42685251291658	1234
20130815	123	123	123	218.7997280280816	1234
20130815	123	123	123	227.77959496329524	1234
20130815	123	123	123	228.45218282423625	1234
20130815	123	123	123	235.65149305803092	1234
20130815	123	123	123	237.31545779170324	1234
20130815	123	123	123	242.16308461255605	1234
20130815	123	123	123	269.37396778138265	1234
20130815	123	123	123	262.5273294506754	1234
20130815	123	123	123	259.4723934489902	1234
20130815	123	123	123	258.5752516056964	1234
20130815	123	123	123	252.65143019625103	1234
20130815	123	123	123	245.19970312727384	1234
20130815	123	123	123	242.35273968545116	1234
20130815	123	123	123	239.9691694253255	1234
20130815	123	123	123	236.53854823271985	1234
20130815	123	123	123	235.25348621431078	1234
20130815	123	123	123	224.43652650535563	1234
20130815	123	123	123	212.03251753798887	1234
20130815	123	123	123	212.4266718124549	1234
20130815	123	123	123	206.6647192189097	1234
20130815	123	123	123	204.53197297715033	1234
20130815	123	123	123	200.12761240892695	1234
20130815	123	123	123	190.99591473270013	1234
20130815	123	123	123	201.24252766260915	1234
20130815	123	123	123	248.70141434827252	1234
20130815	123	123	123	256.2243881435821	1234
20130815	123	123	123	272.0318360971381	1234
20130815	123	123	123	314.4668413300353	1234
20130815	123	123	123	321.04554317014106	1234
20130815	123	123	123	350.2372364115825	1234
20130815	123	123	123	384.15580988230727	1234
20130815	123	123	123	393.4774083298576	1234
20130815	123	123	123	416.25479807928684	1234
20130815	123	123	123	459.8283303293981	1234
20130815	123	123	123	480.7614774919759	1234
20130815	123	123	123	554.9816613876948	1234
20130815	123	123	123	567.0889889777369	1234
20130815	123	123	123	591.0407893314336	1234
20130815	123	123	123	636.1890589052098	1234
20130815	123	123	123	667.6976622913719	1234
20130815	123	123	123	636.6297121486473	1234
20130815	123	123	123	622.4815420913956	1234
20130815	123	123	123	606.4702578872606	1234
20130815	123	123	123	557.1567163233658	1234
20130815	123	123	123	526.1213432612859	1234
20130815	123	123	123	536.4790843452807	1234
20130815	123	123	123	494.61543388720025	1234
20130815	123	123	123	485.24787736492505	1234
20130815	123	123	123	442.43589334187084	1234
20130815	123	123	123	411.18911257543164	1234
20130815	123	123	123	378.2234481326819	1234
20130815	123	123	123	352.89648663368314	1234
20130815	123	123	123	308.7849444422653	1234
20130815	123	123	123	300.4684800345901	1234
20130815	123	123	123	264.6902012702103	1234
20130815	123	123	123	265.03256668830653	1234
20130815	123	123	123	208.17118849511402	1234
20130815	123	123	123	194.93931765567976	1234
20130815	123	123	123	195.73684210526315	1234
20130815	123	123	123	216.2709458835601	1234
20130815	123	123	123	217.6324325640158	1234
20130815	123	123	123	219.02271718780395	1234
20130815	123	123	123	227.2253041430395	1234
20130815	123	123	123	227.73826733117906	1234
20130815	123	123	123	243.5799351523696	1234
20130815	123	123	123	251.0108712739774	1234
20130815	123	123	123	255.17095154923086	1234
20130815	123	123	123	255.95439454764633	1234
20130815	123	123	123	259.2631578947367	1234
20130815	123	123	123	261.7474161764074	1234
20130815	123	123	123	250.64151952704614	1234
20130815	123	123	123	247.6315789473684	1234
20130815	123	123	123	232.35210489131504	1234
20130815	123	123	123	232.26315789473685	1234
20130815	123	123	123	227.81255907160065	1234
20130815	123	123	123	216.8849102721797	1234
20130815	123	123	123	214.2351000516772	1234
20130815	123	123	123	209.78658702490372	1234
20130815	123	123	123	203.40524047345687	1234
20130815	123	123	123	202.04330367802794	1234
20130815	123	123	123	201.24530673693542	1234
20130815	123	123	123	194.33342219222448	1234
20130815	123	123	123	189.79385636137647	1234
20130815	123	123	123	190.0	1234
20130815	123	123	123	13.553244869518759	1234
20130815	123	123	123	2.880524536659743	1234
20130815	123	123	123	5.749256739943851	1234
20130815	123	123	123	17.565634065320594	1234
20130815	123	123	123	2.083292079274748	1234
20130815	123	123	123	2.3979873520205985	1234
20130815	123	123	123	11.051256181794603	1234
20130815	123	123	123	16.188813966879035	1234
20130815	123	123	123	3.201293897485886	1234
20130815	123	123	123	19.756579393610807	1234
20130815	123	123	123	5.122852257032986	1234
20130815	123	123	123	7.0552992848589735	1234
20130815	123	123	123	15.114248628482551	1234
20130815	123	123	123	3.8911483702649408	1234
20130815	123	123	123	11.025173501465988	1234
20130815	123	123	123	17.21436450309142	1234
20130815	123	123	123	0.6506993514769666	1234
20130815	123	123	123	18.552461773034793	1234
20130815	123	123	123	8.074380869365514	1234
20130815	123	123	123	16.14600114803118	1234
20130815	123	123	123	11.711316766904769	1234
20130815	123	123	123	1.857352458703847	1234
20130815	123	123	123	1.7415135009891802	1234
20130815	123	123	123	17.606113396658554	1234
20130815	123	123	123	15.465943093748798	1234
20130815	123	123	123	0.16483299320127376	1234
20130815	123	123	123	12.241245316721429	1234
20130815	123	123	123	7.410531242389302	1234
20130815	123	123	123	7.495466436066829	1234
20130815	123	123	123	9.918916795555472	1234