time startPrice highestPrice lowestPrice endPrice transactionCount
20130815	123	123	123	0.11478470431735222	1234
20130815	123	123	123	8.6593823750596	1234
20130815	123	123	123	8.34356281473829	1234
20130815	123	123	123	0.3948874767827215	1234
20130815	123	123	123	10.786173345766583	1234
20130815	123	123	123	17.797089239636342	1234
20130815	123	123	123	19.928823306072527	1234
20130815	123	123	123	10.530719018196955	1234
20130815	123	123	123	0.8261565966458817	1234
20130815	123	123	123	7.539453188204927	1234
20130815	123	123	123	1.8435974949968825	1234
20130815	123	123	123	11.286890858173962	1234
20130815	123	123	123	6.196101700647231	1234
20130815	123	123	123	18.7992101713965	1234
20130815	123	123	123	9.33441516979645	1234
20130815	123	123	123	0.6980297840514349	1234
20130815	123	123	123	9.613752116543395	1234
20130815	123	123	123	2.2505304288037786	1234
20130815	123	123	123	14.325567181191971	1234
20130815	123	123	123	1.4335000021903532	1234
20130815	123	123	123	17.20972249629409	1234
20130815	123	123	123	6.643843236702034	1234
20130815	123	123	123	13.183287903029694	1234
20130815	123	123	123	11.087910276206713	1234
20130815	123	123	123	11.477273477285756	1234
20130815	123	123	123	8.705841567132818	1234
20130815	123	123	123	18.98030454953794	1234
20130815	123	123	123	5.957740091646386	1234
20130815	123	123	123	4.727401286040478	1234
20130815	123	123	123	9.70096157974181	1234
20130815	123	123	123	190.87767143841882	1234
20130815	123	123	123	194.89918190219012	1234
20130815	123	123	123	199.01670545558224	1234
20130815	123	123	123	205.9236075485782	1234
20130815	123	123	123	209.05243631215265	1234
20130815	123	123	123	212.4018002435641	1234
20130815	123	123	123	216.18221370439602	1234
20130815	123	123	123	233.37679193468642	1234
20130815	123	123	123	239.22988252755974	1234
20130815	123	123	123	236.76285008511664	1234
20130815	123	123	123	246.052072050912	1234
20130815	123	123	123	246.73684210526318	1234
20130815	123	123	123	257.8609554873335	1234
20130815	123	123	123	267.57279188134146	1234
20130815	123	123	123	264.5164023042826	1234
20130815	123	123	123	261.62956447397005	1234
20130815	123	123	123	252.69108910380888	1234
20130815	123	123	123	250.22278384266596	1234
20130815	123	123	123	240.67225197860435	1234
20130815	123	123	123	236.99210924376402	1234
20130815	123	123	123	235.55124736531857	1234
20130815	123	123	123	227.9748408898547	1234
20130815	123	123	123	221.84032701291403	1234
20130815	123	123	123	219.50123304940715	1234
20130815	123	123	123	217.6833903532785	1234
20130815	123	123	123	211.4223586810099	1234
20130815	123	123	123	206.5735425012891	1234
20130815	123	123	123	201.7391532279923	1234
20130815	123	123	123	195.46324004758793	1234
20130815	123	123	123	209.14694566733834	1234
20130815	123	123	123	238.064122113036	1234
20130815	123	123	123	270.79049159864405	1234
20130815	123	123	123	274.41082813980006	1234
20130815	123	123	123	310.53052220110317	1234
20130815	123	123	123	316.68421052631584	1234
20130815	123	123	123	374.56618272984775	1234
20130815	123	123	123	366.1578947368422	1234
20130815	123	123	123	424.9897649717194	1234
20130815	123	123	123	450.0404945871833	1234
20130815	123	123	123	454.06410394669865	1234
20130815	123	123	123	487.1172261799259	1234
20130815	123	123	123	492.05917925897086	1234
20130815	123	123	123	517.3528488328132	1234
20130815	123	123	123	552.7811026968222	1234
20130815	123	123	123	594.2526049182516	1234
20130815	123	123	123	597.4586549633543	1234
20130815	123	123	123	623.5377962492032	1234
20130815	123	123	123	661.6782425380736	1234
20130815	123	123	123	639.3523633959218	1234
20130815	123	123	123	615.2776117466152	1234
20130815	123	123	123	596.3066777864774	1234
20130815	123	123	123	570.0755273704378	1234
20130815	123	123	123	563.8421052631579	1234
20130815	123	123	123	515.2882763837977	1234
20130815	123	123	123	492.6611063999797	1234
20130815	123	123	123	450.5326324648544	1234
20130815	123	123	123	439.8947368421053	1234
20130815	123	123	123	409.5886005565457	1234
20130815	123	123	123	386.62030280613243	1234
20130815	123	123	123	356.35238319311355	1234
20130815	123	123	123	324.6942939559171	1234
20130815	123	123	123	305.90758799866836	1234
20130815	123	123	123	288.48520079899157	1234
20130815	123	123	123	266.0216452065291	1234
20130815	123	123	123	241.11029991355474	1234
20130815	123	123	123	211.74180011120086	1234
20130815	123	123	123	201.34446980969125	1234
20130815	123	123	123	205.43204035391062	1234
20130815	123	123	123	217.06096644214074	1234
20130815	123	123	123	224.19004384751454	1234
20130815	123	123	123	239.632563439292	1234
20130815	123	123	123	241.86370551941806	1234
20130815	123	123	123	255.98358444514292	1234
20130815	123	123	123	263.544065216955	1234
20130815	123	123	123	263.0	1234
20130815	123	123	123	247.50620812128662	1234
20130815	123	123	123	242.9093770160277	1234
20130815	123	123	123	233.59784551987863	1234
20130815	123	123	123	234.68885990313652	1234
20130815	123	123	123	230.78149732795458	1234
20130815	123	123	123	228.42105263157896	1234
20130815	123	123	123	223.33743870968252	1234
20130815	123	123	123	217.5495620698061	1234
20130815	123	123	123	208.95172595844116	1234
20130815	123	123	123	209.2105263157895	1234
20130815	123	123	123	200.2928738263003	1234
20130815	123	123	123	201.52631578947373	1234
20130815	123	123	123	193.74382985545196	1234
20130815	123	123	123	192.34425881955667	1234
20130815	123	123	123	190.0	1234
20130815	123	123	123	6.584120988546016	1234
20130815	123	123	123	0.06982624981742402	1234
20130815	123	123	123	18.765182416147187	1234
20130815	123	123	123	11.640782637219736	1234
20130815	123	123	123	19.458808624859046	1234
20130815	123	123	123	10.700125462431654	1234
20130815	123	123	123	1.1322227922007233	1234
20130815	123	123	123	2.1629548192849524	1234
20130815	123	123	123	0.7614769547102007	1234
20130815	123	123	123	9.218800303154344	1234
20130815	123	123	123	16.01396909581049	1234
20130815	123	123	123	1.2614234701476779	1234
20130815	123	123	123	18.13100760412389	1234
20130815	123	123	123	1.8203487186200307	1234
20130815	123	123	123	18.789537474493724	1234
20130815	123	123	123	15.334856136126298	1234
20130815	123	123	123	11.508046140190656	1234
20130815	123	123	123	8.545154287508483	1234
20130815	123	123	123	17.205632971937263	1234
20130815	123	123	123	4.430363223537148	1234
20130815	123	123	123	6.391638697353166	1234
20130815	123	123	123	10.971475541887237	1234
20130815	123	123	123	19.285032071607645	1234
20130815	123	123	123	17.094731947743767	1234
20130815	123	123	123	1.1293225785021388	1234
20130815	123	123	123	19.054570382303464	1234
20130815	123	123	123	8.334001894660974	1234
20130815	123	123	123	3.905564980225953	1234
20130815	123	123	123	16.153874550545353	1234
20130815	123	123	123	5.812282480545623	1234