time startPrice highestPrice lowestPrice endPrice transactionCount
20130815	123	123	123	17.817287354958566	1234
20130815	123	123	123	3.5341626644326074	1234
20130815	123	123	123	17.1674580547177	1234
20130815	123	123	123	16.513330443447224	1234
20130815	123	123	123	15.132473249613344	1234
20130815	123	123	123	18.296926234905374	1234
20130815	123	123	123	9.338387533454767	1234
20130815	123	123	123	12.70589212187312	1234
20130815	123	123	123	16.93811391451154	1234
20130815	123	123	123	16.640422107591238	1234
20130815	123	123	123	5.1945763308731285	1234
20130815	123	123	123	3.8256190578313576	1234
20130815	123	123	123	16.744932864911547	1234
20130815	123	123	123	17.999985752151694	1234
20130815	123	123	123	19.38595687469561	1234
20130815	123	123	123	9.342850469929713	1234
20130815	123	123	123	17.001410305083425	1234
20130815	123	123	123	18.707480868124115	1234
20130815	123	123	123	2.021576615707763	1234
20130815	123	123	123	19.417447798004755	1234
20130815	123	123	123	3.3168286006122583	1234
20130815	123	123	123	15.154931454535525	1234
20130815	123	123	123	18.497700297116978	1234
20130815	123	123	123	15.54378132508578	1234
20130815	123	123	123	12.102227256414812	1234
20130815	123	123	123	5.692378739452815	1234
20130815	123	123	123	16.038808480508994	1234
20130815	123	123	123	1.0593986480829232	1234
20130815	123	123	123	4.923339905419628	1234
20130815	123	123	123	19.949540986334572	1234
20130815	123	123	123	197.59830243782648	1234
20130815	123	123	123	204.21563329528058	1234
20130815	123	123	123	214.52028246106215	1234
20130815	123	123	123	217.31974697513576	1234
20130815	123	123	123	218.3684210526316	1234
20130815	123	123	123	226.13380383196233	1234
20130815	123	123	123	230.35486961948226	1234
20130815	123	123	123	238.9069706189987	1234
20130815	123	123	123	247.5282684607834	1234
20130815	123	123	123	246.73684210526318	1234
20130815	123	123	123	253.1916584020991	1234
20130815	123	123	123	254.84210526315792	1234
20130815	123	123	123	263.90598385313086	1234
20130815	123	123	123	266.4547615897886	1234
20130815	123	123	123	262.4599457987354	1234
20130815	123	123	123	255.97681118600127	1234
20130815	123	123	123	254.53977117867117	1234
20130815	123	123	123	246.47223618599142	1234
20130815	123	123	123	245.15078361936887	1234
20130815	123	123	123	241.1679764785672	1234
20130815	123	123	123	235.0859906347611	1234
20130815	123	123	123	223.89788031313293	1234
20130815	123	123	123	217.77913984930942	1234
20130815	123	123	123	213.44895363364384	1234
20130815	123	123	123	212.47368421052636	1234
20130815	123	123	123	200.78947368421058	1234
20130815	123	123	123	194.77367365442598	1234
20130815	123	123	123	193.20322039752085	1234
20130815	123	123	123	219.85277193392722	1234
20130815	123	123	123	244.95697389506546	1234
20130815	123	123	123	269.37842227363734	1234
20130815	123	123	123	313.9141234235673	1234
20130815	123	123	123	318.5794627942165	1234
20130815	123	123	123	360.4016151966355	1234
20130815	123	123	123	376.97219135721576	1234
20130815	123	123	123	396.00630945996187	1234
20130815	123	123	123	501.12176732232143	1234
20130815	123	123	123	466.82245580444896	1234
20130815	123	123	123	491.57531531823116	1234
20130815	123	123	123	535.784683951747	1234
20130815	123	123	123	543.0227844449047	1234
20130815	123	123	123	609.6337731773999	1234
20130815	123	123	123	609.1459338303235	1234
20130815	123	123	123	613.5263157894738	1234
20130815	123	123	123	644.5555399865768	1234
20130815	123	123	123	627.1493450418902	1234
20130815	123	123	123	620.9391912804172	1234
20130815	123	123	123	593.5517230877742	1234
20130815	123	123	123	562.2712542646059	1234
20130815	123	123	123	539.0526315789474	1234
20130815	123	123	123	484.0371404823221	1234
20130815	123	123	123	446.06045313750684	1234
20130815	123	123	123	433.41020436441613	1234
20130815	123	123	123	404.45080568861374	1234
20130815	123	123	123	385.2208574364983	1234
20130815	123	123	123	365.52631578947376	1234
20130815	123	123	123	340.73684210526324	1234
20130815	123	123	123	289.95021396650696	1234
20130815	123	123	123	281.59943286145625	1234
20130815	123	123	123	259.99836188935694	1234
20130815	123	123	123	226.43923721774954	1234
20130815	123	123	123	181.31803379187312	1234
20130815	123	123	123	195.86641566322683	1234
20130815	123	123	123	196.6934027544648	1234
20130815	123	123	123	206.0900612893589	1234
20130815	123	123	123	208.66907368936066	1234
20130815	123	123	123	220.94395092475494	1234
20130815	123	123	123	227.1622547075667	1234
20130815	123	123	123	232.35123350840936	1234
20130815	123	123	123	237.85813179706523	1234
20130815	123	123	123	244.48306609863258	1234
20130815	123	123	123	244.5560389584023	1234
20130815	123	123	123	253.82047281587037	1234
20130815	123	123	123	255.52631578947356	1234
20130815	123	123	123	260.39644469334775	1234
20130815	123	123	123	259.0780014312475	1234
20130815	123	123	123	255.90581665219085	1234
20130815	123	123	123	249.22145335629824	1234
20130815	123	123	123	250.39412196179032	1234
20130815	123	123	123	243.48203652030756	1234
20130815	123	123	123	239.94736842105263	1234
20130815	123	123	123	235.31505182365146	1234
20130815	123	123	123	231.71418042799684	1234
20130815	123	123	123	224.1005809424466	1234
20130815	123	123	123	220.87276691029552	1234
20130815	123	123	123	219.14785157554388	1234
20130815	123	123	123	209.60122259842115	1234
20130815	123	123	123	202.4599539128531	1234
20130815	123	123	123	199.62599289784828	1234
20130815	123	123	123	190.0	1234
20130815	123	123	123	14.66938546600742	1234
20130815	123	123	123	19.708904510559844	1234
20130815	123	123	123	9.98847845885733	1234
20130815	123	123	123	2.8060058296374524	1234
20130815	123	123	123	16.525797407815002	1234
20130815	123	123	123	10.552234343288461	1234
20130815	123	123	123	1.4482570931349037	1234
20130815	123	123	123	6.894842472001086	1234
20130815	123	123	123	16.73397252646864	1234
20130815	123	123	123	15.729163777985393	1234
20130815	123	123	123	0.5629277038222957	1234
20130815	123	123	123	2.3096785410026666	1234
20130815	123	123	123	1.5199931665732835	1234
20130815	123	123	123	3.9395502936744475	1234
20130815	123	123	123	19.297029576211838	1234
20130815	123	123	123	15.095442760865382	1234
20130815	123	123	123	14.787123547791905	1234
20130815	123	123	123	16.971461156297178	1234
20130815	123	123	123	6.529950493299768	1234
20130815	123	123	123	17.138126863391918	1234
20130815	123	123	123	3.0841987972302176	1234
20130815	123	123	123	9.206996171899632	1234
20130815	123	123	123	19.824898135298458	1234
20130815	123	123	123	9.229084138006073	1234
20130815	123	123	123	10.7067072203894	1234
20130815	123	123	123	10.758272836608649	1234
20130815	123	123	123	11.577699850730818	1234
20130815	123	123	123	6.364527304753267	1234
20130815	123	123	123	11.613306977428714	1234
20130815	123	123	123	3.7336950998856766	1234