time startPrice highestPrice lowestPrice endPrice transactionCount
20130815	123	123	123	2.7891723542726132	1234
20130815	123	123	123	3.6231885173510503	1234
20130815	123	123	123	6.654580174666682	1234
20130815	123	123	123	5.358438117138924	1234
20130815	123	123	123	7.452562977626163	1234
20130815	123	123	123	1.7516546497980512	1234
20130815	123	123	123	15.769469843547535	1234
20130815	123	123	123	14.297764747233622	1234
20130815	123	123	123	9.004571439041715	1234
20130815	123	123	123	17.04026329787628	1234
20130815	123	123	123	1.8803666168401012	1234
20130815	123	123	123	19.932770331389214	1234
20130815	123	123	123	11.826918573949579	1234
20130815	123	123	123	15.873622854027198	1234
20130815	123	123	123	12.380014763184573	1234
20130815	123	123	123	18.945111331764057	1234
20130815	123	123	123	16.332554534373042	1234
20130815	123	123	123	19.388619883516892	1234
20130815	123	123	123	19.44329409404102	1234
20130815	123	123	123	18.30580504789059	1234
20130815	123	123	123	3.4157744083834274	1234
20130815	123	123	123	1.7792140225053243	1234
20130815	123	123	123	11.054377190062239	1234
20130815	123	123	123	1.4010401026587194	1234
20130815	123	123	123	8.487847235958272	1234
20130815	123	123	123	13.996223919801768	1234
20130815	123	123	123	19.6897762898793	1234
20130815	123	123	123	7.098450352505901	1234
20130815	123	123	123	1.8492548271845655	1234
20130815	123	123	123	14.519965064561937	1234
20130815	123	123	123	191.0382670652692	1234
20130815	123	123	123	197.02781615787572	1234
20130815	123	123	123	202.1578947368421	1234
20130815	123	123	123	208.66381481879057	1234
20130815	123	123	123	212.9129647597619	1234
20130815	123	123	123	218.8560793458576	1234
20130815	123	123	123	223.03018127349205	1234
20130815	123	123	123	235.31699773315916	1234
20130815	123	123	123	235.73432186698918	1234
20130815	123	123	123	238.80811742771195	1234
20130815	123	123	123	247.26875961446368	1234
20130815	123	123	123	251.78542036002258	1234
20130815	123	123	123	252.78855386619435	1234
20130815	123	123	123	257.5988417558527	1234
20130815	123	123	123	260.8941710922382	1234
20130815	123	123	123	265.361356864597	1234
20130815	123	123	123	254.58110967204826	1234
20130815	123	123	123	250.104796672185	1234
20130815	123	123	123	234.95374677219993	1234
20130815	123	123	123	210.5939893096472	1234
20130815	123	123	123	212.05390713461273	1234
20130815	123	123	123	211.01648846379626	1234
20130815	123	123	123	204.37364799597776	1234
20130815	123	123	123	200.71425742639022	1234
20130815	123	123	123	199.6167694541558	1234
20130815	123	123	123	191.0166942249775	1234
20130815	123	123	123	197.04541434254048	1234
20130815	123	123	123	218.0548724028877	1234
20130815	123	123	123	267.5016459178088	1234
20130815	123	123	123	277.1535682684101	1234
20130815	123	123	123	298.2052897306884	1234
20130815	123	123	123	338.6797158469786	1234
20130815	123	123	123	407.73673420058606	1234
20130815	123	123	123	416.13794760613405	1234
20130815	123	123	123	453.24054052668083	1234
20130815	123	123	123	440.36842105263173	1234
20130815	123	123	123	504.28647026423045	1234
20130815	123	123	123	532.15597809545	1234
20130815	123	123	123	563.0156661530199	1234
20130815	123	123	123	564.0526315789475	1234
20130815	123	123	123	588.944897732803	1234
20130815	123	123	123	617.1429915711011	1234
20130815	123	123	123	643.9543995430853	1234
20130815	123	123	123	636.3720552007737	1234
20130815	123	123	123	596.9870439826685	1234
20130815	123	123	123	586.7465796885999	1234
20130815	123	123	123	563.8421052631579	1234
20130815	123	123	123	514.4819182496126	1234
20130815	123	123	123	514.2631578947369	1234
20130815	123	123	123	478.7711069378445	1234
20130815	123	123	123	464.68421052631584	1234
20130815	123	123	123	424.1829542113438	1234
20130815	123	123	123	413.737736501673	1234
20130815	123	123	123	377.48234066750285	1234
20130815	123	123	123	365.52631578947376	1234
20130815	123	123	123	334.40985253882485	1234
20130815	123	123	123	283.68787171088286	1234
20130815	123	123	123	275.0365532092512	1234
20130815	123	123	123	237.27530394438128	1234
20130815	123	123	123	236.283928076342	1234
20130815	123	123	123	174.15256701169517	1234
20130815	123	123	123	192.92121895328387	1234
20130815	123	123	123	196.9200161097826	1234
20130815	123	123	123	201.4531787795367	1234
20130815	123	123	123	206.88681985156188	1234
20130815	123	123	123	211.36982075811645	1234
20130815	123	123	123	212.16883880145744	1234
20130815	123	123	123	215.2704938196426	1234
20130815	123	123	123	222.4316917734928	1234
20130815	123	123	123	240.09512910949707	1234
20130815	123	123	123	241.83788516778353	1234
20130815	123	123	123	246.6651502936771	1234
20130815	123	123	123	255.83719383103133	1234
20130815	123	123	123	256.9386015579688	1234
20130815	123	123	123	259.2631578947367	1234
20130815	123	123	123	258.47342832419184	1234
20130815	123	123	123	249.4469870597831	1234
20130815	123	123	123	250.381150949844	1234
20130815	123	123	123	244.12669700914125	1234
20130815	123	123	123	227.04644900407104	1234
20130815	123	123	123	226.9378023637515	1234
20130815	123	123	123	219.63478381995083	1234
20130815	123	123	123	218.1264763072796	1234
20130815	123	123	123	215.08215608637255	1234
20130815	123	123	123	209.66417208289292	1234
20130815	123	123	123	201.05517336507265	1234
20130815	123	123	123	196.79273198901151	1234
20130815	123	123	123	197.52831613619637	1234
20130815	123	123	123	191.84505666895936	1234
20130815	123	123	123	190.0	1234
20130815	123	123	123	0.1447014107814959	1234
20130815	123	123	123	15.746163764283835	1234
20130815	123	123	123	4.903553174158056	1234
20130815	123	123	123	18.043748075528473	1234
20130815	123	123	123	19.806569411724443	1234
20130815	123	123	123	6.819591350727285	1234
20130815	123	123	123	7.596758522538405	1234
20130815	123	123	123	10.191406957603345	1234
20130815	123	123	123	9.620896676402948	1234
20130815	123	123	123	1.7785747407134256	1234
20130815	123	123	123	11.470080745080473	1234
20130815	123	123	123	1.8021866534539344	1234
20130815	123	123	123	2.0612250616106986	1234
20130815	123	123	123	12.670176002476401	1234
20130815	123	123	123	4.842726979556624	1234
20130815	123	123	123	9.851463924402248	1234
20130815	123	123	123	13.606132384711753	1234
20130815	123	123	123	2.110040135308555	1234
20130815	123	123	123	1.8954050813803547	1234
20130815	123	123	123	13.735946909280353	1234
20130815	123	123	123	13.542784087254933	1234
20130815	123	123	123	3.4979252588476584	1234
20130815	123	123	123	5.804061548334194	1234
20130815	123	123	123	5.437143286097772	1234
20130815	123	123	123	18.357890915502495	1234
20130815	123	123	123	11.67064309010079	1234
20130815	123	123	123	7.5772972674892465	1234
20130815	123	123	123	9.987045330416414	1234
20130815	123	123	123	1.5433434365235588	1234
20130815	123	123	123	13.668313503282715	1234