time startPrice highestPrice lowestPrice endPrice transactionCount
20130815	123	123	123	6.012113486757866	1234
20130815	123	123	123	1.1143921946874524	1234
20130815	123	123	123	12.447330764381858	1234
20130815	123	123	123	7.79394299564566	1234
20130815	123	123	123	0.4687520347341323	1234
20130815	123	123	123	4.007457033853501	1234
20130815	123	123	123	6.472127256645943	1234
20130815	123	123	123	14.02748168306941	1234
20130815	123	123	123	16.097165390286328	1234
20130815	123	123	123	19.94880060933364	1234
20130815	123	123	123	15.689813066546275	1234
20130815	123	123	123	7.061741659416887	1234
20130815	123	123	123	4.012368057703446	1234
20130815	123	123	123	14.081349490582106	1234
20130815	123	123	123	4.191195143089206	1234
20130815	123	123	123	10.948956708129645	1234
20130815	123	123	123	5.497278357549435	1234
20130815	123	123	123	5.537594740958511	1234
20130815	123	123	123	13.219190837177734	1234
20130815	123	123	123	11.010524068960104	1234
20130815	123	123	123	8.490110477232198	1234
20130815	123	123	123	5.088183354642597	1234
20130815	123	123	123	3.4117283347820293	1234
20130815	123	123	123	9.920624092376297	1234
20130815	123	123	123	19.182183579947285	1234
20130815	123	123	123	2.0502470918646076	1234
20130815	123	123	123	14.248875359760074	1234
20130815	123	123	123	13.05598774265577	1234
20130815	123	123	123	7.899119437310125	1234
20130815	123	123	123	16.430200357934474	1234
20130815	123	123	123	199.622185709763	1234
20130815	123	123	123	208.2774297642393	1234
20130815	123	123	123	214.34582395620117	1234
20130815	123	123	123	214.31578947368422	1234
20130815	123	123	123	218.93359113768014	1234
20130815	123	123	123	226.4488723741679	1234
20130815	123	123	123	233.82369064014446	1234
20130815	123	123	123	240.6817797898762	1234
20130815	123	123	123	241.28262663616516	1234
20130815	123	123	123	258.44811504527524	1234
20130815	123	123	123	265.0552006283578	1234
20130815	123	123	123	262.9473684210526	1234
20130815	123	123	123	263.9345178111837	1234
20130815	123	123	123	262.61092435105144	1234
20130815	123	123	123	257.04482113412917	1234
20130815	123	123	123	255.31578947368422	1234
20130815	123	123	123	232.9252881300306	1234
20130815	123	123	123	239.73684210526318	1234
20130815	123	123	123	232.05718281569443	1234
20130815	123	123	123	230.1456871804638	1234
20130815	123	123	123	224.82477790631296	1234
20130815	123	123	123	220.83539948582433	1234
20130815	123	123	123	213.6406118857566	1234
20130815	123	123	123	202.29044130960162	1234
20130815	123	123	123	200.42249588859562	1234
20130815	123	123	123	193.0	1234
20130815	123	123	123	218.01034386553422	1234
20130815	123	123	123	243.0587158446051	1234
20130815	123	123	123	305.76547424763106	1234
20130815	123	123	123	304.4130159579416	1234
20130815	123	123	123	327.62287394949783	1234
20130815	123	123	123	341.421052631579	1234
20130815	123	123	123	385.19772632967374	1234
20130815	123	123	123	394.52360198995683	1234
20130815	123	123	123	417.03609565700094	1234
20130815	123	123	123	443.9259997115721	1234
20130815	123	123	123	504.6654352581919	1234
20130815	123	123	123	506.83665532695613	1234
20130815	123	123	123	533.2590293951343	1234
20130815	123	123	123	577.4424612475368	1234
20130815	123	123	123	569.0940520433795	1234
20130815	123	123	123	618.2937331357397	1234
20130815	123	123	123	630.6460797993526	1234
20130815	123	123	123	660.6949736037575	1234
20130815	123	123	123	649.4367472404007	1234
20130815	123	123	123	627.1484106490229	1234
20130815	123	123	123	595.1601208293198	1234
20130815	123	123	123	579.9320938892823	1234
20130815	123	123	123	561.7591404179963	1234
20130815	123	123	123	508.1649877918236	1234
20130815	123	123	123	498.3095388599335	1234
20130815	123	123	123	467.56314844371497	1234
20130815	123	123	123	447.81644445616746	1234
20130815	123	123	123	411.7035329975816	1234
20130815	123	123	123	405.1630037697506	1234
20130815	123	123	123	367.15851491358313	1234
20130815	123	123	123	352.7683026167803	1234
20130815	123	123	123	306.39925010334076	1234
20130815	123	123	123	270.3425822268556	1234
20130815	123	123	123	259.5354916037644	1234
20130815	123	123	123	229.93497177193464	1234
20130815	123	123	123	215.32826537011994	1234
20130815	123	123	123	195.41032383358802	1234
20130815	123	123	123	211.42350367781447	1234
20130815	123	123	123	217.2143423397339	1234
20130815	123	123	123	219.11600322663924	1234
20130815	123	123	123	224.41666680011312	1234
20130815	123	123	123	225.63157894736835	1234
20130815	123	123	123	231.42860791716691	1234
20130815	123	123	123	236.3740544464582	1234
20130815	123	123	123	240.43375368690076	1234
20130815	123	123	123	243.44876908111874	1234
20130815	123	123	123	247.2774583037839	1234
20130815	123	123	123	262.73212354573616	1234
20130815	123	123	123	261.45926473736444	1234
20130815	123	123	123	249.5706744444457	1234
20130815	123	123	123	248.8975238449446	1234
20130815	123	123	123	245.948409081741	1234
20130815	123	123	123	237.47038414266103	1234
20130815	123	123	123	234.91724744155113	1234
20130815	123	123	123	229.30943134350326	1234
20130815	123	123	123	228.22024103845845	1234
20130815	123	123	123	224.57894736842107	1234
20130815	123	123	123	207.9040134464428	1234
20130815	123	123	123	205.88853510882313	1234
20130815	123	123	123	202.38762627133377	1234
20130815	123	123	123	200.79411489229634	1234
20130815	123	123	123	195.6422377511362	1234
20130815	123	123	123	191.59095367712976	1234
20130815	123	123	123	190.0	1234
20130815	123	123	123	13.3634987915257	1234
20130815	123	123	123	0.1509977785126515	1234
20130815	123	123	123	18.69230939560091	1234
20130815	123	123	123	18.935901517818984	1234
20130815	123	123	123	17.69116119431103	1234
20130815	123	123	123	8.519960419107122	1234
20130815	123	123	123	5.446439945400066	1234
20130815	123	123	123	16.27820715194137	1234
20130815	123	123	123	10.876366446853504	1234
20130815	123	123	123	19.4560486281443	1234
20130815	123	123	123	13.812763606700084	1234
20130815	123	123	123	2.0921393889415207	1234
20130815	123	123	123	16.918679270233817	1234
20130815	123	123	123	3.8890692954128747	1234
20130815	123	123	123	7.906720452849378	1234
20130815	123	123	123	4.843001765142414	1234
20130815	123	123	123	18.733644595905883	1234
20130815	123	123	123	5.981862146912967	1234
20130815	123	123	123	3.4624076932000025	1234
20130815	123	123	123	3.2429740304953913	1234
20130815	123	123	123	12.119835508716088	1234
20130815	123	123	123	4.067798171677481	1234
20130815	123	123	123	15.015315152366846	1234
20130815	123	123	123	6.988842531258248	1234
20130815	123	123	123	0.5647748618349491	1234
20130815	123	123	123	7.179497794573056	1234
20130815	123	123	123	13.688641069496871	1234
20130815	123	123	123	16.04169826779257	1234
20130815	123	123	123	4.38887251144219	1234
20130815	123	123	123	2.3915509370989163	1234