time startPrice highestPrice lowestPrice endPrice transactionCount
20130815	123	123	123	6.79663274561997	1234
20130815	123	123	123	14.083068799175372	1234
20130815	123	123	123	18.26762246361643	1234
20130815	123	123	123	5.075022745477897	1234
20130815	123	123	123	2.2581482180495516	1234
20130815	123	123	123	0.21497708916679015	1234
20130815	123	123	123	10.702077618898286	1234
20130815	123	123	123	19.857813266784397	1234
20130815	123	123	123	8.862200815804396	1234
20130815	123	123	123	8.14657526358775	1234
20130815	123	123	123	12.68787864169775	1234
20130815	123	123	123	2.0347768299854696	1234
20130815	123	123	123	17.59725997003668	1234
20130815	123	123	123	11.1733059747198	1234
20130815	123	123	123	0.7877900055060616	1234
20130815	123	123	123	5.062247374976055	1234
20130815	123	123	123	13.935572468767766	1234
20130815	123	123	123	10.876392790096395	1234
20130815	123	123	123	0.6317188906300486	1234
20130815	123	123	123	9.731479007667156	1234
20130815	123	123	123	7.750993717259966	1234
20130815	123	123	123	6.9015194194387615	1234
20130815	123	123	123	15.846285054681879	1234
20130815	123	123	123	0.22354330201127537	1234
20130815	123	123	123	8.365552118868468	1234
20130815	123	123	123	14.794854835622749	1234
20130815	123	123	123	9.812400819435052	1234
20130815	123	123	123	6.802197741512885	1234
20130815	123	123	123	9.796145452553391	1234
20130815	123	123	123	7.207094442734496	1234
20130815	123	123	123	191.2196978386003	1234
20130815	123	123	123	194.05263157894737	1234
20130815	123	123	123	201.2728555960591	1234
20130815	123	123	123	205.50934599863294	1234
20130815	123	123	123	214.30433237604052	1234
20130815	123	123	123	214.31578947368422	1234
20130815	123	123	123	223.3164171097561	1234
20130815	123	123	123	232.01463441009844	1234
20130815	123	123	123	230.74715090688517	1234
20130815	123	123	123	234.57894736842107	1234
20130815	123	123	123	248.2679890201537	1234
20130815	123	123	123	250.34636317585176	1234
20130815	123	123	123	251.92037819253895	1234
20130815	123	123	123	258.89473684210526	1234
20130815	123	123	123	264.6265224899755	1234
20130815	123	123	123	262.64337581375685	1234
20130815	123	123	123	259.9198133779034	1234
20130815	123	123	123	257.08966544344554	1234
20130815	123	123	123	253.2866598797835	1234
20130815	123	123	123	249.1507110773119	1234
20130815	123	123	123	244.72487571329114	1234
20130815	123	123	123	239.66685184298143	1234
20130815	123	123	123	236.30195735909555	1234
20130815	123	123	123	235.84210526315792	1234
20130815	123	123	123	226.51617739773292	1234
20130815	123	123	123	222.52604415502867	1234
20130815	123	123	123	220.26315789473688	1234
20130815	123	123	123	215.64771580513997	1234
20130815	123	123	123	201.9920912058554	1234
20130815	123	123	123	195.76955391563098	1234
20130815	123	123	123	221.22849549522735	1234
20130815	123	123	123	232.6308673313464	1234
20130815	123	123	123	258.73226925832466	1234
20130815	123	123	123	289.02744979106194	1234
20130815	123	123	123	307.96771447893093	1234
20130815	123	123	123	321.98810566481194	1234
20130815	123	123	123	345.46640978892424	1234
20130815	123	123	123	385.40457042933747	1234
20130815	123	123	123	402.0773412490417	1234
20130815	123	123	123	436.81376404120186	1234
20130815	123	123	123	451.2351053499176	1234
20130815	123	123	123	488.9343785877955	1234
20130815	123	123	123	507.5115794256732	1234
20130815	123	123	123	557.0530654219223	1234
20130815	123	123	123	621.7426436809878	1234
20130815	123	123	123	661.1956014172724	1234
20130815	123	123	123	653.7856468806316	1234
20130815	123	123	123	638.2105263157895	1234
20130815	123	123	123	612.2327341988504	1234
20130815	123	123	123	578.2726077336504	1234
20130815	123	123	123	526.237068552935	1234
20130815	123	123	123	531.2588303658853	1234
20130815	123	123	123	468.0796592958288	1234
20130815	123	123	123	464.68421052631584	1234
20130815	123	123	123	386.9235814199624	1234
20130815	123	123	123	364.1855571013612	1234
20130815	123	123	123	337.2037792583941	1234
20130815	123	123	123	321.5129311129594	1234
20130815	123	123	123	274.9471438508027	1234
20130815	123	123	123	291.1578947368422	1234
20130815	123	123	123	252.10842223606966	1234
20130815	123	123	123	241.57894736842115	1234
20130815	123	123	123	196.47520623974196	1234
20130815	123	123	123	201.5722727295285	1234
20130815	123	123	123	201.49177728933185	1234
20130815	123	123	123	207.3611335083713	1234
20130815	123	123	123	211.16549177954576	1234
20130815	123	123	123	225.14599880585004	1234
20130815	123	123	123	227.69760722560557	1234
20130815	123	123	123	232.8658174554986	1234
20130815	123	123	123	238.85045033862673	1234
20130815	123	123	123	239.0336802131868	1234
20130815	123	123	123	244.42131274007716	1234
20130815	123	123	123	250.29880185155642	1234
20130815	123	123	123	251.7894736842104	1234
20130815	123	123	123	262.4780395564212	1234
20130815	123	123	123	256.2874391120474	1234
20130815	123	123	123	248.96399377247664	1234
20130815	123	123	123	245.85120935848056	1234
20130815	123	123	123	239.1504566620097	1234
20130815	123	123	123	239.43779880346946	1234
20130815	123	123	123	231.85749636500424	1234
20130815	123	123	123	226.04274739787374	1234
20130815	123	123	123	220.91903895504217	1234
20130815	123	123	123	219.4920253217351	1234
20130815	123	123	123	206.64697257114327	1234
20130815	123	123	123	204.5259541705406	1234
20130815	123	123	123	199.32866599573282	1234
20130815	123	123	123	189.4538285839154	1234
20130815	123	123	123	190.0	1234
20130815	123	123	123	3.1835899914510812	1234
20130815	123	123	123	10.894852197779636	1234
20130815	123	123	123	0.27669868337039105	1234
20130815	123	123	123	9.186339666593648	1234
20130815	123	123	123	18.164206253516546	1234
20130815	123	123	123	5.284406163148148	1234
20130815	123	123	123	2.259996124040813	1234
20130815	123	123	123	1.8158028682148575	1234
20130815	123	123	123	1.738088307593706	1234
20130815	123	123	123	17.23239875253858	1234
20130815	123	123	123	4.35732458993304	1234
20130815	123	123	123	0.11246912203362935	1234
20130815	123	123	123	14.354619894179791	1234
20130815	123	123	123	15.576555900529772	1234
20130815	123	123	123	5.052963485426549	1234
20130815	123	123	123	10.888012583568688	1234
20130815	123	123	123	18.020555072467847	1234
20130815	123	123	123	14.19348298296379	1234
20130815	123	123	123	9.534457064583018	1234
20130815	123	123	123	4.18341623867409	1234
20130815	123	123	123	18.31237795480163	1234
20130815	123	123	123	13.689911850281087	1234
20130815	123	123	123	5.608529649358777	1234
20130815	123	123	123	7.923902726437964	1234
20130815	123	123	123	8.51537684448128	1234
20130815	123	123	123	10.783551984931206	1234
20130815	123	123	123	12.426385732755561	1234
20130815	123	123	123	19.600937249066412	1234
20130815	123	123	123	10.91201350707549	1234
20130815	123	123	123	10.557271917941865	1234