time startPrice highestPrice lowestPrice endPrice transactionCount
20130815	123	123	123	13.785233491210725	1234
20130815	123	123	123	19.220519698751193	1234
20130815	123	123	123	5.496246084618843	1234
20130815	123	123	123	16.901066648240516	1234
20130815	123	123	123	0.5161287159557504	1234
20130815	123	123	123	7.008595989133902	1234
20130815	123	123	123	15.274485055365757	1234
20130815	123	123	123	19.0718790735916	1234
20130815	123	123	123	9.335331234556833	1234
20130815	123	123	123	10.294104532637096	1234
20130815	123	123	123	17.708626733162582	1234
20130815	123	123	123	2.940040005112292	1234
20130815	123	123	123	18.216441080589817	1234
20130815	123	123	123	6.68804282546843	1234
20130815	123	123	123	9.569556466087374	1234
20130815	123	123	123	18.676443301891844	1234
20130815	123	123	123	14.31472801050963	1234
20130815	123	123	123	8.225906870557884	1234
20130815	123	123	123	2.633880095169483	1234
20130815	123	123	123	6.344755626567638	1234
20130815	123	123	123	12.11813254639081	1234
20130815	123	123	123	12.53307403022057	1234
20130815	123	123	123	8.168132591162255	1234
20130815	123	123	123	5.066343629560812	1234
20130815	123	123	123	6.716616383159084	1234
20130815	123	123	123	4.395548385036825	1234
20130815	123	123	123	11.720849236223536	1234
20130815	123	123	123	12.645800133542288	1234
20130815	123	123	123	4.585494662916901	1234
20130815	123	123	123	12.089714292222045	1234
20130815	123	123	123	191.12615444980275	1234
20130815	123	123	123	196.91952971433258	1234
20130815	123	123	123	207.38308779250016	1234
20130815	123	123	123	211.35861854475422	1234
20130815	123	123	123	216.824652770696	1234
20130815	123	123	123	219.46124891919501	1234
20130815	123	123	123	226.81679610120239	1234
20130815	123	123	123	231.29523018543142	1234
20130815	123	123	123	242.9623852895808	1234
20130815	123	123	123	251.9007586934434	1234
20130815	123	123	123	256.42773687938126	1234
20130815	123	123	123	256.3259784964491	1234
20130815	123	123	123	260.1862764228757	1234
20130815	123	123	123	264.21168400531224	1234
20130815	123	123	123	266.84695953278947	1234
20130815	123	123	123	258.9391752645731	1234
20130815	123	123	123	253.6967792663002	1234
20130815	123	123	123	255.31578947368422	1234
20130815	123	123	123	243.63157894736844	1234
20130815	123	123	123	232.80015490443998	1234
20130815	123	123	123	220.5169698918605	1234
20130815	123	123	123	217.4123934790531	1234
20130815	123	123	123	212.47368421052636	1234
20130815	123	123	123	207.5144563669618	1234
20130815	123	123	123	201.4313156881721	1234
20130815	123	123	123	194.1852402345135	1234
20130815	123	123	123	195.40090146728616	1234
20130815	123	123	123	210.1223656356337	1234
20130815	123	123	123	261.6046796778116	1234
20130815	123	123	123	251.95329070441352	1234
20130815	123	123	123	278.79375913864794	1234
20130815	123	123	123	293.16587493585223	1234
20130815	123	123	123	333.5304173767174	1234
20130815	123	123	123	343.14096822796466	1234
20130815	123	123	123	393.0626641191754	1234
20130815	123	123	123	390.8947368421054	1234
20130815	123	123	123	425.23486894504015	1234
20130815	123	123	123	469.90264669296613	1234
20130815	123	123	123	470.51683439543524	1234
20130815	123	123	123	507.10889812237804	1234
20130815	123	123	123	536.8819750208153	1234
20130815	123	123	123	543.0336319222167	1234
20130815	123	123	123	564.8459597111147	1234
20130815	123	123	123	588.7894736842106	1234
20130815	123	123	123	630.543602690165	1234
20130815	123	123	123	679.4977308006163	1234
20130815	123	123	123	651.1913707397947	1234
20130815	123	123	123	634.3247653856898	1234
20130815	123	123	123	600.3390095028202	1234
20130815	123	123	123	570.2512403995827	1234
20130815	123	123	123	549.2862569963866	1234
20130815	123	123	123	484.77702249286665	1234
20130815	123	123	123	489.47368421052636	1234
20130815	123	123	123	436.2908455540253	1234
20130815	123	123	123	408.9731850733601	1234
20130815	123	123	123	397.0570083806102	1234
20130815	123	123	123	362.43455190806264	1234
20130815	123	123	123	342.29891429022064	1234
20130815	123	123	123	320.059750407768	1234
20130815	123	123	123	289.2597054037366	1234
20130815	123	123	123	263.09933412104454	1234
20130815	123	123	123	263.86102628704435	1234
20130815	123	123	123	241.57894736842115	1234
20130815	123	123	123	211.68797950534068	1234
20130815	123	123	123	193.3307821722578	1234
20130815	123	123	123	209.4382878681968	1234
20130815	123	123	123	211.65845791826663	1234
20130815	123	123	123	213.134535035387	1234
20130815	123	123	123	233.9574629476526	1234
20130815	123	123	123	231.11953564050887	1234
20130815	123	123	123	233.10526315789465	1234
20130815	123	123	123	241.0419034972033	1234
20130815	123	123	123	244.78100724777437	1234
20130815	123	123	123	257.6346458823548	1234
20130815	123	123	123	261.22180793017964	1234
20130815	123	123	123	262.11813931444203	1234
20130815	123	123	123	258.0740877773744	1234
20130815	123	123	123	248.90398075932256	1234
20130815	123	123	123	248.71706523719266	1234
20130815	123	123	123	244.53276797586415	1234
20130815	123	123	123	238.96730219045273	1234
20130815	123	123	123	235.6056561012558	1234
20130815	123	123	123	228.42105263157896	1234
20130815	123	123	123	224.57894736842107	1234
20130815	123	123	123	211.7174979848783	1234
20130815	123	123	123	209.18691233162872	1234
20130815	123	123	123	204.645407681612	1234
20130815	123	123	123	191.91243793127703	1234
20130815	123	123	123	193.29460913307207	1234
20130815	123	123	123	190.0	1234
20130815	123	123	123	0.6669647512805366	1234
20130815	123	123	123	10.137669907224218	1234
20130815	123	123	123	2.657284745826125	1234
20130815	123	123	123	12.609892287223236	1234
20130815	123	123	123	4.390396092202429	1234
20130815	123	123	123	7.182617516182088	1234
20130815	123	123	123	17.96051569376532	1234
20130815	123	123	123	17.84264328481822	1234
20130815	123	123	123	17.557083430781727	1234
20130815	123	123	123	3.4139436255488387	1234
20130815	123	123	123	4.732843338349668	1234
20130815	123	123	123	19.77193085328036	1234
20130815	123	123	123	0.6221690786599954	1234
20130815	123	123	123	18.833004156135033	1234
20130815	123	123	123	13.669728986560889	1234
20130815	123	123	123	6.9594030173255135	1234
20130815	123	123	123	8.531388783956473	1234
20130815	123	123	123	1.7747579028607663	1234
20130815	123	123	123	8.848845259603236	1234
20130815	123	123	123	6.829213964088141	1234
20130815	123	123	123	8.518174462628526	1234
20130815	123	123	123	16.932301815597764	1234
20130815	123	123	123	1.8742681775171888	1234
20130815	123	123	123	18.696956684072408	1234
20130815	123	123	123	10.964357944517412	1234
20130815	123	123	123	7.881931968070315	1234
20130815	123	123	123	9.913438838540703	1234
20130815	123	123	123	1.017445307866005	1234
20130815	123	123	123	13.483778342023792	1234
20130815	123	123	123	18.64791392024362	1234