time startPrice highestPrice lowestPrice endPrice transactionCount
20130815	123	123	123	3.7396498825756552	1234
20130815	123	123	123	11.934297691868567	1234
20130815	123	123	123	13.039859261603201	1234
20130815	123	123	123	3.376283324214997	1234
20130815	123	123	123	5.045915018607667	1234
20130815	123	123	123	16.932646501027598	1234
20130815	123	123	123	17.48506469846784	1234
20130815	123	123	123	11.698679071892219	1234
20130815	123	123	123	6.201019597465982	1234
20130815	123	123	123	18.17754863836069	1234
20130815	123	123	123	11.21249215671265	1234
20130815	123	123	123	16.43066249970288	1234
20130815	123	123	123	3.018279378576876	1234
20130815	123	123	123	15.652808479765593	1234
20130815	123	123	123	5.307026168520785	1234
20130815	123	123	123	6.58261663499548	1234
20130815	123	123	123	13.177556261309828	1234
20130815	123	123	123	13.96371917854405	1234
20130815	123	123	123	5.833845135675628	1234
20130815	123	123	123	18.293835227688287	1234
20130815	123	123	123	0.9911736728398957	1234
20130815	123	123	123	2.2480940395669102	1234
20130815	123	123	123	5.483195741366598	1234
20130815	123	123	123	6.911798398736546	1234
20130815	123	123	123	17.422458677457026	1234
20130815	123	123	123	2.3417853945930633	1234
20130815	123	123	123	13.430751429217846	1234
20130815	123	123	123	3.5921101859815896	1234
20130815	123	123	123	7.674418034020847	1234
20130815	123	123	123	11.349206841943026	1234
20130815	123	123	123	193.77496502604893	1234
20130815	123	123	123	194.05263157894737	1234
20130815	123	123	123	201.21899926104595	1234
20130815	123	123	123	202.20034935418013	1234
20130815	123	123	123	207.45470720345295	1234
20130815	123	123	123	213.68631495221874	1234
20130815	123	123	123	217.52766147385344	1234
20130815	123	123	123	221.84221344714317	1234
20130815	123	123	123	231.9745612316405	1234
20130815	123	123	123	236.14558119572266	1234
20130815	123	123	123	242.00259497553134	1234
20130815	123	123	123	250.391860520099	1234
20130815	123	123	123	252.009793824609	1234
20130815	123	123	123	256.7769036902588	1234
20130815	123	123	123	261.5851974902574	1234
20130815	123	123	123	263.10526315789474	1234
20130815	123	123	123	256.70826654450667	1234
20130815	123	123	123	248.25936619046357	1234
20130815	123	123	123	248.03211143084147	1234
20130815	123	123	123	245.15586848889126	1234
20130815	123	123	123	236.95167622711082	1234
20130815	123	123	123	235.84210526315792	1234
20130815	123	123	123	227.51632101220116	1234
20130815	123	123	123	218.118132660227	1234
20130815	123	123	123	217.01800298785102	1234
20130815	123	123	123	213.56796350028128	1234
20130815	123	123	123	196.90323665679415	1234
20130815	123	123	123	191.8739103569566	1234
20130815	123	123	123	225.85747254003064	1234
20130815	123	123	123	217.82508496619968	1234
20130815	123	123	123	244.77010403837122	1234
20130815	123	123	123	294.86126285805585	1234
20130815	123	123	123	299.5713367753881	1234
20130815	123	123	123	353.5960015234158	1234
20130815	123	123	123	366.1578947368422	1234
20130815	123	123	123	409.59467748338864	1234
20130815	123	123	123	433.6123762318726	1234
20130815	123	123	123	474.0115844113076	1234
20130815	123	123	123	469.1257408650695	1234
20130815	123	123	123	491.319455332955	1234
20130815	123	123	123	530.3932275578297	1234
20130815	123	123	123	539.3157894736844	1234
20130815	123	123	123	586.9517308342807	1234
20130815	123	123	123	609.9291330087926	1234
20130815	123	123	123	629.5861158921106	1234
20130815	123	123	123	645.6941920966302	1234
20130815	123	123	123	663.0	1234
20130815	123	123	123	617.8925935662362	1234
20130815	123	123	123	605.0110712011897	1234
20130815	123	123	123	577.4281214227575	1234
20130815	123	123	123	536.4969520067225	1234
20130815	123	123	123	528.539952899592	1234
20130815	123	123	123	492.36857945794577	1234
20130815	123	123	123	478.69304514530273	1234
20130815	123	123	123	453.33942284988206	1234
20130815	123	123	123	414.0948599066865	1234
20130815	123	123	123	415.1052631578948	1234
20130815	123	123	123	385.088752183369	1234
20130815	123	123	123	355.006043320574	1234
20130815	123	123	123	314.6468435399658	1234
20130815	123	123	123	306.26199631716554	1234
20130815	123	123	123	268.99319545342405	1234
20130815	123	123	123	266.2178390932677	1234
20130815	123	123	123	229.39490167138877	1234
20130815	123	123	123	216.78947368421063	1234
20130815	123	123	123	195.20649677107912	1234
20130815	123	123	123	200.67051515593226	1234
20130815	123	123	123	207.2156124932252	1234
20130815	123	123	123	208.71266674142677	1234
20130815	123	123	123	210.68421052631575	1234
20130815	123	123	123	222.07631986619012	1234
20130815	123	123	123	229.74985944168685	1234
20130815	123	123	123	235.46476210129825	1234
20130815	123	123	123	236.8421052631578	1234
20130815	123	123	123	243.95578426525614	1234
20130815	123	123	123	255.33192755671962	1234
20130815	123	123	123	259.1633701418439	1234
20130815	123	123	123	261.1244882193727	1234
20130815	123	123	123	254.8505652909001	1234
20130815	123	123	123	243.94690450957316	1234
20130815	123	123	123	242.85491656343225	1234
20130815	123	123	123	234.12462514425152	1234
20130815	123	123	123	229.94842603726545	1234
20130815	123	123	123	228.42105263157896	1234
20130815	123	123	123	221.34790395807292	1234
20130815	123	123	123	213.63427929258756	1234
20130815	123	123	123	210.80525636252455	1234
20130815	123	123	123	209.2105263157895	1234
20130815	123	123	123	190.8442942139038	1234
20130815	123	123	123	190.0	1234
20130815	123	123	123	14.529880229130306	1234
20130815	123	123	123	1.4465701433890454	1234
20130815	123	123	123	4.5449564747857	1234
20130815	123	123	123	12.054527448276232	1234
20130815	123	123	123	3.8935671479321177	1234
20130815	123	123	123	15.114494054121918	1234
20130815	123	123	123	14.748961435821213	1234
20130815	123	123	123	0.019363500913647247	1234
20130815	123	123	123	10.990134087820103	1234
20130815	123	123	123	14.605066393067819	1234
20130815	123	123	123	17.536466421384443	1234
20130815	123	123	123	19.74794570528722	1234
20130815	123	123	123	8.568307695630555	1234
20130815	123	123	123	9.356156505003932	1234
20130815	123	123	123	10.190036359411152	1234
20130815	123	123	123	13.96090492705525	1234
20130815	123	123	123	16.043596422613586	1234
20130815	123	123	123	11.677692246930512	1234
20130815	123	123	123	13.363399421516702	1234
20130815	123	123	123	9.803966091736385	1234
20130815	123	123	123	14.419339274579608	1234
20130815	123	123	123	0.09533612944529146	1234
20130815	123	123	123	10.727275013870583	1234
20130815	123	123	123	13.728004333240758	1234
20130815	123	123	123	10.38219575324699	1234
20130815	123	123	123	12.582864683528818	1234
20130815	123	123	123	2.0172439793424823	1234
20130815	123	123	123	2.81206386560533	1234
20130815	123	123	123	0.9032560530911127	1234
20130815	123	123	123	7.269319922390913	1234