time startPrice highestPrice lowestPrice endPrice transactionCount
20130815	123	123	123	0.6924858012847501	1234
20130815	123	123	123	8.869312403845582	1234
20130815	123	123	123	17.596368009262335	1234
20130815	123	123	123	0.4707610693936748	1234
20130815	123	123	123	2.5818472124992087	1234
20130815	123	123	123	8.771582222167957	1234
20130815	123	123	123	19.483263487638048	1234
20130815	123	123	123	12.616254305860881	1234
20130815	123	123	123	17.029397976218867	1234
20130815	123	123	123	2.596227363684429	1234
20130815	123	123	123	0.09007306863782816	1234
20130815	123	123	123	17.88920033730506	1234
20130815	123	123	123	14.442291065234043	1234
20130815	123	123	123	17.04467338335923	1234
20130815	123	123	123	17.727407847929644	1234
20130815	123	123	123	2.2485732753685306	1234
20130815	123	123	123	1.510595444183731	1234
20130815	123	123	123	15.563752503491514	1234
20130815	123	123	123	8.42588560389536	1234
20130815	123	123	123	12.621091569685476	1234
20130815	123	123	123	4.548306937288329	1234
20130815	123	123	123	0.8879200592868086	1234
20130815	123	123	123	9.695432043117766	1234
20130815	123	123	123	14.189194642964457	1234
20130815	123	123	123	10.702952216027427	1234
20130815	123	123	123	17.387478260311795	1234
20130815	123	123	123	7.284098673384993	1234
20130815	123	123	123	1.3879171927594958	1234
20130815	123	123	123	3.374734486226305	1234
20130815	123	123	123	1.8342473428063966	1234
20130815	123	123	123	205.79943969173598	1234
20130815	123	123	123	202.639184340931	1234
20130815	123	123	123	209.2051648285097	1234
20130815	123	123	123	212.75491544323782	1234
20130815	123	123	123	218.18713759527887	1234
20130815	123	123	123	220.2646409295947	1234
20130815	123	123	123	222.42105263157896	1234
20130815	123	123	123	229.78804185334866	1234
20130815	123	123	123	247.69398393395542	1234
20130815	123	123	123	243.86778802717993	1234
20130815	123	123	123	255.724898751393	1234
20130815	123	123	123	260.3258119372521	1234
20130815	123	123	123	262.37801590855906	1234
20130815	123	123	123	266.83649476231676	1234
20130815	123	123	123	262.9295746463299	1234
20130815	123	123	123	257.59195166989747	1234
20130815	123	123	123	254.70728914618275	1234
20130815	123	123	123	248.21036688311352	1234
20130815	123	123	123	244.5539224795505	1234
20130815	123	123	123	236.561407961664	1234
20130815	123	123	123	237.50692629561215	1234
20130815	123	123	123	221.6087578103974	1234
20130815	123	123	123	223.05311800401847	1234
20130815	123	123	123	219.79358868508908	1234
20130815	123	123	123	211.2371384527246	1234
20130815	123	123	123	210.09404113773064	1234
20130815	123	123	123	204.35648737448096	1234
20130815	123	123	123	198.20132778894816	1234
20130815	123	123	123	232.28469326072013	1234
20130815	123	123	123	278.3458796245571	1234
20130815	123	123	123	316.68421052631584	1234
20130815	123	123	123	373.4985662507594	1234
20130815	123	123	123	368.16915919726915	1234
20130815	123	123	123	411.6150211240428	1234
20130815	123	123	123	445.1613800602315	1234
20130815	123	123	123	447.94760398192227	1234
20130815	123	123	123	470.5278751937974	1234
20130815	123	123	123	499.54715275737914	1234
20130815	123	123	123	528.4305801014332	1234
20130815	123	123	123	539.3157894736844	1234
20130815	123	123	123	584.1161283711425	1234
20130815	123	123	123	599.7232296848968	1234
20130815	123	123	123	626.5077558866498	1234
20130815	123	123	123	642.3014761125893	1234
20130815	123	123	123	633.3333207856803	1234
20130815	123	123	123	595.1248510715129	1234
20130815	123	123	123	586.4391275445585	1234
20130815	123	123	123	557.0513008982881	1234
20130815	123	123	123	529.3109697776747	1234
20130815	123	123	123	492.08258746911207	1234
20130815	123	123	123	482.59872842568154	1234
20130815	123	123	123	424.18821753718953	1234
20130815	123	123	123	433.32855787600386	1234
20130815	123	123	123	413.5674159088067	1234
20130815	123	123	123	347.8135658694977	1234
20130815	123	123	123	365.52631578947376	1234
20130815	123	123	123	328.22848649176734	1234
20130815	123	123	123	310.42994031882057	1234
20130815	123	123	123	252.25458394728025	1234
20130815	123	123	123	256.6142697443636	1234
20130815	123	123	123	228.72059677075163	1234
20130815	123	123	123	210.55266285101084	1234
20130815	123	123	123	196.0524559662218	1234
20130815	123	123	123	195.73684210526315	1234
20130815	123	123	123	201.1226481086245	1234
20130815	123	123	123	204.28605193231925	1234
20130815	123	123	123	213.95202852289768	1234
20130815	123	123	123	214.86586552646733	1234
20130815	123	123	123	221.90182792002327	1234
20130815	123	123	123	223.606052616711	1234
20130815	123	123	123	225.83404221132187	1234
20130815	123	123	123	239.53931172433366	1234
20130815	123	123	123	236.97846305981432	1234
20130815	123	123	123	242.43305981013597	1234
20130815	123	123	123	246.67387929187106	1234
20130815	123	123	123	249.8478314030082	1234
20130815	123	123	123	255.95924180532083	1234
20130815	123	123	123	250.00846606945277	1234
20130815	123	123	123	245.93869364527657	1234
20130815	123	123	123	236.04749674107345	1234
20130815	123	123	123	228.28177928621696	1234
20130815	123	123	123	222.36664276772396	1234
20130815	123	123	123	220.63516921486442	1234
20130815	123	123	123	214.09044612313988	1234
20130815	123	123	123	205.68107388360457	1234
20130815	123	123	123	205.36842105263162	1234
20130815	123	123	123	199.07164183192063	1234
20130815	123	123	123	193.98981290620625	1234
20130815	123	123	123	190.4236626936541	1234
20130815	123	123	123	190.0	1234
20130815	123	123	123	14.451165529129435	1234
20130815	123	123	123	19.474063814137335	1234
20130815	123	123	123	12.815058337468116	1234
20130815	123	123	123	7.231303353309979	1234
20130815	123	123	123	6.96070653768942	1234
20130815	123	123	123	1.1287419257302833	1234
20130815	123	123	123	10.628204515975652	1234
20130815	123	123	123	8.51353485976083	1234
20130815	123	123	123	3.8182005662294416	1234
20130815	123	123	123	8.276969821031784	1234
20130815	123	123	123	7.778797296862596	1234
20130815	123	123	123	11.210941874698904	1234
20130815	123	123	123	3.7141789831129524	1234
20130815	123	123	123	13.155733950850973	1234
20130815	123	123	123	9.711650283273968	1234
20130815	123	123	123	4.576754658191044	1234
20130815	123	123	123	0.20530166527062743	1234
20130815	123	123	123	14.634521099267733	1234
20130815	123	123	123	19.31944839331785	1234
20130815	123	123	123	9.217596488279192	1234
20130815	123	123	123	4.854668050225833	1234
20130815	123	123	123	5.890008865150165	1234
20130815	123	123	123	18.747657131170364	1234
20130815	123	123	123	5.9230866207496025	1234
20130815	123	123	123	6.869564689326635	1234
20130815	123	123	123	7.759261804311874	1234
20130815	123	123	123	4.404939774115	1234
20130815	123	123	123	17.177421479468897	1234
20130815	123	123	123	10.21627200098991	1234
20130815	123	123	123	18.44342062335148	1234