time startPrice highestPrice lowestPrice endPrice transactionCount
20130815	123	123	123	14.400490754123838	1234
20130815	123	123	123	12.01928697503439	1234
20130815	123	123	123	17.64329192511591	1234
20130815	123	123	123	10.571550543360562	1234
20130815	123	123	123	6.026708901355409	1234
20130815	123	123	123	18.8177673793587	1234
20130815	123	123	123	8.032589977285376	1234
20130815	123	123	123	19.296722397382577	1234
20130815	123	123	123	9.749662054583606	1234
20130815	123	123	123	3.1515002255120184	1234
20130815	123	123	123	9.52190219310339	1234
20130815	123	123	123	3.9294518589297067	1234
20130815	123	123	123	4.189287040131751	1234
20130815	123	123	123	9.45649388424039	1234
20130815	123	123	123	2.8130932165401146	1234
20130815	123	123	123	14.411047603481471	1234
20130815	123	123	123	14.306250693382555	1234
20130815	123	123	123	14.237208647193121	1234
20130815	123	123	123	3.492047806345784	1234
20130815	123	123	123	14.994645560499688	1234
20130815	123	123	123	7.920660535999817	1234
20130815	123	123	123	7.1793868389847155	1234
20130815	123	123	123	16.473912435142946	1234
20130815	123	123	123	19.562725571270857	1234
20130815	123	123	123	5.6383093985129	1234
20130815	123	123	123	3.345133789111008	1234
20130815	123	123	123	4.641087808831803	1234
20130815	123	123	123	10.630938501276075	1234
20130815	123	123	123	14.802743430336651	1234
20130815	123	123	123	4.18279010777759	1234
20130815	123	123	123	190.0	1234
20130815	123	123	123	195.68679316297386	1234
20130815	123	123	123	206.45648583630984	1234
20130815	123	123	123	206.4630108484504	1234
20130815	123	123	123	227.7451530576121	1234
20130815	123	123	123	236.02556194679988	1234
20130815	123	123	123	238.63157894736844	1234
20130815	123	123	123	245.42579760645071	1234
20130815	123	123	123	254.3447192938329	1234
20130815	123	123	123	265.05439150413605	1234
20130815	123	123	123	257.9493677145489	1234
20130815	123	123	123	254.13684714613146	1234
20130815	123	123	123	246.82006342961887	1234
20130815	123	123	123	247.25374550025663	1234
20130815	123	123	123	232.5817152461781	1234
20130815	123	123	123	230.90402347625934	1234
20130815	123	123	123	226.79647619554268	1234
20130815	123	123	123	220.48774888555286	1234
20130815	123	123	123	218.65453285846428	1234
20130815	123	123	123	205.395496519746	1234
20130815	123	123	123	198.69349522296733	1234
20130815	123	123	123	197.053034361923	1234
20130815	123	123	123	193.0	1234
20130815	123	123	123	236.9727593787537	1234
20130815	123	123	123	261.75776258207503	1234
20130815	123	123	123	286.1936695668175	1234
20130815	123	123	123	309.3134317803055	1234
20130815	123	123	123	327.47227933641886	1234
20130815	123	123	123	355.7321614283991	1234
20130815	123	123	123	367.63139656262126	1234
20130815	123	123	123	400.32920921783284	1234
20130815	123	123	123	423.5495474485408	1234
20130815	123	123	123	448.670756302072	1234
20130815	123	123	123	491.1614581538513	1234
20130815	123	123	123	514.5789473684213	1234
20130815	123	123	123	596.0239628866619	1234
20130815	123	123	123	616.3168657336114	1234
20130815	123	123	123	614.611341577483	1234
20130815	123	123	123	672.5301266800305	1234
20130815	123	123	123	652.8132166835982	1234
20130815	123	123	123	602.3360246068869	1234
20130815	123	123	123	584.6017161894316	1234
20130815	123	123	123	581.102831268716	1234
20130815	123	123	123	558.8036698263846	1234
20130815	123	123	123	538.772050742564	1234
20130815	123	123	123	487.33810866886404	1234
20130815	123	123	123	489.47368421052636	1234
20130815	123	123	123	461.3656525836711	1234
20130815	123	123	123	418.9864530653422	1234
20130815	123	123	123	383.0868582393523	1234
20130815	123	123	123	372.11713257269395	1234
20130815	123	123	123	360.26017178326276	1234
20130815	123	123	123	332.2975981641108	1234
20130815	123	123	123	313.2175133706777	1234
20130815	123	123	123	277.79622244981033	1234
20130815	123	123	123	251.9181441273542	1234
20130815	123	123	123	230.09901939266533	1234
20130815	123	123	123	215.43887224375354	1234
20130815	123	123	123	192.53697385788374	1234
20130815	123	123	123	196.84674293558177	1234
20130815	123	123	123	200.1137608536228	1234
20130815	123	123	123	215.9834686340545	1234
20130815	123	123	123	221.0821183970246	1234
20130815	123	123	123	225.95773234071345	1234
20130815	123	123	123	230.46376368705037	1234
20130815	123	123	123	237.97662159870765	1234
20130815	123	123	123	241.12459018584178	1234
20130815	123	123	123	242.00568945976806	1234
20130815	123	123	123	246.303627053664	1234
20130815	123	123	123	263.04831644841835	1234
20130815	123	123	123	261.6575894322399	1234
20130815	123	123	123	262.69235337973413	1234
20130815	123	123	123	258.690228180746	1234
20130815	123	123	123	254.01781013158268	1234
20130815	123	123	123	248.41900947388868	1234
20130815	123	123	123	244.8010260116916	1234
20130815	123	123	123	240.16858291896352	1234
20130815	123	123	123	238.4525479567951	1234
20130815	123	123	123	236.10526315789474	1234
20130815	123	123	123	230.99871565702574	1234
20130815	123	123	123	228.12434429376788	1234
20130815	123	123	123	220.79769929604998	1234
20130815	123	123	123	216.44541238283958	1234
20130815	123	123	123	216.38873114453125	1234
20130815	123	123	123	209.17712323135655	1234
20130815	123	123	123	206.4179194454662	1234
20130815	123	123	123	203.2817574678783	1234
20130815	123	123	123	199.60940655286564	1234
20130815	123	123	123	192.4685306917133	1234
20130815	123	123	123	190.0	1234
20130815	123	123	123	8.903591298450399	1234
20130815	123	123	123	18.96024581989542	1234
20130815	123	123	123	4.595344106897454	1234
20130815	123	123	123	17.994296686451644	1234
20130815	123	123	123	2.4778046432615275	1234
20130815	123	123	123	15.172021677653069	1234
20130815	123	123	123	9.034522278935173	1234
20130815	123	123	123	11.5379092420792	1234
20130815	123	123	123	0.8710369882100144	1234
20130815	123	123	123	17.358430066554366	1234
20130815	123	123	123	17.379029157716513	1234
20130815	123	123	123	13.604276493999098	1234
20130815	123	123	123	0.8757371547312198	1234
20130815	123	123	123	9.403041410382231	1234
20130815	123	123	123	7.319298372060135	1234
20130815	123	123	123	8.689045667889397	1234
20130815	123	123	123	6.818587077589302	1234
20130815	123	123	123	13.57430760817624	1234
20130815	123	123	123	15.344631159669413	1234
20130815	123	123	123	4.295326889622131	1234
20130815	123	123	123	0.3761339505827954	1234
20130815	123	123	123	7.927181980279627	1234
20130815	123	123	123	0.8029543607101952	1234
20130815	123	123	123	8.934494824612608	1234
20130815	123	123	123	1.4600017751179384	1234
20130815	123	123	123	4.145807826963144	1234
20130815	123	123	123	5.423774654467845	1234
20130815	123	123	123	19.55396441768451	1234
20130815	123	123	123	11.991146846296374	1234
20130815	123	123	123	4.682878228317307	1234