time startPrice highestPrice lowestPrice endPrice transactionCount
20130815	123	123	123	18.397997810047606	1234
20130815	123	123	123	11.990857239571405	1234
20130815	123	123	123	11.615064364515	1234
20130815	123	123	123	14.057841224707083	1234
20130815	123	123	123	15.273836140892287	1234
20130815	123	123	123	6.18661206348706	1234
20130815	123	123	123	8.044800904457505	1234
20130815	123	123	123	11.730278132885868	1234
20130815	123	123	123	15.211109701029413	1234
20130815	123	123	123	2.4295044455382775	1234
20130815	123	123	123	11.067516608705573	1234
20130815	123	123	123	17.489947436648087	1234
20130815	123	123	123	19.610083494681138	1234
20130815	123	123	123	11.915430791178254	1234
20130815	123	123	123	1.1727284650009406	1234
20130815	123	123	123	7.558358664501936	1234
20130815	123	123	123	9.855193462738248	1234
20130815	123	123	123	7.679537340933516	1234
20130815	123	123	123	2.9124633016681045	1234
20130815	123	123	123	3.146401669693153	1234
20130815	123	123	123	15.866989139878594	1234
20130815	123	123	123	14.276708610679197	1234
20130815	123	123	123	12.153661217478271	1234
20130815	123	123	123	16.85172645079	1234
20130815	123	123	123	13.867279688695746	1234
20130815	123	123	123	10.639032447001087	1234
20130815	123	123	123	19.96961309563487	1234
20130815	123	123	123	2.1027862972947498	1234
20130815	123	123	123	3.5070124548110937	1234
20130815	123	123	123	14.624032963594608	1234
20130815	123	123	123	190.0	1234
20130815	123	123	123	196.2790918708028	1234
20130815	123	123	123	207.49230631184292	1234
20130815	123	123	123	207.76101564308667	1234
20130815	123	123	123	219.87172814260737	1234
20130815	123	123	123	220.28793316585418	1234
20130815	123	123	123	234.92511155900866	1234
20130815	123	123	123	236.72433408302138	1234
20130815	123	123	123	240.74866535059712	1234
20130815	123	123	123	243.02990166318298	1234
20130815	123	123	123	249.91524923639048	1234
20130815	123	123	123	255.0372175183152	1234
20130815	123	123	123	257.40396121780896	1234
20130815	123	123	123	268.4348618678172	1234
20130815	123	123	123	264.10876521165204	1234
20130815	123	123	123	260.9847795230177	1234
20130815	123	123	123	257.1622299556063	1234
20130815	123	123	123	250.66736581977807	1234
20130815	123	123	123	251.30056744844163	1234
20130815	123	123	123	241.53645353503455	1234
20130815	123	123	123	239.03198295503833	1234
20130815	123	123	123	234.20285420939422	1234
20130815	123	123	123	227.07919101848742	1234
20130815	123	123	123	224.7729077271192	1234
20130815	123	123	123	222.82041620602595	1234
20130815	123	123	123	217.13626023303303	1234
20130815	123	123	123	209.47800979300357	1234
20130815	123	123	123	202.33850991106627	1234
20130815	123	123	123	193.63711834492253	1234
20130815	123	123	123	244.8718472965683	1234
20130815	123	123	123	257.92007880318295	1234
20130815	123	123	123	304.7918174841037	1234
20130815	123	123	123	324.2826667036029	1234
20130815	123	123	123	342.55285675612674	1234
20130815	123	123	123	372.88287030855673	1234
20130815	123	123	123	371.2864059383605	1234
20130815	123	123	123	416.9009720826932	1234
20130815	123	123	123	423.36252324607267	1234
20130815	123	123	123	440.36842105263173	1234
20130815	123	123	123	485.34717601542866	1234
20130815	123	123	123	524.3359322506229	1234
20130815	123	123	123	604.1182360432241	1234
20130815	123	123	123	615.5147267263847	1234
20130815	123	123	123	641.6981690950646	1234
20130815	123	123	123	654.0796105583909	1234
20130815	123	123	123	618.6708269787066	1234
20130815	123	123	123	580.7548072473103	1234
20130815	123	123	123	568.341017763785	1234
20130815	123	123	123	546.9977194872296	1234
20130815	123	123	123	529.3543960661223	1234
20130815	123	123	123	393.1099948864579	1234
20130815	123	123	123	384.1438823853573	1234
20130815	123	123	123	371.61525093302504	1234
20130815	123	123	123	349.47416671950754	1234
20130815	123	123	123	338.0445334916858	1234
20130815	123	123	123	251.60084354577322	1234
20130815	123	123	123	241.65833988967873	1234
20130815	123	123	123	238.1831148206096	1234
20130815	123	123	123	205.32373350990656	1234
20130815	123	123	123	193.8103590795737	1234
20130815	123	123	123	199.05322119635207	1234
20130815	123	123	123	201.09171656373266	1234
20130815	123	123	123	208.12473356168695	1234
20130815	123	123	123	215.43277845343331	1234
20130815	123	123	123	216.31062615878122	1234
20130815	123	123	123	221.46476194824928	1234
20130815	123	123	123	226.1900070182042	1234
20130815	123	123	123	229.58125796433865	1234
20130815	123	123	123	230.08999787452106	1234
20130815	123	123	123	251.14136078504853	1234
20130815	123	123	123	248.55774136130233	1234
20130815	123	123	123	255.2351504271173	1234
20130815	123	123	123	256.8403228997304	1234
20130815	123	123	123	262.22344912711003	1234
20130815	123	123	123	259.3205541899744	1234
20130815	123	123	123	257.26040476111217	1234
20130815	123	123	123	246.82010328168334	1234
20130815	123	123	123	247.42369081701173	1234
20130815	123	123	123	237.00624885268564	1234
20130815	123	123	123	236.10526315789474	1234
20130815	123	123	123	228.43802508854893	1234
20130815	123	123	123	223.26578974906676	1234
20130815	123	123	123	222.2448662263871	1234
20130815	123	123	123	214.15667650726334	1234
20130815	123	123	123	209.34854731553943	1234
20130815	123	123	123	200.59714334813572	1234
20130815	123	123	123	200.5951255039896	1234
20130815	123	123	123	195.31701046991338	1234
20130815	123	123	123	191.42449870469034	1234
20130815	123	123	123	190.0	1234
20130815	123	123	123	2.431314775033717	1234
20130815	123	123	123	5.85279594014068	1234
20130815	123	123	123	6.010328734161301	1234
20130815	123	123	123	15.677621887770524	1234
20130815	123	123	123	16.12598738878788	1234
20130815	123	123	123	4.199503584769215	1234
20130815	123	123	123	19.617149251581093	1234
20130815	123	123	123	8.070878789122162	1234
20130815	123	123	123	2.921459451323196	1234
20130815	123	123	123	18.204335950146703	1234
20130815	123	123	123	6.3605404283226346	1234
20130815	123	123	123	11.329916384098357	1234
20130815	123	123	123	4.311480085347988	1234
20130815	123	123	123	2.907139193831405	1234
20130815	123	123	123	5.094022130846623	1234
20130815	123	123	123	6.7632552674763495	1234
20130815	123	123	123	15.61846069052621	1234
20130815	123	123	123	16.38037815487841	1234
20130815	123	123	123	9.687886025134393	1234
20130815	123	123	123	9.40128158931185	1234
20130815	123	123	123	13.396536449886531	1234
20130815	123	123	123	7.639330403548959	1234
20130815	123	123	123	18.442499419788717	1234
20130815	123	123	123	13.197518493972368	1234
20130815	123	123	123	5.569251501944303	1234
20130815	123	123	123	12.322453094245313	1234
20130815	123	123	123	11.020470481150939	1234
20130815	123	123	123	14.001597731568474	1234
20130815	123	123	123	3.152574660039884	1234
20130815	123	123	123	13.278770670583874	1234