time startPrice highestPrice lowestPrice endPrice transactionCount
20130815	123	123	123	14.91476011174341	1234
20130815	123	123	123	10.146851992021215	1234
20130815	123	123	123	16.82039502310497	1234
20130815	123	123	123	12.597689386213231	1234
20130815	123	123	123	16.924714170793724	1234
20130815	123	123	123	6.031685591524736	1234
20130815	123	123	123	7.01030729212232	1234
20130815	123	123	123	15.178142807642374	1234
20130815	123	123	123	15.748849335522337	1234
20130815	123	123	123	9.357291624765619	1234
20130815	123	123	123	3.5843857268157175	1234
20130815	123	123	123	4.8224225665465354	1234
20130815	123	123	123	16.35535104652382	1234
20130815	123	123	123	10.221735068100772	1234
20130815	123	123	123	12.327712350227166	1234
20130815	123	123	123	7.071247596519614	1234
20130815	123	123	123	3.088970692873607	1234
20130815	123	123	123	13.791881481945218	1234
20130815	123	123	123	12.338956773688555	1234
20130815	123	123	123	19.078565583309256	1234
20130815	123	123	123	13.887297546740637	1234
20130815	123	123	123	5.42207814109325	1234
20130815	123	123	123	6.070521289979187	1234
20130815	123	123	123	5.343003130488471	1234
20130815	123	123	123	13.337917946141184	1234
20130815	123	123	123	6.731798096584969	1234
20130815	123	123	123	14.990880416556177	1234
20130815	123	123	123	16.592175425683205	1234
20130815	123	123	123	8.124433442604793	1234
20130815	123	123	123	17.991967368646975	1234
20130815	123	123	123	191.29193113653432	1234
20130815	123	123	123	196.12283527806176	1234
20130815	123	123	123	198.10526315789474	1234
20130815	123	123	123	209.05884841000326	1234
20130815	123	123	123	218.46848145580847	1234
20130815	123	123	123	218.81656430144542	1234
20130815	123	123	123	230.67506461867782	1234
20130815	123	123	123	233.64584812110334	1234
20130815	123	123	123	237.674650182963	1234
20130815	123	123	123	242.32761319211417	1234
20130815	123	123	123	258.5865355566969	1234
20130815	123	123	123	261.04112956552	1234
20130815	123	123	123	262.9473684210526	1234
20130815	123	123	123	263.025900178562	1234
20130815	123	123	123	258.2925912422414	1234
20130815	123	123	123	253.04793834806355	1234
20130815	123	123	123	241.24488657671253	1234
20130815	123	123	123	243.4904544610439	1234
20130815	123	123	123	237.7891031616795	1234
20130815	123	123	123	230.93014460166904	1234
20130815	123	123	123	231.0894075378401	1234
20130815	123	123	123	220.06527219541942	1234
20130815	123	123	123	208.6640684775131	1234
20130815	123	123	123	206.15581163967997	1234
20130815	123	123	123	199.83487799510058	1234
20130815	123	123	123	194.79825131251	1234
20130815	123	123	123	193.0	1234
20130815	123	123	123	225.87229682488595	1234
20130815	123	123	123	245.45560968815118	1234
20130815	123	123	123	267.2105263157895	1234
20130815	123	123	123	316.7406038392604	1234
20130815	123	123	123	327.4506930569467	1234
20130815	123	123	123	359.7160145937841	1234
20130815	123	123	123	371.17406587071196	1234
20130815	123	123	123	390.8947368421054	1234
20130815	123	123	123	415.63157894736855	1234
20130815	123	123	123	451.78760131460587	1234
20130815	123	123	123	480.6369110877314	1234
20130815	123	123	123	489.8421052631581	1234
20130815	123	123	123	546.3886819926521	1234
20130815	123	123	123	539.3157894736844	1234
20130815	123	123	123	564.0526315789475	1234
20130815	123	123	123	613.186734836648	1234
20130815	123	123	123	625.9612996501886	1234
20130815	123	123	123	646.7797661649319	1234
20130815	123	123	123	632.4331960170277	1234
20130815	123	123	123	596.1221138820905	1234
20130815	123	123	123	609.3305898191098	1234
20130815	123	123	123	561.054583681087	1234
20130815	123	123	123	529.7050838346598	1234
20130815	123	123	123	489.9093815427873	1234
20130815	123	123	123	480.39485760386225	1234
20130815	123	123	123	444.43169022418095	1234
20130815	123	123	123	409.2294108474398	1234
20130815	123	123	123	404.0946109067857	1234
20130815	123	123	123	310.17584394220694	1234
20130815	123	123	123	283.31897502530165	1234
20130815	123	123	123	247.26340729812162	1234
20130815	123	123	123	238.31072942522147	1234
20130815	123	123	123	190.89372136335783	1234
20130815	123	123	123	197.46896996510304	1234
20130815	123	123	123	197.41704266930282	1234
20130815	123	123	123	216.1523660711056	1234
20130815	123	123	123	214.4210526315789	1234
20130815	123	123	123	220.09733505336712	1234
20130815	123	123	123	225.85655330810948	1234
20130815	123	123	123	227.91191589860082	1234
20130815	123	123	123	231.16942776111352	1234
20130815	123	123	123	238.65791121991276	1234
20130815	123	123	123	241.3039366412795	1234
20130815	123	123	123	243.29233298372017	1234
20130815	123	123	123	245.01051103537523	1234
20130815	123	123	123	252.09843169715612	1234
20130815	123	123	123	256.83023224704624	1234
20130815	123	123	123	261.8375118880185	1234
20130815	123	123	123	259.38792194695037	1234
20130815	123	123	123	246.95918886434356	1234
20130815	123	123	123	248.263116391891	1234
20130815	123	123	123	246.2031396895281	1234
20130815	123	123	123	243.78947368421052	1234
20130815	123	123	123	235.30610578555587	1234
20130815	123	123	123	229.0588376632625	1234
20130815	123	123	123	223.55455474552048	1234
20130815	123	123	123	214.4632530122293	1234
20130815	123	123	123	210.8802018884983	1234
20130815	123	123	123	205.31137449420305	1234
20130815	123	123	123	204.5392173445374	1234
20130815	123	123	123	194.14224978859363	1234
20130815	123	123	123	193.37345590857328	1234
20130815	123	123	123	190.0	1234
20130815	123	123	123	7.903416146384465	1234
20130815	123	123	123	18.234054377161385	1234
20130815	123	123	123	18.66321331269231	1234
20130815	123	123	123	8.829871627546988	1234
20130815	123	123	123	18.27246305218589	1234
20130815	123	123	123	3.0122228178524457	1234
20130815	123	123	123	14.11168078936742	1234
20130815	123	123	123	14.047684859986742	1234
20130815	123	123	123	9.348671363057948	1234
20130815	123	123	123	8.849520705815534	1234
20130815	123	123	123	14.432807161765913	1234
20130815	123	123	123	14.25981619384155	1234
20130815	123	123	123	1.4522114235178218	1234
20130815	123	123	123	7.3372326482142824	1234
20130815	123	123	123	2.829426768756045	1234
20130815	123	123	123	12.089437330033558	1234
20130815	123	123	123	4.463743791319022	1234
20130815	123	123	123	10.924625501956843	1234
20130815	123	123	123	14.615872047735063	1234
20130815	123	123	123	13.824696442334988	1234
20130815	123	123	123	0.38949394407298277	1234
20130815	123	123	123	7.58630744332393	1234
20130815	123	123	123	14.47333927744599	1234
20130815	123	123	123	13.720294127769774	1234
20130815	123	123	123	15.808161296836508	1234
20130815	123	123	123	10.5925216112532	1234
20130815	123	123	123	3.0393050540883504	1234
20130815	123	123	123	13.540242060045584	1234
20130815	123	123	123	12.073819780136041	1234
20130815	123	123	123	7.980162156679256	1234