time startPrice highestPrice lowestPrice endPrice transactionCount
20130815	123	123	123	1.3351397468043325	1234
20130815	123	123	123	16.101323194503458	1234
20130815	123	123	123	5.4481712144408085	1234
20130815	123	123	123	18.03195653718868	1234
20130815	123	123	123	6.786679961125543	1234
20130815	123	123	123	16.233397962461396	1234
20130815	123	123	123	15.47782766502177	1234
20130815	123	123	123	4.066587100909218	1234
20130815	123	123	123	7.408046489278515	1234
20130815	123	123	123	15.321452136378674	1234
20130815	123	123	123	2.3394197858022414	1234
20130815	123	123	123	11.513069205110032	1234
20130815	123	123	123	18.761901161706778	1234
20130815	123	123	123	14.576329724035858	1234
20130815	123	123	123	15.14597930952334	1234
20130815	123	123	123	11.111488168837312	1234
20130815	123	123	123	3.6554145009597416	1234
20130815	123	123	123	7.1006632973134725	1234
20130815	123	123	123	8.341365481580718	1234
20130815	123	123	123	19.906392289356297	1234
20130815	123	123	123	9.371468478610957	1234
20130815	123	123	123	17.787775290961036	1234
20130815	123	123	123	1.016628118189522	1234
20130815	123	123	123	18.10031214358846	1234
20130815	123	123	123	11.053362395670607	1234
20130815	123	123	123	2.3173509985254803	1234
20130815	123	123	123	9.13188697311692	1234
20130815	123	123	123	19.121794530129975	1234
20130815	123	123	123	11.763656559076665	1234
20130815	123	123	123	2.726526136803955	1234
20130815	123	123	123	190.0	1234
20130815	123	123	123	214.70821495830586	1234
20130815	123	123	123	220.62975008799327	1234
20130815	123	123	123	231.2212084911791	1234
20130815	123	123	123	231.6807415281435	1234
20130815	123	123	123	234.88666447022248	1234
20130815	123	123	123	242.7407250443881	1234
20130815	123	123	123	247.03178765096226	1234
20130815	123	123	123	246.73684210526318	1234
20130815	123	123	123	251.52607775733705	1234
20130815	123	123	123	254.99291177454987	1234
20130815	123	123	123	263.556074121549	1234
20130815	123	123	123	265.8428796760038	1234
20130815	123	123	123	265.32401228189434	1234
20130815	123	123	123	258.6203718032216	1234
20130815	123	123	123	257.7956605139365	1234
20130815	123	123	123	252.50176883166785	1234
20130815	123	123	123	249.03382103565633	1234
20130815	123	123	123	242.88075312953922	1234
20130815	123	123	123	230.45121654724707	1234
20130815	123	123	123	228.52636108241433	1234
20130815	123	123	123	226.28675758257904	1234
20130815	123	123	123	219.2526223694467	1234
20130815	123	123	123	214.44015657768287	1234
20130815	123	123	123	196.8707692530253	1234
20130815	123	123	123	192.84667370559814	1234
20130815	123	123	123	196.85474622558365	1234
20130815	123	123	123	220.76708054237557	1234
20130815	123	123	123	255.57476663865927	1234
20130815	123	123	123	293.6997946097838	1234
20130815	123	123	123	325.7050205166955	1234
20130815	123	123	123	349.77923240506266	1234
20130815	123	123	123	386.9250102702263	1234
20130815	123	123	123	416.08909717876014	1234
20130815	123	123	123	455.2682299522131	1234
20130815	123	123	123	468.40236079516893	1234
20130815	123	123	123	508.46502003000364	1234
20130815	123	123	123	544.8612274006467	1234
20130815	123	123	123	552.1808008893338	1234
20130815	123	123	123	577.6931214254635	1234
20130815	123	123	123	590.8120313453198	1234
20130815	123	123	123	615.691902577183	1234
20130815	123	123	123	657.9150348069937	1234
20130815	123	123	123	642.3323991777214	1234
20130815	123	123	123	624.1201938325894	1234
20130815	123	123	123	613.421052631579	1234
20130815	123	123	123	567.083740430069	1234
20130815	123	123	123	499.39613730733606	1234
20130815	123	123	123	488.166819162571	1234
20130815	123	123	123	439.1495334694299	1234
20130815	123	123	123	438.3734394831926	1234
20130815	123	123	123	396.7242343364049	1234
20130815	123	123	123	372.6738054508217	1234
20130815	123	123	123	364.1793067475098	1234
20130815	123	123	123	335.45300476770694	1234
20130815	123	123	123	285.4190912114917	1234
20130815	123	123	123	256.8727856307816	1234
20130815	123	123	123	240.6858075200749	1234
20130815	123	123	123	213.47141016688207	1234
20130815	123	123	123	192.0	1234
20130815	123	123	123	198.77925089407745	1234
20130815	123	123	123	203.90895077088427	1234
20130815	123	123	123	207.62709956230472	1234
20130815	123	123	123	218.1916137809254	1234
20130815	123	123	123	223.84919604120006	1234
20130815	123	123	123	225.63157894736835	1234
20130815	123	123	123	232.0934941771902	1234
20130815	123	123	123	241.38988045819318	1234
20130815	123	123	123	247.33781546201422	1234
20130815	123	123	123	251.9767918311818	1234
20130815	123	123	123	255.9138413113785	1234
20130815	123	123	123	256.8169212753813	1234
20130815	123	123	123	259.30062939245533	1234
20130815	123	123	123	261.4413887285767	1234
20130815	123	123	123	254.18107070926703	1234
20130815	123	123	123	254.5376151855581	1234
20130815	123	123	123	243.85337292342174	1234
20130815	123	123	123	242.49244396036082	1234
20130815	123	123	123	239.14298689618155	1234
20130815	123	123	123	232.39556291134357	1234
20130815	123	123	123	225.69859034458574	1234
20130815	123	123	123	217.38924440556698	1234
20130815	123	123	123	215.78143707585548	1234
20130815	123	123	123	212.29061439891967	1234
20130815	123	123	123	209.2105263157895	1234
20130815	123	123	123	205.36842105263162	1234
20130815	123	123	123	200.81150724100735	1234
20130815	123	123	123	197.68421052631584	1234
20130815	123	123	123	192.53844903337816	1234
20130815	123	123	123	190.0	1234
20130815	123	123	123	11.213198709030666	1234
20130815	123	123	123	10.513538835261118	1234
20130815	123	123	123	18.11669353394185	1234
20130815	123	123	123	6.820180598673855	1234
20130815	123	123	123	5.535259382790616	1234
20130815	123	123	123	4.593881896243721	1234
20130815	123	123	123	1.8882281585708882	1234
20130815	123	123	123	16.59438868122595	1234
20130815	123	123	123	7.367226134211706	1234
20130815	123	123	123	17.31753804408449	1234
20130815	123	123	123	12.634527668932583	1234
20130815	123	123	123	16.8821327408561	1234
20130815	123	123	123	18.550327638451645	1234
20130815	123	123	123	11.359150226747605	1234
20130815	123	123	123	4.107186956631117	1234
20130815	123	123	123	9.590544571566133	1234
20130815	123	123	123	18.492349607518314	1234
20130815	123	123	123	15.165869486365198	1234
20130815	123	123	123	18.128827606206613	1234
20130815	123	123	123	1.1840884825346376	1234
20130815	123	123	123	15.605483608897217	1234
20130815	123	123	123	3.572836006948912	1234
20130815	123	123	123	13.598742292301315	1234
20130815	123	123	123	1.478267398018116	1234
20130815	123	123	123	1.2804316962920126	1234
20130815	123	123	123	17.54808784663553	1234
20130815	123	123	123	15.426459922873297	1234
20130815	123	123	123	10.343580169858829	1234
20130815	123	123	123	4.681076249764193	1234
20130815	123	123	123	10.731085837579936	1234