time startPrice highestPrice lowestPrice endPrice transactionCount
20130815	123	123	123	12.90954743956341	1234
20130815	123	123	123	3.6560152833138826	1234
20130815	123	123	123	10.343977392201712	1234
20130815	123	123	123	17.258986587768142	1234
20130815	123	123	123	17.675306867409418	1234
20130815	123	123	123	5.641229336040141	1234
20130815	123	123	123	9.562112747265816	1234
20130815	123	123	123	5.617393988032489	1234
20130815	123	123	123	17.832894542869372	1234
20130815	123	123	123	8.268420909095596	1234
20130815	123	123	123	2.176953975089899	1234
20130815	123	123	123	8.537729619327585	1234
20130815	123	123	123	15.828138780988015	1234
20130815	123	123	123	15.176584595513688	1234
20130815	123	123	123	1.1750541141257265	1234
20130815	123	123	123	9.109186136582581	1234
20130815	123	123	123	13.313402246563541	1234
20130815	123	123	123	11.94198151034887	1234
20130815	123	123	123	17.321992427647142	1234
20130815	123	123	123	2.4236186699390294	1234
20130815	123	123	123	3.372583657417967	1234
20130815	123	123	123	4.45701724860718	1234
20130815	123	123	123	7.616518630202549	1234
20130815	123	123	123	4.620895727466207	1234
20130815	123	123	123	5.131924608304439	1234
20130815	123	123	123	15.484870882338843	1234
20130815	123	123	123	2.1305660653244196	1234
20130815	123	123	123	0.27266511945280625	1234
20130815	123	123	123	10.242101683974735	1234
20130815	123	123	123	18.17711121051322	1234
20130815	123	123	123	190.57354236652364	1234
20130815	123	123	123	197.87551216812977	1234
20130815	123	123	123	198.7905235307231	1234
20130815	123	123	123	202.7582906405671	1234
20130815	123	123	123	209.43757703240672	1234
20130815	123	123	123	213.96631180536212	1234
20130815	123	123	123	219.47002371689834	1234
20130815	123	123	123	246.76877318211922	1234
20130815	123	123	123	258.8670695043633	1234
20130815	123	123	123	263.06555532929895	1234
20130815	123	123	123	265.9244993717021	1234
20130815	123	123	123	263.10526315789474	1234
20130815	123	123	123	258.96692359760203	1234
20130815	123	123	123	236.26982155083655	1234
20130815	123	123	123	234.82210006056445	1234
20130815	123	123	123	231.94736842105266	1234
20130815	123	123	123	221.636113850181	1234
20130815	123	123	123	208.69657476943073	1234
20130815	123	123	123	210.96416644901382	1234
20130815	123	123	123	205.31074800076948	1234
20130815	123	123	123	204.391757492801	1234
20130815	123	123	123	197.2362541519409	1234
20130815	123	123	123	193.73028176371565	1234
20130815	123	123	123	218.76147120756133	1234
20130815	123	123	123	226.4239893678089	1234
20130815	123	123	123	247.34984136007606	1234
20130815	123	123	123	268.9075102563644	1234
20130815	123	123	123	291.94736842105266	1234
20130815	123	123	123	332.72588879434227	1234
20130815	123	123	123	356.24281500928447	1234
20130815	123	123	123	366.1578947368422	1234
20130815	123	123	123	398.14692809588445	1234
20130815	123	123	123	420.19581778269094	1234
20130815	123	123	123	475.5603006355271	1234
20130815	123	123	123	476.0474731677814	1234
20130815	123	123	123	514.9897141560654	1234
20130815	123	123	123	534.611968165318	1234
20130815	123	123	123	583.5537113301407	1234
20130815	123	123	123	568.2609560465179	1234
20130815	123	123	123	588.7894736842106	1234
20130815	123	123	123	623.0692770001564	1234
20130815	123	123	123	638.2631578947369	1234
20130815	123	123	123	656.0394184775718	1234
20130815	123	123	123	637.3556108638787	1234
20130815	123	123	123	608.8877099084793	1234
20130815	123	123	123	560.352859804624	1234
20130815	123	123	123	526.0494105185727	1234
20130815	123	123	123	518.1822061466365	1234
20130815	123	123	123	514.2631578947369	1234
20130815	123	123	123	449.73729215002584	1234
20130815	123	123	123	464.68421052631584	1234
20130815	123	123	123	424.26693684785073	1234
20130815	123	123	123	415.1052631578948	1234
20130815	123	123	123	352.0459202229839	1234
20130815	123	123	123	318.72907051907555	1234
20130815	123	123	123	315.9473684210527	1234
20130815	123	123	123	273.9065254820299	1234
20130815	123	123	123	250.1197437183532	1234
20130815	123	123	123	221.38832374972424	1234
20130815	123	123	123	194.98310024705478	1234
20130815	123	123	123	195.90674832432558	1234
20130815	123	123	123	202.0625335372232	1234
20130815	123	123	123	208.88199642107153	1234
20130815	123	123	123	209.0715347278601	1234
20130815	123	123	123	215.72882681336827	1234
20130815	123	123	123	218.0972475923681	1234
20130815	123	123	123	222.07970774989244	1234
20130815	123	123	123	225.25677148593687	1234
20130815	123	123	123	228.63266376071482	1234
20130815	123	123	123	230.1531835847642	1234
20130815	123	123	123	253.88369461216845	1234
20130815	123	123	123	263.9805921272092	1234
20130815	123	123	123	264.4179526368106	1234
20130815	123	123	123	260.3257113135739	1234
20130815	123	123	123	255.94286621533882	1234
20130815	123	123	123	251.4008073772401	1234
20130815	123	123	123	251.4736842105263	1234
20130815	123	123	123	244.22252180474558	1234
20130815	123	123	123	236.12672812897705	1234
20130815	123	123	123	233.99948208102555	1234
20130815	123	123	123	226.0211049246203	1234
20130815	123	123	123	220.3402131738324	1234
20130815	123	123	123	218.03564104884256	1234
20130815	123	123	123	213.64706426923038	1234
20130815	123	123	123	210.73509946440421	1234
20130815	123	123	123	206.03192417492707	1234
20130815	123	123	123	197.8375436831142	1234
20130815	123	123	123	194.9249693707855	1234
20130815	123	123	123	192.4156645710441	1234
20130815	123	123	123	190.0	1234
20130815	123	123	123	17.206933634502725	1234
20130815	123	123	123	12.956213454833103	1234
20130815	123	123	123	10.97097355599616	1234
20130815	123	123	123	2.001688045691703	1234
20130815	123	123	123	2.302846334501276	1234
20130815	123	123	123	2.092768855878513	1234
20130815	123	123	123	3.0252789501426647	1234
20130815	123	123	123	11.313838571774617	1234
20130815	123	123	123	0.20900762095872327	1234
20130815	123	123	123	5.472237467320178	1234
20130815	123	123	123	2.7234709158774195	1234
20130815	123	123	123	9.712614254199687	1234
20130815	123	123	123	5.940164209705408	1234
20130815	123	123	123	1.3590278506753228	1234
20130815	123	123	123	7.7707912917023485	1234
20130815	123	123	123	4.360879049310946	1234
20130815	123	123	123	8.284611181018457	1234
20130815	123	123	123	16.671276631639536	1234
20130815	123	123	123	3.6415856780030653	1234
20130815	123	123	123	13.606797956565371	1234
20130815	123	123	123	9.816468491828243	1234
20130815	123	123	123	18.448435165305327	1234
20130815	123	123	123	13.452772345484437	1234
20130815	123	123	123	18.52997800603827	1234
20130815	123	123	123	6.115968763423069	1234
20130815	123	123	123	14.669847157530834	1234
20130815	123	123	123	8.216284778537696	1234
20130815	123	123	123	4.445593132344518	1234
20130815	123	123	123	3.009403642941324	1234
20130815	123	123	123	17.45958510264535	1234