time startPrice highestPrice lowestPrice endPrice transactionCount
20130815	123	123	123	10.632246880638782	1234
20130815	123	123	123	12.870510615986694	1234
20130815	123	123	123	19.266330911885547	1234
20130815	123	123	123	6.42473158193795	1234
20130815	123	123	123	0.12445395963119887	1234
20130815	123	123	123	10.623582474006252	1234
20130815	123	123	123	3.912547854715074	1234
20130815	123	123	123	11.330970160343885	1234
20130815	123	123	123	5.124664314970686	1234
20130815	123	123	123	2.9685754672858877	1234
20130815	123	123	123	16.600191709000473	1234
20130815	123	123	123	10.649997022956615	1234
20130815	123	123	123	7.5934982012463115	1234
20130815	123	123	123	17.30125759840045	1234
20130815	123	123	123	9.891200769120454	1234
20130815	123	123	123	12.083624440237026	1234
20130815	123	123	123	3.961989795473546	1234
20130815	123	123	123	9.944584567306602	1234
20130815	123	123	123	1.0152998213486453	1234
20130815	123	123	123	2.6310130707649737	1234
20130815	123	123	123	1.1820632203163006	1234
20130815	123	123	123	19.41521525333299	1234
20130815	123	123	123	15.879658158937659	1234
20130815	123	123	123	13.082269634804753	1234
20130815	123	123	123	0.9129359661415637	1234
20130815	123	123	123	1.9410956027103254	1234
20130815	123	123	123	12.185244735291736	1234
20130815	123	123	123	1.8496033081744812	1234
20130815	123	123	123	18.301583448511984	1234
20130815	123	123	123	0.14625684308791742	1234
20130815	123	123	123	190.0	1234
20130815	123	123	123	200.19408702717305	1234
20130815	123	123	123	206.62801750933258	1234
20130815	123	123	123	208.94839755025066	1234
20130815	123	123	123	210.4634511960738	1234
20130815	123	123	123	219.08757586247364	1234
20130815	123	123	123	223.85896663355717	1234
20130815	123	123	123	229.2635574871763	1234
20130815	123	123	123	231.1181091871529	1234
20130815	123	123	123	237.10610624325358	1234
20130815	123	123	123	241.6716943900063	1234
20130815	123	123	123	247.51337318490937	1234
20130815	123	123	123	250.5149031646351	1234
20130815	123	123	123	254.13805497792984	1234
20130815	123	123	123	261.49147151287207	1234
20130815	123	123	123	267.0	1234
20130815	123	123	123	260.10380771843086	1234
20130815	123	123	123	255.6137392152478	1234
20130815	123	123	123	255.31578947368422	1234
20130815	123	123	123	243.922488759419	1234
20130815	123	123	123	240.8022848827133	1234
20130815	123	123	123	234.0407279096284	1234
20130815	123	123	123	228.8380935130451	1234
20130815	123	123	123	229.9905596611017	1234
20130815	123	123	123	223.20386978552517	1234
20130815	123	123	123	215.82576312178963	1234
20130815	123	123	123	207.17958590021982	1234
20130815	123	123	123	196.8040683270356	1234
20130815	123	123	123	209.39308429413506	1234
20130815	123	123	123	242.4736842105263	1234
20130815	123	123	123	275.3406321667132	1234
20130815	123	123	123	292.15997593546706	1234
20130815	123	123	123	323.8396912140411	1234
20130815	123	123	123	357.4438876726241	1234
20130815	123	123	123	373.4628729739552	1234
20130815	123	123	123	390.8947368421054	1234
20130815	123	123	123	449.27287598263166	1234
20130815	123	123	123	460.5491080502331	1234
20130815	123	123	123	478.1997847704524	1234
20130815	123	123	123	513.3029825648607	1234
20130815	123	123	123	532.3271833377427	1234
20130815	123	123	123	552.3422714627112	1234
20130815	123	123	123	602.310619467239	1234
20130815	123	123	123	589.6761863214215	1234
20130815	123	123	123	616.7186761182895	1234
20130815	123	123	123	643.2510360611664	1234
20130815	123	123	123	662.8963965387975	1234
20130815	123	123	123	605.2690013904114	1234
20130815	123	123	123	593.9848588344355	1234
20130815	123	123	123	576.2269214705344	1234
20130815	123	123	123	560.5497997032435	1234
20130815	123	123	123	532.4652505966984	1234
20130815	123	123	123	504.5259005137813	1234
20130815	123	123	123	469.311702679713	1234
20130815	123	123	123	398.025077678332	1234
20130815	123	123	123	280.8484206831034	1234
20130815	123	123	123	275.68950794541723	1234
20130815	123	123	123	236.83544405978654	1234
20130815	123	123	123	189.52265948212818	1234
20130815	123	123	123	194.95206914452004	1234
20130815	123	123	123	195.73684210526315	1234
20130815	123	123	123	201.7395943745281	1234
20130815	123	123	123	208.73881343701487	1234
20130815	123	123	123	212.3964499976104	1234
20130815	123	123	123	216.86923088624266	1234
20130815	123	123	123	221.82374701080843	1234
20130815	123	123	123	223.59458505209108	1234
20130815	123	123	123	238.455938878344	1234
20130815	123	123	123	235.2519306594753	1234
20130815	123	123	123	238.20042615572788	1234
20130815	123	123	123	245.78950566965133	1234
20130815	123	123	123	248.94319125964122	1234
20130815	123	123	123	252.27157669901894	1234
20130815	123	123	123	257.0893435636259	1234
20130815	123	123	123	261.35947813354346	1234
20130815	123	123	123	252.63010496668105	1234
20130815	123	123	123	247.11486424656275	1234
20130815	123	123	123	246.86335883581853	1234
20130815	123	123	123	243.78947368421052	1234
20130815	123	123	123	233.61897248014733	1234
20130815	123	123	123	227.20715510101093	1234
20130815	123	123	123	224.51881364797737	1234
20130815	123	123	123	216.39912214049033	1234
20130815	123	123	123	212.44177522799507	1234
20130815	123	123	123	207.47426088960742	1234
20130815	123	123	123	206.92648197415792	1234
20130815	123	123	123	202.54733586194118	1234
20130815	123	123	123	201.52631578947373	1234
20130815	123	123	123	190.00141834525803	1234
20130815	123	123	123	190.0	1234
20130815	123	123	123	13.156831369281917	1234
20130815	123	123	123	4.179130105288509	1234
20130815	123	123	123	0.19429505115236667	1234
20130815	123	123	123	15.604110923053467	1234
20130815	123	123	123	10.835012806252657	1234
20130815	123	123	123	4.134076833443025	1234
20130815	123	123	123	9.120273363097613	1234
20130815	123	123	123	3.8707063484298954	1234
20130815	123	123	123	18.44501349876466	1234
20130815	123	123	123	16.212779970983558	1234
20130815	123	123	123	4.01711332788101	1234
20130815	123	123	123	6.64454026098297	1234
20130815	123	123	123	5.0484554681952005	1234
20130815	123	123	123	11.06255130992362	1234
20130815	123	123	123	16.42192774457005	1234
20130815	123	123	123	19.859694701918166	1234
20130815	123	123	123	12.500673118252292	1234
20130815	123	123	123	5.473111538652427	1234
20130815	123	123	123	11.730770290211535	1234
20130815	123	123	123	8.80421274520449	1234
20130815	123	123	123	14.677563002976095	1234
20130815	123	123	123	0.6809755564027165	1234
20130815	123	123	123	19.132932205450896	1234
20130815	123	123	123	1.7657958936348095	1234
20130815	123	123	123	12.002364802107268	1234
20130815	123	123	123	14.988813840715675	1234
20130815	123	123	123	10.955579791959373	1234
20130815	123	123	123	2.2420454843187	1234
20130815	123	123	123	0.49417309893815986	1234
20130815	123	123	123	16.801471342813926	1234