time startPrice highestPrice lowestPrice endPrice transactionCount
20130815	123	123	123	7.793555680687176	1234
20130815	123	123	123	0.9820850550594384	1234
20130815	123	123	123	1.9927286323943738	1234
20130815	123	123	123	15.961912105759719	1234
20130815	123	123	123	9.41595393416855	1234
20130815	123	123	123	15.506295401864147	1234
20130815	123	123	123	11.34366062617919	1234
20130815	123	123	123	19.43304194461113	1234
20130815	123	123	123	1.0092848434133006	1234
20130815	123	123	123	14.763269095057938	1234
20130815	123	123	123	18.306855403123492	1234
20130815	123	123	123	6.083654865195496	1234
20130815	123	123	123	3.2803394625257076	1234
20130815	123	123	123	3.6773682628527316	1234
20130815	123	123	123	2.5078940012777307	1234
20130815	123	123	123	10.954762473455379	1234
20130815	123	123	123	18.73783823979761	1234
20130815	123	123	123	2.0890862355308837	1234
20130815	123	123	123	16.271597119767982	1234
20130815	123	123	123	19.713042800913126	1234
20130815	123	123	123	17.876000802261668	1234
20130815	123	123	123	2.7191698481113713	1234
20130815	123	123	123	7.759532213455886	1234
20130815	123	123	123	8.853398659334214	1234
20130815	123	123	123	7.743315039211989	1234
20130815	123	123	123	5.681909284423132	1234
20130815	123	123	123	7.639261624587346	1234
20130815	123	123	123	17.994200658279986	1234
20130815	123	123	123	7.518688904552633	1234
20130815	123	123	123	7.6902980382366675	1234
20130815	123	123	123	194.19737727691404	1234
20130815	123	123	123	196.1380214551905	1234
20130815	123	123	123	200.17861065285737	1234
20130815	123	123	123	202.90948836716194	1234
20130815	123	123	123	212.64579908721223	1234
20130815	123	123	123	221.1286539067417	1234
20130815	123	123	123	228.90553237716176	1234
20130815	123	123	123	236.23098851309499	1234
20130815	123	123	123	249.6021805304027	1234
20130815	123	123	123	257.6647456966467	1234
20130815	123	123	123	267.3076876657159	1234
20130815	123	123	123	267.0	1234
20130815	123	123	123	258.02291393605617	1234
20130815	123	123	123	253.19944049734275	1234
20130815	123	123	123	255.31578947368422	1234
20130815	123	123	123	250.47509792736582	1234
20130815	123	123	123	245.9171825227995	1234
20130815	123	123	123	237.9148681509188	1234
20130815	123	123	123	234.07844700867906	1234
20130815	123	123	123	231.3305589719815	1234
20130815	123	123	123	227.98898107770563	1234
20130815	123	123	123	220.0667659173629	1234
20130815	123	123	123	218.3424478979606	1234
20130815	123	123	123	212.88035466281804	1234
20130815	123	123	123	206.04766639253657	1234
20130815	123	123	123	207.11418649741594	1234
20130815	123	123	123	202.8386421009035	1234
20130815	123	123	123	193.99859174291393	1234
20130815	123	123	123	234.23820140611642	1234
20130815	123	123	123	222.37574703244542	1234
20130815	123	123	123	263.9105993623489	1234
20130815	123	123	123	281.03983860914127	1234
20130815	123	123	123	292.97346538856755	1234
20130815	123	123	123	324.67896994592843	1234
20130815	123	123	123	361.4330558421751	1234
20130815	123	123	123	389.6412026807943	1234
20130815	123	123	123	403.641164847329	1234
20130815	123	123	123	427.63881740783853	1234
20130815	123	123	123	472.54355629341126	1234
20130815	123	123	123	467.7354956785926	1234
20130815	123	123	123	497.9087406002415	1234
20130815	123	123	123	520.9397408412715	1234
20130815	123	123	123	566.1331198360584	1234
20130815	123	123	123	597.5071907203971	1234
20130815	123	123	123	588.8059798219639	1234
20130815	123	123	123	628.8599078556429	1234
20130815	123	123	123	638.2631578947369	1234
20130815	123	123	123	647.507481125798	1234
20130815	123	123	123	626.3672830920071	1234
20130815	123	123	123	596.8058396431361	1234
20130815	123	123	123	554.8902781843426	1234
20130815	123	123	123	556.131687087334	1234
20130815	123	123	123	515.9039965987804	1234
20130815	123	123	123	485.369875368273	1234
20130815	123	123	123	485.77884458105433	1234
20130815	123	123	123	463.7491896061261	1234
20130815	123	123	123	431.31811842396263	1234
20130815	123	123	123	415.1052631578948	1234
20130815	123	123	123	372.26695970573775	1234
20130815	123	123	123	346.163035097932	1234
20130815	123	123	123	311.20763014732813	1234
20130815	123	123	123	281.4428054411083	1234
20130815	123	123	123	290.34585898498113	1234
20130815	123	123	123	237.16591987753526	1234
20130815	123	123	123	216.0463032356189	1234
20130815	123	123	123	192.0	1234
20130815	123	123	123	202.86435049483077	1234
20130815	123	123	123	203.67886297601166	1234
20130815	123	123	123	211.91933388486197	1234
20130815	123	123	123	210.7532066054454	1234
20130815	123	123	123	214.4210526315789	1234
20130815	123	123	123	221.45401335070167	1234
20130815	123	123	123	228.65427977843103	1234
20130815	123	123	123	232.4596185588723	1234
20130815	123	123	123	233.9605868172124	1234
20130815	123	123	123	236.8421052631578	1234
20130815	123	123	123	248.48249534204044	1234
20130815	123	123	123	248.7143348342308	1234
20130815	123	123	123	256.32896371502454	1234
20130815	123	123	123	259.67620996319056	1234
20130815	123	123	123	260.09566818869075	1234
20130815	123	123	123	257.6217021205514	1234
20130815	123	123	123	242.47002999034873	1234
20130815	123	123	123	231.7314182285419	1234
20130815	123	123	123	223.4687422874001	1234
20130815	123	123	123	218.5610063312552	1234
20130815	123	123	123	214.8468759421502	1234
20130815	123	123	123	197.52333353045478	1234
20130815	123	123	123	192.555927188919	1234
20130815	123	123	123	190.0	1234
20130815	123	123	123	9.581353033413455	1234
20130815	123	123	123	13.159872627106884	1234
20130815	123	123	123	5.346097548928737	1234
20130815	123	123	123	5.130914408725015	1234
20130815	123	123	123	13.57157659123317	1234
20130815	123	123	123	12.54312245296742	1234
20130815	123	123	123	3.432717227077846	1234
20130815	123	123	123	19.346540966218235	1234
20130815	123	123	123	12.842131240259135	1234
20130815	123	123	123	16.96178771082215	1234
20130815	123	123	123	14.294466039513365	1234
20130815	123	123	123	9.749691605798734	1234
20130815	123	123	123	10.167124069105268	1234
20130815	123	123	123	16.07292013782783	1234
20130815	123	123	123	10.036764427852772	1234
20130815	123	123	123	5.800365793431482	1234
20130815	123	123	123	7.333965275875554	1234
20130815	123	123	123	8.37938225121232	1234
20130815	123	123	123	8.68724088214992	1234
20130815	123	123	123	2.4165196478449036	1234
20130815	123	123	123	2.793714031183554	1234
20130815	123	123	123	18.161894385530225	1234
20130815	123	123	123	6.851012522300528	1234
20130815	123	123	123	5.045884417443105	1234
20130815	123	123	123	16.80984838116987	1234
20130815	123	123	123	15.692122521785667	1234
20130815	123	123	123	16.338075620705634	1234
20130815	123	123	123	0.41293103152731714	1234
20130815	123	123	123	0.866310433979236	1234
20130815	123	123	123	8.430051398471008	1234