time startPrice highestPrice lowestPrice endPrice transactionCount
20130815	123	123	123	15.603954364143547	1234
20130815	123	123	123	11.615905419894911	1234
20130815	123	123	123	3.496244147664176	1234
20130815	123	123	123	17.48934917100805	1234
20130815	123	123	123	18.57534233950744	1234
20130815	123	123	123	6.139168658137697	1234
20130815	123	123	123	18.25562658505942	1234
20130815	123	123	123	15.130607254368481	1234
20130815	123	123	123	1.7070469224928475	1234
20130815	123	123	123	6.741846152936002	1234
20130815	123	123	123	13.465177908962024	1234
20130815	123	123	123	2.1505264002752345	1234
20130815	123	123	123	17.351094626885033	1234
20130815	123	123	123	15.676364310395181	1234
20130815	123	123	123	19.251017050611253	1234
20130815	123	123	123	14.677873812159966	1234
20130815	123	123	123	7.467784937213118	1234
20130815	123	123	123	12.763360178294015	1234
20130815	123	123	123	14.983452139892377	1234
20130815	123	123	123	10.497733847089805	1234
20130815	123	123	123	7.443478726639954	1234
20130815	123	123	123	8.55243453842942	1234
20130815	123	123	123	11.429622457963033	1234
20130815	123	123	123	4.603591999889223	1234
20130815	123	123	123	1.134528630071454	1234
20130815	123	123	123	15.143518911082793	1234
20130815	123	123	123	18.452660417874434	1234
20130815	123	123	123	6.205501771263398	1234
20130815	123	123	123	16.38844513347132	1234
20130815	123	123	123	8.846721225418312	1234
20130815	123	123	123	190.003964201772	1234
20130815	123	123	123	198.3660792409942	1234
20130815	123	123	123	208.27312777336297	1234
20130815	123	123	123	213.3808814384691	1234
20130815	123	123	123	218.24935130370827	1234
20130815	123	123	123	218.54179410444166	1234
20130815	123	123	123	234.21273947484102	1234
20130815	123	123	123	235.1828376499288	1234
20130815	123	123	123	241.02676460166708	1234
20130815	123	123	123	243.52604321239136	1234
20130815	123	123	123	249.37347750527013	1234
20130815	123	123	123	255.05611274496715	1234
20130815	123	123	123	255.92933266442824	1234
20130815	123	123	123	262.06432295663626	1234
20130815	123	123	123	265.6780232914769	1234
20130815	123	123	123	255.20500695200053	1234
20130815	123	123	123	256.7895175626815	1234
20130815	123	123	123	250.5055184426256	1234
20130815	123	123	123	251.42105263157896	1234
20130815	123	123	123	244.34730344194733	1234
20130815	123	123	123	239.73684210526318	1234
20130815	123	123	123	232.3267612580079	1234
20130815	123	123	123	224.99093233663004	1234
20130815	123	123	123	224.05277120023237	1234
20130815	123	123	123	214.7668962596797	1234
20130815	123	123	123	208.47749752188238	1234
20130815	123	123	123	194.75234464509674	1234
20130815	123	123	123	216.99502464854515	1234
20130815	123	123	123	217.73684210526315	1234
20130815	123	123	123	245.83490165041945	1234
20130815	123	123	123	285.27974516938366	1234
20130815	123	123	123	334.36961069432755	1234
20130815	123	123	123	361.67776193209835	1234
20130815	123	123	123	366.1578947368422	1234
20130815	123	123	123	427.20080979128807	1234
20130815	123	123	123	425.80158183313	1234
20130815	123	123	123	443.1807762895354	1234
20130815	123	123	123	474.9300841260166	1234
20130815	123	123	123	509.1778178554518	1234
20130815	123	123	123	519.3349963341593	1234
20130815	123	123	123	601.9253603151662	1234
20130815	123	123	123	589.6722627405168	1234
20130815	123	123	123	629.9417866908213	1234
20130815	123	123	123	667.9971218949745	1234
20130815	123	123	123	656.2449923141198	1234
20130815	123	123	123	604.1618616363816	1234
20130815	123	123	123	609.1019757454108	1234
20130815	123	123	123	587.6781557976431	1234
20130815	123	123	123	554.6938107520025	1234
20130815	123	123	123	496.90575277208893	1234
20130815	123	123	123	503.26031369784783	1234
20130815	123	123	123	477.66468472760243	1234
20130815	123	123	123	457.3776126632991	1234
20130815	123	123	123	427.1651864689646	1234
20130815	123	123	123	407.8320684525702	1234
20130815	123	123	123	376.21864717373285	1234
20130815	123	123	123	330.67767226218587	1234
20130815	123	123	123	315.1627006419728	1234
20130815	123	123	123	287.89779912320324	1234
20130815	123	123	123	270.8640633500235	1234
20130815	123	123	123	259.0342406765792	1234
20130815	123	123	123	233.99246371703987	1234
20130815	123	123	123	195.56148262418236	1234
20130815	123	123	123	197.0092490656006	1234
20130815	123	123	123	202.2831041414324	1234
20130815	123	123	123	220.01821364911785	1234
20130815	123	123	123	214.4210526315789	1234
20130815	123	123	123	220.4030999099365	1234
20130815	123	123	123	225.07942141187112	1234
20130815	123	123	123	229.69954527703834	1234
20130815	123	123	123	241.79452039312224	1234
20130815	123	123	123	244.3157894736841	1234
20130815	123	123	123	253.34050877473476	1234
20130815	123	123	123	261.6929563463938	1234
20130815	123	123	123	263.41315958449434	1234
20130815	123	123	123	252.34830866154135	1234
20130815	123	123	123	254.27580975085255	1234
20130815	123	123	123	251.4736842105263	1234
20130815	123	123	123	242.57831608957937	1234
20130815	123	123	123	234.52210115464095	1234
20130815	123	123	123	229.75622188645923	1234
20130815	123	123	123	226.31468624315687	1234
20130815	123	123	123	213.259210756038	1234
20130815	123	123	123	210.34868963183382	1234
20130815	123	123	123	208.9583129447693	1234
20130815	123	123	123	202.31745225979662	1234
20130815	123	123	123	197.28775268680405	1234
20130815	123	123	123	193.82080271550083	1234
20130815	123	123	123	191.5356651775342	1234
20130815	123	123	123	190.0	1234
20130815	123	123	123	2.2447877293414598	1234
20130815	123	123	123	3.686652258133678	1234
20130815	123	123	123	3.047306737636617	1234
20130815	123	123	123	8.018655788435503	1234
20130815	123	123	123	7.898186389418029	1234
20130815	123	123	123	14.723302489433138	1234
20130815	123	123	123	11.317322558134643	1234
20130815	123	123	123	6.698429777726636	1234
20130815	123	123	123	8.05888138639224	1234
20130815	123	123	123	7.630698140571377	1234
20130815	123	123	123	7.392368252834904	1234
20130815	123	123	123	10.076609364505808	1234
20130815	123	123	123	16.475279732981633	1234
20130815	123	123	123	6.970256666171865	1234
20130815	123	123	123	5.348212018216287	1234
20130815	123	123	123	11.365652651433983	1234
20130815	123	123	123	16.44441803397593	1234
20130815	123	123	123	1.5509489196804904	1234
20130815	123	123	123	19.578071268871962	1234
20130815	123	123	123	11.300436631759307	1234
20130815	123	123	123	18.475378242843682	1234
20130815	123	123	123	16.18047381631355	1234
20130815	123	123	123	10.419025754171095	1234
20130815	123	123	123	11.282685119195094	1234
20130815	123	123	123	18.93073380311793	1234
20130815	123	123	123	9.869466282563067	1234
20130815	123	123	123	7.122734969765993	1234
20130815	123	123	123	9.093235846894352	1234
20130815	123	123	123	1.9732973284875799	1234
20130815	123	123	123	2.6646515633100343	1234