time startPrice highestPrice lowestPrice endPrice transactionCount
20130815	123	123	123	11.517952848215852	1234
20130815	123	123	123	13.503201772699247	1234
20130815	123	123	123	6.088418943641569	1234
20130815	123	123	123	10.448963594704459	1234
20130815	123	123	123	4.253671393209853	1234
20130815	123	123	123	15.539184114986867	1234
20130815	123	123	123	10.543315680352665	1234
20130815	123	123	123	2.523908385135154	1234
20130815	123	123	123	17.285416302349013	1234
20130815	123	123	123	9.784105712409621	1234
20130815	123	123	123	4.23478310197579	1234
20130815	123	123	123	13.109934201637873	1234
20130815	123	123	123	9.486650786137565	1234
20130815	123	123	123	18.430959779776035	1234
20130815	123	123	123	11.713732592632953	1234
20130815	123	123	123	5.715232185464314	1234
20130815	123	123	123	6.797849633311122	1234
20130815	123	123	123	18.781133972670336	1234
20130815	123	123	123	1.3631356514248028	1234
20130815	123	123	123	12.189621695130926	1234
20130815	123	123	123	14.935127766916555	1234
20130815	123	123	123	10.490092945456745	1234
20130815	123	123	123	3.8902414164920063	1234
20130815	123	123	123	13.228261719083662	1234
20130815	123	123	123	10.527155431077462	1234
20130815	123	123	123	14.19926282404042	1234
20130815	123	123	123	15.051826021697686	1234
20130815	123	123	123	19.916408155208728	1234
20130815	123	123	123	6.650213490110508	1234
20130815	123	123	123	1.2007269245697616	1234
20130815	123	123	123	194.92083014963524	1234
20130815	123	123	123	197.42074624628628	1234
20130815	123	123	123	199.93730988391607	1234
20130815	123	123	123	212.307938372617	1234
20130815	123	123	123	214.31578947368422	1234
20130815	123	123	123	218.3684210526316	1234
20130815	123	123	123	222.42105263157896	1234
20130815	123	123	123	234.8537884289453	1234
20130815	123	123	123	237.52458461193632	1234
20130815	123	123	123	244.06638261494564	1234
20130815	123	123	123	255.38264936118523	1234
20130815	123	123	123	258.82279833858735	1234
20130815	123	123	123	259.392098573699	1234
20130815	123	123	123	266.83274511581334	1234
20130815	123	123	123	264.0248539623189	1234
20130815	123	123	123	262.91657198973826	1234
20130815	123	123	123	258.1682650540578	1234
20130815	123	123	123	253.14128338676824	1234
20130815	123	123	123	248.4476730471249	1234
20130815	123	123	123	242.3922516300267	1234
20130815	123	123	123	238.56786580387427	1234
20130815	123	123	123	233.03220320329444	1234
20130815	123	123	123	227.56691578031848	1234
20130815	123	123	123	226.62930750647314	1234
20130815	123	123	123	220.34896163961747	1234
20130815	123	123	123	212.55560501072847	1234
20130815	123	123	123	212.47368421052636	1234
20130815	123	123	123	194.56036614143173	1234
20130815	123	123	123	222.52977883939167	1234
20130815	123	123	123	233.3178212484355	1234
20130815	123	123	123	290.75576550587016	1234
20130815	123	123	123	311.13247323167354	1234
20130815	123	123	123	326.20135056456735	1234
20130815	123	123	123	353.5078180771685	1234
20130815	123	123	123	403.0239967580482	1234
20130815	123	123	123	398.92323406650354	1234
20130815	123	123	123	434.1721356351822	1234
20130815	123	123	123	451.8819762793891	1234
20130815	123	123	123	471.5671819036117	1234
20130815	123	123	123	504.2609230736065	1234
20130815	123	123	123	527.3981350079887	1234
20130815	123	123	123	573.701466910593	1234
20130815	123	123	123	583.8719954533942	1234
20130815	123	123	123	615.341070495838	1234
20130815	123	123	123	631.7920150307492	1234
20130815	123	123	123	647.4072242297073	1234
20130815	123	123	123	663.0	1234
20130815	123	123	123	615.054805160875	1234
20130815	123	123	123	610.185829533399	1234
20130815	123	123	123	579.4670303672476	1234
20130815	123	123	123	554.4101810541442	1234
20130815	123	123	123	523.5433301713387	1234
20130815	123	123	123	505.241751138296	1234
20130815	123	123	123	484.30637708235554	1234
20130815	123	123	123	458.61869045685444	1234
20130815	123	123	123	434.10474916242595	1234
20130815	123	123	123	415.1052631578948	1234
20130815	123	123	123	378.1649845387946	1234
20130815	123	123	123	321.60127766661196	1234
20130815	123	123	123	340.73684210526324	1234
20130815	123	123	123	315.9113548062422	1234
20130815	123	123	123	285.74287931930553	1234
20130815	123	123	123	209.7110147825756	1234
20130815	123	123	123	194.69916071850224	1234
20130815	123	123	123	208.4976191823909	1234
20130815	123	123	123	209.78557817315672	1234
20130815	123	123	123	221.01912171807487	1234
20130815	123	123	123	235.41128332170507	1234
20130815	123	123	123	239.1649436934619	1234
20130815	123	123	123	241.72666071071865	1234
20130815	123	123	123	244.91427839871758	1234
20130815	123	123	123	253.43986913874468	1234
20130815	123	123	123	256.7981147901366	1234
20130815	123	123	123	259.2631578947367	1234
20130815	123	123	123	260.7578912105345	1234
20130815	123	123	123	249.12333585303892	1234
20130815	123	123	123	247.97144487734823	1234
20130815	123	123	123	239.86261588270602	1234
20130815	123	123	123	236.9777584428344	1234
20130815	123	123	123	224.13833862930343	1234
20130815	123	123	123	228.42105263157896	1234
20130815	123	123	123	222.8679962920521	1234
20130815	123	123	123	220.73684210526318	1234
20130815	123	123	123	213.55244185973788	1234
20130815	123	123	123	212.75272247993146	1234
20130815	123	123	123	208.08559224002263	1234
20130815	123	123	123	199.8310155139684	1234
20130815	123	123	123	196.33791402539174	1234
20130815	123	123	123	192.4521117536028	1234
20130815	123	123	123	190.0	1234
20130815	123	123	123	0.8186577583010779	1234
20130815	123	123	123	15.776285295985709	1234
20130815	123	123	123	16.485133002563778	1234
20130815	123	123	123	17.941495966592658	1234
20130815	123	123	123	10.001756834627225	1234
20130815	123	123	123	4.499779623960924	1234
20130815	123	123	123	9.698794156102664	1234
20130815	123	123	123	1.4592679441638556	1234
20130815	123	123	123	19.304440194997724	1234
20130815	123	123	123	12.398331439067656	1234
20130815	123	123	123	10.156738725795432	1234
20130815	123	123	123	2.2517552480168446	1234
20130815	123	123	123	8.830547427284756	1234
20130815	123	123	123	16.574054077953978	1234
20130815	123	123	123	0.7023808623081318	1234
20130815	123	123	123	19.616811098721968	1234
20130815	123	123	123	12.270648918826286	1234
20130815	123	123	123	9.913761678688592	1234
20130815	123	123	123	0.9921869663058303	1234
20130815	123	123	123	11.160742795449561	1234
20130815	123	123	123	5.304442113094307	1234
20130815	123	123	123	12.230248301067885	1234
20130815	123	123	123	7.755116531197885	1234
20130815	123	123	123	2.9573527273102895	1234
20130815	123	123	123	8.19895729932304	1234
20130815	123	123	123	13.222814361734267	1234
20130815	123	123	123	13.34851342768449	1234
20130815	123	123	123	19.75041294529995	1234
20130815	123	123	123	4.148582985330234	1234
20130815	123	123	123	7.401698367806975	1234