time startPrice highestPrice lowestPrice endPrice transactionCount
20130815	123	123	123	15.701586454126025	1234
20130815	123	123	123	13.710475499537033	1234
20130815	123	123	123	4.536605847876278	1234
20130815	123	123	123	16.984211393908375	1234
20130815	123	123	123	4.456933499444206	1234
20130815	123	123	123	19.061875094886442	1234
20130815	123	123	123	16.31220465407218	1234
20130815	123	123	123	8.541985483361866	1234
20130815	123	123	123	7.730963066536994	1234
20130815	123	123	123	9.283036176413354	1234
20130815	123	123	123	12.295788424471867	1234
20130815	123	123	123	9.268810649022365	1234
20130815	123	123	123	6.197981934310124	1234
20130815	123	123	123	16.868364408947777	1234
20130815	123	123	123	11.045195945531585	1234
20130815	123	123	123	9.065885278142321	1234
20130815	123	123	123	5.781052336960213	1234
20130815	123	123	123	7.519000766809945	1234
20130815	123	123	123	0.7781082229214431	1234
20130815	123	123	123	0.9607129096676337	1234
20130815	123	123	123	7.088391527000784	1234
20130815	123	123	123	6.900241511516256	1234
20130815	123	123	123	16.64556120202431	1234
20130815	123	123	123	13.77421969715991	1234
20130815	123	123	123	12.038438055552088	1234
20130815	123	123	123	15.18713846154019	1234
20130815	123	123	123	13.508641971707076	1234
20130815	123	123	123	0.7562944040470687	1234
20130815	123	123	123	6.319207307345964	1234
20130815	123	123	123	0.0019184114929471363	1234
20130815	123	123	123	202.94659067251948	1234
20130815	123	123	123	209.8259631363993	1234
20130815	123	123	123	213.1716408564588	1234
20130815	123	123	123	218.1200175548774	1234
20130815	123	123	123	218.8281466250947	1234
20130815	123	123	123	223.56256945548364	1234
20130815	123	123	123	231.27383379204906	1234
20130815	123	123	123	231.89891177502003	1234
20130815	123	123	123	241.3035226855235	1234
20130815	123	123	123	244.30900396898966	1234
20130815	123	123	123	256.3606939573075	1234
20130815	123	123	123	258.89473684210526	1234
20130815	123	123	123	268.1345394250113	1234
20130815	123	123	123	266.68942984207126	1234
20130815	123	123	123	263.10526315789474	1234
20130815	123	123	123	251.50739239667183	1234
20130815	123	123	123	243.7441838366334	1234
20130815	123	123	123	242.19950323208	1234
20130815	123	123	123	237.6629704002165	1234
20130815	123	123	123	234.90643709285422	1234
20130815	123	123	123	230.77479305118072	1234
20130815	123	123	123	223.58910145376473	1234
20130815	123	123	123	212.92201131023936	1234
20130815	123	123	123	189.60181384818276	1234
20130815	123	123	123	195.5683733207611	1234
20130815	123	123	123	202.65933594041547	1234
20130815	123	123	123	231.8875076376258	1234
20130815	123	123	123	254.5855436432615	1234
20130815	123	123	123	282.0514238877148	1234
20130815	123	123	123	291.94736842105266	1234
20130815	123	123	123	333.99294888008853	1234
20130815	123	123	123	358.15529944382746	1234
20130815	123	123	123	398.95718517119735	1234
20130815	123	123	123	422.1527401687179	1234
20130815	123	123	123	419.8476767117262	1234
20130815	123	123	123	450.0306293285408	1234
20130815	123	123	123	484.044337515307	1234
20130815	123	123	123	506.7891880038463	1234
20130815	123	123	123	527.6009630733798	1234
20130815	123	123	123	550.3957306765961	1234
20130815	123	123	123	593.1809897007972	1234
20130815	123	123	123	607.8429985760465	1234
20130815	123	123	123	633.432689012968	1234
20130815	123	123	123	661.5672142607103	1234
20130815	123	123	123	614.7349754774827	1234
20130815	123	123	123	604.918510595592	1234
20130815	123	123	123	588.4241044745294	1234
20130815	123	123	123	547.5210436559377	1234
20130815	123	123	123	522.6782813954766	1234
20130815	123	123	123	488.93678230829744	1234
20130815	123	123	123	472.9969248710214	1234
20130815	123	123	123	447.5867592306129	1234
20130815	123	123	123	438.9454604830076	1234
20130815	123	123	123	399.39171872848624	1234
20130815	123	123	123	372.72797453150656	1234
20130815	123	123	123	302.3910252559693	1234
20130815	123	123	123	305.14491810330054	1234
20130815	123	123	123	263.8656462765968	1234
20130815	123	123	123	263.74637539550497	1234
20130815	123	123	123	241.57894736842115	1234
20130815	123	123	123	195.58246527831372	1234
20130815	123	123	123	193.7692958744627	1234
20130815	123	123	123	196.95453447958974	1234
20130815	123	123	123	200.25666360646773	1234
20130815	123	123	123	206.3413626522479	1234
20130815	123	123	123	208.27892662898697	1234
20130815	123	123	123	214.4423222561716	1234
20130815	123	123	123	218.07081009446307	1234
20130815	123	123	123	221.88365608845757	1234
20130815	123	123	123	234.6099163983807	1234
20130815	123	123	123	236.0838374164183	1234
20130815	123	123	123	242.81442087223044	1234
20130815	123	123	123	248.8874406486637	1234
20130815	123	123	123	251.7894736842104	1234
20130815	123	123	123	257.57547006242834	1234
20130815	123	123	123	264.1840197122781	1234
20130815	123	123	123	263.0	1234
20130815	123	123	123	246.64590149753496	1234
20130815	123	123	123	247.38553278032873	1234
20130815	123	123	123	242.12890904146752	1234
20130815	123	123	123	239.93828751298577	1234
20130815	123	123	123	235.3157106067706	1234
20130815	123	123	123	224.57894736842107	1234
20130815	123	123	123	212.4954306239847	1234
20130815	123	123	123	206.2553214081014	1234
20130815	123	123	123	205.36842105263162	1234
20130815	123	123	123	200.64050459516545	1234
20130815	123	123	123	194.43736409044226	1234
20130815	123	123	123	190.1742262771365	1234
20130815	123	123	123	190.0	1234
20130815	123	123	123	12.912812860130053	1234
20130815	123	123	123	4.920333955553586	1234
20130815	123	123	123	4.706478836150952	1234
20130815	123	123	123	8.132018545296273	1234
20130815	123	123	123	0.3957425591674091	1234
20130815	123	123	123	3.1550495706174764	1234
20130815	123	123	123	17.76925481807821	1234
20130815	123	123	123	14.327678751855032	1234
20130815	123	123	123	19.83090286782365	1234
20130815	123	123	123	10.664424668077375	1234
20130815	123	123	123	13.11984092048217	1234
20130815	123	123	123	11.513211662278145	1234
20130815	123	123	123	15.20061545076814	1234
20130815	123	123	123	4.88440131905204	1234
20130815	123	123	123	2.1197988666445733	1234
20130815	123	123	123	0.9061960877601649	1234
20130815	123	123	123	7.00862648763972	1234
20130815	123	123	123	3.7474922627948937	1234
20130815	123	123	123	3.831938531821155	1234
20130815	123	123	123	2.8240303442509784	1234
20130815	123	123	123	0.4837030783704521	1234
20130815	123	123	123	7.014206613001191	1234
20130815	123	123	123	2.0124136191922903	1234
20130815	123	123	123	19.36740548762664	1234
20130815	123	123	123	5.792142940259297	1234
20130815	123	123	123	1.3628052451244321	1234
20130815	123	123	123	18.06589280943976	1234
20130815	123	123	123	18.705439026914835	1234
20130815	123	123	123	6.668501364471173	1234
20130815	123	123	123	0.026582105732380068	1234