time startPrice highestPrice lowestPrice endPrice transactionCount
20130815	123	123	123	16.11330979177573	1234
20130815	123	123	123	8.578687628468302	1234
20130815	123	123	123	16.540587553446965	1234
20130815	123	123	123	5.280965416429366	1234
20130815	123	123	123	1.8116983309818235	1234
20130815	123	123	123	2.687417145074533	1234
20130815	123	123	123	11.424404133579685	1234
20130815	123	123	123	17.798527847611545	1234
20130815	123	123	123	19.217185795753537	1234
20130815	123	123	123	0.8779139428512361	1234
20130815	123	123	123	10.428021028932514	1234
20130815	123	123	123	16.751416070028867	1234
20130815	123	123	123	6.861215092439816	1234
20130815	123	123	123	18.42789792045602	1234
20130815	123	123	123	8.779202748688517	1234
20130815	123	123	123	7.157682954246298	1234
20130815	123	123	123	2.4717274245916854	1234
20130815	123	123	123	7.057390596203048	1234
20130815	123	123	123	6.6537643748663715	1234
20130815	123	123	123	12.73793124625082	1234
20130815	123	123	123	1.6600126578819219	1234
20130815	123	123	123	14.135744423775565	1234
20130815	123	123	123	4.6540027851270445	1234
20130815	123	123	123	4.688659263518538	1234
20130815	123	123	123	7.632895896828313	1234
20130815	123	123	123	4.4021929032576335	1234
20130815	123	123	123	17.826198600765736	1234
20130815	123	123	123	17.067331895542452	1234
20130815	123	123	123	1.1618187292696658	1234
20130815	123	123	123	6.3269998722228005	1234
20130815	123	123	123	196.49484102344346	1234
20130815	123	123	123	199.61681489803655	1234
20130815	123	123	123	208.20702963240055	1234
20130815	123	123	123	221.920177911994	1234
20130815	123	123	123	227.42786444944488	1234
20130815	123	123	123	233.87811268145944	1234
20130815	123	123	123	235.3527692609627	1234
20130815	123	123	123	247.57302877171276	1234
20130815	123	123	123	250.02375758919226	1234
20130815	123	123	123	257.6476337924346	1234
20130815	123	123	123	269.14784652335675	1234
20130815	123	123	123	260.8896487400206	1234
20130815	123	123	123	261.94250814942086	1234
20130815	123	123	123	240.7879252493086	1234
20130815	123	123	123	241.9070819351482	1234
20130815	123	123	123	237.32657647402323	1234
20130815	123	123	123	235.83702466680862	1234
20130815	123	123	123	228.12546284505464	1234
20130815	123	123	123	224.15789473684214	1234
20130815	123	123	123	215.21195517222296	1234
20130815	123	123	123	207.65989687357091	1234
20130815	123	123	123	205.0737301366831	1234
20130815	123	123	123	203.72533290810338	1234
20130815	123	123	123	195.60683956293582	1234
20130815	123	123	123	196.84361184178042	1234
20130815	123	123	123	196.53595233841125	1234
20130815	123	123	123	250.23982873308572	1234
20130815	123	123	123	274.63244823145084	1234
20130815	123	123	123	315.0601484495145	1234
20130815	123	123	123	338.8045022149493	1234
20130815	123	123	123	355.7420429976999	1234
20130815	123	123	123	381.04847522148316	1234
20130815	123	123	123	406.82017312116676	1234
20130815	123	123	123	441.4600385260357	1234
20130815	123	123	123	470.19952893377723	1234
20130815	123	123	123	516.5191862508036	1234
20130815	123	123	123	516.272644076416	1234
20130815	123	123	123	557.7185843504686	1234
20130815	123	123	123	574.386118919613	1234
20130815	123	123	123	631.2293186431618	1234
20130815	123	123	123	638.2631578947369	1234
20130815	123	123	123	650.4515735001738	1234
20130815	123	123	123	633.7218785901093	1234
20130815	123	123	123	585.6347881833443	1234
20130815	123	123	123	579.8444667043789	1234
20130815	123	123	123	543.3247665793097	1234
20130815	123	123	123	527.6087575824564	1234
20130815	123	123	123	479.1898833587332	1234
20130815	123	123	123	477.6831240201146	1234
20130815	123	123	123	461.64255267959754	1234
20130815	123	123	123	420.81987157586275	1234
20130815	123	123	123	389.9786870194367	1234
20130815	123	123	123	388.91422458969265	1234
20130815	123	123	123	336.19340152649124	1234
20130815	123	123	123	319.9099225857182	1234
20130815	123	123	123	315.9473684210527	1234
20130815	123	123	123	285.35238234676	1234
20130815	123	123	123	248.40047175787868	1234
20130815	123	123	123	230.04717616173315	1234
20130815	123	123	123	199.85453599275408	1234
20130815	123	123	123	192.06796560793077	1234
20130815	123	123	123	196.76534774432227	1234
20130815	123	123	123	205.27303671882123	1234
20130815	123	123	123	208.59020336163744	1234
20130815	123	123	123	213.59086703989718	1234
20130815	123	123	123	216.86157665998766	1234
20130815	123	123	123	221.0338007625453	1234
20130815	123	123	123	228.94518013543103	1234
20130815	123	123	123	239.87163446837022	1234
20130815	123	123	123	243.13393606562553	1234
20130815	123	123	123	244.3157894736841	1234
20130815	123	123	123	251.55711816987412	1234
20130815	123	123	123	264.67790716281763	1234
20130815	123	123	123	262.75664468827046	1234
20130815	123	123	123	254.60169461203049	1234
20130815	123	123	123	250.25668764004965	1234
20130815	123	123	123	250.157880121287	1234
20130815	123	123	123	246.40751589997103	1234
20130815	123	123	123	240.76352614300092	1234
20130815	123	123	123	238.16648394643167	1234
20130815	123	123	123	234.66202107471656	1234
20130815	123	123	123	224.57894736842107	1234
20130815	123	123	123	210.0019192388523	1234
20130815	123	123	123	212.3286589364867	1234
20130815	123	123	123	206.45493458210578	1234
20130815	123	123	123	204.28588040661225	1234
20130815	123	123	123	198.74320395577547	1234
20130815	123	123	123	197.67233552504825	1234
20130815	123	123	123	193.13831033231133	1234
20130815	123	123	123	190.0	1234
20130815	123	123	123	16.872574132475535	1234
20130815	123	123	123	15.418212974035564	1234
20130815	123	123	123	17.169300364199437	1234
20130815	123	123	123	13.77543725214685	1234
20130815	123	123	123	11.404520972656421	1234
20130815	123	123	123	5.36563345623483	1234
20130815	123	123	123	14.54715222253486	1234
20130815	123	123	123	10.296982228596631	1234
20130815	123	123	123	9.400292925932266	1234
20130815	123	123	123	6.124048410884956	1234
20130815	123	123	123	9.19973023542746	1234
20130815	123	123	123	8.147274113675264	1234
20130815	123	123	123	19.47178955644484	1234
20130815	123	123	123	10.221867487795745	1234
20130815	123	123	123	6.809421597201446	1234
20130815	123	123	123	7.060533904096403	1234
20130815	123	123	123	8.111445142590007	1234
20130815	123	123	123	5.208722563681494	1234
20130815	123	123	123	1.450465089010693	1234
20130815	123	123	123	18.82530107208934	1234
20130815	123	123	123	2.781648361907847	1234
20130815	123	123	123	5.713475864547586	1234
20130815	123	123	123	18.931103189366965	1234
20130815	123	123	123	12.876501780611662	1234
20130815	123	123	123	3.525531401418762	1234
20130815	123	123	123	14.942935249111308	1234
20130815	123	123	123	19.62298594683227	1234
20130815	123	123	123	15.40201559790616	1234
20130815	123	123	123	10.719361646116749	1234
20130815	123	123	123	3.5589024844482653	1234