time startPrice highestPrice lowestPrice endPrice transactionCount
20130815	123	123	123	5.639106373918878	1234
20130815	123	123	123	9.865720108410446	1234
20130815	123	123	123	12.629246656970139	1234
20130815	123	123	123	11.509971213018588	1234
20130815	123	123	123	13.96183299092561	1234
20130815	123	123	123	8.78212673941161	1234
20130815	123	123	123	12.09784573530869	1234
20130815	123	123	123	14.724355001057992	1234
20130815	123	123	123	6.536460906881669	1234
20130815	123	123	123	8.24987326960624	1234
20130815	123	123	123	10.232262326237818	1234
20130815	123	123	123	6.912515275196551	1234
20130815	123	123	123	14.820528012918619	1234
20130815	123	123	123	17.566112367250064	1234
20130815	123	123	123	11.589507254509527	1234
20130815	123	123	123	7.135559560086908	1234
20130815	123	123	123	19.446246801865964	1234
20130815	123	123	123	15.56187530036365	1234
20130815	123	123	123	5.973357112614702	1234
20130815	123	123	123	10.486419958768947	1234
20130815	123	123	123	12.697086852421428	1234
20130815	123	123	123	9.439740163829802	1234
20130815	123	123	123	19.57355240904445	1234
20130815	123	123	123	12.796026239939026	1234
20130815	123	123	123	9.203902169184236	1234
20130815	123	123	123	18.704982455439108	1234
20130815	123	123	123	0.22694233197743774	1234
20130815	123	123	123	10.341707567321226	1234
20130815	123	123	123	17.58826677637865	1234
20130815	123	123	123	3.4071213855546367	1234
20130815	123	123	123	196.03470402600354	1234
20130815	123	123	123	198.10526315789474	1234
20130815	123	123	123	206.44954149367865	1234
20130815	123	123	123	209.7417391900865	1234
20130815	123	123	123	212.456884915459	1234
20130815	123	123	123	214.70523391191995	1234
20130815	123	123	123	218.78120274146914	1234
20130815	123	123	123	223.29370754249464	1234
20130815	123	123	123	231.5100509305939	1234
20130815	123	123	123	231.3231285114829	1234
20130815	123	123	123	235.2986737139984	1234
20130815	123	123	123	238.63157894736844	1234
20130815	123	123	123	244.28260460941004	1234
20130815	123	123	123	248.78203700594585	1234
20130815	123	123	123	260.84339901595933	1234
20130815	123	123	123	263.52378441283173	1234
20130815	123	123	123	267.0	1234
20130815	123	123	123	261.9697170812537	1234
20130815	123	123	123	258.05723481629434	1234
20130815	123	123	123	255.31578947368422	1234
20130815	123	123	123	250.16401872983224	1234
20130815	123	123	123	243.85482905686592	1234
20130815	123	123	123	242.99601706389836	1234
20130815	123	123	123	234.33950268948234	1234
20130815	123	123	123	231.94736842105266	1234
20130815	123	123	123	221.39538130818673	1234
20130815	123	123	123	209.7044320807229	1234
20130815	123	123	123	207.30857987442113	1234
20130815	123	123	123	200.8271536729455	1234
20130815	123	123	123	199.70161181838054	1234
20130815	123	123	123	193.0	1234
20130815	123	123	123	217.73684210526315	1234
20130815	123	123	123	302.748415924853	1234
20130815	123	123	123	295.68671647146294	1234
20130815	123	123	123	377.56399882982214	1234
20130815	123	123	123	391.66593693513096	1234
20130815	123	123	123	409.76568831688985	1234
20130815	123	123	123	472.9724297326842	1234
20130815	123	123	123	497.7831323567535	1234
20130815	123	123	123	501.87887010829036	1234
20130815	123	123	123	527.2640888023464	1234
20130815	123	123	123	561.2848361845647	1234
20130815	123	123	123	564.0526315789475	1234
20130815	123	123	123	646.0194750672276	1234
20130815	123	123	123	657.2044460836046	1234
20130815	123	123	123	663.0	1234
20130815	123	123	123	624.2007970390696	1234
20130815	123	123	123	607.821527223402	1234
20130815	123	123	123	570.5136374180977	1234
20130815	123	123	123	553.0904059183573	1234
20130815	123	123	123	511.44839638270156	1234
20130815	123	123	123	443.29669765631996	1234
20130815	123	123	123	439.8947368421053	1234
20130815	123	123	123	389.0365014239595	1234
20130815	123	123	123	354.11102285225354	1234
20130815	123	123	123	341.1710575791431	1234
20130815	123	123	123	338.2209449545494	1234
20130815	123	123	123	300.4849609997254	1234
20130815	123	123	123	164.89631418363285	1234
20130815	123	123	123	216.78947368421063	1234
20130815	123	123	123	199.5301303397981	1234
20130815	123	123	123	212.8813662884547	1234
20130815	123	123	123	222.20155835119814	1234
20130815	123	123	123	221.9827719467686	1234
20130815	123	123	123	230.33736693909313	1234
20130815	123	123	123	232.02903440829908	1234
20130815	123	123	123	239.5020195331525	1234
20130815	123	123	123	237.7518509732237	1234
20130815	123	123	123	243.402229182369	1234
20130815	123	123	123	250.36705054008118	1234
20130815	123	123	123	251.7894736842104	1234
20130815	123	123	123	258.14877959099715	1234
20130815	123	123	123	262.9114840581848	1234
20130815	123	123	123	258.8303289029684	1234
20130815	123	123	123	249.9366409078536	1234
20130815	123	123	123	248.43855315043373	1234
20130815	123	123	123	240.62026061475748	1234
20130815	123	123	123	240.45552201624378	1234
20130815	123	123	123	234.91845208744928	1234
20130815	123	123	123	230.79341563391245	1234
20130815	123	123	123	230.49180206143362	1234
20130815	123	123	123	221.19431005079466	1234
20130815	123	123	123	218.42576927322153	1234
20130815	123	123	123	215.36924107792635	1234
20130815	123	123	123	209.3221573897237	1234
20130815	123	123	123	207.80287894592513	1234
20130815	123	123	123	205.17678554081397	1234
20130815	123	123	123	194.74951237590335	1234
20130815	123	123	123	192.4086437914123	1234
20130815	123	123	123	190.0	1234
20130815	123	123	123	9.889575614173953	1234
20130815	123	123	123	16.71419884901522	1234
20130815	123	123	123	19.784588755881373	1234
20130815	123	123	123	16.318938628752743	1234
20130815	123	123	123	10.47512556563092	1234
20130815	123	123	123	0.9722792411207126	1234
20130815	123	123	123	1.9014695894765121	1234
20130815	123	123	123	7.2152033748143385	1234
20130815	123	123	123	15.40645379581026	1234
20130815	123	123	123	11.31172719558899	1234
20130815	123	123	123	0.736697079812656	1234
20130815	123	123	123	4.073491789044974	1234
20130815	123	123	123	18.543522435953403	1234
20130815	123	123	123	6.697933828756806	1234
20130815	123	123	123	13.439150553985424	1234
20130815	123	123	123	0.8046382619305636	1234
20130815	123	123	123	4.592265350648588	1234
20130815	123	123	123	15.259167151818879	1234
20130815	123	123	123	4.3148158046371154	1234
20130815	123	123	123	14.030524851515597	1234
20130815	123	123	123	10.665440691655384	1234
20130815	123	123	123	12.710149775613237	1234
20130815	123	123	123	12.403004526074534	1234
20130815	123	123	123	12.462068633859138	1234
20130815	123	123	123	7.357893208689066	1234
20130815	123	123	123	6.673247839302072	1234
20130815	123	123	123	16.202787600175633	1234
20130815	123	123	123	11.590405469573131	1234
20130815	123	123	123	19.51505499142614	1234
20130815	123	123	123	3.487249284076319	1234