time startPrice highestPrice lowestPrice endPrice transactionCount
20130815	123	123	123	5.802265275733321	1234
20130815	123	123	123	9.446330045645343	1234
20130815	123	123	123	6.450074131003887	1234
20130815	123	123	123	18.797131249997847	1234
20130815	123	123	123	8.602774965237481	1234
20130815	123	123	123	14.433275499017855	1234
20130815	123	123	123	9.755054806467989	1234
20130815	123	123	123	16.80377533263051	1234
20130815	123	123	123	19.348507860967306	1234
20130815	123	123	123	5.194344312765587	1234
20130815	123	123	123	4.9936400252562585	1234
20130815	123	123	123	0.26872148085882674	1234
20130815	123	123	123	19.427894716709613	1234
20130815	123	123	123	12.481226590525882	1234
20130815	123	123	123	13.6911008267308	1234
20130815	123	123	123	14.292857374759942	1234
20130815	123	123	123	16.112062528137262	1234
20130815	123	123	123	3.455892558035636	1234
20130815	123	123	123	8.23054282882124	1234
20130815	123	123	123	13.501966251346882	1234
20130815	123	123	123	7.356550062680894	1234
20130815	123	123	123	17.01111239663948	1234
20130815	123	123	123	9.785006828534268	1234
20130815	123	123	123	9.851958418065866	1234
20130815	123	123	123	11.492492236548737	1234
20130815	123	123	123	9.526249150379172	1234
20130815	123	123	123	16.260199171060034	1234
20130815	123	123	123	18.746882542886784	1234
20130815	123	123	123	0.47243416161476093	1234
20130815	123	123	123	13.712748741008793	1234
20130815	123	123	123	195.36234988128842	1234
20130815	123	123	123	214.60110914862562	1234
20130815	123	123	123	219.86399149747106	1234
20130815	123	123	123	218.3684210526316	1234
20130815	123	123	123	226.34261682197285	1234
20130815	123	123	123	226.47368421052633	1234
20130815	123	123	123	233.77732772858715	1234
20130815	123	123	123	236.7881955507713	1234
20130815	123	123	123	238.63157894736844	1234
20130815	123	123	123	247.60901873917038	1234
20130815	123	123	123	260.43916800235985	1234
20130815	123	123	123	268.42998568524524	1234
20130815	123	123	123	267.0	1234
20130815	123	123	123	260.7413892645814	1234
20130815	123	123	123	246.71410564790685	1234
20130815	123	123	123	246.63362302226923	1234
20130815	123	123	123	237.22197757524975	1234
20130815	123	123	123	237.66705519941272	1234
20130815	123	123	123	221.42673447176287	1234
20130815	123	123	123	222.84071449810534	1234
20130815	123	123	123	220.74804267518627	1234
20130815	123	123	123	212.36578937955207	1234
20130815	123	123	123	210.8055039703382	1234
20130815	123	123	123	195.43212911749652	1234
20130815	123	123	123	193.95162257884792	1234
20130815	123	123	123	232.91791618440328	1234
20130815	123	123	123	229.05278335083878	1234
20130815	123	123	123	266.52291344801074	1234
20130815	123	123	123	300.6327936188484	1234
20130815	123	123	123	327.5434909282632	1234
20130815	123	123	123	343.97010072575176	1234
20130815	123	123	123	376.1397819951095	1234
20130815	123	123	123	423.5803214271169	1234
20130815	123	123	123	432.78073584558894	1234
20130815	123	123	123	441.9405365636055	1234
20130815	123	123	123	495.7414198063568	1234
20130815	123	123	123	489.8421052631581	1234
20130815	123	123	123	580.0208255330106	1234
20130815	123	123	123	591.684606291129	1234
20130815	123	123	123	630.7300354458099	1234
20130815	123	123	123	650.1645005419145	1234
20130815	123	123	123	662.1071134849251	1234
20130815	123	123	123	638.2105263157895	1234
20130815	123	123	123	598.0513811511962	1234
20130815	123	123	123	557.872469809181	1234
20130815	123	123	123	563.8421052631579	1234
20130815	123	123	123	510.36219168022177	1234
20130815	123	123	123	507.1755895862256	1234
20130815	123	123	123	462.28012973615506	1234
20130815	123	123	123	457.22385198812304	1234
20130815	123	123	123	438.6498659382737	1234
20130815	123	123	123	401.38879971246706	1234
20130815	123	123	123	365.1844066812598	1234
20130815	123	123	123	365.52631578947376	1234
20130815	123	123	123	334.10627914816496	1234
20130815	123	123	123	301.39342883542827	1234
20130815	123	123	123	250.57322867825613	1234
20130815	123	123	123	226.2404991628556	1234
20130815	123	123	123	216.78947368421063	1234
20130815	123	123	123	195.49740973758935	1234
20130815	123	123	123	197.0578595201492	1234
20130815	123	123	123	200.38729934397747	1234
20130815	123	123	123	205.0866148230687	1234
20130815	123	123	123	210.67078068965856	1234
20130815	123	123	123	212.64897354099497	1234
20130815	123	123	123	222.84274318731102	1234
20130815	123	123	123	223.5634723039939	1234
20130815	123	123	123	228.36638337685727	1234
20130815	123	123	123	231.3567522112761	1234
20130815	123	123	123	235.69593515538776	1234
20130815	123	123	123	247.26856765447664	1234
20130815	123	123	123	251.6467142365479	1234
20130815	123	123	123	259.2631578947367	1234
20130815	123	123	123	258.3651963601469	1234
20130815	123	123	123	257.9257577020187	1234
20130815	123	123	123	249.51021253652377	1234
20130815	123	123	123	243.75820115163728	1234
20130815	123	123	123	240.52487312232282	1234
20130815	123	123	123	235.17495872774907	1234
20130815	123	123	123	224.44690374417695	1234
20130815	123	123	123	224.57894736842107	1234
20130815	123	123	123	218.38925458499972	1234
20130815	123	123	123	216.64694991200082	1234
20130815	123	123	123	210.60381507840296	1234
20130815	123	123	123	203.43194236883167	1234
20130815	123	123	123	200.95806740433306	1234
20130815	123	123	123	199.03873326187042	1234
20130815	123	123	123	195.01352239275397	1234
20130815	123	123	123	192.00104609741481	1234
20130815	123	123	123	190.0	1234
20130815	123	123	123	14.274329948180288	1234
20130815	123	123	123	4.063583306473224	1234
20130815	123	123	123	19.339843520763168	1234
20130815	123	123	123	3.613900590886463	1234
20130815	123	123	123	12.267963367394536	1234
20130815	123	123	123	14.649542780841784	1234
20130815	123	123	123	1.7202941991795262	1234
20130815	123	123	123	17.358597863582897	1234
20130815	123	123	123	8.028176203499296	1234
20130815	123	123	123	14.95808172416595	1234
20130815	123	123	123	1.3862001654335754	1234
20130815	123	123	123	15.928989674359526	1234
20130815	123	123	123	13.227736410903844	1234
20130815	123	123	123	0.7077667358482831	1234
20130815	123	123	123	13.325887056052716	1234
20130815	123	123	123	10.987063465430229	1234
20130815	123	123	123	0.021413908561451755	1234
20130815	123	123	123	16.80051774561149	1234
20130815	123	123	123	14.251696194359237	1234
20130815	123	123	123	17.715363125173052	1234
20130815	123	123	123	10.307944283989041	1234
20130815	123	123	123	19.20557278188485	1234
20130815	123	123	123	12.110711139802897	1234
20130815	123	123	123	19.66219652702031	1234
20130815	123	123	123	16.957573267627872	1234
20130815	123	123	123	5.114111191678996	1234
20130815	123	123	123	16.915623233207327	1234
20130815	123	123	123	11.741845370995563	1234
20130815	123	123	123	8.121512621553657	1234
20130815	123	123	123	16.392015216560104	1234