time startPrice highestPrice lowestPrice endPrice transactionCount
20130815	123	123	123	19.295043827352455	1234
20130815	123	123	123	2.0879852625249917	1234
20130815	123	123	123	6.931439758503586	1234
20130815	123	123	123	16.23077257410908	1234
20130815	123	123	123	12.56376632248351	1234
20130815	123	123	123	13.615735627697118	1234
20130815	123	123	123	9.584283517016011	1234
20130815	123	123	123	10.453158564419418	1234
20130815	123	123	123	17.924438560907706	1234
20130815	123	123	123	14.90674691633701	1234
20130815	123	123	123	3.9289610960743904	1234
20130815	123	123	123	7.451181989102416	1234
20130815	123	123	123	2.570170770577349	1234
20130815	123	123	123	2.2796249954195047	1234
20130815	123	123	123	17.16469069437712	1234
20130815	123	123	123	6.988529948937279	1234
20130815	123	123	123	17.478394506637517	1234
20130815	123	123	123	11.289214878663675	1234
20130815	123	123	123	13.528537421334597	1234
20130815	123	123	123	3.0863697522773292	1234
20130815	123	123	123	11.643498078021077	1234
20130815	123	123	123	5.458145711841698	1234
20130815	123	123	123	12.611806336746403	1234
20130815	123	123	123	15.968362348005652	1234
20130815	123	123	123	14.297081856020057	1234
20130815	123	123	123	11.998825406616774	1234
20130815	123	123	123	17.230522424239375	1234
20130815	123	123	123	5.631449327762588	1234
20130815	123	123	123	9.796608196666012	1234
20130815	123	123	123	18.820935876943317	1234
20130815	123	123	123	191.9193023945689	1234
20130815	123	123	123	204.90390680744486	1234
20130815	123	123	123	211.7003451490109	1234
20130815	123	123	123	210.74526173764625	1234
20130815	123	123	123	216.0562020446729	1234
20130815	123	123	123	220.77479507558778	1234
20130815	123	123	123	222.42105263157896	1234
20130815	123	123	123	232.72683660048492	1234
20130815	123	123	123	235.10876989519664	1234
20130815	123	123	123	243.19779825998106	1234
20130815	123	123	123	246.80305048413558	1234
20130815	123	123	123	250.98886560912098	1234
20130815	123	123	123	260.46262201622926	1234
20130815	123	123	123	265.0296167742685	1234
20130815	123	123	123	266.04960424207206	1234
20130815	123	123	123	257.33166590010256	1234
20130815	123	123	123	252.02341919040978	1234
20130815	123	123	123	249.15817312070962	1234
20130815	123	123	123	242.7020326851152	1234
20130815	123	123	123	242.17820669922122	1234
20130815	123	123	123	236.89951530871193	1234
20130815	123	123	123	233.5048282022087	1234
20130815	123	123	123	224.91560830654748	1234
20130815	123	123	123	224.15789473684214	1234
20130815	123	123	123	220.26315789473688	1234
20130815	123	123	123	215.38622236656818	1234
20130815	123	123	123	211.07431541529857	1234
20130815	123	123	123	200.74367583787918	1234
20130815	123	123	123	192.0563320143702	1234
20130815	123	123	123	204.24003053845817	1234
20130815	123	123	123	238.10043939775167	1234
20130815	123	123	123	268.32134528180706	1234
20130815	123	123	123	277.7746092727713	1234
20130815	123	123	123	322.11390969242115	1234
20130815	123	123	123	316.68421052631584	1234
20130815	123	123	123	361.87156630940694	1234
20130815	123	123	123	406.8006562263496	1234
20130815	123	123	123	415.63157894736855	1234
20130815	123	123	123	453.51159880615177	1234
20130815	123	123	123	485.50126466386826	1234
20130815	123	123	123	539.4914753005008	1234
20130815	123	123	123	564.6009341361749	1234
20130815	123	123	123	580.1682860763631	1234
20130815	123	123	123	611.4143256757209	1234
20130815	123	123	123	630.0689976336029	1234
20130815	123	123	123	640.4150917630026	1234
20130815	123	123	123	636.2307385577084	1234
20130815	123	123	123	622.6315525882251	1234
20130815	123	123	123	600.5368771120077	1234
20130815	123	123	123	572.8271506751547	1234
20130815	123	123	123	523.1730198528481	1234
20130815	123	123	123	479.5075232817748	1234
20130815	123	123	123	489.47368421052636	1234
20130815	123	123	123	429.06125839015783	1234
20130815	123	123	123	394.1226022887821	1234
20130815	123	123	123	385.0739792658027	1234
20130815	123	123	123	370.9568049253409	1234
20130815	123	123	123	357.1262322452769	1234
20130815	123	123	123	336.7176520017984	1234
20130815	123	123	123	296.99128745028116	1234
20130815	123	123	123	258.92221684170056	1234
20130815	123	123	123	253.04839279250425	1234
20130815	123	123	123	229.9557582489227	1234
20130815	123	123	123	187.11098916832213	1234
20130815	123	123	123	192.0	1234
20130815	123	123	123	197.42876753922138	1234
20130815	123	123	123	205.2486273809973	1234
20130815	123	123	123	211.66682577004136	1234
20130815	123	123	123	214.3216742221893	1234
20130815	123	123	123	215.18684020721048	1234
20130815	123	123	123	227.06339617275054	1234
20130815	123	123	123	226.42966141034407	1234
20130815	123	123	123	233.10526315789465	1234
20130815	123	123	123	240.60996637422244	1234
20130815	123	123	123	243.39337021750916	1234
20130815	123	123	123	257.3848352922678	1234
20130815	123	123	123	255.52631578947356	1234
20130815	123	123	123	260.97746022815215	1234
20130815	123	123	123	260.45177618320344	1234
20130815	123	123	123	251.93753866241025	1234
20130815	123	123	123	255.3157894736842	1234
20130815	123	123	123	251.4736842105263	1234
20130815	123	123	123	245.72895993975726	1234
20130815	123	123	123	240.45749186700317	1234
20130815	123	123	123	224.92236676541867	1234
20130815	123	123	123	209.1445097941929	1234
20130815	123	123	123	208.5342889202467	1234
20130815	123	123	123	200.76627997473443	1234
20130815	123	123	123	193.12759039231386	1234
20130815	123	123	123	190.0	1234
20130815	123	123	123	7.142100662781061	1234
20130815	123	123	123	5.5268992726429005	1234
20130815	123	123	123	6.367146463265991	1234
20130815	123	123	123	10.029617413992817	1234
20130815	123	123	123	10.466734188431213	1234
20130815	123	123	123	19.308772419922168	1234
20130815	123	123	123	19.509807808806265	1234
20130815	123	123	123	8.154712806778015	1234
20130815	123	123	123	13.363425808507039	1234
20130815	123	123	123	6.204612514729986	1234
20130815	123	123	123	13.64437495189213	1234
20130815	123	123	123	10.511570326496358	1234
20130815	123	123	123	10.326990923094003	1234
20130815	123	123	123	1.2858299001707585	1234
20130815	123	123	123	11.432542167114883	1234
20130815	123	123	123	14.37908514332172	1234
20130815	123	123	123	12.413781635377738	1234
20130815	123	123	123	15.762901281271287	1234
20130815	123	123	123	9.232074017972675	1234
20130815	123	123	123	1.0907972576260438	1234
20130815	123	123	123	18.77026527214568	1234
20130815	123	123	123	19.403159801798424	1234
20130815	123	123	123	9.26111686352896	1234
20130815	123	123	123	12.670030936890411	1234
20130815	123	123	123	18.030016751325626	1234
20130815	123	123	123	2.2666153908780595	1234
20130815	123	123	123	14.305786621552185	1234
20130815	123	123	123	6.300213933593756	1234
20130815	123	123	123	0.4610837851819305	1234
20130815	123	123	123	6.17789162148624	1234