time startPrice highestPrice lowestPrice endPrice transactionCount
20130815	123	123	123	8.495123178035156	1234
20130815	123	123	123	11.292079239578861	1234
20130815	123	123	123	5.196229334512827	1234
20130815	123	123	123	14.727259383257692	1234
20130815	123	123	123	8.096446962373147	1234
20130815	123	123	123	6.018861007275009	1234
20130815	123	123	123	1.6332317909300387	1234
20130815	123	123	123	18.749963300010748	1234
20130815	123	123	123	11.238967745871438	1234
20130815	123	123	123	1.2816572588153097	1234
20130815	123	123	123	15.823269166887746	1234
20130815	123	123	123	10.496199174931181	1234
20130815	123	123	123	15.110897775162593	1234
20130815	123	123	123	0.11060447251497907	1234
20130815	123	123	123	6.584567217807642	1234
20130815	123	123	123	0.4019897848562959	1234
20130815	123	123	123	4.102251403661123	1234
20130815	123	123	123	4.859433567791189	1234
20130815	123	123	123	15.075274177268332	1234
20130815	123	123	123	15.691103632728097	1234
20130815	123	123	123	16.285367780652635	1234
20130815	123	123	123	6.554957131729726	1234
20130815	123	123	123	9.927443090789566	1234
20130815	123	123	123	1.1942425629566733	1234
20130815	123	123	123	15.293941064740924	1234
20130815	123	123	123	1.2553192270422375	1234
20130815	123	123	123	10.732705853802473	1234
20130815	123	123	123	7.417773318877465	1234
20130815	123	123	123	2.242271969166998	1234
20130815	123	123	123	13.610488828522548	1234
20130815	123	123	123	211.10185741460003	1234
20130815	123	123	123	203.7453348987299	1234
20130815	123	123	123	213.92727586511197	1234
20130815	123	123	123	221.7335617438481	1234
20130815	123	123	123	224.46527850943963	1234
20130815	123	123	123	232.57883451243572	1234
20130815	123	123	123	234.44698070672055	1234
20130815	123	123	123	237.7426445749943	1234
20130815	123	123	123	238.63157894736844	1234
20130815	123	123	123	245.53643032738836	1234
20130815	123	123	123	268.0303233961546	1234
20130815	123	123	123	261.84012597347396	1234
20130815	123	123	123	267.75152781012616	1234
20130815	123	123	123	265.7142747180812	1234
20130815	123	123	123	257.5841886932022	1234
20130815	123	123	123	251.42105263157896	1234
20130815	123	123	123	243.2145326461258	1234
20130815	123	123	123	240.65861135648242	1234
20130815	123	123	123	239.73684210526318	1234
20130815	123	123	123	222.15752515816186	1234
20130815	123	123	123	220.2265502049171	1234
20130815	123	123	123	217.44476862889883	1234
20130815	123	123	123	212.6133819184609	1234
20130815	123	123	123	206.2317467164069	1234
20130815	123	123	123	203.86333264524717	1234
20130815	123	123	123	199.8627221180658	1234
20130815	123	123	123	203.30923238396375	1234
20130815	123	123	123	242.41801796083604	1234
20130815	123	123	123	247.32127056179522	1234
20130815	123	123	123	287.93502398663173	1234
20130815	123	123	123	293.87233233724646	1234
20130815	123	123	123	337.7398872624535	1234
20130815	123	123	123	345.05327778549	1234
20130815	123	123	123	397.5189723067227	1234
20130815	123	123	123	414.50602381276354	1234
20130815	123	123	123	435.08602629575427	1234
20130815	123	123	123	467.9876444215606	1234
20130815	123	123	123	470.71353372610594	1234
20130815	123	123	123	523.7269962159627	1234
20130815	123	123	123	524.5225880242382	1234
20130815	123	123	123	539.3157894736844	1234
20130815	123	123	123	583.4808808457965	1234
20130815	123	123	123	604.722710831891	1234
20130815	123	123	123	613.5263157894738	1234
20130815	123	123	123	645.4002641213267	1234
20130815	123	123	123	646.2534978147999	1234
20130815	123	123	123	638.2105263157895	1234
20130815	123	123	123	608.7109931527522	1234
20130815	123	123	123	576.6505266807038	1234
20130815	123	123	123	559.5367439841538	1234
20130815	123	123	123	532.2412670249347	1234
20130815	123	123	123	493.3911088262387	1234
20130815	123	123	123	478.75095296720104	1234
20130815	123	123	123	462.7670985916954	1234
20130815	123	123	123	405.08373273702546	1234
20130815	123	123	123	375.9723584699635	1234
20130815	123	123	123	360.1981956201149	1234
20130815	123	123	123	347.3934546858385	1234
20130815	123	123	123	329.87228028582575	1234
20130815	123	123	123	299.7388073114106	1234
20130815	123	123	123	288.02281307963926	1234
20130815	123	123	123	255.37864261208944	1234
20130815	123	123	123	215.62779683554444	1234
20130815	123	123	123	198.66810059405336	1234
20130815	123	123	123	195.1248575435284	1234
20130815	123	123	123	196.74908811957442	1234
20130815	123	123	123	203.41574983436038	1234
20130815	123	123	123	218.3874878027092	1234
20130815	123	123	123	215.95614952917137	1234
20130815	123	123	123	218.15789473684205	1234
20130815	123	123	123	225.8892116497215	1234
20130815	123	123	123	226.94377140045594	1234
20130815	123	123	123	229.3684210526315	1234
20130815	123	123	123	256.46871707585717	1234
20130815	123	123	123	263.4482197727751	1234
20130815	123	123	123	254.49455767390486	1234
20130815	123	123	123	252.17340614310672	1234
20130815	123	123	123	251.41855220204982	1234
20130815	123	123	123	244.40355964969348	1234
20130815	123	123	123	226.92901190097425	1234
20130815	123	123	123	223.903035484626	1234
20130815	123	123	123	217.28901323308185	1234
20130815	123	123	123	213.24441777972856	1234
20130815	123	123	123	208.91287209970608	1234
20130815	123	123	123	208.9068205343201	1234
20130815	123	123	123	203.51669849462974	1234
20130815	123	123	123	196.434336562569	1234
20130815	123	123	123	195.04815543992078	1234
20130815	123	123	123	193.84210526315795	1234
20130815	123	123	123	190.0	1234
20130815	123	123	123	5.507685990112874	1234
20130815	123	123	123	14.619937341449114	1234
20130815	123	123	123	7.580378617779657	1234
20130815	123	123	123	9.478636136522278	1234
20130815	123	123	123	2.08361091502151	1234
20130815	123	123	123	4.87513623179016	1234
20130815	123	123	123	11.159496088461529	1234
20130815	123	123	123	9.237180956546636	1234
20130815	123	123	123	10.805984882401159	1234
20130815	123	123	123	15.454533092832712	1234
20130815	123	123	123	10.286413442335029	1234
20130815	123	123	123	11.337471133933994	1234
20130815	123	123	123	6.4965954553511835	1234
20130815	123	123	123	6.323876534716417	1234
20130815	123	123	123	10.173992626048577	1234
20130815	123	123	123	1.6871890080118646	1234
20130815	123	123	123	1.3215303900914166	1234
20130815	123	123	123	12.157105731537388	1234
20130815	123	123	123	8.949124133893667	1234
20130815	123	123	123	18.604754903785285	1234
20130815	123	123	123	17.025287223216555	1234
20130815	123	123	123	4.986953309399724	1234
20130815	123	123	123	10.258282739104388	1234
20130815	123	123	123	5.375145166931006	1234
20130815	123	123	123	14.932463411216208	1234
20130815	123	123	123	7.461416106462881	1234
20130815	123	123	123	0.5147511613031264	1234
20130815	123	123	123	12.846696481848523	1234
20130815	123	123	123	5.184923568506856	1234
20130815	123	123	123	8.647625981927774	1234