time startPrice highestPrice lowestPrice endPrice transactionCount
20130815	123	123	123	14.540636768159963	1234
20130815	123	123	123	19.872068502421484	1234
20130815	123	123	123	14.653186065816428	1234
20130815	123	123	123	0.8438278036616342	1234
20130815	123	123	123	10.562709072703562	1234
20130815	123	123	123	0.4349318282210679	1234
20130815	123	123	123	3.81777706892098	1234
20130815	123	123	123	18.163008416108624	1234
20130815	123	123	123	5.940659219018194	1234
20130815	123	123	123	1.2825641083471417	1234
20130815	123	123	123	13.092341107441879	1234
20130815	123	123	123	7.953919843241226	1234
20130815	123	123	123	5.6193742632991555	1234
20130815	123	123	123	4.8749928469766735	1234
20130815	123	123	123	10.468847898435596	1234
20130815	123	123	123	2.8209311173076634	1234
20130815	123	123	123	17.39819882175432	1234
20130815	123	123	123	19.822380891420078	1234
20130815	123	123	123	11.515260794202272	1234
20130815	123	123	123	18.786300885903735	1234
20130815	123	123	123	4.589703878215287	1234
20130815	123	123	123	15.2588930448578	1234
20130815	123	123	123	14.471334704216087	1234
20130815	123	123	123	4.346019459631916	1234
20130815	123	123	123	8.587458924369407	1234
20130815	123	123	123	2.7026144476327985	1234
20130815	123	123	123	5.687070955586526	1234
20130815	123	123	123	12.701710695715855	1234
20130815	123	123	123	15.632964725620425	1234
20130815	123	123	123	8.680947862747729	1234
20130815	123	123	123	192.9777381301978	1234
20130815	123	123	123	202.4062589004258	1234
20130815	123	123	123	210.26315789473685	1234
20130815	123	123	123	214.97803339961794	1234
20130815	123	123	123	222.99309316165727	1234
20130815	123	123	123	224.53435779933827	1234
20130815	123	123	123	228.20838501382914	1234
20130815	123	123	123	251.76337510013207	1234
20130815	123	123	123	243.3739403014555	1234
20130815	123	123	123	249.88774523873934	1234
20130815	123	123	123	250.78947368421055	1234
20130815	123	123	123	266.67861046943887	1234
20130815	123	123	123	266.89514242232787	1234
20130815	123	123	123	260.87313803769683	1234
20130815	123	123	123	255.31578947368422	1234
20130815	123	123	123	250.00716120417812	1234
20130815	123	123	123	239.77084323813494	1234
20130815	123	123	123	239.3916749485373	1234
20130815	123	123	123	232.78858413632315	1234
20130815	123	123	123	229.37329414392127	1234
20130815	123	123	123	225.60811380565497	1234
20130815	123	123	123	223.2323303432739	1234
20130815	123	123	123	218.55205904229481	1234
20130815	123	123	123	213.90772102089483	1234
20130815	123	123	123	200.87982665369117	1234
20130815	123	123	123	203.98894992159808	1234
20130815	123	123	123	200.7232051242445	1234
20130815	123	123	123	195.8482295204328	1234
20130815	123	123	123	233.68302655809464	1234
20130815	123	123	123	243.18090354411498	1234
20130815	123	123	123	246.61271863030828	1234
20130815	123	123	123	281.63492032496964	1234
20130815	123	123	123	307.4384082146775	1234
20130815	123	123	123	331.7400175076708	1234
20130815	123	123	123	343.18772239357895	1234
20130815	123	123	123	381.51663154723485	1234
20130815	123	123	123	395.3269341864549	1234
20130815	123	123	123	420.08141676935935	1234
20130815	123	123	123	453.40519853769297	1234
20130815	123	123	123	488.34218002863406	1234
20130815	123	123	123	500.4558005650853	1234
20130815	123	123	123	514.5789473684213	1234
20130815	123	123	123	545.8963972284668	1234
20130815	123	123	123	564.0526315789475	1234
20130815	123	123	123	602.8691081081324	1234
20130815	123	123	123	644.6673365101371	1234
20130815	123	123	123	639.1806210750766	1234
20130815	123	123	123	656.5607211543453	1234
20130815	123	123	123	628.7045407229817	1234
20130815	123	123	123	589.4939892243381	1234
20130815	123	123	123	571.9738605040515	1234
20130815	123	123	123	544.5060219312178	1234
20130815	123	123	123	523.0601794617496	1234
20130815	123	123	123	421.5588192473492	1234
20130815	123	123	123	401.6174662539025	1234
20130815	123	123	123	402.01108803416804	1234
20130815	123	123	123	389.21981283465203	1234
20130815	123	123	123	354.2718591704134	1234
20130815	123	123	123	332.61667894786007	1234
20130815	123	123	123	292.0290841107265	1234
20130815	123	123	123	268.38728164467386	1234
20130815	123	123	123	258.2076749195113	1234
20130815	123	123	123	211.25924793378582	1234
20130815	123	123	123	180.34744160469305	1234
20130815	123	123	123	192.1139473221016	1234
20130815	123	123	123	198.7241101611536	1234
20130815	123	123	123	201.6548254950117	1234
20130815	123	123	123	206.98321060123945	1234
20130815	123	123	123	218.43364698154755	1234
20130815	123	123	123	222.11796243708164	1234
20130815	123	123	123	229.75712050424377	1234
20130815	123	123	123	240.57894736842096	1234
20130815	123	123	123	244.3157894736841	1234
20130815	123	123	123	249.7787520703428	1234
20130815	123	123	123	254.85995356672854	1234
20130815	123	123	123	257.83532671609305	1234
20130815	123	123	123	261.43100181561505	1234
20130815	123	123	123	250.3695117208809	1234
20130815	123	123	123	244.97725219733354	1234
20130815	123	123	123	231.16514791769367	1234
20130815	123	123	123	231.14016797118126	1234
20130815	123	123	123	220.94015620416366	1234
20130815	123	123	123	218.5191742841907	1234
20130815	123	123	123	213.5140794445469	1234
20130815	123	123	123	212.53657198497805	1234
20130815	123	123	123	204.66067021100898	1234
20130815	123	123	123	204.6143861393334	1234
20130815	123	123	123	195.20867650820793	1234
20130815	123	123	123	190.6850990119542	1234
20130815	123	123	123	190.0	1234
20130815	123	123	123	15.055316289029816	1234
20130815	123	123	123	8.387464149419003	1234
20130815	123	123	123	6.075814225639011	1234
20130815	123	123	123	11.81106259251984	1234
20130815	123	123	123	4.156403076764008	1234
20130815	123	123	123	11.48312857124963	1234
20130815	123	123	123	11.550056649822078	1234
20130815	123	123	123	16.56012445532899	1234
20130815	123	123	123	6.0241292538263025	1234
20130815	123	123	123	12.703250064225287	1234
20130815	123	123	123	15.743645338188273	1234
20130815	123	123	123	2.5701986996370674	1234
20130815	123	123	123	4.758789044580853	1234
20130815	123	123	123	0.8734957509859242	1234
20130815	123	123	123	7.8167493573940945	1234
20130815	123	123	123	3.217865661380861	1234
20130815	123	123	123	5.654366989896975	1234
20130815	123	123	123	10.654057992613048	1234
20130815	123	123	123	14.028634696069185	1234
20130815	123	123	123	9.988751288698035	1234
20130815	123	123	123	2.0734183032110987	1234
20130815	123	123	123	2.842199056723893	1234
20130815	123	123	123	12.76169445743239	1234
20130815	123	123	123	10.282330205088444	1234
20130815	123	123	123	13.994557641838208	1234
20130815	123	123	123	12.183735888977871	1234
20130815	123	123	123	0.8851526078003347	1234
20130815	123	123	123	5.422510440749284	1234
20130815	123	123	123	14.97389488172283	1234
20130815	123	123	123	18.34593979827185	1234