time startPrice highestPrice lowestPrice endPrice transactionCount
20130815	123	123	123	19.479438996310655	1234
20130815	123	123	123	15.194482914509283	1234
20130815	123	123	123	17.684408911426914	1234
20130815	123	123	123	2.51588619114385	1234
20130815	123	123	123	16.74132931233171	1234
20130815	123	123	123	19.391420237044898	1234
20130815	123	123	123	12.345198224688993	1234
20130815	123	123	123	4.433681822698317	1234
20130815	123	123	123	5.164307095917948	1234
20130815	123	123	123	9.78778519207741	1234
20130815	123	123	123	12.758223244629578	1234
20130815	123	123	123	13.451951565510141	1234
20130815	123	123	123	8.283199392868891	1234
20130815	123	123	123	4.468615245225553	1234
20130815	123	123	123	18.50376708100989	1234
20130815	123	123	123	13.465474041510156	1234
20130815	123	123	123	8.776738236412672	1234
20130815	123	123	123	9.049969952111558	1234
20130815	123	123	123	6.802043717487052	1234
20130815	123	123	123	2.1846043405806714	1234
20130815	123	123	123	4.6726262958059746	1234
20130815	123	123	123	1.929415610492271	1234
20130815	123	123	123	13.794454740059274	1234
20130815	123	123	123	4.429550218637155	1234
20130815	123	123	123	7.341486619762794	1234
20130815	123	123	123	6.910255134657284	1234
20130815	123	123	123	6.875504627685136	1234
20130815	123	123	123	15.441528342083599	1234
20130815	123	123	123	14.476106461570255	1234
20130815	123	123	123	1.6351856824289146	1234
20130815	123	123	123	190.0	1234
20130815	123	123	123	195.41209031645374	1234
20130815	123	123	123	203.17917177005793	1234
20130815	123	123	123	216.9255633376081	1234
20130815	123	123	123	218.3684210526316	1234
20130815	123	123	123	228.78349055510034	1234
20130815	123	123	123	234.11569830396317	1234
20130815	123	123	123	240.60404180797602	1234
20130815	123	123	123	239.8176105398039	1234
20130815	123	123	123	246.16963361652472	1234
20130815	123	123	123	249.03601628317384	1234
20130815	123	123	123	250.78947368421055	1234
20130815	123	123	123	254.88045472102857	1234
20130815	123	123	123	269.5237487718879	1234
20130815	123	123	123	259.74008715951544	1234
20130815	123	123	123	258.79609866730266	1234
20130815	123	123	123	251.00306030000922	1234
20130815	123	123	123	250.46345742116753	1234
20130815	123	123	123	244.44102843982395	1234
20130815	123	123	123	242.92310841304396	1234
20130815	123	123	123	239.39918271617776	1234
20130815	123	123	123	232.6451479063118	1234
20130815	123	123	123	230.61626783224148	1234
20130815	123	123	123	221.657146443028	1234
20130815	123	123	123	219.90093184616234	1234
20130815	123	123	123	215.8190165204048	1234
20130815	123	123	123	209.60283443136302	1234
20130815	123	123	123	199.5981938069942	1234
20130815	123	123	123	200.78947368421058	1234
20130815	123	123	123	207.52064729744214	1234
20130815	123	123	123	238.46696763590845	1234
20130815	123	123	123	242.8669690896219	1234
20130815	123	123	123	291.47592971253187	1234
20130815	123	123	123	308.5384770423993	1234
20130815	123	123	123	350.2617649902503	1234
20130815	123	123	123	370.7489130985764	1234
20130815	123	123	123	404.7224355916591	1234
20130815	123	123	123	436.30948220712213	1234
20130815	123	123	123	473.79268262863565	1234
20130815	123	123	123	465.9843049993083	1234
20130815	123	123	123	495.4539083945928	1234
20130815	123	123	123	547.4814207425534	1234
20130815	123	123	123	564.0526315789475	1234
20130815	123	123	123	627.8840005794436	1234
20130815	123	123	123	628.6247068064023	1234
20130815	123	123	123	647.7393731832116	1234
20130815	123	123	123	654.8224456640814	1234
20130815	123	123	123	621.9535579209198	1234
20130815	123	123	123	599.6190342839411	1234
20130815	123	123	123	587.2543149657354	1234
20130815	123	123	123	549.4044351670148	1234
20130815	123	123	123	539.0526315789474	1234
20130815	123	123	123	503.7933659331012	1234
20130815	123	123	123	461.7592516253523	1234
20130815	123	123	123	447.8843148808059	1234
20130815	123	123	123	427.76429399738714	1234
20130815	123	123	123	408.2385968850636	1234
20130815	123	123	123	379.17366898730484	1234
20130815	123	123	123	341.6929414282281	1234
20130815	123	123	123	314.41584459621913	1234
20130815	123	123	123	233.63402501818535	1234
20130815	123	123	123	248.30404130956114	1234
20130815	123	123	123	232.26626280660338	1234
20130815	123	123	123	203.0040085497766	1234
20130815	123	123	123	194.3865526218335	1234
20130815	123	123	123	197.28970930974506	1234
20130815	123	123	123	203.40022147005632	1234
20130815	123	123	123	212.04850322541893	1234
20130815	123	123	123	214.70223485460784	1234
20130815	123	123	123	224.90781285935248	1234
20130815	123	123	123	237.0864501253979	1234
20130815	123	123	123	243.5933079468398	1234
20130815	123	123	123	248.30832500150046	1234
20130815	123	123	123	252.90723444188427	1234
20130815	123	123	123	260.05624531450735	1234
20130815	123	123	123	261.2889663792894	1234
20130815	123	123	123	260.44890983255016	1234
20130815	123	123	123	249.65409660562864	1234
20130815	123	123	123	246.9896144452994	1234
20130815	123	123	123	231.65584904651422	1234
20130815	123	123	123	231.36272243642043	1234
20130815	123	123	123	225.89224908965173	1234
20130815	123	123	123	222.16862047810994	1234
20130815	123	123	123	214.74091654277188	1234
20130815	123	123	123	209.37101111684393	1234
20130815	123	123	123	207.3107160694797	1234
20130815	123	123	123	203.5533587457035	1234
20130815	123	123	123	197.528734005904	1234
20130815	123	123	123	188.35865754511454	1234
20130815	123	123	123	190.0	1234
20130815	123	123	123	9.133122728798405	1234
20130815	123	123	123	13.085919438883494	1234
20130815	123	123	123	0.25629099696075075	1234
20130815	123	123	123	5.6751976277708245	1234
20130815	123	123	123	5.021530341846878	1234
20130815	123	123	123	14.795209089684999	1234
20130815	123	123	123	17.028554539798257	1234
20130815	123	123	123	15.654707600242215	1234
20130815	123	123	123	17.58220859280582	1234
20130815	123	123	123	10.197138302074318	1234
20130815	123	123	123	18.083777041032928	1234
20130815	123	123	123	6.454051629007125	1234
20130815	123	123	123	1.844923248439505	1234
20130815	123	123	123	13.596163502446647	1234
20130815	123	123	123	9.494860402598267	1234
20130815	123	123	123	17.315641042767542	1234
20130815	123	123	123	6.482170956836313	1234
20130815	123	123	123	11.823968819698807	1234
20130815	123	123	123	0.48032827764464603	1234
20130815	123	123	123	9.590228585982153	1234
20130815	123	123	123	16.35681842770311	1234
20130815	123	123	123	12.44743190865414	1234
20130815	123	123	123	6.38872187951211	1234
20130815	123	123	123	18.894891111636458	1234
20130815	123	123	123	2.294111754074024	1234
20130815	123	123	123	4.92010942615511	1234
20130815	123	123	123	6.152538281006883	1234
20130815	123	123	123	8.61448883013461	1234
20130815	123	123	123	11.225634454234175	1234
20130815	123	123	123	12.985952210965639	1234