time startPrice highestPrice lowestPrice endPrice transactionCount
20130815	123	123	123	10.336367248374618	1234
20130815	123	123	123	13.597971373466525	1234
20130815	123	123	123	12.348036111017093	1234
20130815	123	123	123	15.087426180880678	1234
20130815	123	123	123	11.995903055262175	1234
20130815	123	123	123	10.081737830092003	1234
20130815	123	123	123	5.347957391657032	1234
20130815	123	123	123	17.56344826970295	1234
20130815	123	123	123	15.480642934226431	1234
20130815	123	123	123	10.314469230486436	1234
20130815	123	123	123	12.585371869599022	1234
20130815	123	123	123	14.67284924741286	1234
20130815	123	123	123	15.08758708241075	1234
20130815	123	123	123	13.106308339883796	1234
20130815	123	123	123	16.830695239022603	1234
20130815	123	123	123	4.0442500246425634	1234
20130815	123	123	123	17.468031278958136	1234
20130815	123	123	123	15.486744532430075	1234
20130815	123	123	123	7.871312103512642	1234
20130815	123	123	123	11.929395541266263	1234
20130815	123	123	123	11.73270140142071	1234
20130815	123	123	123	1.6421496178742867	1234
20130815	123	123	123	9.801057477230232	1234
20130815	123	123	123	18.415687339086958	1234
20130815	123	123	123	9.605052458005105	1234
20130815	123	123	123	10.20119209041495	1234
20130815	123	123	123	5.393072642938998	1234
20130815	123	123	123	9.840657299222356	1234
20130815	123	123	123	18.74100820393428	1234
20130815	123	123	123	10.100666108687818	1234
20130815	123	123	123	195.05781100049933	1234
20130815	123	123	123	197.29278223321393	1234
20130815	123	123	123	198.10526315789474	1234
20130815	123	123	123	208.20586825563132	1234
20130815	123	123	123	213.45148427441944	1234
20130815	123	123	123	215.98690456003223	1234
20130815	123	123	123	222.45492856306035	1234
20130815	123	123	123	226.47368421052633	1234
20130815	123	123	123	233.93549627398076	1234
20130815	123	123	123	236.15069811864302	1234
20130815	123	123	123	241.59608925655863	1234
20130815	123	123	123	248.98859798147706	1234
20130815	123	123	123	252.09468675125086	1234
20130815	123	123	123	257.5912853525589	1234
20130815	123	123	123	254.84210526315792	1234
20130815	123	123	123	265.6406817103328	1234
20130815	123	123	123	262.9473684210526	1234
20130815	123	123	123	263.072390926253	1234
20130815	123	123	123	261.06578738048194	1234
20130815	123	123	123	251.47537352893474	1234
20130815	123	123	123	242.78812187475796	1234
20130815	123	123	123	242.97368647188034	1234
20130815	123	123	123	235.6994404055926	1234
20130815	123	123	123	232.9141323173427	1234
20130815	123	123	123	226.03534110920825	1234
20130815	123	123	123	220.30508435556996	1234
20130815	123	123	123	219.60895543094367	1234
20130815	123	123	123	214.9166659777504	1234
20130815	123	123	123	210.72955237975933	1234
20130815	123	123	123	197.26159308684447	1234
20130815	123	123	123	198.10539114013616	1234
20130815	123	123	123	196.1394054525379	1234
20130815	123	123	123	207.10563722333637	1234
20130815	123	123	123	244.65723623292118	1234
20130815	123	123	123	271.49140318183026	1234
20130815	123	123	123	267.2105263157895	1234
20130815	123	123	123	295.03133693507965	1234
20130815	123	123	123	333.7996940791484	1234
20130815	123	123	123	341.421052631579	1234
20130815	123	123	123	411.224182044359	1234
20130815	123	123	123	395.7793049948594	1234
20130815	123	123	123	430.69517526103334	1234
20130815	123	123	123	550.5955277025658	1234
20130815	123	123	123	554.0290116089691	1234
20130815	123	123	123	564.0526315789475	1234
20130815	123	123	123	610.6096169160472	1234
20130815	123	123	123	638.3230038928136	1234
20130815	123	123	123	654.442108072791	1234
20130815	123	123	123	649.9849578839643	1234
20130815	123	123	123	634.2487392540393	1234
20130815	123	123	123	604.0691637793778	1234
20130815	123	123	123	574.0902812698225	1234
20130815	123	123	123	541.2103983109174	1234
20130815	123	123	123	528.636146977586	1234
20130815	123	123	123	498.2214461860552	1234
20130815	123	123	123	472.4535323277847	1234
20130815	123	123	123	433.05082269462554	1234
20130815	123	123	123	406.03586793264697	1234
20130815	123	123	123	367.55842862402767	1234
20130815	123	123	123	350.123692276922	1234
20130815	123	123	123	330.9220885726112	1234
20130815	123	123	123	252.5192235353168	1234
20130815	123	123	123	199.91043689309902	1234
20130815	123	123	123	192.0	1234
20130815	123	123	123	199.62452468038614	1234
20130815	123	123	123	201.59938086837457	1234
20130815	123	123	123	203.21052631578945	1234
20130815	123	123	123	212.78216884833648	1234
20130815	123	123	123	219.558332771587	1234
20130815	123	123	123	222.58443263438573	1234
20130815	123	123	123	229.0051131436356	1234
20130815	123	123	123	231.42030159658654	1234
20130815	123	123	123	234.51250825785814	1234
20130815	123	123	123	238.0548740536256	1234
20130815	123	123	123	243.8652852165324	1234
20130815	123	123	123	252.12190120488881	1234
20130815	123	123	123	255.52631578947356	1234
20130815	123	123	123	259.5101341655229	1234
20130815	123	123	123	259.0645156763125	1234
20130815	123	123	123	255.3157894736842	1234
20130815	123	123	123	234.14397419181688	1234
20130815	123	123	123	230.58020153903027	1234
20130815	123	123	123	215.4666370492836	1234
20130815	123	123	123	214.2186250954244	1234
20130815	123	123	123	209.98855720536238	1234
20130815	123	123	123	209.1874165787868	1234
20130815	123	123	123	202.46007195242254	1234
20130815	123	123	123	196.3400881773845	1234
20130815	123	123	123	193.84210526315795	1234
20130815	123	123	123	190.0	1234
20130815	123	123	123	7.285653502211642	1234
20130815	123	123	123	7.830375653552877	1234
20130815	123	123	123	18.83734748605701	1234
20130815	123	123	123	8.174438453098302	1234
20130815	123	123	123	11.277115456515096	1234
20130815	123	123	123	18.85644870210912	1234
20130815	123	123	123	19.779820496866467	1234
20130815	123	123	123	12.643369720646993	1234
20130815	123	123	123	5.717091508525742	1234
20130815	123	123	123	0.8039140908312103	1234
20130815	123	123	123	13.836015068100814	1234
20130815	123	123	123	5.844224181555742	1234
20130815	123	123	123	2.798107652698012	1234
20130815	123	123	123	13.765002504168748	1234
20130815	123	123	123	9.776869891731968	1234
20130815	123	123	123	16.820735009515136	1234
20130815	123	123	123	2.4926675250178976	1234
20130815	123	123	123	11.121383342881453	1234
20130815	123	123	123	15.814664053438417	1234
20130815	123	123	123	9.810146650915847	1234
20130815	123	123	123	17.947495547381465	1234
20130815	123	123	123	13.950176701353485	1234
20130815	123	123	123	0.37419708654461425	1234
20130815	123	123	123	18.193726434971154	1234
20130815	123	123	123	2.337987046455603	1234
20130815	123	123	123	16.886664630403306	1234
20130815	123	123	123	4.967799415791536	1234
20130815	123	123	123	15.139871886192076	1234
20130815	123	123	123	1.5023278327579503	1234
20130815	123	123	123	16.79929332467414	1234