time startPrice highestPrice lowestPrice endPrice transactionCount
20130815	123	123	123	16.195627815935445	1234
20130815	123	123	123	10.220762719898266	1234
20130815	123	123	123	18.915225153074044	1234
20130815	123	123	123	8.407357724368625	1234
20130815	123	123	123	8.314582386733449	1234
20130815	123	123	123	11.999554058275015	1234
20130815	123	123	123	12.129323696171664	1234
20130815	123	123	123	15.13653369189396	1234
20130815	123	123	123	6.244201027189922	1234
20130815	123	123	123	7.678696962339089	1234
20130815	123	123	123	8.663472610252507	1234
20130815	123	123	123	14.671371244839115	1234
20130815	123	123	123	12.136333588581135	1234
20130815	123	123	123	15.882505803647796	1234
20130815	123	123	123	13.321436860951426	1234
20130815	123	123	123	16.406041755085457	1234
20130815	123	123	123	1.3511403181378423	1234
20130815	123	123	123	1.9023731813984623	1234
20130815	123	123	123	3.6290194464522108	1234
20130815	123	123	123	14.867535146281284	1234
20130815	123	123	123	2.542349532044441	1234
20130815	123	123	123	3.6685706142815078	1234
20130815	123	123	123	13.436065629078325	1234
20130815	123	123	123	7.801688651996406	1234
20130815	123	123	123	5.680088244715968	1234
20130815	123	123	123	11.332375499414182	1234
20130815	123	123	123	8.034214738306606	1234
20130815	123	123	123	3.735328016598456	1234
20130815	123	123	123	3.9029942905811366	1234
20130815	123	123	123	1.9020038394679206	1234
20130815	123	123	123	219.31850321446728	1234
20130815	123	123	123	219.83270416576886	1234
20130815	123	123	123	231.85869626680613	1234
20130815	123	123	123	250.9948082665722	1234
20130815	123	123	123	272.9863740264755	1234
20130815	123	123	123	282.6517193942593	1234
20130815	123	123	123	310.81516272922727	1234
20130815	123	123	123	363.3427563107424	1234
20130815	123	123	123	367.5264099429721	1234
20130815	123	123	123	383.29587654020037	1234
20130815	123	123	123	413.8241826702101	1234
20130815	123	123	123	432.2188274474807	1234
20130815	123	123	123	437.2794525228747	1234
20130815	123	123	123	464.3840206815145	1234
20130815	123	123	123	497.13115739693194	1234
20130815	123	123	123	497.66042590038944	1234
20130815	123	123	123	528.540849289883	1234
20130815	123	123	123	520.7041137349664	1234
20130815	123	123	123	506.3964948825477	1234
20130815	123	123	123	488.26346563356674	1234
20130815	123	123	123	486.4473659610376	1234
20130815	123	123	123	481.7894736842106	1234
20130815	123	123	123	465.82699855459657	1234
20130815	123	123	123	447.5270983717533	1234
20130815	123	123	123	433.3231027822826	1234
20130815	123	123	123	428.92444404640537	1234
20130815	123	123	123	413.70248397092536	1234
20130815	123	123	123	388.80377323604097	1234
20130815	123	123	123	375.37731437058335	1234
20130815	123	123	123	366.8447103581174	1234
20130815	123	123	123	340.0888285410538	1234
20130815	123	123	123	295.62160520181476	1234
20130815	123	123	123	329.5060655469896	1234
20130815	123	123	123	336.6281188488385	1234
20130815	123	123	123	343.9688459693448	1234
20130815	123	123	123	359.0746074874005	1234
20130815	123	123	123	363.7216017332197	1234
20130815	123	123	123	373.20851904117194	1234
20130815	123	123	123	402.839535330679	1234
20130815	123	123	123	411.5232172104293	1234
20130815	123	123	123	443.1115717193948	1234
20130815	123	123	123	439.89473684210503	1234
20130815	123	123	123	463.25238095708784	1234
20130815	123	123	123	480.2819136098043	1234
20130815	123	123	123	490.5099808148085	1234
20130815	123	123	123	509.2001524620887	1234
20130815	123	123	123	518.7368421052628	1234
20130815	123	123	123	520.7157598454471	1234
20130815	123	123	123	512.552214449408	1234
20130815	123	123	123	506.5741441298629	1234
20130815	123	123	123	496.15064969744935	1234
20130815	123	123	123	481.86129524946637	1234
20130815	123	123	123	476.5347209240043	1234
20130815	123	123	123	438.6382412482846	1234
20130815	123	123	123	436.84874487451157	1234
20130815	123	123	123	425.9804306066728	1234
20130815	123	123	123	403.11160596494665	1234
20130815	123	123	123	397.0794148256836	1234
20130815	123	123	123	391.1052631578948	1234
20130815	123	123	123	380.421052631579	1234
20130815	123	123	123	345.59793708438906	1234
20130815	123	123	123	333.8471169733272	1234
20130815	123	123	123	327.96798045820873	1234
20130815	123	123	123	446.2817784302892	1234
20130815	123	123	123	437.5857972420196	1234
20130815	123	123	123	447.46461211426555	1234
20130815	123	123	123	457.4263541512468	1234
20130815	123	123	123	479.1877397441452	1234
20130815	123	123	123	488.9040494699261	1234
20130815	123	123	123	490.6066148269718	1234
20130815	123	123	123	500.89824019059927	1234
20130815	123	123	123	523.4764021719287	1234
20130815	123	123	123	514.916447284107	1234
20130815	123	123	123	501.3584061804464	1234
20130815	123	123	123	470.8297502199035	1234
20130815	123	123	123	446.1768320248146	1234
20130815	123	123	123	424.6364454484851	1234
20130815	123	123	123	428.89269838746833	1234
20130815	123	123	123	411.7841872853182	1234
20130815	123	123	123	376.2625616144789	1234
20130815	123	123	123	366.1052631578947	1234
20130815	123	123	123	302.2012458837009	1234
20130815	123	123	123	297.9282981833236	1234
20130815	123	123	123	297.26315789473676	1234
20130815	123	123	123	268.31854099611786	1234
20130815	123	123	123	251.4918035447236	1234
20130815	123	123	123	225.41598845385082	1234
20130815	123	123	123	223.1782976220533	1234
20130815	123	123	123	211.16573141688062	1234
20130815	123	123	123	194.0	1234
20130815	123	123	123	17.668457105456255	1234
20130815	123	123	123	9.022448229560743	1234
20130815	123	123	123	0.34525039446907435	1234
20130815	123	123	123	12.035987930630249	1234
20130815	123	123	123	0.6369495167684658	1234
20130815	123	123	123	7.60503324608324	1234
20130815	123	123	123	19.463072342744955	1234
20130815	123	123	123	1.8827914228782072	1234
20130815	123	123	123	4.614955841727058	1234
20130815	123	123	123	8.066751277146757	1234
20130815	123	123	123	13.889092100024191	1234
20130815	123	123	123	0.7656119370436709	1234
20130815	123	123	123	5.40518755751221	1234
20130815	123	123	123	12.03043714611584	1234
20130815	123	123	123	12.471988696548063	1234
20130815	123	123	123	11.546478981950298	1234
20130815	123	123	123	6.008206847266743	1234
20130815	123	123	123	15.547919149556007	1234
20130815	123	123	123	12.912619481917826	1234
20130815	123	123	123	4.663908683218119	1234
20130815	123	123	123	15.722996113100454	1234
20130815	123	123	123	10.853403868078232	1234
20130815	123	123	123	3.2868103792995473	1234
20130815	123	123	123	15.12353545583883	1234
20130815	123	123	123	18.929163964476498	1234
20130815	123	123	123	9.699294276442487	1234
20130815	123	123	123	0.748878464613798	1234
20130815	123	123	123	6.131294092532795	1234
20130815	123	123	123	6.268692964031857	1234
20130815	123	123	123	1.4659667174730484	1234