time startPrice highestPrice lowestPrice endPrice transactionCount
20130815	123	123	123	5.856532821114165	1234
20130815	123	123	123	5.376068339772761	1234
20130815	123	123	123	18.79598663251626	1234
20130815	123	123	123	5.358570788555048	1234
20130815	123	123	123	0.09894512682507628	1234
20130815	123	123	123	18.528700245511622	1234
20130815	123	123	123	17.91865792454348	1234
20130815	123	123	123	10.134556026555899	1234
20130815	123	123	123	15.565228227850332	1234
20130815	123	123	123	3.22563230329747	1234
20130815	123	123	123	3.0020137047912576	1234
20130815	123	123	123	8.70138480470194	1234
20130815	123	123	123	11.861426630897927	1234
20130815	123	123	123	18.950254499784265	1234
20130815	123	123	123	18.40243352406375	1234
20130815	123	123	123	0.47650923855085736	1234
20130815	123	123	123	18.381361370941637	1234
20130815	123	123	123	19.88115606370095	1234
20130815	123	123	123	9.892374726014053	1234
20130815	123	123	123	3.3740993025575516	1234
20130815	123	123	123	6.358003577663894	1234
20130815	123	123	123	10.557854073172216	1234
20130815	123	123	123	2.579868770695446	1234
20130815	123	123	123	8.011088439014571	1234
20130815	123	123	123	16.724119794228926	1234
20130815	123	123	123	13.248280117781226	1234
20130815	123	123	123	4.006487093864434	1234
20130815	123	123	123	12.53739892876866	1234
20130815	123	123	123	11.412191343731788	1234
20130815	123	123	123	0.9810327062196023	1234
20130815	123	123	123	245.4405281409709	1234
20130815	123	123	123	226.04557141932185	1234
20130815	123	123	123	241.11315089259654	1234
20130815	123	123	123	285.82075258779935	1234
20130815	123	123	123	276.2105263157895	1234
20130815	123	123	123	312.20575922444095	1234
20130815	123	123	123	343.0962745216737	1234
20130815	123	123	123	433.2450162722506	1234
20130815	123	123	123	411.13776946107026	1234
20130815	123	123	123	432.9381255656955	1234
20130815	123	123	123	437.9668366112883	1234
20130815	123	123	123	454.63157894736867	1234
20130815	123	123	123	501.90670481812924	1234
20130815	123	123	123	498.2206228058226	1234
20130815	123	123	123	535.6513312353686	1234
20130815	123	123	123	510.06199609967166	1234
20130815	123	123	123	508.8102427113299	1234
20130815	123	123	123	494.200588341734	1234
20130815	123	123	123	478.36446947494983	1234
20130815	123	123	123	458.59735410984837	1234
20130815	123	123	123	459.46154211402063	1234
20130815	123	123	123	440.6036967688208	1234
20130815	123	123	123	412.7966629083744	1234
20130815	123	123	123	415.4004280183226	1234
20130815	123	123	123	393.36842105263185	1234
20130815	123	123	123	374.70883558196533	1234
20130815	123	123	123	357.872731766333	1234
20130815	123	123	123	343.0056321317305	1234
20130815	123	123	123	333.43128819012003	1234
20130815	123	123	123	325.44091284455794	1234
20130815	123	123	123	328.005775396317	1234
20130815	123	123	123	346.3543257992399	1234
20130815	123	123	123	353.07158923169976	1234
20130815	123	123	123	370.97455830929715	1234
20130815	123	123	123	394.7135747997423	1234
20130815	123	123	123	396.32848863022303	1234
20130815	123	123	123	411.85163421551164	1234
20130815	123	123	123	446.2940504565549	1234
20130815	123	123	123	447.3496958127308	1234
20130815	123	123	123	458.35168467000983	1234
20130815	123	123	123	475.7513073319612	1234
20130815	123	123	123	494.3148542423767	1234
20130815	123	123	123	504.0751106941199	1234
20130815	123	123	123	512.6434718932965	1234
20130815	123	123	123	527.7995944822281	1234
20130815	123	123	123	517.9116184318024	1234
20130815	123	123	123	513.4539780418963	1234
20130815	123	123	123	501.2867252508313	1234
20130815	123	123	123	492.2492129570649	1234
20130815	123	123	123	483.69377196047003	1234
20130815	123	123	123	471.8914451929692	1234
20130815	123	123	123	448.45780122542004	1234
20130815	123	123	123	423.12115083568926	1234
20130815	123	123	123	416.09606615083436	1234
20130815	123	123	123	393.87239033114184	1234
20130815	123	123	123	377.3009411112072	1234
20130815	123	123	123	350.80718879994754	1234
20130815	123	123	123	318.55169348114816	1234
20130815	123	123	123	331.91427067389355	1234
20130815	123	123	123	351.3389239991186	1234
20130815	123	123	123	349.8013679340013	1234
20130815	123	123	123	358.54274958158675	1234
20130815	123	123	123	376.0952847826456	1234
20130815	123	123	123	381.940818703667	1234
20130815	123	123	123	411.87760512386575	1234
20130815	123	123	123	418.0249950189487	1234
20130815	123	123	123	440.12450909413525	1234
20130815	123	123	123	447.2354027916069	1234
20130815	123	123	123	454.8944542147829	1234
20130815	123	123	123	461.6618550681698	1234
20130815	123	123	123	486.1163035860042	1234
20130815	123	123	123	487.98592827171575	1234
20130815	123	123	123	490.3684210526317	1234
20130815	123	123	123	503.24610670488	1234
20130815	123	123	123	494.59691443354194	1234
20130815	123	123	123	485.9131487260956	1234
20130815	123	123	123	450.8019770075989	1234
20130815	123	123	123	434.73125410368266	1234
20130815	123	123	123	406.18828833758016	1234
20130815	123	123	123	393.9864723810502	1234
20130815	123	123	123	369.43915657345747	1234
20130815	123	123	123	351.6583116169874	1234
20130815	123	123	123	306.15186677945593	1234
20130815	123	123	123	306.1607597321474	1234
20130815	123	123	123	297.26315789473676	1234
20130815	123	123	123	279.38410555680105	1234
20130815	123	123	123	262.8421052631578	1234
20130815	123	123	123	218.50247422617787	1234
20130815	123	123	123	211.21052631578937	1234
20130815	123	123	123	194.0	1234
20130815	123	123	123	3.852610633846998	1234
20130815	123	123	123	15.930310187801206	1234
20130815	123	123	123	11.602515704554841	1234
20130815	123	123	123	7.490567616835417	1234
20130815	123	123	123	6.620244728220436	1234
20130815	123	123	123	16.440601241161268	1234
20130815	123	123	123	5.432313067805965	1234
20130815	123	123	123	10.733652249838759	1234
20130815	123	123	123	11.730017188423007	1234
20130815	123	123	123	8.850732375277538	1234
20130815	123	123	123	9.807558291851713	1234
20130815	123	123	123	0.17055981286682842	1234
20130815	123	123	123	6.660422234817746	1234
20130815	123	123	123	19.303010847620367	1234
20130815	123	123	123	16.213167739063167	1234
20130815	123	123	123	19.66465018802108	1234
20130815	123	123	123	3.07375926445693	1234
20130815	123	123	123	19.67832868858055	1234
20130815	123	123	123	18.796078865240318	1234
20130815	123	123	123	7.639121454070854	1234
20130815	123	123	123	3.3146331642768123	1234
20130815	123	123	123	4.853715940086882	1234
20130815	123	123	123	14.499664058470415	1234
20130815	123	123	123	14.039891393891537	1234
20130815	123	123	123	15.233291840563808	1234
20130815	123	123	123	15.639619542852847	1234
20130815	123	123	123	19.65682833012701	1234
20130815	123	123	123	19.688706802518386	1234
20130815	123	123	123	16.97746876464568	1234
20130815	123	123	123	7.795460448414251	1234