time startPrice highestPrice lowestPrice endPrice transactionCount
20130815	123	123	123	6.524235107744174	1234
20130815	123	123	123	17.177028210066567	1234
20130815	123	123	123	8.236273513136236	1234
20130815	123	123	123	11.208336137240178	1234
20130815	123	123	123	0.7977759418821639	1234
20130815	123	123	123	13.241414010251166	1234
20130815	123	123	123	6.306787636720868	1234
20130815	123	123	123	18.138775857743024	1234
20130815	123	123	123	14.99931021204831	1234
20130815	123	123	123	17.185292653654493	1234
20130815	123	123	123	6.980400579307839	1234
20130815	123	123	123	7.3618415902478285	1234
20130815	123	123	123	15.848858004949571	1234
20130815	123	123	123	11.413944286583561	1234
20130815	123	123	123	0.3176326522296269	1234
20130815	123	123	123	0.8865750075102463	1234
20130815	123	123	123	10.069792129624869	1234
20130815	123	123	123	1.2950178554682878	1234
20130815	123	123	123	3.5520533803864818	1234
20130815	123	123	123	5.2939146463192	1234
20130815	123	123	123	10.32344494431549	1234
20130815	123	123	123	9.627684701790445	1234
20130815	123	123	123	10.136961211951093	1234
20130815	123	123	123	19.892953282746056	1234
20130815	123	123	123	0.39108880387094036	1234
20130815	123	123	123	5.377636722338051	1234
20130815	123	123	123	17.262162014541104	1234
20130815	123	123	123	7.684606876063627	1234
20130815	123	123	123	2.0965863404780727	1234
20130815	123	123	123	11.285468188425423	1234
20130815	123	123	123	196.4435620993203	1234
20130815	123	123	123	206.938076914924	1234
20130815	123	123	123	237.82106947634793	1234
20130815	123	123	123	251.78988496478507	1234
20130815	123	123	123	270.6098739405403	1234
20130815	123	123	123	276.2105263157895	1234
20130815	123	123	123	296.93156995963244	1234
20130815	123	123	123	327.3910729466606	1234
20130815	123	123	123	345.4610966316175	1234
20130815	123	123	123	378.4031525260632	1234
20130815	123	123	123	405.84919309080635	1234
20130815	123	123	123	421.30992829834327	1234
20130815	123	123	123	420.93726069227375	1234
20130815	123	123	123	465.2765970118596	1234
20130815	123	123	123	468.6155730611931	1234
20130815	123	123	123	514.9016751945242	1234
20130815	123	123	123	506.16040735370285	1234
20130815	123	123	123	499.3162694013308	1234
20130815	123	123	123	483.67070849067943	1234
20130815	123	123	123	474.50715450343716	1234
20130815	123	123	123	470.73684210526324	1234
20130815	123	123	123	449.2573938100334	1234
20130815	123	123	123	443.8578364107089	1234
20130815	123	123	123	397.1396948792201	1234
20130815	123	123	123	396.4115808624472	1234
20130815	123	123	123	390.278450184208	1234
20130815	123	123	123	369.67542763574306	1234
20130815	123	123	123	360.2105263157898	1234
20130815	123	123	123	328.49936867536667	1234
20130815	123	123	123	325.6144247414438	1234
20130815	123	123	123	326.731612913749	1234
20130815	123	123	123	344.7101736748809	1234
20130815	123	123	123	362.96264672737	1234
20130815	123	123	123	372.53327215918074	1234
20130815	123	123	123	377.2302796778005	1234
20130815	123	123	123	423.27479844029864	1234
20130815	123	123	123	421.268515886561	1234
20130815	123	123	123	434.61329023848646	1234
20130815	123	123	123	449.30209948115635	1234
20130815	123	123	123	455.2642887213839	1234
20130815	123	123	123	477.10881065712596	1234
20130815	123	123	123	482.52253922675504	1234
20130815	123	123	123	519.8586602032302	1234
20130815	123	123	123	519.0326899082137	1234
20130815	123	123	123	516.6913503670908	1234
20130815	123	123	123	508.6315789473684	1234
20130815	123	123	123	483.13269485799054	1234
20130815	123	123	123	481.929156303186	1234
20130815	123	123	123	471.2518981277042	1234
20130815	123	123	123	463.9333912555345	1234
20130815	123	123	123	446.62400512077545	1234
20130815	123	123	123	430.56665589802554	1234
20130815	123	123	123	411.1994866773432	1234
20130815	123	123	123	403.48088576820334	1234
20130815	123	123	123	385.11562454089517	1234
20130815	123	123	123	387.04910410534865	1234
20130815	123	123	123	374.43427990672046	1234
20130815	123	123	123	364.5435117160892	1234
20130815	123	123	123	348.6611684489102	1234
20130815	123	123	123	341.07391767410235	1234
20130815	123	123	123	329.95176922536393	1234
20130815	123	123	123	347.83796817576143	1234
20130815	123	123	123	348.7027540631882	1234
20130815	123	123	123	363.82157829098185	1234
20130815	123	123	123	373.739381406569	1234
20130815	123	123	123	392.7800659761741	1234
20130815	123	123	123	398.47368421052636	1234
20130815	123	123	123	408.81143195854423	1234
20130815	123	123	123	421.50984376766183	1234
20130815	123	123	123	458.120367825187	1234
20130815	123	123	123	463.8914797068297	1234
20130815	123	123	123	470.05934248258353	1234
20130815	123	123	123	493.95895118137815	1234
20130815	123	123	123	526.0066437944092	1234
20130815	123	123	123	500.43113100657666	1234
20130815	123	123	123	489.25528147010056	1234
20130815	123	123	123	455.2243935439976	1234
20130815	123	123	123	464.4497167931774	1234
20130815	123	123	123	424.30995019256994	1234
20130815	123	123	123	417.57825999508367	1234
20130815	123	123	123	389.8994552302723	1234
20130815	123	123	123	384.602680839269	1234
20130815	123	123	123	371.47454981043694	1234
20130815	123	123	123	344.8475674472609	1234
20130815	123	123	123	348.8947368421052	1234
20130815	123	123	123	316.3235567070857	1234
20130815	123	123	123	262.8056873075997	1234
20130815	123	123	123	222.26951512685642	1234
20130815	123	123	123	210.2143568829721	1234
20130815	123	123	123	194.0	1234
20130815	123	123	123	10.945459454729336	1234
20130815	123	123	123	2.929684567853197	1234
20130815	123	123	123	12.966896037170308	1234
20130815	123	123	123	7.866147552960006	1234
20130815	123	123	123	13.369874174972242	1234
20130815	123	123	123	3.5910198899822654	1234
20130815	123	123	123	13.256535227692845	1234
20130815	123	123	123	12.352427859346122	1234
20130815	123	123	123	15.829021598269657	1234
20130815	123	123	123	9.516965028854923	1234
20130815	123	123	123	13.71600414054743	1234
20130815	123	123	123	0.29521832560558625	1234
20130815	123	123	123	12.459482324729251	1234
20130815	123	123	123	17.956221126162546	1234
20130815	123	123	123	11.363082655112219	1234
20130815	123	123	123	14.819074977284805	1234
20130815	123	123	123	14.880403078371284	1234
20130815	123	123	123	16.841625120161027	1234
20130815	123	123	123	19.51981681490837	1234
20130815	123	123	123	13.941145011954912	1234
20130815	123	123	123	5.926970016972892	1234
20130815	123	123	123	3.2531661565014236	1234
20130815	123	123	123	0.5069190196904838	1234
20130815	123	123	123	19.897041602450162	1234
20130815	123	123	123	1.8558145356545586	1234
20130815	123	123	123	19.568173448726508	1234
20130815	123	123	123	14.641210617794108	1234
20130815	123	123	123	16.077286133564257	1234
20130815	123	123	123	16.71680066684026	1234
20130815	123	123	123	3.0292612204876823	1234