time startPrice highestPrice lowestPrice endPrice transactionCount
20130815	123	123	123	7.470085039933707	1234
20130815	123	123	123	18.68833947728721	1234
20130815	123	123	123	11.371641040909868	1234
20130815	123	123	123	18.81829001391534	1234
20130815	123	123	123	1.8979151457172572	1234
20130815	123	123	123	1.607751356307734	1234
20130815	123	123	123	8.941441805522857	1234
20130815	123	123	123	16.231111432437245	1234
20130815	123	123	123	6.070283438111863	1234
20130815	123	123	123	16.61448993923331	1234
20130815	123	123	123	8.342532495069968	1234
20130815	123	123	123	4.232178016567463	1234
20130815	123	123	123	15.400662149222423	1234
20130815	123	123	123	6.078501319090128	1234
20130815	123	123	123	16.448805599132392	1234
20130815	123	123	123	5.007515697705365	1234
20130815	123	123	123	4.876687030984435	1234
20130815	123	123	123	2.7912804976497885	1234
20130815	123	123	123	7.271260325423626	1234
20130815	123	123	123	0.7790921548427554	1234
20130815	123	123	123	8.354957994170524	1234
20130815	123	123	123	9.355127291249271	1234
20130815	123	123	123	3.0742911622740565	1234
20130815	123	123	123	7.4631471602133725	1234
20130815	123	123	123	6.763250166591865	1234
20130815	123	123	123	15.829331054847879	1234
20130815	123	123	123	10.213901502903573	1234
20130815	123	123	123	2.2656912639908855	1234
20130815	123	123	123	18.855770648438565	1234
20130815	123	123	123	1.2369289676446238	1234
20130815	123	123	123	207.78759947066308	1234
20130815	123	123	123	216.31748610573624	1234
20130815	123	123	123	247.71894855829538	1234
20130815	123	123	123	248.84980048611868	1234
20130815	123	123	123	274.23209797935533	1234
20130815	123	123	123	276.2105263157895	1234
20130815	123	123	123	314.53463046124074	1234
20130815	123	123	123	363.20744135998905	1234
20130815	123	123	123	365.4210526315791	1234
20130815	123	123	123	390.03978966489615	1234
20130815	123	123	123	401.1052631578949	1234
20130815	123	123	123	419.0558837392669	1234
20130815	123	123	123	445.0808613723675	1234
20130815	123	123	123	468.0372076005427	1234
20130815	123	123	123	502.73033922209527	1234
20130815	123	123	123	508.3965502742862	1234
20130815	123	123	123	515.9647577613982	1234
20130815	123	123	123	514.5618687485942	1234
20130815	123	123	123	514.9473684210526	1234
20130815	123	123	123	499.8752360583281	1234
20130815	123	123	123	490.3693400984643	1234
20130815	123	123	123	466.7939401788695	1234
20130815	123	123	123	442.37552196971205	1234
20130815	123	123	123	441.05963544400674	1234
20130815	123	123	123	423.2605822894797	1234
20130815	123	123	123	408.8397705058693	1234
20130815	123	123	123	404.0652886837508	1234
20130815	123	123	123	386.732118163225	1234
20130815	123	123	123	365.0672411054562	1234
20130815	123	123	123	358.18446580747946	1234
20130815	123	123	123	354.28446575916286	1234
20130815	123	123	123	333.33183689915535	1234
20130815	123	123	123	312.6873415415385	1234
20130815	123	123	123	328.62757316211867	1234
20130815	123	123	123	335.2195661149975	1234
20130815	123	123	123	339.89571918181264	1234
20130815	123	123	123	358.1343181727861	1234
20130815	123	123	123	375.3722621783596	1234
20130815	123	123	123	381.1198673917627	1234
20130815	123	123	123	384.1836866451421	1234
20130815	123	123	123	404.81407760976117	1234
20130815	123	123	123	406.10526315789457	1234
20130815	123	123	123	439.89473684210503	1234
20130815	123	123	123	455.23000045871447	1234
20130815	123	123	123	479.6561598086789	1234
20130815	123	123	123	480.5003995960384	1234
20130815	123	123	123	500.75939164422124	1234
20130815	123	123	123	521.6304740339409	1234
20130815	123	123	123	520.99883039958	1234
20130815	123	123	123	518.4902212081638	1234
20130815	123	123	123	508.0365441077275	1234
20130815	123	123	123	487.52725274580314	1234
20130815	123	123	123	487.2631578947368	1234
20130815	123	123	123	462.2970219967398	1234
20130815	123	123	123	455.6380003121961	1234
20130815	123	123	123	454.82711314668006	1234
20130815	123	123	123	438.3108978288394	1234
20130815	123	123	123	413.6722008719679	1234
20130815	123	123	123	399.46028252680475	1234
20130815	123	123	123	393.266017607467	1234
20130815	123	123	123	374.04919996139165	1234
20130815	123	123	123	364.24028773024395	1234
20130815	123	123	123	363.4885274331955	1234
20130815	123	123	123	336.9147477411558	1234
20130815	123	123	123	335.2855202682267	1234
20130815	123	123	123	357.89977131771997	1234
20130815	123	123	123	381.02474511878705	1234
20130815	123	123	123	380.1162508042639	1234
20130815	123	123	123	388.2631578947369	1234
20130815	123	123	123	405.0310883253067	1234
20130815	123	123	123	421.59177705786277	1234
20130815	123	123	123	435.81364847660626	1234
20130815	123	123	123	461.04310076346206	1234
20130815	123	123	123	465.6976802470448	1234
20130815	123	123	123	482.0498561163071	1234
20130815	123	123	123	524.0111126624802	1234
20130815	123	123	123	464.7359154831588	1234
20130815	123	123	123	416.36296242014566	1234
20130815	123	123	123	396.46777446113646	1234
20130815	123	123	123	378.6547867643894	1234
20130815	123	123	123	376.7615951099826	1234
20130815	123	123	123	366.1052631578947	1234
20130815	123	123	123	346.8347536173322	1234
20130815	123	123	123	312.4879995473644	1234
20130815	123	123	123	274.6493558673272	1234
20130815	123	123	123	252.9359744245457	1234
20130815	123	123	123	233.04287319191045	1234
20130815	123	123	123	220.40573060079467	1234
20130815	123	123	123	202.77734446738077	1234
20130815	123	123	123	194.0	1234
20130815	123	123	123	3.3923066332981056	1234
20130815	123	123	123	0.9457653046239889	1234
20130815	123	123	123	16.545993601191974	1234
20130815	123	123	123	14.320822431370509	1234
20130815	123	123	123	9.464786072270876	1234
20130815	123	123	123	1.8247028786112462	1234
20130815	123	123	123	18.34551708538889	1234
20130815	123	123	123	6.848212978859884	1234
20130815	123	123	123	12.501054210400431	1234
20130815	123	123	123	13.092304174840258	1234
20130815	123	123	123	9.066291082306392	1234
20130815	123	123	123	18.797449231167818	1234
20130815	123	123	123	5.494829397136442	1234
20130815	123	123	123	17.558480287537467	1234
20130815	123	123	123	11.69747037559844	1234
20130815	123	123	123	8.921564482487392	1234
20130815	123	123	123	10.93168404559118	1234
20130815	123	123	123	4.721576871534303	1234
20130815	123	123	123	18.247054987563057	1234
20130815	123	123	123	6.467909734026933	1234
20130815	123	123	123	2.3666629892489	1234
20130815	123	123	123	13.87226131801963	1234
20130815	123	123	123	10.342382442098652	1234
20130815	123	123	123	10.243465967912268	1234
20130815	123	123	123	2.2295669162362453	1234
20130815	123	123	123	3.924488174736358	1234
20130815	123	123	123	7.512449336007181	1234
20130815	123	123	123	19.75056453125594	1234
20130815	123	123	123	7.267203582230303	1234
20130815	123	123	123	15.762742255402209	1234