time startPrice highestPrice lowestPrice endPrice transactionCount
20130815	123	123	123	2.77556657570172	1234
20130815	123	123	123	5.752626602454325	1234
20130815	123	123	123	4.253528338000923	1234
20130815	123	123	123	15.306787386226912	1234
20130815	123	123	123	17.117821018565575	1234
20130815	123	123	123	17.84154810730977	1234
20130815	123	123	123	10.506531668885344	1234
20130815	123	123	123	15.085771710414859	1234
20130815	123	123	123	14.8793665881932	1234
20130815	123	123	123	2.1554584142106337	1234
20130815	123	123	123	4.210387871298491	1234
20130815	123	123	123	7.086245798504818	1234
20130815	123	123	123	19.438043691284463	1234
20130815	123	123	123	5.444031248246128	1234
20130815	123	123	123	14.484591081937277	1234
20130815	123	123	123	16.73081188337403	1234
20130815	123	123	123	15.904078432106816	1234
20130815	123	123	123	5.285882264138979	1234
20130815	123	123	123	2.0396171991924805	1234
20130815	123	123	123	7.809190382077444	1234
20130815	123	123	123	19.595578296758603	1234
20130815	123	123	123	16.039046356872152	1234
20130815	123	123	123	5.950047673243544	1234
20130815	123	123	123	11.598226416973015	1234
20130815	123	123	123	9.6012539481392	1234
20130815	123	123	123	12.240892647065639	1234
20130815	123	123	123	13.175130710056033	1234
20130815	123	123	123	17.91039382047466	1234
20130815	123	123	123	1.7986486574566807	1234
20130815	123	123	123	0.9400163744420142	1234
20130815	123	123	123	199.27228743387712	1234
20130815	123	123	123	209.23791612801114	1234
20130815	123	123	123	228.38492868093536	1234
20130815	123	123	123	259.99408659388	1234
20130815	123	123	123	277.1753015374841	1234
20130815	123	123	123	281.2373646144532	1234
20130815	123	123	123	300.06540345123756	1234
20130815	123	123	123	337.76235824474674	1234
20130815	123	123	123	371.68683505153194	1234
20130815	123	123	123	372.7672652813268	1234
20130815	123	123	123	411.86099698833175	1234
20130815	123	123	123	419.978949474555	1234
20130815	123	123	123	448.2512604027523	1234
20130815	123	123	123	465.05452590560816	1234
20130815	123	123	123	491.1955660857515	1234
20130815	123	123	123	502.17311544948325	1234
20130815	123	123	123	512.5839645298379	1234
20130815	123	123	123	501.7847802849964	1234
20130815	123	123	123	492.8421052631579	1234
20130815	123	123	123	444.5748201608701	1234
20130815	123	123	123	438.453254203034	1234
20130815	123	123	123	414.5747544820849	1234
20130815	123	123	123	409.9078385335433	1234
20130815	123	123	123	399.36666671771667	1234
20130815	123	123	123	380.2558694500401	1234
20130815	123	123	123	367.20408764589337	1234
20130815	123	123	123	347.9933376703979	1234
20130815	123	123	123	317.8891975553018	1234
20130815	123	123	123	318.2892903066061	1234
20130815	123	123	123	333.03572690909846	1234
20130815	123	123	123	354.9915399599952	1234
20130815	123	123	123	355.814610039472	1234
20130815	123	123	123	374.5761727807139	1234
20130815	123	123	123	387.15158089417486	1234
20130815	123	123	123	402.87755387456434	1234
20130815	123	123	123	418.10292219917125	1234
20130815	123	123	123	441.54927767828946	1234
20130815	123	123	123	441.151257621274	1234
20130815	123	123	123	461.9410752671611	1234
20130815	123	123	123	463.43420012048523	1234
20130815	123	123	123	478.19749401604054	1234
20130815	123	123	123	502.4192048091896	1234
20130815	123	123	123	501.1762979990712	1234
20130815	123	123	123	521.6865222352012	1234
20130815	123	123	123	519.2747699929232	1234
20130815	123	123	123	526.3781787273984	1234
20130815	123	123	123	503.89228332324427	1234
20130815	123	123	123	502.345324309804	1234
20130815	123	123	123	492.45733411373834	1234
20130815	123	123	123	479.20414064969094	1234
20130815	123	123	123	457.2665038220039	1234
20130815	123	123	123	450.534688599058	1234
20130815	123	123	123	442.1146601602869	1234
20130815	123	123	123	433.8421052631579	1234
20130815	123	123	123	407.58915379522415	1234
20130815	123	123	123	408.86603040187157	1234
20130815	123	123	123	398.60246679659406	1234
20130815	123	123	123	378.7643618834821	1234
20130815	123	123	123	380.421052631579	1234
20130815	123	123	123	354.70449399559794	1234
20130815	123	123	123	340.1394048828898	1234
20130815	123	123	123	337.11932251202876	1234
20130815	123	123	123	331.08525685801254	1234
20130815	123	123	123	353.8380366781964	1234
20130815	123	123	123	354.30593869035766	1234
20130815	123	123	123	360.34655379036894	1234
20130815	123	123	123	367.8421052631579	1234
20130815	123	123	123	438.0363117287844	1234
20130815	123	123	123	450.13357200107276	1234
20130815	123	123	123	454.98969158965326	1234
20130815	123	123	123	461.90020139653166	1234
20130815	123	123	123	472.23704162017987	1234
20130815	123	123	123	480.1578947368422	1234
20130815	123	123	123	505.9634550608609	1234
20130815	123	123	123	524.3640955702857	1234
20130815	123	123	123	501.30934828548646	1234
20130815	123	123	123	475.5453703152203	1234
20130815	123	123	123	467.45089335820785	1234
20130815	123	123	123	435.61646402844457	1234
20130815	123	123	123	433.253054040981	1234
20130815	123	123	123	417.7368421052631	1234
20130815	123	123	123	374.53855708469723	1234
20130815	123	123	123	341.3230598201451	1234
20130815	123	123	123	307.9551773591494	1234
20130815	123	123	123	268.7524159218238	1234
20130815	123	123	123	268.76476738257776	1234
20130815	123	123	123	216.68725917401568	1234
20130815	123	123	123	208.51263118203843	1234
20130815	123	123	123	199.97709857016017	1234
20130815	123	123	123	194.0	1234
20130815	123	123	123	11.806397521692531	1234
20130815	123	123	123	18.742801597845432	1234
20130815	123	123	123	2.2000679004683055	1234
20130815	123	123	123	7.352816552146009	1234
20130815	123	123	123	14.588355668604907	1234
20130815	123	123	123	9.671346005076662	1234
20130815	123	123	123	11.127312658326716	1234
20130815	123	123	123	19.272603963281533	1234
20130815	123	123	123	17.949681938832974	1234
20130815	123	123	123	6.73233123959061	1234
20130815	123	123	123	1.4702151886648296	1234
20130815	123	123	123	4.819263106814089	1234
20130815	123	123	123	13.598752369754239	1234
20130815	123	123	123	7.2565099589857995	1234
20130815	123	123	123	10.162890937158515	1234
20130815	123	123	123	15.402631470524701	1234
20130815	123	123	123	14.678742667541307	1234
20130815	123	123	123	11.968177235559814	1234
20130815	123	123	123	1.0155268290750818	1234
20130815	123	123	123	11.182922012823482	1234
20130815	123	123	123	16.543953419294205	1234
20130815	123	123	123	12.634590668300053	1234
20130815	123	123	123	19.168421434015436	1234
20130815	123	123	123	19.846670170614903	1234
20130815	123	123	123	3.410402412349367	1234
20130815	123	123	123	14.64865166860748	1234
20130815	123	123	123	2.6889193505323816	1234
20130815	123	123	123	1.176844911818502	1234
20130815	123	123	123	16.450147533704143	1234
20130815	123	123	123	7.150440397028833	1234