time startPrice highestPrice lowestPrice endPrice transactionCount
20130815	123	123	123	3.7571275247068936	1234
20130815	123	123	123	19.3647775616943	1234
20130815	123	123	123	2.3630602985444327	1234
20130815	123	123	123	10.532574680391315	1234
20130815	123	123	123	13.002097560859198	1234
20130815	123	123	123	5.758970793410834	1234
20130815	123	123	123	18.53009373930964	1234
20130815	123	123	123	14.775367816672077	1234
20130815	123	123	123	9.565678239537043	1234
20130815	123	123	123	10.049365042939653	1234
20130815	123	123	123	1.0350570597038988	1234
20130815	123	123	123	13.326115879399543	1234
20130815	123	123	123	2.9731220422325033	1234
20130815	123	123	123	19.60968453844576	1234
20130815	123	123	123	8.302413457041935	1234
20130815	123	123	123	1.4973335186766068	1234
20130815	123	123	123	10.539521858812762	1234
20130815	123	123	123	14.513196909565334	1234
20130815	123	123	123	4.251332821089935	1234
20130815	123	123	123	5.147761318549662	1234
20130815	123	123	123	5.855016979039933	1234
20130815	123	123	123	19.35608876950561	1234
20130815	123	123	123	16.3422580909979	1234
20130815	123	123	123	13.523472397913032	1234
20130815	123	123	123	9.088790170004934	1234
20130815	123	123	123	2.157354339147304	1234
20130815	123	123	123	12.526302606118552	1234
20130815	123	123	123	8.156511628933094	1234
20130815	123	123	123	10.609046551591561	1234
20130815	123	123	123	0.35289260143591683	1234
20130815	123	123	123	187.0	1234
20130815	123	123	123	249.84328993866828	1234
20130815	123	123	123	246.4039437203655	1234
20130815	123	123	123	258.7911141653712	1234
20130815	123	123	123	314.71093034821286	1234
20130815	123	123	123	340.04000608527474	1234
20130815	123	123	123	331.4229767409012	1234
20130815	123	123	123	361.8477093298705	1234
20130815	123	123	123	385.5440889910309	1234
20130815	123	123	123	400.0087795636097	1234
20130815	123	123	123	401.1052631578949	1234
20130815	123	123	123	422.2460451049892	1234
20130815	123	123	123	439.6370438459186	1234
20130815	123	123	123	460.5462786942965	1234
20130815	123	123	123	549.1796449394304	1234
20130815	123	123	123	526.0	1234
20130815	123	123	123	482.91821979349237	1234
20130815	123	123	123	452.82398737172315	1234
20130815	123	123	123	456.0182668233058	1234
20130815	123	123	123	393.1318818137782	1234
20130815	123	123	123	414.7567572893999	1234
20130815	123	123	123	404.03910298349297	1234
20130815	123	123	123	383.85790206374196	1234
20130815	123	123	123	357.3215545008539	1234
20130815	123	123	123	358.47582811145213	1234
20130815	123	123	123	341.881752572262	1234
20130815	123	123	123	325.5729778939038	1234
20130815	123	123	123	319.4675061344285	1234
20130815	123	123	123	316.0	1234
20130815	123	123	123	333.9775044556805	1234
20130815	123	123	123	345.273610884849	1234
20130815	123	123	123	361.4707488105641	1234
20130815	123	123	123	376.619336342845	1234
20130815	123	123	123	373.0772382194584	1234
20130815	123	123	123	389.71170938096145	1234
20130815	123	123	123	402.5784701040277	1234
20130815	123	123	123	418.19546796054675	1234
20130815	123	123	123	436.9352117905509	1234
20130815	123	123	123	444.40108375271626	1234
20130815	123	123	123	454.4778935549296	1234
20130815	123	123	123	484.7596561117276	1234
20130815	123	123	123	498.40047246059083	1234
20130815	123	123	123	496.7978381146264	1234
20130815	123	123	123	508.3880056395924	1234
20130815	123	123	123	519.2885305434123	1234
20130815	123	123	123	500.7644948606182	1234
20130815	123	123	123	486.6265012678384	1234
20130815	123	123	123	475.74156723473277	1234
20130815	123	123	123	471.5261690479939	1234
20130815	123	123	123	461.35501664074263	1234
20130815	123	123	123	418.10863799233636	1234
20130815	123	123	123	426.1923308674275	1234
20130815	123	123	123	416.0911241644758	1234
20130815	123	123	123	404.1552860845736	1234
20130815	123	123	123	397.2838189279668	1234
20130815	123	123	123	369.2033418329684	1234
20130815	123	123	123	341.5916563835857	1234
20130815	123	123	123	329.59306906021914	1234
20130815	123	123	123	335.35274015761263	1234
20130815	123	123	123	340.67793989237583	1234
20130815	123	123	123	363.96037829489785	1234
20130815	123	123	123	376.9661208539569	1234
20130815	123	123	123	384.8446778957839	1234
20130815	123	123	123	392.9731237825977	1234
20130815	123	123	123	403.6388256396901	1234
20130815	123	123	123	415.8228901004907	1234
20130815	123	123	123	456.6180392440612	1234
20130815	123	123	123	444.9402430455531	1234
20130815	123	123	123	450.688884631295	1234
20130815	123	123	123	462.32017061793147	1234
20130815	123	123	123	479.6192736670271	1234
20130815	123	123	123	484.4928942642937	1234
20130815	123	123	123	490.5968353613612	1234
20130815	123	123	123	505.59754678297105	1234
20130815	123	123	123	511.4236860070684	1234
20130815	123	123	123	517.8118820098482	1234
20130815	123	123	123	462.24619321254943	1234
20130815	123	123	123	455.0388208158573	1234
20130815	123	123	123	439.31974514545556	1234
20130815	123	123	123	412.08164874686173	1234
20130815	123	123	123	403.97839623222427	1234
20130815	123	123	123	370.56923944716823	1234
20130815	123	123	123	309.97717612772055	1234
20130815	123	123	123	302.06080247613585	1234
20130815	123	123	123	289.86821996456024	1234
20130815	123	123	123	270.5921871555498	1234
20130815	123	123	123	253.17713485382245	1234
20130815	123	123	123	208.46131608332527	1234
20130815	123	123	123	207.22704163879922	1234
20130815	123	123	123	194.0	1234
20130815	123	123	123	4.268505385824266	1234
20130815	123	123	123	18.59071529596395	1234
20130815	123	123	123	9.045073013532509	1234
20130815	123	123	123	14.936675495384868	1234
20130815	123	123	123	1.5073713746673323	1234
20130815	123	123	123	8.302024553503548	1234
20130815	123	123	123	17.671385554424063	1234
20130815	123	123	123	2.9619935180576107	1234
20130815	123	123	123	17.22952424681055	1234
20130815	123	123	123	4.903256014916062	1234
20130815	123	123	123	8.872873714650558	1234
20130815	123	123	123	15.900955271802726	1234
20130815	123	123	123	4.279716768862434	1234
20130815	123	123	123	17.57095493058286	1234
20130815	123	123	123	5.4537602286243665	1234
20130815	123	123	123	16.770557646396444	1234
20130815	123	123	123	5.0928434023898	1234
20130815	123	123	123	11.60460268065737	1234
20130815	123	123	123	9.6820976200973	1234
20130815	123	123	123	2.468815450431252	1234
20130815	123	123	123	6.226001754006553	1234
20130815	123	123	123	15.126121542870424	1234
20130815	123	123	123	6.215434522543064	1234
20130815	123	123	123	19.424582904563163	1234
20130815	123	123	123	13.885068553212045	1234
20130815	123	123	123	16.150260765565797	1234
20130815	123	123	123	3.432186633470782	1234
20130815	123	123	123	10.449863952948828	1234
20130815	123	123	123	4.081647054568755	1234
20130815	123	123	123	9.60411520672978	1234