time startPrice highestPrice lowestPrice endPrice transactionCount
20130815	123	123	123	5.2574819579627246	1234
20130815	123	123	123	4.5143634444119485	1234
20130815	123	123	123	10.013391374971771	1234
20130815	123	123	123	4.259157233263034	1234
20130815	123	123	123	18.469020592399065	1234
20130815	123	123	123	0.8359339418464207	1234
20130815	123	123	123	16.23801105244916	1234
20130815	123	123	123	10.08876365029154	1234
20130815	123	123	123	13.391412536036288	1234
20130815	123	123	123	15.08006033369815	1234
20130815	123	123	123	3.7561539513961706	1234
20130815	123	123	123	3.653530462148058	1234
20130815	123	123	123	0.7636516184143649	1234
20130815	123	123	123	16.50656344066989	1234
20130815	123	123	123	0.33103392196193404	1234
20130815	123	123	123	11.55089656760226	1234
20130815	123	123	123	1.3634202534074946	1234
20130815	123	123	123	12.756531895313941	1234
20130815	123	123	123	13.51331543937867	1234
20130815	123	123	123	13.588347672544458	1234
20130815	123	123	123	3.826365179784108	1234
20130815	123	123	123	16.967711170780422	1234
20130815	123	123	123	1.9078571792592092	1234
20130815	123	123	123	7.395419555716904	1234
20130815	123	123	123	4.390362549372934	1234
20130815	123	123	123	4.992530009334213	1234
20130815	123	123	123	9.961205711120133	1234
20130815	123	123	123	15.849825817288343	1234
20130815	123	123	123	6.272905000479798	1234
20130815	123	123	123	14.8848978972555	1234
20130815	123	123	123	195.48865073605666	1234
20130815	123	123	123	230.87861676127912	1234
20130815	123	123	123	253.0937438827352	1234
20130815	123	123	123	268.85517478152855	1234
20130815	123	123	123	290.44760377421613	1234
20130815	123	123	123	306.3605314130544	1234
20130815	123	123	123	339.8184934658258	1234
20130815	123	123	123	387.78919413972005	1234
20130815	123	123	123	404.3838574547126	1234
20130815	123	123	123	425.30938484982363	1234
20130815	123	123	123	439.16132401599765	1234
20130815	123	123	123	446.8533929036373	1234
20130815	123	123	123	488.72608052842514	1234
20130815	123	123	123	539.4273721224791	1234
20130815	123	123	123	525.9916155139861	1234
20130815	123	123	123	508.9825885227622	1234
20130815	123	123	123	481.7969246353309	1234
20130815	123	123	123	481.7894736842106	1234
20130815	123	123	123	454.26384238296026	1234
20130815	123	123	123	407.33051455483434	1234
20130815	123	123	123	402.93331335590887	1234
20130815	123	123	123	384.91937656821744	1234
20130815	123	123	123	364.1702379102546	1234
20130815	123	123	123	328.26777387867634	1234
20130815	123	123	123	324.4317158238672	1234
20130815	123	123	123	344.0287599577982	1234
20130815	123	123	123	341.5559516998731	1234
20130815	123	123	123	356.6041995342662	1234
20130815	123	123	123	371.1128677807045	1234
20130815	123	123	123	382.43526879370626	1234
20130815	123	123	123	398.2780113787699	1234
20130815	123	123	123	409.2759103252318	1234
20130815	123	123	123	418.3027511519652	1234
20130815	123	123	123	437.68351160389557	1234
20130815	123	123	123	440.04019775747037	1234
20130815	123	123	123	451.15789473684185	1234
20130815	123	123	123	471.32721442752205	1234
20130815	123	123	123	491.83837392126287	1234
20130815	123	123	123	486.2716916912097	1234
20130815	123	123	123	500.6348042784005	1234
20130815	123	123	123	515.8265613778608	1234
20130815	123	123	123	527.9051822456173	1234
20130815	123	123	123	529.2793555079464	1234
20130815	123	123	123	517.6316720973227	1234
20130815	123	123	123	473.92936912561026	1234
20130815	123	123	123	462.33109665935643	1234
20130815	123	123	123	462.5032945757751	1234
20130815	123	123	123	439.40775589882367	1234
20130815	123	123	123	427.7862180229553	1234
20130815	123	123	123	421.58709369049205	1234
20130815	123	123	123	412.47368421052636	1234
20130815	123	123	123	398.8635981653782	1234
20130815	123	123	123	373.841734883052	1234
20130815	123	123	123	360.26801006675987	1234
20130815	123	123	123	359.05263157894746	1234
20130815	123	123	123	343.60717698538014	1234
20130815	123	123	123	335.39128176921736	1234
20130815	123	123	123	338.00625513438035	1234
20130815	123	123	123	355.0688474852564	1234
20130815	123	123	123	363.413718576395	1234
20130815	123	123	123	359.56631184510104	1234
20130815	123	123	123	381.07490701237214	1234
20130815	123	123	123	378.0526315789474	1234
20130815	123	123	123	417.1333877235758	1234
20130815	123	123	123	426.7348934906086	1234
20130815	123	123	123	422.0837689852241	1234
20130815	123	123	123	431.0299635987067	1234
20130815	123	123	123	444.07031102409303	1234
20130815	123	123	123	453.7014243896307	1234
20130815	123	123	123	466.27629660351454	1234
20130815	123	123	123	469.9473684210527	1234
20130815	123	123	123	482.3953211304657	1234
20130815	123	123	123	507.57236168630243	1234
20130815	123	123	123	513.0715739416294	1234
20130815	123	123	123	524.1145564965798	1234
20130815	123	123	123	521.0	1234
20130815	123	123	123	461.572836065939	1234
20130815	123	123	123	468.35910713121774	1234
20130815	123	123	123	432.00942035929603	1234
20130815	123	123	123	402.37475707893316	1234
20130815	123	123	123	348.2549952342884	1234
20130815	123	123	123	338.57535764428525	1234
20130815	123	123	123	325.27586707636516	1234
20130815	123	123	123	306.0182366418693	1234
20130815	123	123	123	287.34490721142765	1234
20130815	123	123	123	257.7294089359178	1234
20130815	123	123	123	241.48717130850878	1234
20130815	123	123	123	213.20070107399988	1234
20130815	123	123	123	209.28261581120046	1234
20130815	123	123	123	194.0	1234
20130815	123	123	123	9.026805218477989	1234
20130815	123	123	123	4.610796939075879	1234
20130815	123	123	123	14.768646226118246	1234
20130815	123	123	123	0.6070689452368683	1234
20130815	123	123	123	14.906286777781633	1234
20130815	123	123	123	8.400377712256557	1234
20130815	123	123	123	5.658046494243447	1234
20130815	123	123	123	19.818020985056542	1234
20130815	123	123	123	12.631601490916593	1234
20130815	123	123	123	14.146086375955065	1234
20130815	123	123	123	9.14696457365409	1234
20130815	123	123	123	11.639957891234411	1234
20130815	123	123	123	12.944184442510272	1234
20130815	123	123	123	16.695999502793644	1234
20130815	123	123	123	19.31095723408362	1234
20130815	123	123	123	4.459698245798293	1234
20130815	123	123	123	11.743722631228039	1234
20130815	123	123	123	8.539968221511106	1234
20130815	123	123	123	9.896938775267783	1234
20130815	123	123	123	6.106868061481432	1234
20130815	123	123	123	3.720523613439377	1234
20130815	123	123	123	8.818353684767812	1234
20130815	123	123	123	11.338774137676612	1234
20130815	123	123	123	9.160969959684666	1234
20130815	123	123	123	14.451874648755025	1234
20130815	123	123	123	18.8722896562169	1234
20130815	123	123	123	0.9722808833038221	1234
20130815	123	123	123	12.674569673436572	1234
20130815	123	123	123	1.4341988902175307	1234
20130815	123	123	123	11.68717747773131	1234