time startPrice highestPrice lowestPrice endPrice transactionCount
20130815	123	123	123	4.641911632037729	1234
20130815	123	123	123	6.196212553376652	1234
20130815	123	123	123	18.40766802468807	1234
20130815	123	123	123	0.7781449784437822	1234
20130815	123	123	123	7.519425222770078	1234
20130815	123	123	123	18.382779871815526	1234
20130815	123	123	123	14.603387830136487	1234
20130815	123	123	123	13.872185118743412	1234
20130815	123	123	123	4.088989791214884	1234
20130815	123	123	123	7.031998915064907	1234
20130815	123	123	123	13.4366044930663	1234
20130815	123	123	123	9.062760294025555	1234
20130815	123	123	123	0.6220661594716503	1234
20130815	123	123	123	17.85317812216517	1234
20130815	123	123	123	14.8536972522154	1234
20130815	123	123	123	2.259049185159947	1234
20130815	123	123	123	16.729488031596347	1234
20130815	123	123	123	8.75524131155181	1234
20130815	123	123	123	1.981287151254929	1234
20130815	123	123	123	1.8607545698466588	1234
20130815	123	123	123	19.853288282608418	1234
20130815	123	123	123	9.318566445006972	1234
20130815	123	123	123	2.340065382215124	1234
20130815	123	123	123	2.365354527853989	1234
20130815	123	123	123	17.343921413473534	1234
20130815	123	123	123	5.336510716279756	1234
20130815	123	123	123	19.74368755621417	1234
20130815	123	123	123	13.666673800143958	1234
20130815	123	123	123	5.901314877132464	1234
20130815	123	123	123	17.975550449039762	1234
20130815	123	123	123	192.02738274455783	1234
20130815	123	123	123	225.707944153464	1234
20130815	123	123	123	276.8757392261153	1234
20130815	123	123	123	282.90820846299357	1234
20130815	123	123	123	294.0526315789474	1234
20130815	123	123	123	322.94940699608037	1234
20130815	123	123	123	345.55896407198475	1234
20130815	123	123	123	363.46804780753837	1234
20130815	123	123	123	380.36063871225355	1234
20130815	123	123	123	386.1269941422342	1234
20130815	123	123	123	406.74200698425716	1234
20130815	123	123	123	466.5914995916321	1234
20130815	123	123	123	465.305275794709	1234
20130815	123	123	123	499.79104521251134	1234
20130815	123	123	123	491.2380352231802	1234
20130815	123	123	123	508.3256179552394	1234
20130815	123	123	123	511.940282175691	1234
20130815	123	123	123	490.3768054204501	1234
20130815	123	123	123	475.57584048515355	1234
20130815	123	123	123	447.23436357682755	1234
20130815	123	123	123	421.09577035723055	1234
20130815	123	123	123	425.1334212190589	1234
20130815	123	123	123	394.6565175323482	1234
20130815	123	123	123	384.152674802912	1234
20130815	123	123	123	382.3157894736845	1234
20130815	123	123	123	360.2105263157898	1234
20130815	123	123	123	345.531824020913	1234
20130815	123	123	123	334.72186248475515	1234
20130815	123	123	123	319.9550199705131	1234
20130815	123	123	123	322.7208276130883	1234
20130815	123	123	123	336.2889588091718	1234
20130815	123	123	123	352.9859625447323	1234
20130815	123	123	123	367.8322711277185	1234
20130815	123	123	123	366.6079533616108	1234
20130815	123	123	123	377.2380767413783	1234
20130815	123	123	123	388.64691558213684	1234
20130815	123	123	123	404.1680358852143	1234
20130815	123	123	123	447.608287578286	1234
20130815	123	123	123	451.88598509667105	1234
20130815	123	123	123	470.17404310107787	1234
20130815	123	123	123	462.4210526315787	1234
20130815	123	123	123	491.3558295547823	1234
20130815	123	123	123	496.1952544625677	1234
20130815	123	123	123	497.707117521088	1234
20130815	123	123	123	517.1951513917957	1234
20130815	123	123	123	521.5738003337958	1234
20130815	123	123	123	517.8789986755477	1234
20130815	123	123	123	511.8720177262465	1234
20130815	123	123	123	483.05669237977867	1234
20130815	123	123	123	476.0498693848697	1234
20130815	123	123	123	476.57894736842104	1234
20130815	123	123	123	433.6353849276996	1234
20130815	123	123	123	436.8264391429627	1234
20130815	123	123	123	384.8050726170543	1234
20130815	123	123	123	385.9650805618842	1234
20130815	123	123	123	369.84875305215974	1234
20130815	123	123	123	369.73684210526324	1234
20130815	123	123	123	354.3185751650896	1234
20130815	123	123	123	327.619266719448	1234
20130815	123	123	123	345.2055652361066	1234
20130815	123	123	123	357.51957245089534	1234
20130815	123	123	123	369.63472723124295	1234
20130815	123	123	123	373.23944498292167	1234
20130815	123	123	123	385.33921967978887	1234
20130815	123	123	123	396.1762745498983	1234
20130815	123	123	123	406.5105643737343	1234
20130815	123	123	123	417.1287968372439	1234
20130815	123	123	123	425.9096026184316	1234
20130815	123	123	123	429.8419627495327	1234
20130815	123	123	123	449.1676520464764	1234
20130815	123	123	123	468.35204288751123	1234
20130815	123	123	123	483.3660260002611	1234
20130815	123	123	123	480.1578947368422	1234
20130815	123	123	123	500.57894736842115	1234
20130815	123	123	123	521.5855099739903	1234
20130815	123	123	123	506.48513875429626	1234
20130815	123	123	123	487.52669978495487	1234
20130815	123	123	123	475.86079262299074	1234
20130815	123	123	123	423.68271875865884	1234
20130815	123	123	123	382.71755272288794	1234
20130815	123	123	123	348.24381027236217	1234
20130815	123	123	123	331.59984999513	1234
20130815	123	123	123	330.1204149886468	1234
20130815	123	123	123	314.47368421052624	1234
20130815	123	123	123	289.19462067760134	1234
20130815	123	123	123	244.99674247449738	1234
20130815	123	123	123	245.63157894736833	1234
20130815	123	123	123	218.72132464838788	1234
20130815	123	123	123	209.93873504674798	1234
20130815	123	123	123	194.0	1234
20130815	123	123	123	4.8349978004138405	1234
20130815	123	123	123	18.845675828021008	1234
20130815	123	123	123	12.787108862060794	1234
20130815	123	123	123	13.138161186693067	1234
20130815	123	123	123	15.903264041212246	1234
20130815	123	123	123	10.852038032243707	1234
20130815	123	123	123	0.9693307774366144	1234
20130815	123	123	123	10.77268881270006	1234
20130815	123	123	123	18.442507061818013	1234
20130815	123	123	123	14.197721747629075	1234
20130815	123	123	123	11.239670431476759	1234
20130815	123	123	123	6.159634571586432	1234
20130815	123	123	123	1.852408500902094	1234
20130815	123	123	123	11.631412814307263	1234
20130815	123	123	123	18.347419001533826	1234
20130815	123	123	123	5.613929604700383	1234
20130815	123	123	123	14.749699106945002	1234
20130815	123	123	123	7.735360830244313	1234
20130815	123	123	123	5.323052574493525	1234
20130815	123	123	123	17.577929230588865	1234
20130815	123	123	123	16.54932490158789	1234
20130815	123	123	123	11.483797305941604	1234
20130815	123	123	123	10.418330711089483	1234
20130815	123	123	123	6.740018754038834	1234
20130815	123	123	123	12.291100303472426	1234
20130815	123	123	123	8.02478212064239	1234
20130815	123	123	123	14.468703848767575	1234
20130815	123	123	123	13.598863662219214	1234
20130815	123	123	123	0.1289643502074611	1234
20130815	123	123	123	16.294963095980968	1234