time startPrice highestPrice lowestPrice endPrice transactionCount
20130815	123	123	123	12.398360167168349	1234
20130815	123	123	123	0.45883271213527754	1234
20130815	123	123	123	13.24673079700366	1234
20130815	123	123	123	12.409092869596023	1234
20130815	123	123	123	15.492073104963733	1234
20130815	123	123	123	19.74401463762278	1234
20130815	123	123	123	9.35725754919672	1234
20130815	123	123	123	13.95036291301098	1234
20130815	123	123	123	15.013458547135441	1234
20130815	123	123	123	15.949488222683797	1234
20130815	123	123	123	6.032807423213211	1234
20130815	123	123	123	8.31821723548424	1234
20130815	123	123	123	2.400997813956416	1234
20130815	123	123	123	9.151321414641991	1234
20130815	123	123	123	17.703319081987814	1234
20130815	123	123	123	12.491272159456795	1234
20130815	123	123	123	17.510702778164166	1234
20130815	123	123	123	1.1656871881385311	1234
20130815	123	123	123	3.636176970792857	1234
20130815	123	123	123	18.637412446792503	1234
20130815	123	123	123	16.43555991601597	1234
20130815	123	123	123	13.121729713477805	1234
20130815	123	123	123	8.380673646618318	1234
20130815	123	123	123	17.35740714989946	1234
20130815	123	123	123	4.492766764015117	1234
20130815	123	123	123	15.193342004592248	1234
20130815	123	123	123	5.704541183146046	1234
20130815	123	123	123	7.293063724606757	1234
20130815	123	123	123	10.700167499224237	1234
20130815	123	123	123	5.050523653688604	1234
20130815	123	123	123	190.73934694268408	1234
20130815	123	123	123	204.8421052631579	1234
20130815	123	123	123	242.49807726686475	1234
20130815	123	123	123	255.01700243287158	1234
20130815	123	123	123	275.87260650416175	1234
20130815	123	123	123	279.6538984794753	1234
20130815	123	123	123	294.0526315789474	1234
20130815	123	123	123	379.6416174494732	1234
20130815	123	123	123	407.037951373013	1234
20130815	123	123	123	431.0274234248081	1234
20130815	123	123	123	442.6205488165572	1234
20130815	123	123	123	475.77248255279073	1234
20130815	123	123	123	476.5092650827652	1234
20130815	123	123	123	506.36211360384965	1234
20130815	123	123	123	532.9460112219649	1234
20130815	123	123	123	504.351223240282	1234
20130815	123	123	123	465.84661176857065	1234
20130815	123	123	123	464.36465942007453	1234
20130815	123	123	123	454.2592999996312	1234
20130815	123	123	123	448.63157894736855	1234
20130815	123	123	123	426.52631578947387	1234
20130815	123	123	123	412.0662011624629	1234
20130815	123	123	123	391.42526231657405	1234
20130815	123	123	123	362.8799765632883	1234
20130815	123	123	123	351.3482855046194	1234
20130815	123	123	123	338.16583321644066	1234
20130815	123	123	123	335.05042228764665	1234
20130815	123	123	123	322.936507696531	1234
20130815	123	123	123	328.4364444983461	1234
20130815	123	123	123	341.0730324111402	1234
20130815	123	123	123	351.4549310014232	1234
20130815	123	123	123	357.719414056035	1234
20130815	123	123	123	374.89216839442224	1234
20130815	123	123	123	377.4526149735413	1234
20130815	123	123	123	415.4598865394391	1234
20130815	123	123	123	463.41453399909875	1234
20130815	123	123	123	463.4941905789017	1234
20130815	123	123	123	486.01664141548207	1234
20130815	123	123	123	499.733770095856	1234
20130815	123	123	123	496.21052631578914	1234
20130815	123	123	123	530.3299837307711	1234
20130815	123	123	123	527.0084887157981	1234
20130815	123	123	123	512.23673595905	1234
20130815	123	123	123	501.6956228499125	1234
20130815	123	123	123	495.3257453426043	1234
20130815	123	123	123	475.97754055219644	1234
20130815	123	123	123	476.57894736842104	1234
20130815	123	123	123	447.75546186287824	1234
20130815	123	123	123	442.9980176763431	1234
20130815	123	123	123	426.44033232699275	1234
20130815	123	123	123	403.4421889688912	1234
20130815	123	123	123	397.88928139344995	1234
20130815	123	123	123	391.1052631578948	1234
20130815	123	123	123	376.77393857514096	1234
20130815	123	123	123	363.5636033551738	1234
20130815	123	123	123	353.07877343922337	1234
20130815	123	123	123	328.101117674827	1234
20130815	123	123	123	334.99008774028067	1234
20130815	123	123	123	345.58145659758765	1234
20130815	123	123	123	356.2077895640008	1234
20130815	123	123	123	365.3284819395149	1234
20130815	123	123	123	376.4659199589338	1234
20130815	123	123	123	380.85502934917173	1234
20130815	123	123	123	388.9821299460675	1234
20130815	123	123	123	409.3956080700951	1234
20130815	123	123	123	420.29641629053083	1234
20130815	123	123	123	427.5457711852739	1234
20130815	123	123	123	430.6129815055831	1234
20130815	123	123	123	455.35064856882184	1234
20130815	123	123	123	463.326207740608	1234
20130815	123	123	123	477.3570661647419	1234
20130815	123	123	123	498.2369589374466	1234
20130815	123	123	123	523.8773175517871	1234
20130815	123	123	123	502.1342085633872	1234
20130815	123	123	123	498.5184416560275	1234
20130815	123	123	123	473.53777081827525	1234
20130815	123	123	123	469.36842105263156	1234
20130815	123	123	123	423.7707125234113	1234
20130815	123	123	123	396.5044779749306	1234
20130815	123	123	123	380.88220216270037	1234
20130815	123	123	123	364.80783308400873	1234
20130815	123	123	123	346.4384715037707	1234
20130815	123	123	123	342.19659121526985	1234
20130815	123	123	123	331.6842105263157	1234
20130815	123	123	123	306.8162634373311	1234
20130815	123	123	123	279.68097934107465	1234
20130815	123	123	123	257.54884753168284	1234
20130815	123	123	123	214.21091568612732	1234
20130815	123	123	123	199.83379929065856	1234
20130815	123	123	123	194.0	1234
20130815	123	123	123	0.20529158871420927	1234
20130815	123	123	123	8.100037113683376	1234
20130815	123	123	123	9.067206145757156	1234
20130815	123	123	123	7.001135309633753	1234
20130815	123	123	123	8.845514648491704	1234
20130815	123	123	123	10.758078681105857	1234
20130815	123	123	123	4.15462204158816	1234
20130815	123	123	123	7.329043301182456	1234
20130815	123	123	123	5.8526726508605575	1234
20130815	123	123	123	14.289153545304563	1234
20130815	123	123	123	13.611017744631798	1234
20130815	123	123	123	12.994784400877501	1234
20130815	123	123	123	8.740369752776896	1234
20130815	123	123	123	11.176523496499515	1234
20130815	123	123	123	18.773331236871705	1234
20130815	123	123	123	0.6500448221365129	1234
20130815	123	123	123	10.649442454543978	1234
20130815	123	123	123	15.125534432835451	1234
20130815	123	123	123	15.922163259802815	1234
20130815	123	123	123	10.827409636379768	1234
20130815	123	123	123	4.773649411318939	1234
20130815	123	123	123	14.279521418963002	1234
20130815	123	123	123	5.411798305811615	1234
20130815	123	123	123	18.201980411610286	1234
20130815	123	123	123	0.326137643309794	1234
20130815	123	123	123	0.6018810235316074	1234
20130815	123	123	123	3.648682147649427	1234
20130815	123	123	123	12.981631268625192	1234
20130815	123	123	123	16.319268948183083	1234
20130815	123	123	123	11.858034928635078	1234