time startPrice highestPrice lowestPrice endPrice transactionCount
20130815	123	123	123	0.4574879930663145	1234
20130815	123	123	123	12.127772317096031	1234
20130815	123	123	123	19.078236955966684	1234
20130815	123	123	123	10.865181704784748	1234
20130815	123	123	123	6.115814192689473	1234
20130815	123	123	123	19.13565688853447	1234
20130815	123	123	123	17.722420612789232	1234
20130815	123	123	123	4.487576317718518	1234
20130815	123	123	123	19.696017097560162	1234
20130815	123	123	123	2.935618075879416	1234
20130815	123	123	123	8.56438161723907	1234
20130815	123	123	123	3.8743757800176915	1234
20130815	123	123	123	15.711595095667057	1234
20130815	123	123	123	7.43017453934865	1234
20130815	123	123	123	18.678859017770936	1234
20130815	123	123	123	15.799725337860938	1234
20130815	123	123	123	16.76084683755503	1234
20130815	123	123	123	16.536986881304895	1234
20130815	123	123	123	7.95749332239287	1234
20130815	123	123	123	12.48095265642041	1234
20130815	123	123	123	13.358264003705722	1234
20130815	123	123	123	3.602166764833783	1234
20130815	123	123	123	4.322805996133088	1234
20130815	123	123	123	15.582299928006474	1234
20130815	123	123	123	2.6324459689961643	1234
20130815	123	123	123	0.08919087409080095	1234
20130815	123	123	123	8.43766683169174	1234
20130815	123	123	123	5.692080575055689	1234
20130815	123	123	123	13.696315873752807	1234
20130815	123	123	123	5.963469264153318	1234
20130815	123	123	123	249.504343476283	1234
20130815	123	123	123	230.13899185367026	1234
20130815	123	123	123	257.77933774248635	1234
20130815	123	123	123	278.76511328942735	1234
20130815	123	123	123	295.50754073848714	1234
20130815	123	123	123	317.3735460978669	1234
20130815	123	123	123	339.1308523025513	1234
20130815	123	123	123	360.6674333290022	1234
20130815	123	123	123	380.4765383290609	1234
20130815	123	123	123	402.1231776994723	1234
20130815	123	123	123	417.8511688020144	1234
20130815	123	123	123	438.44229147651686	1234
20130815	123	123	123	459.19863631472447	1234
20130815	123	123	123	474.9119170129764	1234
20130815	123	123	123	512.1119898121385	1234
20130815	123	123	123	508.1578947368424	1234
20130815	123	123	123	510.73877824454695	1234
20130815	123	123	123	508.38011486681046	1234
20130815	123	123	123	487.9998052394084	1234
20130815	123	123	123	475.96347567384396	1234
20130815	123	123	123	479.2226077713013	1234
20130815	123	123	123	461.31344956890297	1234
20130815	123	123	123	458.0873313329709	1234
20130815	123	123	123	448.63157894736855	1234
20130815	123	123	123	420.6945418397473	1234
20130815	123	123	123	415.4736842105265	1234
20130815	123	123	123	385.5074382509031	1234
20130815	123	123	123	381.84953075811603	1234
20130815	123	123	123	361.3019928029818	1234
20130815	123	123	123	344.5438168950742	1234
20130815	123	123	123	330.0334146965581	1234
20130815	123	123	123	326.4159558321858	1234
20130815	123	123	123	316.0	1234
20130815	123	123	123	334.47239746102764	1234
20130815	123	123	123	363.4624115453503	1234
20130815	123	123	123	376.82125836487717	1234
20130815	123	123	123	393.2393023092223	1234
20130815	123	123	123	403.7427559187109	1234
20130815	123	123	123	422.5927147437021	1234
20130815	123	123	123	420.76755878607935	1234
20130815	123	123	123	508.35510728805707	1234
20130815	123	123	123	494.2580840669396	1234
20130815	123	123	123	519.8056223944442	1234
20130815	123	123	123	518.7368421052628	1234
20130815	123	123	123	525.2350325276823	1234
20130815	123	123	123	517.9936543138249	1234
20130815	123	123	123	501.81263667905006	1234
20130815	123	123	123	471.9959010029874	1234
20130815	123	123	123	472.67794610768743	1234
20130815	123	123	123	440.9101935087419	1234
20130815	123	123	123	444.3920572646515	1234
20130815	123	123	123	431.6300272816613	1234
20130815	123	123	123	413.0001538875392	1234
20130815	123	123	123	403.6464832967192	1234
20130815	123	123	123	401.7894736842106	1234
20130815	123	123	123	386.6577018393209	1234
20130815	123	123	123	365.2462456903021	1234
20130815	123	123	123	351.97408815285064	1234
20130815	123	123	123	348.3684210526317	1234
20130815	123	123	123	326.37284077150923	1234
20130815	123	123	123	344.5226798058632	1234
20130815	123	123	123	359.76353434349966	1234
20130815	123	123	123	366.53376416550634	1234
20130815	123	123	123	369.55181542797374	1234
20130815	123	123	123	383.47111112732364	1234
20130815	123	123	123	396.28340099529584	1234
20130815	123	123	123	407.64984337738696	1234
20130815	123	123	123	415.71274985173704	1234
20130815	123	123	123	426.22521936504023	1234
20130815	123	123	123	442.60968030997367	1234
20130815	123	123	123	475.5325476885268	1234
20130815	123	123	123	485.07309575462244	1234
20130815	123	123	123	490.3684210526317	1234
20130815	123	123	123	511.0767631966287	1234
20130815	123	123	123	522.0970471238583	1234
20130815	123	123	123	497.38324053973514	1234
20130815	123	123	123	497.8947294820887	1234
20130815	123	123	123	485.80874728674576	1234
20130815	123	123	123	467.55915580877723	1234
20130815	123	123	123	396.11620230061675	1234
20130815	123	123	123	381.8111285909058	1234
20130815	123	123	123	376.2555090021333	1234
20130815	123	123	123	341.1812463620358	1234
20130815	123	123	123	329.9100494485587	1234
20130815	123	123	123	309.57137752548147	1234
20130815	123	123	123	293.2711093015383	1234
20130815	123	123	123	232.81613921524246	1234
20130815	123	123	123	211.92213069471862	1234
20130815	123	123	123	197.6018484859896	1234
20130815	123	123	123	194.0	1234
20130815	123	123	123	17.327359370451127	1234
20130815	123	123	123	13.882754304594298	1234
20130815	123	123	123	3.999341875316267	1234
20130815	123	123	123	7.102764468763958	1234
20130815	123	123	123	11.897773120378282	1234
20130815	123	123	123	16.43607644431201	1234
20130815	123	123	123	10.600350798561614	1234
20130815	123	123	123	16.098819539981626	1234
20130815	123	123	123	2.024638454577332	1234
20130815	123	123	123	16.41313006194782	1234
20130815	123	123	123	3.0534447927737163	1234
20130815	123	123	123	11.975708824718103	1234
20130815	123	123	123	4.705150285141617	1234
20130815	123	123	123	16.471708432574733	1234
20130815	123	123	123	10.478430264617542	1234
20130815	123	123	123	1.6355759315238405	1234
20130815	123	123	123	5.70470571617853	1234
20130815	123	123	123	6.18116547536628	1234
20130815	123	123	123	4.391080737665178	1234
20130815	123	123	123	1.252590762491912	1234
20130815	123	123	123	3.197914983700867	1234
20130815	123	123	123	4.057516376368899	1234
20130815	123	123	123	10.997448903513348	1234
20130815	123	123	123	19.37110085059233	1234
20130815	123	123	123	13.094423819904684	1234
20130815	123	123	123	9.639223818670615	1234
20130815	123	123	123	1.9103671517792908	1234
20130815	123	123	123	15.124118341776153	1234
20130815	123	123	123	10.056518011684929	1234
20130815	123	123	123	14.146756592890577	1234