time startPrice highestPrice lowestPrice endPrice transactionCount
20130815	123	123	123	10.47478880138913	1234
20130815	123	123	123	4.42877481451961	1234
20130815	123	123	123	2.1428206421557783	1234
20130815	123	123	123	19.29682711050106	1234
20130815	123	123	123	7.813506281442626	1234
20130815	123	123	123	7.019293604178516	1234
20130815	123	123	123	9.333149194096999	1234
20130815	123	123	123	9.47241786867529	1234
20130815	123	123	123	6.078980997136851	1234
20130815	123	123	123	19.959633139693228	1234
20130815	123	123	123	2.289999101901168	1234
20130815	123	123	123	19.536354342725875	1234
20130815	123	123	123	15.728350548699146	1234
20130815	123	123	123	3.628739894610147	1234
20130815	123	123	123	19.137321851497163	1234
20130815	123	123	123	5.970063353435755	1234
20130815	123	123	123	2.508380202462539	1234
20130815	123	123	123	3.0396110506436225	1234
20130815	123	123	123	13.954647442923921	1234
20130815	123	123	123	19.020456649119495	1234
20130815	123	123	123	12.765545884388978	1234
20130815	123	123	123	17.954220361780738	1234
20130815	123	123	123	1.8035522036094176	1234
20130815	123	123	123	16.985662422761322	1234
20130815	123	123	123	13.677931050653545	1234
20130815	123	123	123	19.64282411812855	1234
20130815	123	123	123	11.033425706882365	1234
20130815	123	123	123	19.837100031816018	1234
20130815	123	123	123	4.828009651529852	1234
20130815	123	123	123	11.102229780536398	1234
20130815	123	123	123	187.21858789907495	1234
20130815	123	123	123	227.5023291925254	1234
20130815	123	123	123	238.71492038326954	1234
20130815	123	123	123	241.78795596753275	1234
20130815	123	123	123	273.6691351964847	1234
20130815	123	123	123	340.1367981116885	1234
20130815	123	123	123	363.43816729110875	1234
20130815	123	123	123	374.09984736233247	1234
20130815	123	123	123	427.55025931849735	1234
20130815	123	123	123	431.82398654564054	1234
20130815	123	123	123	461.3074280659534	1234
20130815	123	123	123	456.92400169064376	1234
20130815	123	123	123	495.73640185379463	1234
20130815	123	123	123	508.91107835835874	1234
20130815	123	123	123	515.0541580894663	1234
20130815	123	123	123	526.0	1234
20130815	123	123	123	514.3810727213679	1234
20130815	123	123	123	498.8712377277297	1234
20130815	123	123	123	473.2005968586047	1234
20130815	123	123	123	448.52691236742936	1234
20130815	123	123	123	411.27866055429973	1234
20130815	123	123	123	404.4333650484432	1234
20130815	123	123	123	392.7143173523434	1234
20130815	123	123	123	379.59017980567256	1234
20130815	123	123	123	376.0344896322332	1234
20130815	123	123	123	353.31214033580954	1234
20130815	123	123	123	337.8260348346131	1234
20130815	123	123	123	335.41766845058373	1234
20130815	123	123	123	320.6967746062702	1234
20130815	123	123	123	335.44072886680897	1234
20130815	123	123	123	352.6974696798753	1234
20130815	123	123	123	357.7762872917956	1234
20130815	123	123	123	373.4705577082795	1234
20130815	123	123	123	423.85775614332044	1234
20130815	123	123	123	406.2218780406514	1234
20130815	123	123	123	425.33097519212845	1234
20130815	123	123	123	429.2835536281532	1234
20130815	123	123	123	457.74438685714586	1234
20130815	123	123	123	455.5689815028264	1234
20130815	123	123	123	478.79596655734275	1234
20130815	123	123	123	473.6842105263155	1234
20130815	123	123	123	495.9758856283024	1234
20130815	123	123	123	499.76314234439536	1234
20130815	123	123	123	509.2429416221176	1234
20130815	123	123	123	518.7368421052628	1234
20130815	123	123	123	521.9885904420734	1234
20130815	123	123	123	511.1747905145052	1234
20130815	123	123	123	476.10954743406046	1234
20130815	123	123	123	465.89473684210526	1234
20130815	123	123	123	409.4901477392534	1234
20130815	123	123	123	401.06214517970244	1234
20130815	123	123	123	388.28165640395946	1234
20130815	123	123	123	359.83815964559216	1234
20130815	123	123	123	364.40448407072404	1234
20130815	123	123	123	359.05263157894746	1234
20130815	123	123	123	322.0518225827089	1234
20130815	123	123	123	336.1274759855818	1234
20130815	123	123	123	339.4122159266039	1234
20130815	123	123	123	360.04443891383323	1234
20130815	123	123	123	363.6253217225747	1234
20130815	123	123	123	372.8731400303337	1234
20130815	123	123	123	382.2408925280235	1234
20130815	123	123	123	400.8598865513142	1234
20130815	123	123	123	400.8667078112527	1234
20130815	123	123	123	423.93971588733086	1234
20130815	123	123	123	424.0041246196141	1234
20130815	123	123	123	438.1073258654228	1234
20130815	123	123	123	441.4353165551769	1234
20130815	123	123	123	455.57844678142146	1234
20130815	123	123	123	480.91491664702454	1234
20130815	123	123	123	495.1585171154453	1234
20130815	123	123	123	533.4936079355198	1234
20130815	123	123	123	473.5889181192864	1234
20130815	123	123	123	453.5740550571436	1234
20130815	123	123	123	447.71803547791995	1234
20130815	123	123	123	423.7764851913386	1234
20130815	123	123	123	413.0273530263534	1234
20130815	123	123	123	385.07225593966353	1234
20130815	123	123	123	371.59356220893153	1234
20130815	123	123	123	354.8510998231713	1234
20130815	123	123	123	336.19127316540425	1234
20130815	123	123	123	306.5652600450852	1234
20130815	123	123	123	309.6690622486389	1234
20130815	123	123	123	272.035980534219	1234
20130815	123	123	123	278.5908001323603	1234
20130815	123	123	123	240.5348240153691	1234
20130815	123	123	123	238.0882631485192	1234
20130815	123	123	123	215.25219519842062	1234
20130815	123	123	123	198.1202295663865	1234
20130815	123	123	123	194.0	1234
20130815	123	123	123	13.709437244204496	1234
20130815	123	123	123	18.494417236050968	1234
20130815	123	123	123	4.664290779649491	1234
20130815	123	123	123	6.08274837959171	1234
20130815	123	123	123	1.1969962541160206	1234
20130815	123	123	123	6.167480876607776	1234
20130815	123	123	123	5.653697421343244	1234
20130815	123	123	123	8.933727333852321	1234
20130815	123	123	123	1.2534214497601437	1234
20130815	123	123	123	6.402256938002669	1234
20130815	123	123	123	5.305473600670649	1234
20130815	123	123	123	12.062702012614503	1234
20130815	123	123	123	15.418929148123077	1234
20130815	123	123	123	18.81508234580536	1234
20130815	123	123	123	16.75130717770407	1234
20130815	123	123	123	10.7133696666057	1234
20130815	123	123	123	11.065461528836098	1234
20130815	123	123	123	7.97247663496117	1234
20130815	123	123	123	2.195268511461901	1234
20130815	123	123	123	5.802740426785176	1234
20130815	123	123	123	11.15328593342116	1234
20130815	123	123	123	3.4713052221474627	1234
20130815	123	123	123	15.301070705447014	1234
20130815	123	123	123	4.717976298443647	1234
20130815	123	123	123	6.561688975827959	1234
20130815	123	123	123	19.996762098208457	1234
20130815	123	123	123	4.463059988411864	1234
20130815	123	123	123	17.258593733270388	1234
20130815	123	123	123	10.801514537932936	1234
20130815	123	123	123	4.983291005801149	1234