time startPrice highestPrice lowestPrice endPrice transactionCount
20130815	123	123	123	12.290724340319565	1234
20130815	123	123	123	11.4338207143518	1234
20130815	123	123	123	13.708984455528562	1234
20130815	123	123	123	13.845445171923856	1234
20130815	123	123	123	11.597362533296916	1234
20130815	123	123	123	15.2962678905821	1234
20130815	123	123	123	2.867563016721142	1234
20130815	123	123	123	10.338569224545779	1234
20130815	123	123	123	6.32937247766894	1234
20130815	123	123	123	11.309187898988522	1234
20130815	123	123	123	16.564145850103998	1234
20130815	123	123	123	7.063030735014976	1234
20130815	123	123	123	8.05819795965136	1234
20130815	123	123	123	8.73836072530763	1234
20130815	123	123	123	18.40697461867994	1234
20130815	123	123	123	13.517786490315542	1234
20130815	123	123	123	19.44092029575422	1234
20130815	123	123	123	4.09364367683972	1234
20130815	123	123	123	19.925988444426167	1234
20130815	123	123	123	8.922323175615734	1234
20130815	123	123	123	0.18461466034983776	1234
20130815	123	123	123	14.894234331193417	1234
20130815	123	123	123	13.758145784777868	1234
20130815	123	123	123	19.85213569956686	1234
20130815	123	123	123	14.34305065346579	1234
20130815	123	123	123	4.120681142649534	1234
20130815	123	123	123	6.9971805440625605	1234
20130815	123	123	123	16.08688459026402	1234
20130815	123	123	123	14.407764748690257	1234
20130815	123	123	123	1.6799228625878682	1234
20130815	123	123	123	196.1198428898558	1234
20130815	123	123	123	222.68421052631578	1234
20130815	123	123	123	241.3995601839419	1234
20130815	123	123	123	273.0674803937611	1234
20130815	123	123	123	276.2105263157895	1234
20130815	123	123	123	299.60390902006014	1234
20130815	123	123	123	339.1783069266151	1234
20130815	123	123	123	340.9068401434645	1234
20130815	123	123	123	371.3090218992325	1234
20130815	123	123	123	388.1765789602769	1234
20130815	123	123	123	401.1052631578949	1234
20130815	123	123	123	454.6240248136109	1234
20130815	123	123	123	514.4193935913004	1234
20130815	123	123	123	491.85386767156064	1234
20130815	123	123	123	515.381295138066	1234
20130815	123	123	123	521.0130486267375	1234
20130815	123	123	123	513.682305372507	1234
20130815	123	123	123	489.80194328362836	1234
20130815	123	123	123	489.87259191892355	1234
20130815	123	123	123	478.7414217189048	1234
20130815	123	123	123	464.0945987122513	1234
20130815	123	123	123	456.1117348029627	1234
20130815	123	123	123	443.98574821075266	1234
20130815	123	123	123	431.58459630463466	1234
20130815	123	123	123	426.52631578947387	1234
20130815	123	123	123	411.2961776647072	1234
20130815	123	123	123	396.67098203961916	1234
20130815	123	123	123	375.70863261843255	1234
20130815	123	123	123	353.1986477119379	1234
20130815	123	123	123	356.9662259723698	1234
20130815	123	123	123	307.9404472175129	1234
20130815	123	123	123	329.2891015867905	1234
20130815	123	123	123	338.99031655319504	1234
20130815	123	123	123	357.5628535949003	1234
20130815	123	123	123	355.5105071115226	1234
20130815	123	123	123	376.2823245282917	1234
20130815	123	123	123	421.90534747103004	1234
20130815	123	123	123	413.99578746525464	1234
20130815	123	123	123	429.40815352281004	1234
20130815	123	123	123	430.03335284066816	1234
20130815	123	123	123	450.03905148227136	1234
20130815	123	123	123	453.2908929259457	1234
20130815	123	123	123	462.7392886410593	1234
20130815	123	123	123	487.6596499811694	1234
20130815	123	123	123	493.1714012670595	1234
20130815	123	123	123	499.5631719622736	1234
20130815	123	123	123	529.2606954439115	1234
20130815	123	123	123	529.6821252326974	1234
20130815	123	123	123	484.4109591131645	1234
20130815	123	123	123	469.3987401298658	1234
20130815	123	123	123	461.5505527885001	1234
20130815	123	123	123	439.9488973462356	1234
20130815	123	123	123	439.38192562315555	1234
20130815	123	123	123	372.2017883333038	1234
20130815	123	123	123	390.46428192380563	1234
20130815	123	123	123	365.8511359307762	1234
20130815	123	123	123	344.36088102429426	1234
20130815	123	123	123	335.72656213985374	1234
20130815	123	123	123	330.37912121912643	1234
20130815	123	123	123	340.6971719803024	1234
20130815	123	123	123	374.79576630637644	1234
20130815	123	123	123	377.1898276620951	1234
20130815	123	123	123	378.0526315789474	1234
20130815	123	123	123	402.1626561805802	1234
20130815	123	123	123	408.9369838892896	1234
20130815	123	123	123	430.2691932339992	1234
20130815	123	123	123	441.4763099685746	1234
20130815	123	123	123	459.7012184641254	1234
20130815	123	123	123	460.51995282598557	1234
20130815	123	123	123	481.5088006610658	1234
20130815	123	123	123	485.5938939788077	1234
20130815	123	123	123	499.56496597174186	1234
20130815	123	123	123	500.57894736842115	1234
20130815	123	123	123	527.305785098187	1234
20130815	123	123	123	519.8757045486485	1234
20130815	123	123	123	469.87184942241987	1234
20130815	123	123	123	449.2668394709791	1234
20130815	123	123	123	409.6972783718328	1234
20130815	123	123	123	383.30148094952074	1234
20130815	123	123	123	369.7947606799626	1234
20130815	123	123	123	366.1052631578947	1234
20130815	123	123	123	339.62500209765693	1234
20130815	123	123	123	302.5059120555327	1234
20130815	123	123	123	286.4894582255635	1234
20130815	123	123	123	261.4897900545682	1234
20130815	123	123	123	257.6213364375787	1234
20130815	123	123	123	242.38968503168678	1234
20130815	123	123	123	216.38522509981567	1234
20130815	123	123	123	188.90556051203242	1234
20130815	123	123	123	194.0	1234
20130815	123	123	123	14.281153893925433	1234
20130815	123	123	123	7.686982451377283	1234
20130815	123	123	123	19.159457494050443	1234
20130815	123	123	123	17.119817310107738	1234
20130815	123	123	123	10.757572979955334	1234
20130815	123	123	123	15.787009795041254	1234
20130815	123	123	123	6.874551857760092	1234
20130815	123	123	123	13.864759557367316	1234
20130815	123	123	123	18.757256957169012	1234
20130815	123	123	123	17.1920245390463	1234
20130815	123	123	123	13.235677640587467	1234
20130815	123	123	123	19.40415602847023	1234
20130815	123	123	123	8.82452442555298	1234
20130815	123	123	123	8.585475778266972	1234
20130815	123	123	123	14.173739354953586	1234
20130815	123	123	123	18.150668157340675	1234
20130815	123	123	123	15.692702310237358	1234
20130815	123	123	123	0.00509628083321223	1234
20130815	123	123	123	7.873132061680228	1234
20130815	123	123	123	14.095309130225335	1234
20130815	123	123	123	2.8603445136261407	1234
20130815	123	123	123	9.215803590277217	1234
20130815	123	123	123	7.300585398103565	1234
20130815	123	123	123	18.92161591003772	1234
20130815	123	123	123	15.614962737880873	1234
20130815	123	123	123	8.706291404144554	1234
20130815	123	123	123	14.872008239544162	1234
20130815	123	123	123	17.901291469804626	1234
20130815	123	123	123	1.6674828272963227	1234
20130815	123	123	123	15.258652968271848	1234