time startPrice highestPrice lowestPrice endPrice transactionCount
20130815	123	123	123	6.5477085354103775	1234
20130815	123	123	123	10.657663741440857	1234
20130815	123	123	123	10.784854795504334	1234
20130815	123	123	123	13.839634126577405	1234
20130815	123	123	123	12.360726396349515	1234
20130815	123	123	123	19.531434524478165	1234
20130815	123	123	123	1.3704449057156798	1234
20130815	123	123	123	9.365241223542288	1234
20130815	123	123	123	13.05314298885088	1234
20130815	123	123	123	7.998241283642173	1234
20130815	123	123	123	2.818026576426167	1234
20130815	123	123	123	10.968090954888485	1234
20130815	123	123	123	17.870468909761033	1234
20130815	123	123	123	16.0058748677992	1234
20130815	123	123	123	2.4634200871609147	1234
20130815	123	123	123	0.1904754124128094	1234
20130815	123	123	123	19.87950999262178	1234
20130815	123	123	123	8.777126619922848	1234
20130815	123	123	123	5.481904427694458	1234
20130815	123	123	123	16.628514145735004	1234
20130815	123	123	123	14.93615026264472	1234
20130815	123	123	123	4.704276319169516	1234
20130815	123	123	123	2.442319878137993	1234
20130815	123	123	123	8.371778505585558	1234
20130815	123	123	123	12.030644168501198	1234
20130815	123	123	123	4.297747566207615	1234
20130815	123	123	123	6.2309305579240455	1234
20130815	123	123	123	12.839433729399916	1234
20130815	123	123	123	10.35526042466164	1234
20130815	123	123	123	14.210546601941505	1234
20130815	123	123	123	199.95544182849565	1234
20130815	123	123	123	210.60459587300178	1234
20130815	123	123	123	270.9567230537003	1234
20130815	123	123	123	274.81226992279574	1234
20130815	123	123	123	283.64732042927534	1234
20130815	123	123	123	313.4546089450595	1234
20130815	123	123	123	322.6200899509825	1234
20130815	123	123	123	331.13321433434413	1234
20130815	123	123	123	358.2989112681795	1234
20130815	123	123	123	382.86766467360616	1234
20130815	123	123	123	394.483973077546	1234
20130815	123	123	123	416.1897801053725	1234
20130815	123	123	123	432.85372352552196	1234
20130815	123	123	123	436.78947368421075	1234
20130815	123	123	123	457.08701841333794	1234
20130815	123	123	123	492.17009962715906	1234
20130815	123	123	123	503.91518716872633	1234
20130815	123	123	123	500.0380279368422	1234
20130815	123	123	123	453.69260744563707	1234
20130815	123	123	123	442.10724140668464	1234
20130815	123	123	123	430.9146863508346	1234
20130815	123	123	123	418.5335375418942	1234
20130815	123	123	123	406.81959973260564	1234
20130815	123	123	123	395.0196053731675	1234
20130815	123	123	123	393.36842105263185	1234
20130815	123	123	123	374.22430327416413	1234
20130815	123	123	123	358.7594674720375	1234
20130815	123	123	123	345.71616581131656	1234
20130815	123	123	123	334.76420632627963	1234
20130815	123	123	123	317.5866366242107	1234
20130815	123	123	123	325.5325273534848	1234
20130815	123	123	123	329.4866192651782	1234
20130815	123	123	123	354.03154635843936	1234
20130815	123	123	123	350.59475736417414	1234
20130815	123	123	123	361.0526315789473	1234
20130815	123	123	123	385.6531006080102	1234
20130815	123	123	123	388.9206559889052	1234
20130815	123	123	123	400.1372806340293	1234
20130815	123	123	123	406.10526315789457	1234
20130815	123	123	123	423.7866555317448	1234
20130815	123	123	123	442.08269779148793	1234
20130815	123	123	123	488.06304612683317	1234
20130815	123	123	123	508.36756675782317	1234
20130815	123	123	123	496.3845882199941	1234
20130815	123	123	123	483.9576773521804	1234
20130815	123	123	123	460.72528740094884	1234
20130815	123	123	123	461.38171052515276	1234
20130815	123	123	123	439.97214433715476	1234
20130815	123	123	123	437.04528690023585	1234
20130815	123	123	123	418.7905194103108	1234
20130815	123	123	123	409.8034392334521	1234
20130815	123	123	123	390.25243267418773	1234
20130815	123	123	123	383.40583587328854	1234
20130815	123	123	123	377.18267929295786	1234
20130815	123	123	123	364.1657201938779	1234
20130815	123	123	123	357.3416237848947	1234
20130815	123	123	123	342.10902051824314	1234
20130815	123	123	123	341.08818454236933	1234
20130815	123	123	123	342.472997027154	1234
20130815	123	123	123	350.83802780432876	1234
20130815	123	123	123	363.16735948845337	1234
20130815	123	123	123	375.7652619074967	1234
20130815	123	123	123	378.0526315789474	1234
20130815	123	123	123	389.6081508813315	1234
20130815	123	123	123	401.3668649610954	1234
20130815	123	123	123	408.68421052631584	1234
20130815	123	123	123	433.5966703247704	1234
20130815	123	123	123	439.3157894736843	1234
20130815	123	123	123	463.5620013456846	1234
20130815	123	123	123	480.1578947368422	1234
20130815	123	123	123	500.536848384511	1234
20130815	123	123	123	504.93179774672603	1234
20130815	123	123	123	485.6991569328683	1234
20130815	123	123	123	470.4870828450916	1234
20130815	123	123	123	466.0086822351238	1234
20130815	123	123	123	433.15631313166284	1234
20130815	123	123	123	420.4440076105204	1234
20130815	123	123	123	411.8602814088783	1234
20130815	123	123	123	391.4409858256692	1234
20130815	123	123	123	369.8351882826998	1234
20130815	123	123	123	363.2358281136686	1234
20130815	123	123	123	337.76100199004645	1234
20130815	123	123	123	303.6185079590866	1234
20130815	123	123	123	303.89411785363563	1234
20130815	123	123	123	282.67719400379906	1234
20130815	123	123	123	277.9143515504485	1234
20130815	123	123	123	238.5170212810671	1234
20130815	123	123	123	220.73037964886973	1234
20130815	123	123	123	187.74730134941962	1234
20130815	123	123	123	194.0	1234
20130815	123	123	123	5.926214254697828	1234
20130815	123	123	123	11.848957822729309	1234
20130815	123	123	123	6.193037599037686	1234
20130815	123	123	123	4.520240161984503	1234
20130815	123	123	123	12.022168486849447	1234
20130815	123	123	123	10.47615632143932	1234
20130815	123	123	123	3.6053097214800545	1234
20130815	123	123	123	9.735395977473809	1234
20130815	123	123	123	7.339119712612949	1234
20130815	123	123	123	13.112842151168817	1234
20130815	123	123	123	16.899570259727163	1234
20130815	123	123	123	4.403555869182441	1234
20130815	123	123	123	11.027432637103766	1234
20130815	123	123	123	12.101210893690551	1234
20130815	123	123	123	9.988149015452626	1234
20130815	123	123	123	12.732980153806325	1234
20130815	123	123	123	9.260920208925683	1234
20130815	123	123	123	4.421593559070347	1234
20130815	123	123	123	18.002078238077857	1234
20130815	123	123	123	8.300543518910173	1234
20130815	123	123	123	5.533163464934372	1234
20130815	123	123	123	10.132932011467918	1234
20130815	123	123	123	19.903441803578236	1234
20130815	123	123	123	4.703332356646534	1234
20130815	123	123	123	15.911352252491195	1234
20130815	123	123	123	2.6129675968051624	1234
20130815	123	123	123	17.34338667787841	1234
20130815	123	123	123	10.921638727884769	1234
20130815	123	123	123	0.16867389470392347	1234
20130815	123	123	123	15.117803591645995	1234