time startPrice highestPrice lowestPrice endPrice transactionCount
20130815	123	123	123	2.853567916306734	1234
20130815	123	123	123	0.872162765453981	1234
20130815	123	123	123	7.005345089106212	1234
20130815	123	123	123	14.496196254281088	1234
20130815	123	123	123	13.889372116708493	1234
20130815	123	123	123	9.768465936211463	1234
20130815	123	123	123	12.713154514077797	1234
20130815	123	123	123	2.756042979082256	1234
20130815	123	123	123	5.535966491876718	1234
20130815	123	123	123	10.132793223728696	1234
20130815	123	123	123	12.692353092572652	1234
20130815	123	123	123	8.706598793668176	1234
20130815	123	123	123	12.174724535181936	1234
20130815	123	123	123	0.3149989501926598	1234
20130815	123	123	123	5.230746423444989	1234
20130815	123	123	123	13.509719633855834	1234
20130815	123	123	123	13.71344843755924	1234
20130815	123	123	123	10.624999130852435	1234
20130815	123	123	123	4.641198868175984	1234
20130815	123	123	123	3.5052015456030583	1234
20130815	123	123	123	1.109752179253607	1234
20130815	123	123	123	1.888991897774841	1234
20130815	123	123	123	2.340937034619881	1234
20130815	123	123	123	5.308113784785911	1234
20130815	123	123	123	19.506074105589924	1234
20130815	123	123	123	19.018592040433088	1234
20130815	123	123	123	17.343334862992133	1234
20130815	123	123	123	5.163728748374982	1234
20130815	123	123	123	17.875869942315695	1234
20130815	123	123	123	16.856672326062416	1234
20130815	123	123	123	211.92672524095903	1234
20130815	123	123	123	208.5936573163102	1234
20130815	123	123	123	230.2765025964407	1234
20130815	123	123	123	265.2087705995107	1234
20130815	123	123	123	273.24872243329395	1234
20130815	123	123	123	284.34347317031825	1234
20130815	123	123	123	310.7958565584446	1234
20130815	123	123	123	321.96471394079373	1234
20130815	123	123	123	345.54649751914684	1234
20130815	123	123	123	393.6905810049866	1234
20130815	123	123	123	393.1955548012257	1234
20130815	123	123	123	410.7004028130791	1234
20130815	123	123	123	419.8756614442912	1234
20130815	123	123	123	473.0519672115962	1234
20130815	123	123	123	517.3999793584081	1234
20130815	123	123	123	525.1041534220218	1234
20130815	123	123	123	512.0867601314925	1234
20130815	123	123	123	495.36514954962183	1234
20130815	123	123	123	492.8421052631579	1234
20130815	123	123	123	480.9073359717147	1234
20130815	123	123	123	457.46326577952874	1234
20130815	123	123	123	459.3700016953162	1234
20130815	123	123	123	439.9389824534172	1234
20130815	123	123	123	425.7868110394898	1234
20130815	123	123	123	405.91828771070425	1234
20130815	123	123	123	385.732903551011	1234
20130815	123	123	123	385.6117054525615	1234
20130815	123	123	123	371.8458970747201	1234
20130815	123	123	123	359.47413169264513	1234
20130815	123	123	123	338.50760453557785	1234
20130815	123	123	123	307.74938928425786	1234
20130815	123	123	123	319.4623320013127	1234
20130815	123	123	123	329.30723143980504	1234
20130815	123	123	123	356.3594053296024	1234
20130815	123	123	123	385.11148881201905	1234
20130815	123	123	123	403.71157830584195	1234
20130815	123	123	123	406.10526315789457	1234
20130815	123	123	123	440.89571221878043	1234
20130815	123	123	123	458.68929695236017	1234
20130815	123	123	123	472.21656096589163	1234
20130815	123	123	123	485.4389915601826	1234
20130815	123	123	123	496.6566955120905	1234
20130815	123	123	123	509.06545075942086	1234
20130815	123	123	123	529.0729239386327	1234
20130815	123	123	123	520.1465770257565	1234
20130815	123	123	123	503.5911469642259	1234
20130815	123	123	123	492.23494020915	1234
20130815	123	123	123	489.0291796495562	1234
20130815	123	123	123	482.6160284462461	1234
20130815	123	123	123	460.25791639452234	1234
20130815	123	123	123	455.54729142062456	1234
20130815	123	123	123	453.0836630736881	1234
20130815	123	123	123	440.5132435953701	1234
20130815	123	123	123	418.20335393799934	1234
20130815	123	123	123	409.02682334105623	1234
20130815	123	123	123	390.50868148320404	1234
20130815	123	123	123	375.0534081515576	1234
20130815	123	123	123	369.6053671706838	1234
20130815	123	123	123	350.5878361181261	1234
20130815	123	123	123	336.61717646952724	1234
20130815	123	123	123	337.1604468747363	1234
20130815	123	123	123	333.66899001043475	1234
20130815	123	123	123	341.18621566175926	1234
20130815	123	123	123	373.59870735700275	1234
20130815	123	123	123	386.64175270234495	1234
20130815	123	123	123	406.24651096339863	1234
20130815	123	123	123	421.6226482687607	1234
20130815	123	123	123	426.6135655997319	1234
20130815	123	123	123	429.1415018310639	1234
20130815	123	123	123	447.0825026085249	1234
20130815	123	123	123	453.88085283531285	1234
20130815	123	123	123	469.98955778754606	1234
20130815	123	123	123	480.1578947368422	1234
20130815	123	123	123	517.7161303967127	1234
20130815	123	123	123	502.7977127335895	1234
20130815	123	123	123	492.6185571646086	1234
20130815	123	123	123	469.05198224302126	1234
20130815	123	123	123	420.87520754230985	1234
20130815	123	123	123	394.9940336854594	1234
20130815	123	123	123	387.3373085043311	1234
20130815	123	123	123	381.06425883339807	1234
20130815	123	123	123	362.3364599171297	1234
20130815	123	123	123	309.88000475224794	1234
20130815	123	123	123	314.47368421052624	1234
20130815	123	123	123	275.71120110109223	1234
20130815	123	123	123	277.821588120046	1234
20130815	123	123	123	241.07353557952027	1234
20130815	123	123	123	228.42105263157885	1234
20130815	123	123	123	204.3057958246805	1234
20130815	123	123	123	194.0	1234
20130815	123	123	123	4.17304088941354	1234
20130815	123	123	123	1.513306880248233	1234
20130815	123	123	123	5.58441579840329	1234
20130815	123	123	123	13.473859055488111	1234
20130815	123	123	123	16.781720498691172	1234
20130815	123	123	123	19.196631163877633	1234
20130815	123	123	123	10.896580565845163	1234
20130815	123	123	123	12.124794617534132	1234
20130815	123	123	123	10.733089133988683	1234
20130815	123	123	123	11.314855894558137	1234
20130815	123	123	123	14.217811697405319	1234
20130815	123	123	123	7.233423738670761	1234
20130815	123	123	123	2.7423190235907136	1234
20130815	123	123	123	10.49988447153017	1234
20130815	123	123	123	9.733506137400802	1234
20130815	123	123	123	12.06172440750786	1234
20130815	123	123	123	16.596309331889397	1234
20130815	123	123	123	5.184143913069203	1234
20130815	123	123	123	13.115827240991546	1234
20130815	123	123	123	16.126461965973398	1234
20130815	123	123	123	7.547714464760256	1234
20130815	123	123	123	8.437295470608849	1234
20130815	123	123	123	0.09594262112563534	1234
20130815	123	123	123	18.96369053414022	1234
20130815	123	123	123	13.467034413183882	1234
20130815	123	123	123	17.034050304489597	1234
20130815	123	123	123	10.953562438525724	1234
20130815	123	123	123	13.500896132510501	1234
20130815	123	123	123	10.353471390287087	1234
20130815	123	123	123	6.639946521764005	1234