time startPrice highestPrice lowestPrice endPrice transactionCount
20130815	123	123	123	11.828678299630935	1234
20130815	123	123	123	2.486116572555197	1234
20130815	123	123	123	19.16144037767711	1234
20130815	123	123	123	6.171466697509082	1234
20130815	123	123	123	3.6283729807527343	1234
20130815	123	123	123	5.894408014395629	1234
20130815	123	123	123	12.107907549418059	1234
20130815	123	123	123	8.44913776471482	1234
20130815	123	123	123	11.49125437514176	1234
20130815	123	123	123	14.93672851654303	1234
20130815	123	123	123	6.653467660234944	1234
20130815	123	123	123	13.303354102967113	1234
20130815	123	123	123	17.89669475217075	1234
20130815	123	123	123	8.621965900742621	1234
20130815	123	123	123	4.0899593935709415	1234
20130815	123	123	123	9.012661279893791	1234
20130815	123	123	123	12.28404507332888	1234
20130815	123	123	123	12.078548380010243	1234
20130815	123	123	123	0.49778087942603744	1234
20130815	123	123	123	7.510661063738146	1234
20130815	123	123	123	0.4072123269644634	1234
20130815	123	123	123	5.247558374421524	1234
20130815	123	123	123	2.638137648306742	1234
20130815	123	123	123	15.985285131724428	1234
20130815	123	123	123	5.14425412018364	1234
20130815	123	123	123	19.206552800902628	1234
20130815	123	123	123	19.689050989073774	1234
20130815	123	123	123	12.081982956002715	1234
20130815	123	123	123	11.743563717377455	1234
20130815	123	123	123	16.00117088534273	1234
20130815	123	123	123	187.60740889019178	1234
20130815	123	123	123	215.5374714030522	1234
20130815	123	123	123	232.28061936072183	1234
20130815	123	123	123	242.33373992254795	1234
20130815	123	123	123	290.00536317609726	1234
20130815	123	123	123	288.0927868016354	1234
20130815	123	123	123	294.0526315789474	1234
20130815	123	123	123	318.2940494325497	1234
20130815	123	123	123	340.1473509038717	1234
20130815	123	123	123	397.0283010056326	1234
20130815	123	123	123	411.5471653920953	1234
20130815	123	123	123	420.21802748383556	1234
20130815	123	123	123	441.90222457071025	1234
20130815	123	123	123	458.09356096558616	1234
20130815	123	123	123	472.4736842105266	1234
20130815	123	123	123	497.81198525580476	1234
20130815	123	123	123	508.1578947368424	1234
20130815	123	123	123	524.4020933907341	1234
20130815	123	123	123	512.9987498649067	1234
20130815	123	123	123	503.89473684210526	1234
20130815	123	123	123	487.93221861853795	1234
20130815	123	123	123	466.6203862272322	1234
20130815	123	123	123	466.00798046503655	1234
20130815	123	123	123	456.1384783850949	1234
20130815	123	123	123	433.70511000263986	1234
20130815	123	123	123	422.4041640780317	1234
20130815	123	123	123	402.2243242834991	1234
20130815	123	123	123	384.7251470620882	1234
20130815	123	123	123	376.3372297041601	1234
20130815	123	123	123	358.62408939813525	1234
20130815	123	123	123	357.841531866851	1234
20130815	123	123	123	335.903250834807	1234
20130815	123	123	123	334.71480304823825	1234
20130815	123	123	123	316.5643502071564	1234
20130815	123	123	123	325.6169498439366	1234
20130815	123	123	123	345.26714535591634	1234
20130815	123	123	123	344.79432231003454	1234
20130815	123	123	123	349.78947368421046	1234
20130815	123	123	123	454.45609121214915	1234
20130815	123	123	123	435.11004000680816	1234
20130815	123	123	123	450.38361939427	1234
20130815	123	123	123	451.15789473684185	1234
20130815	123	123	123	478.47183755559774	1234
20130815	123	123	123	488.21590037065545	1234
20130815	123	123	123	502.713149622895	1234
20130815	123	123	123	516.9643697430594	1234
20130815	123	123	123	530.2301758071354	1234
20130815	123	123	123	528.4869704546869	1234
20130815	123	123	123	504.7445548947379	1234
20130815	123	123	123	482.4042155033352	1234
20130815	123	123	123	481.52536321154145	1234
20130815	123	123	123	461.3853816984316	1234
20130815	123	123	123	447.5117426849533	1234
20130815	123	123	123	411.0172828139016	1234
20130815	123	123	123	388.2331151762961	1234
20130815	123	123	123	378.7305379235667	1234
20130815	123	123	123	378.2158299198512	1234
20130815	123	123	123	357.2823529784381	1234
20130815	123	123	123	352.4170007687433	1234
20130815	123	123	123	337.6842105263159	1234
20130815	123	123	123	334.7174605744445	1234
20130815	123	123	123	345.1578395425249	1234
20130815	123	123	123	350.59495163627804	1234
20130815	123	123	123	360.8593404581527	1234
20130815	123	123	123	374.46410125014427	1234
20130815	123	123	123	390.9207915742928	1234
20130815	123	123	123	435.0234387655467	1234
20130815	123	123	123	452.84023790745044	1234
20130815	123	123	123	459.9336159076361	1234
20130815	123	123	123	472.61909748611504	1234
20130815	123	123	123	483.13720076169653	1234
20130815	123	123	123	492.45709188986996	1234
20130815	123	123	123	508.0099511425466	1234
20130815	123	123	123	516.9490476715735	1234
20130815	123	123	123	516.8235180348288	1234
20130815	123	123	123	491.1675766647643	1234
20130815	123	123	123	470.47630239823087	1234
20130815	123	123	123	469.36842105263156	1234
20130815	123	123	123	436.5475651584978	1234
20130815	123	123	123	407.82584757782234	1234
20130815	123	123	123	400.52631578947364	1234
20130815	123	123	123	375.75182580691296	1234
20130815	123	123	123	333.6615645432498	1234
20130815	123	123	123	348.8947368421052	1234
20130815	123	123	123	316.86584749642765	1234
20130815	123	123	123	258.8407277478182	1234
20130815	123	123	123	254.63184139588859	1234
20130815	123	123	123	215.41834217771026	1234
20130815	123	123	123	198.08085790494326	1234
20130815	123	123	123	194.0	1234
20130815	123	123	123	3.230508537380705	1234
20130815	123	123	123	3.0898542513201632	1234
20130815	123	123	123	7.617117470322274	1234
20130815	123	123	123	16.396761137854806	1234
20130815	123	123	123	14.075572662001694	1234
20130815	123	123	123	9.58741024398403	1234
20130815	123	123	123	7.045161012025543	1234
20130815	123	123	123	16.6224095103135	1234
20130815	123	123	123	13.860643067142497	1234
20130815	123	123	123	12.247305408186547	1234
20130815	123	123	123	14.535626347911808	1234
20130815	123	123	123	19.96491880079032	1234
20130815	123	123	123	11.74949574143358	1234
20130815	123	123	123	16.84703565684139	1234
20130815	123	123	123	7.085468973216791	1234
20130815	123	123	123	1.9804387233537768	1234
20130815	123	123	123	2.1721134726787983	1234
20130815	123	123	123	7.00525831636353	1234
20130815	123	123	123	5.22002187887963	1234
20130815	123	123	123	9.126596393438078	1234
20130815	123	123	123	8.210739639944268	1234
20130815	123	123	123	6.761038657147269	1234
20130815	123	123	123	15.440376117353589	1234
20130815	123	123	123	19.77814974628102	1234
20130815	123	123	123	17.061981889712538	1234
20130815	123	123	123	5.835995308044303	1234
20130815	123	123	123	2.5876946229682174	1234
20130815	123	123	123	13.874327666585826	1234
20130815	123	123	123	18.94521328431303	1234
20130815	123	123	123	9.266962022756482	1234