time startPrice highestPrice lowestPrice endPrice transactionCount
20130815	123	123	123	9.354567302049048	1234
20130815	123	123	123	7.081825582630669	1234
20130815	123	123	123	12.246670361617976	1234
20130815	123	123	123	15.349572438559868	1234
20130815	123	123	123	0.47141387917748245	1234
20130815	123	123	123	11.099191789536107	1234
20130815	123	123	123	11.147862948529255	1234
20130815	123	123	123	12.284396812074016	1234
20130815	123	123	123	12.949919861269045	1234
20130815	123	123	123	1.2256268886416732	1234
20130815	123	123	123	1.25034128932356	1234
20130815	123	123	123	10.555013994418038	1234
20130815	123	123	123	12.039930965415353	1234
20130815	123	123	123	9.393382654495701	1234
20130815	123	123	123	13.595594811849312	1234
20130815	123	123	123	4.615267447143896	1234
20130815	123	123	123	17.0862844301116	1234
20130815	123	123	123	15.958454145221303	1234
20130815	123	123	123	2.2128485045253443	1234
20130815	123	123	123	10.883375543086055	1234
20130815	123	123	123	5.580380643483176	1234
20130815	123	123	123	5.894951500534398	1234
20130815	123	123	123	10.866149150549893	1234
20130815	123	123	123	7.477840130471076	1234
20130815	123	123	123	18.101596171568076	1234
20130815	123	123	123	16.400695925274743	1234
20130815	123	123	123	10.724553132081882	1234
20130815	123	123	123	4.013565280624092	1234
20130815	123	123	123	13.731653455133745	1234
20130815	123	123	123	14.955186757785272	1234
20130815	123	123	123	251.86596351366927	1234
20130815	123	123	123	264.42688888064066	1234
20130815	123	123	123	290.0255162177701	1234
20130815	123	123	123	276.2105263157895	1234
20130815	123	123	123	308.3329923930535	1234
20130815	123	123	123	332.29478845010993	1234
20130815	123	123	123	348.09948027492936	1234
20130815	123	123	123	358.97876085171947	1234
20130815	123	123	123	377.9680522101423	1234
20130815	123	123	123	388.38953498181166	1234
20130815	123	123	123	403.5528859438045	1234
20130815	123	123	123	418.94736842105283	1234
20130815	123	123	123	447.33184530310655	1234
20130815	123	123	123	482.8581841882076	1234
20130815	123	123	123	488.2010269577414	1234
20130815	123	123	123	495.2988891993888	1234
20130815	123	123	123	517.5049284314204	1234
20130815	123	123	123	506.09592463493584	1234
20130815	123	123	123	508.8227888523547	1234
20130815	123	123	123	500.15220618856534	1234
20130815	123	123	123	475.4717037774325	1234
20130815	123	123	123	455.66333292863186	1234
20130815	123	123	123	456.1016429088059	1234
20130815	123	123	123	441.74454741318937	1234
20130815	123	123	123	399.25223137474836	1234
20130815	123	123	123	404.4210526315792	1234
20130815	123	123	123	387.6462464309038	1234
20130815	123	123	123	367.3018380151972	1234
20130815	123	123	123	362.5743377152451	1234
20130815	123	123	123	360.2105263157898	1234
20130815	123	123	123	335.91129648697955	1234
20130815	123	123	123	334.55333151107413	1234
20130815	123	123	123	323.53708174607976	1234
20130815	123	123	123	327.7524815510893	1234
20130815	123	123	123	342.8765687457922	1234
20130815	123	123	123	349.78947368421046	1234
20130815	123	123	123	364.9217545065952	1234
20130815	123	123	123	378.85364428678963	1234
20130815	123	123	123	395.9971404293799	1234
20130815	123	123	123	401.8187026045594	1234
20130815	123	123	123	427.7206159974609	1234
20130815	123	123	123	442.1812440900986	1234
20130815	123	123	123	451.71736851553214	1234
20130815	123	123	123	462.4210526315787	1234
20130815	123	123	123	477.83056215585265	1234
20130815	123	123	123	497.31365792314597	1234
20130815	123	123	123	512.5957409143422	1234
20130815	123	123	123	522.1897841770436	1234
20130815	123	123	123	523.7652173450955	1234
20130815	123	123	123	501.10292877773946	1234
20130815	123	123	123	483.45673071272466	1234
20130815	123	123	123	468.92997764381323	1234
20130815	123	123	123	438.9335206719104	1234
20130815	123	123	123	425.51602281690566	1234
20130815	123	123	123	421.7521140935943	1234
20130815	123	123	123	409.39924117528045	1234
20130815	123	123	123	331.33944637966505	1234
20130815	123	123	123	359.05263157894746	1234
20130815	123	123	123	347.03148638843084	1234
20130815	123	123	123	337.00644502997227	1234
20130815	123	123	123	338.32534469353186	1234
20130815	123	123	123	339.80212858323154	1234
20130815	123	123	123	347.42105263157896	1234
20130815	123	123	123	364.8197961305955	1234
20130815	123	123	123	374.32302124148816	1234
20130815	123	123	123	379.7506260093347	1234
20130815	123	123	123	449.6076771595867	1234
20130815	123	123	123	447.3010869970585	1234
20130815	123	123	123	453.71270520882376	1234
20130815	123	123	123	468.09893506212853	1234
20130815	123	123	123	476.48206322590767	1234
20130815	123	123	123	486.70040264513017	1234
20130815	123	123	123	511.49487082032766	1234
20130815	123	123	123	519.4270209387505	1234
20130815	123	123	123	520.8407344010403	1234
20130815	123	123	123	480.3739156959645	1234
20130815	123	123	123	458.18876156360653	1234
20130815	123	123	123	452.1578947368421	1234
20130815	123	123	123	428.0145965892549	1234
20130815	123	123	123	393.01799036039915	1234
20130815	123	123	123	385.6597464231672	1234
20130815	123	123	123	337.7544885823537	1234
20130815	123	123	123	310.12898052281736	1234
20130815	123	123	123	314.47368421052624	1234
20130815	123	123	123	294.6880074554731	1234
20130815	123	123	123	263.1775565903432	1234
20130815	123	123	123	257.75534473659667	1234
20130815	123	123	123	222.02209519648557	1234
20130815	123	123	123	199.47527144713874	1234
20130815	123	123	123	194.0	1234
20130815	123	123	123	13.58736836688939	1234
20130815	123	123	123	5.626288237947385	1234
20130815	123	123	123	3.9040010782122625	1234
20130815	123	123	123	6.656224691138155	1234
20130815	123	123	123	12.737820829455186	1234
20130815	123	123	123	6.7410562076551965	1234
20130815	123	123	123	14.15412980230771	1234
20130815	123	123	123	17.571645164080387	1234
20130815	123	123	123	4.064912698676737	1234
20130815	123	123	123	19.57316691847588	1234
20130815	123	123	123	7.865686723445069	1234
20130815	123	123	123	16.87777096417362	1234
20130815	123	123	123	13.784647247653165	1234
20130815	123	123	123	9.947617317561537	1234
20130815	123	123	123	13.86113492769477	1234
20130815	123	123	123	4.716340148396707	1234
20130815	123	123	123	5.9082097831959075	1234
20130815	123	123	123	18.745789820256668	1234
20130815	123	123	123	10.56461816869811	1234
20130815	123	123	123	4.986835480880558	1234
20130815	123	123	123	2.546087431543209	1234
20130815	123	123	123	11.135739873648365	1234
20130815	123	123	123	13.468608208387806	1234
20130815	123	123	123	2.701285539621421	1234
20130815	123	123	123	3.203524181483013	1234
20130815	123	123	123	17.715114454360428	1234
20130815	123	123	123	9.764794528270038	1234
20130815	123	123	123	14.063770157453925	1234
20130815	123	123	123	15.414119580998491	1234
20130815	123	123	123	11.793389764843996	1234