time startPrice highestPrice lowestPrice endPrice transactionCount
20130815	123	123	123	14.698600412948284	1234
20130815	123	123	123	0.3865429845306956	1234
20130815	123	123	123	12.6301698673132	1234
20130815	123	123	123	11.343014780813325	1234
20130815	123	123	123	15.441864721602567	1234
20130815	123	123	123	7.053743197320688	1234
20130815	123	123	123	9.747684300757465	1234
20130815	123	123	123	5.158565538293249	1234
20130815	123	123	123	4.519630611341348	1234
20130815	123	123	123	14.03147493431679	1234
20130815	123	123	123	18.06605865512583	1234
20130815	123	123	123	12.235587931106298	1234
20130815	123	123	123	11.102753682777335	1234
20130815	123	123	123	9.462317858271463	1234
20130815	123	123	123	14.617580827851791	1234
20130815	123	123	123	6.726393793766954	1234
20130815	123	123	123	3.923430202855407	1234
20130815	123	123	123	12.733012431525673	1234
20130815	123	123	123	10.835928318911051	1234
20130815	123	123	123	17.132640490579888	1234
20130815	123	123	123	10.805971639311336	1234
20130815	123	123	123	2.7428810704388473	1234
20130815	123	123	123	16.648909771926142	1234
20130815	123	123	123	12.218072472587957	1234
20130815	123	123	123	4.871109530411957	1234
20130815	123	123	123	11.12107753936777	1234
20130815	123	123	123	13.192065758584018	1234
20130815	123	123	123	1.4956356448820962	1234
20130815	123	123	123	11.45007699924646	1234
20130815	123	123	123	7.0119213739850235	1234
20130815	123	123	123	197.88864727082375	1234
20130815	123	123	123	222.55513107184936	1234
20130815	123	123	123	230.11882573672932	1234
20130815	123	123	123	256.66662015924317	1234
20130815	123	123	123	282.0129722212195	1234
20130815	123	123	123	276.2105263157895	1234
20130815	123	123	123	296.2023186801541	1234
20130815	123	123	123	311.8947368421053	1234
20130815	123	123	123	334.78699836130073	1234
20130815	123	123	123	351.75729090594666	1234
20130815	123	123	123	366.43639705234625	1234
20130815	123	123	123	383.263157894737	1234
20130815	123	123	123	417.43520301012495	1234
20130815	123	123	123	454.63157894736867	1234
20130815	123	123	123	489.40431177007747	1234
20130815	123	123	123	495.94861204150703	1234
20130815	123	123	123	510.48504444242286	1234
20130815	123	123	123	513.3236279435582	1234
20130815	123	123	123	506.84633372010376	1234
20130815	123	123	123	491.11416448490365	1234
20130815	123	123	123	489.50247074038464	1234
20130815	123	123	123	469.18854121883066	1234
20130815	123	123	123	453.3428701275691	1234
20130815	123	123	123	454.4333807713621	1234
20130815	123	123	123	440.687656166912	1234
20130815	123	123	123	436.7187827429916	1234
20130815	123	123	123	420.1970374401788	1234
20130815	123	123	123	398.51875951698116	1234
20130815	123	123	123	384.9800408004747	1234
20130815	123	123	123	357.30815779201095	1234
20130815	123	123	123	357.25648465106235	1234
20130815	123	123	123	331.4929675110892	1234
20130815	123	123	123	326.00402880781974	1234
20130815	123	123	123	329.0232802458636	1234
20130815	123	123	123	338.82277310679297	1234
20130815	123	123	123	349.78947368421046	1234
20130815	123	123	123	367.6238915697926	1234
20130815	123	123	123	385.0842997860647	1234
20130815	123	123	123	392.38915561086367	1234
20130815	123	123	123	401.3416301160088	1234
20130815	123	123	123	422.9967504861937	1234
20130815	123	123	123	417.3684210526314	1234
20130815	123	123	123	429.2961311804248	1234
20130815	123	123	123	439.89473684210503	1234
20130815	123	123	123	467.88598871368083	1234
20130815	123	123	123	498.37136733575096	1234
20130815	123	123	123	510.8962513313893	1234
20130815	123	123	123	528.067306134897	1234
20130815	123	123	123	519.833092760958	1234
20130815	123	123	123	490.0198260608811	1234
20130815	123	123	123	478.1394388712051	1234
20130815	123	123	123	465.99682900288724	1234
20130815	123	123	123	464.1006205434994	1234
20130815	123	123	123	430.4425623168606	1234
20130815	123	123	123	419.0915598715074	1234
20130815	123	123	123	411.1008611113208	1234
20130815	123	123	123	379.4858154985105	1234
20130815	123	123	123	333.4849258056717	1234
20130815	123	123	123	346.5856720412513	1234
20130815	123	123	123	327.2816005915159	1234
20130815	123	123	123	345.06333010168447	1234
20130815	123	123	123	353.09237156900974	1234
20130815	123	123	123	386.95901910834704	1234
20130815	123	123	123	389.6979136759682	1234
20130815	123	123	123	406.19591433774207	1234
20130815	123	123	123	408.68421052631584	1234
20130815	123	123	123	430.14983066587837	1234
20130815	123	123	123	449.52631578947376	1234
20130815	123	123	123	482.5249780392402	1234
20130815	123	123	123	510.44964173746877	1234
20130815	123	123	123	522.6267085092942	1234
20130815	123	123	123	502.0914217482266	1234
20130815	123	123	123	465.06437828059165	1234
20130815	123	123	123	469.36842105263156	1234
20130815	123	123	123	432.1693899064853	1234
20130815	123	123	123	423.5990852364795	1234
20130815	123	123	123	401.7580896702319	1234
20130815	123	123	123	396.96094884498393	1234
20130815	123	123	123	374.31072418353267	1234
20130815	123	123	123	345.16440415562096	1234
20130815	123	123	123	338.7379967040616	1234
20130815	123	123	123	308.9340915588106	1234
20130815	123	123	123	308.6677134920462	1234
20130815	123	123	123	278.32096482264444	1234
20130815	123	123	123	265.02314859429447	1234
20130815	123	123	123	255.07826400130304	1234
20130815	123	123	123	233.56748332538868	1234
20130815	123	123	123	207.35329577533426	1234
20130815	123	123	123	202.83571610324637	1234
20130815	123	123	123	194.0	1234
20130815	123	123	123	14.47819968778624	1234
20130815	123	123	123	3.2851865303140015	1234
20130815	123	123	123	10.623640121879383	1234
20130815	123	123	123	2.3327390027223105	1234
20130815	123	123	123	8.29933852554677	1234
20130815	123	123	123	7.185660151515451	1234
20130815	123	123	123	14.305131882337198	1234
20130815	123	123	123	16.81879313154279	1234
20130815	123	123	123	9.704013827600189	1234
20130815	123	123	123	9.778232524144304	1234
20130815	123	123	123	3.915474922578772	1234
20130815	123	123	123	0.7050204798125348	1234
20130815	123	123	123	16.584165422581247	1234
20130815	123	123	123	12.474657545917617	1234
20130815	123	123	123	4.952066884514721	1234
20130815	123	123	123	19.554473814328944	1234
20130815	123	123	123	6.222374925302341	1234
20130815	123	123	123	18.647622158019523	1234
20130815	123	123	123	8.132315071343086	1234
20130815	123	123	123	0.5285094752788488	1234
20130815	123	123	123	14.091546326040756	1234
20130815	123	123	123	13.527611887075055	1234
20130815	123	123	123	3.296512048356981	1234
20130815	123	123	123	2.3039212235476025	1234
20130815	123	123	123	11.76555278180745	1234
20130815	123	123	123	14.823448499964469	1234
20130815	123	123	123	11.883654666046056	1234
20130815	123	123	123	1.8773755938500347	1234
20130815	123	123	123	9.490772860116323	1234
20130815	123	123	123	4.621299472181379	1234