time startPrice highestPrice lowestPrice endPrice transactionCount
20130815	123	123	123	13.476521558317936	1234
20130815	123	123	123	18.363131667716452	1234
20130815	123	123	123	4.6956363557429786	1234
20130815	123	123	123	3.632820567125843	1234
20130815	123	123	123	19.512649011972684	1234
20130815	123	123	123	16.662998103657323	1234
20130815	123	123	123	1.3045678793259952	1234
20130815	123	123	123	13.944556899911614	1234
20130815	123	123	123	7.226724073517419	1234
20130815	123	123	123	14.728691437209092	1234
20130815	123	123	123	5.3178897149179605	1234
20130815	123	123	123	18.316337581475782	1234
20130815	123	123	123	6.453687833628519	1234
20130815	123	123	123	16.424435314600323	1234
20130815	123	123	123	15.387482130924909	1234
20130815	123	123	123	8.050286817021288	1234
20130815	123	123	123	8.61256741468665	1234
20130815	123	123	123	17.482016593074803	1234
20130815	123	123	123	15.934531549669	1234
20130815	123	123	123	14.296841695904956	1234
20130815	123	123	123	8.962017102140292	1234
20130815	123	123	123	15.259839846500935	1234
20130815	123	123	123	13.774163608970696	1234
20130815	123	123	123	11.456658643829396	1234
20130815	123	123	123	1.4327022403689527	1234
20130815	123	123	123	15.799436269676132	1234
20130815	123	123	123	12.467379588978941	1234
20130815	123	123	123	3.833654569886491	1234
20130815	123	123	123	17.72903538285844	1234
20130815	123	123	123	18.704947119297696	1234
20130815	123	123	123	202.61758254800736	1234
20130815	123	123	123	219.0956629874998	1234
20130815	123	123	123	237.6649295635667	1234
20130815	123	123	123	242.64822938812478	1234
20130815	123	123	123	275.11641366983906	1234
20130815	123	123	123	290.0353571410361	1234
20130815	123	123	123	302.3029420060031	1234
20130815	123	123	123	335.3549497638832	1234
20130815	123	123	123	376.8396284799277	1234
20130815	123	123	123	376.85426150871825	1234
20130815	123	123	123	383.263157894737	1234
20130815	123	123	123	404.3902201376083	1234
20130815	123	123	123	437.29452471950736	1234
20130815	123	123	123	447.0053926811255	1234
20130815	123	123	123	501.6946337896565	1234
20130815	123	123	123	509.9753879776324	1234
20130815	123	123	123	517.8653567312098	1234
20130815	123	123	123	525.7834091615158	1234
20130815	123	123	123	500.6614807943112	1234
20130815	123	123	123	492.6744837547108	1234
20130815	123	123	123	470.61058860804826	1234
20130815	123	123	123	466.8267282264584	1234
20130815	123	123	123	451.8580575246191	1234
20130815	123	123	123	448.63157894736855	1234
20130815	123	123	123	429.47013046717984	1234
20130815	123	123	123	426.3821031450611	1234
20130815	123	123	123	407.3757039857037	1234
20130815	123	123	123	367.1442074982249	1234
20130815	123	123	123	346.67283764655747	1234
20130815	123	123	123	339.2323498959395	1234
20130815	123	123	123	300.67288554379195	1234
20130815	123	123	123	331.5723005186718	1234
20130815	123	123	123	339.36462906763444	1234
20130815	123	123	123	368.2385398308269	1234
20130815	123	123	123	361.1297269314089	1234
20130815	123	123	123	374.23872565226435	1234
20130815	123	123	123	388.0946846351969	1234
20130815	123	123	123	424.3176627955396	1234
20130815	123	123	123	439.82679476013783	1234
20130815	123	123	123	446.9918890615805	1234
20130815	123	123	123	471.51811495018995	1234
20130815	123	123	123	475.60432723211454	1234
20130815	123	123	123	481.68617958614703	1234
20130815	123	123	123	502.5459254325571	1234
20130815	123	123	123	505.93578429331296	1234
20130815	123	123	123	522.8448727909085	1234
20130815	123	123	123	525.5966575616296	1234
20130815	123	123	123	529.7397785398847	1234
20130815	123	123	123	466.11027172757076	1234
20130815	123	123	123	460.94023162748636	1234
20130815	123	123	123	448.4546452335567	1234
20130815	123	123	123	437.84363883305485	1234
20130815	123	123	123	428.2931922891318	1234
20130815	123	123	123	423.15789473684214	1234
20130815	123	123	123	407.9472758321446	1234
20130815	123	123	123	395.54981110988246	1234
20130815	123	123	123	380.88104890135617	1234
20130815	123	123	123	364.5942938605465	1234
20130815	123	123	123	355.92795563397823	1234
20130815	123	123	123	340.0458953915597	1234
20130815	123	123	123	337.6842105263159	1234
20130815	123	123	123	334.29767861077124	1234
20130815	123	123	123	347.6770351605101	1234
20130815	123	123	123	350.54684228171254	1234
20130815	123	123	123	362.3742235197526	1234
20130815	123	123	123	383.0312087902765	1234
20130815	123	123	123	405.7850097557864	1234
20130815	123	123	123	416.8918088258414	1234
20130815	123	123	123	427.032824253006	1234
20130815	123	123	123	462.4941597516779	1234
20130815	123	123	123	463.16436791681843	1234
20130815	123	123	123	483.46085373360427	1234
20130815	123	123	123	533.1028588566467	1234
20130815	123	123	123	514.3290755849534	1234
20130815	123	123	123	497.6970461532524	1234
20130815	123	123	123	458.5312255742859	1234
20130815	123	123	123	432.36813112080995	1234
20130815	123	123	123	426.5926201844407	1234
20130815	123	123	123	417.7368421052631	1234
20130815	123	123	123	388.3714331830919	1234
20130815	123	123	123	364.05883575767706	1234
20130815	123	123	123	345.75753283609316	1234
20130815	123	123	123	304.27736037417935	1234
20130815	123	123	123	271.54567666810095	1234
20130815	123	123	123	280.0526315789473	1234
20130815	123	123	123	262.8421052631578	1234
20130815	123	123	123	216.34437270887804	1234
20130815	123	123	123	224.73419827025668	1234
20130815	123	123	123	203.50478434743178	1234
20130815	123	123	123	194.0	1234
20130815	123	123	123	4.891619425616938	1234
20130815	123	123	123	4.94164468510395	1234
20130815	123	123	123	8.271679107328723	1234
20130815	123	123	123	7.656246815515977	1234
20130815	123	123	123	19.46269983483368	1234
20130815	123	123	123	17.714703629280283	1234
20130815	123	123	123	11.556124405783333	1234
20130815	123	123	123	9.776529904840867	1234
20130815	123	123	123	3.5072648761423153	1234
20130815	123	123	123	0.8440217663253247	1234
20130815	123	123	123	10.63157638029719	1234
20130815	123	123	123	10.6103470339859	1234
20130815	123	123	123	8.47631011525941	1234
20130815	123	123	123	1.5617013827223403	1234
20130815	123	123	123	10.658272897268233	1234
20130815	123	123	123	3.128224493961149	1234
20130815	123	123	123	16.006727686367398	1234
20130815	123	123	123	8.41457069584556	1234
20130815	123	123	123	9.880273963496538	1234
20130815	123	123	123	8.959162712154246	1234
20130815	123	123	123	11.27924459657497	1234
20130815	123	123	123	8.918774369507677	1234
20130815	123	123	123	17.85466246868623	1234
20130815	123	123	123	17.962462521805584	1234
20130815	123	123	123	10.687522609251168	1234
20130815	123	123	123	6.458536448169578	1234
20130815	123	123	123	19.40700698206778	1234
20130815	123	123	123	8.285488428303706	1234
20130815	123	123	123	4.524594328124721	1234
20130815	123	123	123	18.390159168478426	1234