time startPrice highestPrice lowestPrice endPrice transactionCount
20130815	123	123	123	0.83595300997656	1234
20130815	123	123	123	10.807847791465734	1234
20130815	123	123	123	1.815827872133764	1234
20130815	123	123	123	2.2098780103965376	1234
20130815	123	123	123	6.517072116901854	1234
20130815	123	123	123	11.076821219421525	1234
20130815	123	123	123	0.11971432703483442	1234
20130815	123	123	123	4.782432084966652	1234
20130815	123	123	123	12.775397441137608	1234
20130815	123	123	123	3.1945900726381615	1234
20130815	123	123	123	5.144996912182929	1234
20130815	123	123	123	2.3234412690724615	1234
20130815	123	123	123	10.038582197877586	1234
20130815	123	123	123	15.097913955586538	1234
20130815	123	123	123	0.5335380679638257	1234
20130815	123	123	123	10.803367380615281	1234
20130815	123	123	123	19.400766277904804	1234
20130815	123	123	123	4.934480777559229	1234
20130815	123	123	123	4.509977190264967	1234
20130815	123	123	123	7.694905046368106	1234
20130815	123	123	123	17.242025367724064	1234
20130815	123	123	123	10.643906567171753	1234
20130815	123	123	123	12.000466324849175	1234
20130815	123	123	123	17.147826209360787	1234
20130815	123	123	123	14.93992538730048	1234
20130815	123	123	123	8.697028937065809E-4	1234
20130815	123	123	123	8.331850347511352	1234
20130815	123	123	123	17.058146660961064	1234
20130815	123	123	123	6.9477197433407945	1234
20130815	123	123	123	17.759168823216434	1234
20130815	123	123	123	207.89294271563898	1234
20130815	123	123	123	213.54371196615003	1234
20130815	123	123	123	226.340486606701	1234
20130815	123	123	123	254.39913331378773	1234
20130815	123	123	123	259.8118908966044	1234
20130815	123	123	123	285.0120713621314	1234
20130815	123	123	123	294.0526315789474	1234
20130815	123	123	123	314.8606963625159	1234
20130815	123	123	123	332.3553525552274	1234
20130815	123	123	123	357.59664937662285	1234
20130815	123	123	123	399.0950929177293	1234
20130815	123	123	123	406.28329728872245	1234
20130815	123	123	123	442.9951019790055	1234
20130815	123	123	123	472.3667095836992	1234
20130815	123	123	123	477.16857222835904	1234
20130815	123	123	123	502.4825740849541	1234
20130815	123	123	123	532.2414853568691	1234
20130815	123	123	123	519.1844438132099	1234
20130815	123	123	123	504.2382264171067	1234
20130815	123	123	123	500.93135883919	1234
20130815	123	123	123	481.63993320269964	1234
20130815	123	123	123	450.64245583900043	1234
20130815	123	123	123	426.52631578947387	1234
20130815	123	123	123	391.2327897580084	1234
20130815	123	123	123	351.7743859870527	1234
20130815	123	123	123	346.45377592875724	1234
20130815	123	123	123	334.93864568816315	1234
20130815	123	123	123	318.92315633734773	1234
20130815	123	123	123	326.2693512488334	1234
20130815	123	123	123	331.59057469567114	1234
20130815	123	123	123	365.59639798269353	1234
20130815	123	123	123	374.46185821002695	1234
20130815	123	123	123	404.2603013536104	1234
20130815	123	123	123	395.1254356857852	1234
20130815	123	123	123	406.10526315789457	1234
20130815	123	123	123	430.7319324594921	1234
20130815	123	123	123	456.3358297677928	1234
20130815	123	123	123	466.03208713315365	1234
20130815	123	123	123	486.9771574851766	1234
20130815	123	123	123	507.47368421052596	1234
20130815	123	123	123	528.9011671940186	1234
20130815	123	123	123	525.5718469532601	1234
20130815	123	123	123	509.1292968467747	1234
20130815	123	123	123	501.76543538622667	1234
20130815	123	123	123	442.1391767862034	1234
20130815	123	123	123	465.89473684210526	1234
20130815	123	123	123	455.2105263157895	1234
20130815	123	123	123	415.48590185048465	1234
20130815	123	123	123	403.11079919356536	1234
20130815	123	123	123	380.9951098946874	1234
20130815	123	123	123	367.5570046219766	1234
20130815	123	123	123	340.1844620029875	1234
20130815	123	123	123	322.4528995471115	1234
20130815	123	123	123	337.30267831327467	1234
20130815	123	123	123	339.23342425284636	1234
20130815	123	123	123	349.6677088265885	1234
20130815	123	123	123	363.25327083398867	1234
20130815	123	123	123	383.6281250118398	1234
20130815	123	123	123	378.96386518975544	1234
20130815	123	123	123	388.2631578947369	1234
20130815	123	123	123	400.03624178681076	1234
20130815	123	123	123	415.6612699357264	1234
20130815	123	123	123	423.0393582877139	1234
20130815	123	123	123	442.1162161520212	1234
20130815	123	123	123	439.3157894736843	1234
20130815	123	123	123	450.94606623252355	1234
20130815	123	123	123	476.6453136896708	1234
20130815	123	123	123	478.7763936812061	1234
20130815	123	123	123	481.9134882638766	1234
20130815	123	123	123	498.6278800429878	1234
20130815	123	123	123	509.37238453885846	1234
20130815	123	123	123	526.3761772605765	1234
20130815	123	123	123	503.45373594171696	1234
20130815	123	123	123	465.3001626105167	1234
20130815	123	123	123	469.36842105263156	1234
20130815	123	123	123	451.5597013606852	1234
20130815	123	123	123	424.9397414821696	1234
20130815	123	123	123	413.0509462877966	1234
20130815	123	123	123	395.62165707287676	1234
20130815	123	123	123	366.1052631578947	1234
20130815	123	123	123	325.0465659878427	1234
20130815	123	123	123	319.75151905052604	1234
20130815	123	123	123	303.5578811640019	1234
20130815	123	123	123	286.2141549361967	1234
20130815	123	123	123	277.68307555447905	1234
20130815	123	123	123	245.37950148174818	1234
20130815	123	123	123	225.72279788261477	1234
20130815	123	123	123	212.38010497954303	1234
20130815	123	123	123	195.515305841027	1234
20130815	123	123	123	194.0	1234
20130815	123	123	123	16.897161248474223	1234
20130815	123	123	123	6.359861145923162	1234
20130815	123	123	123	12.017628734204564	1234
20130815	123	123	123	4.445656817485386	1234
20130815	123	123	123	13.739695858870796	1234
20130815	123	123	123	10.340148833138183	1234
20130815	123	123	123	6.976555403017761	1234
20130815	123	123	123	7.388155194783284	1234
20130815	123	123	123	5.699352791388323	1234
20130815	123	123	123	19.376613574671328	1234
20130815	123	123	123	10.21548683978069	1234
20130815	123	123	123	18.72161941354208	1234
20130815	123	123	123	5.581310065631129	1234
20130815	123	123	123	12.217766568819385	1234
20130815	123	123	123	12.93274491237408	1234
20130815	123	123	123	17.401957552978416	1234
20130815	123	123	123	7.74853789812409	1234
20130815	123	123	123	8.775632569246865	1234
20130815	123	123	123	0.17515287781680655	1234
20130815	123	123	123	2.66709977060672	1234
20130815	123	123	123	10.606036721198006	1234
20130815	123	123	123	9.372001460836616	1234
20130815	123	123	123	10.850095448565193	1234
20130815	123	123	123	4.920026796490062	1234
20130815	123	123	123	8.636106205198049	1234
20130815	123	123	123	7.477513564296363	1234
20130815	123	123	123	16.135342543953527	1234
20130815	123	123	123	6.668665416034609	1234
20130815	123	123	123	5.960348747564799	1234
20130815	123	123	123	11.205415924405216	1234