time startPrice highestPrice lowestPrice endPrice transactionCount
20130815	123	123	123	1.3197029354154233	1234
20130815	123	123	123	14.436331237001188	1234
20130815	123	123	123	10.485515240633351	1234
20130815	123	123	123	18.061364989307883	1234
20130815	123	123	123	18.957700717257357	1234
20130815	123	123	123	5.61274527853972	1234
20130815	123	123	123	6.041469570998521	1234
20130815	123	123	123	18.807658108054884	1234
20130815	123	123	123	2.051077581594638	1234
20130815	123	123	123	4.661741803116626	1234
20130815	123	123	123	11.26228056448964	1234
20130815	123	123	123	18.42275652665592	1234
20130815	123	123	123	8.237762982947858	1234
20130815	123	123	123	9.866350687417887	1234
20130815	123	123	123	13.496602675162872	1234
20130815	123	123	123	15.815568494270334	1234
20130815	123	123	123	4.844053850887242	1234
20130815	123	123	123	11.783987705540683	1234
20130815	123	123	123	12.542936374956927	1234
20130815	123	123	123	15.882004521203296	1234
20130815	123	123	123	5.146615690568812	1234
20130815	123	123	123	10.22699587741132	1234
20130815	123	123	123	2.5423204021985524	1234
20130815	123	123	123	12.283528302919262	1234
20130815	123	123	123	1.9513203669630075	1234
20130815	123	123	123	0.6146198737433117	1234
20130815	123	123	123	8.74065970777943	1234
20130815	123	123	123	17.79690140759358	1234
20130815	123	123	123	18.423611280235296	1234
20130815	123	123	123	15.651615331411792	1234
20130815	123	123	123	193.23180999482267	1234
20130815	123	123	123	214.64055140089008	1234
20130815	123	123	123	235.63230431097486	1234
20130815	123	123	123	268.1970955790289	1234
20130815	123	123	123	258.36842105263156	1234
20130815	123	123	123	278.130048359222	1234
20130815	123	123	123	314.99599494790317	1234
20130815	123	123	123	312.9076712853248	1234
20130815	123	123	123	343.91795189838206	1234
20130815	123	123	123	358.62623219562096	1234
20130815	123	123	123	368.6633230453303	1234
20130815	123	123	123	409.3693362256785	1234
20130815	123	123	123	434.1276215498869	1234
20130815	123	123	123	446.65005149877857	1234
20130815	123	123	123	469.03236179764554	1234
20130815	123	123	123	472.4736842105266	1234
20130815	123	123	123	515.7423754390232	1234
20130815	123	123	123	518.3605919926812	1234
20130815	123	123	123	526.0	1234
20130815	123	123	123	478.2974185424982	1234
20130815	123	123	123	478.38701027416346	1234
20130815	123	123	123	452.9833158711693	1234
20130815	123	123	123	448.63157894736855	1234
20130815	123	123	123	430.14772806880853	1234
20130815	123	123	123	420.0088619529986	1234
20130815	123	123	123	395.64787158416704	1234
20130815	123	123	123	349.67208006763406	1234
20130815	123	123	123	356.7475077423287	1234
20130815	123	123	123	333.43658691941766	1234
20130815	123	123	123	323.2359631860668	1234
20130815	123	123	123	322.14882628359715	1234
20130815	123	123	123	329.59579679041343	1234
20130815	123	123	123	374.3379596207737	1234
20130815	123	123	123	371.18114627462836	1234
20130815	123	123	123	388.19521380513265	1234
20130815	123	123	123	414.165898033193	1234
20130815	123	123	123	408.0065120309639	1234
20130815	123	123	123	439.2977258656548	1234
20130815	123	123	123	440.97197907655783	1234
20130815	123	123	123	451.8701958186583	1234
20130815	123	123	123	488.193754995156	1234
20130815	123	123	123	496.89684429608155	1234
20130815	123	123	123	510.01730668197126	1234
20130815	123	123	123	513.5344123249215	1234
20130815	123	123	123	521.7386920134039	1234
20130815	123	123	123	503.66538138332663	1234
20130815	123	123	123	497.9473684210526	1234
20130815	123	123	123	479.95856477749766	1234
20130815	123	123	123	437.6683722797833	1234
20130815	123	123	123	439.7106719625106	1234
20130815	123	123	123	433.0742323141451	1234
20130815	123	123	123	417.37093605427305	1234
20130815	123	123	123	368.25749728852026	1234
20130815	123	123	123	348.442622949057	1234
20130815	123	123	123	347.34061668832857	1234
20130815	123	123	123	333.6683551315602	1234
20130815	123	123	123	331.3798092777383	1234
20130815	123	123	123	337.6763172896334	1234
20130815	123	123	123	354.13808296603054	1234
20130815	123	123	123	362.8993510120111	1234
20130815	123	123	123	394.5432314857425	1234
20130815	123	123	123	411.7708561341255	1234
20130815	123	123	123	421.69871448875546	1234
20130815	123	123	123	423.246025912318	1234
20130815	123	123	123	435.9074772729684	1234
20130815	123	123	123	442.1961540836738	1234
20130815	123	123	123	475.4522546843771	1234
20130815	123	123	123	480.40979689981083	1234
20130815	123	123	123	480.1578947368422	1234
20130815	123	123	123	490.4725922808599	1234
20130815	123	123	123	500.57894736842115	1234
20130815	123	123	123	519.7719011807477	1234
20130815	123	123	123	507.3598564134262	1234
20130815	123	123	123	499.8594493050704	1234
20130815	123	123	123	466.1103723246041	1234
20130815	123	123	123	434.89994945443533	1234
20130815	123	123	123	432.4580548327355	1234
20130815	123	123	123	417.7368421052631	1234
20130815	123	123	123	398.68179511323785	1234
20130815	123	123	123	357.8472868130734	1234
20130815	123	123	123	358.9711422659718	1234
20130815	123	123	123	339.07753518489847	1234
20130815	123	123	123	317.81060061529087	1234
20130815	123	123	123	314.47368421052624	1234
20130815	123	123	123	278.92960640801505	1234
20130815	123	123	123	257.6712926265016	1234
20130815	123	123	123	240.17240621466627	1234
20130815	123	123	123	224.48401350666893	1234
20130815	123	123	123	211.21052631578937	1234
20130815	123	123	123	194.0	1234
20130815	123	123	123	9.729205226117534	1234
20130815	123	123	123	13.942288656256661	1234
20130815	123	123	123	15.73400256879933	1234
20130815	123	123	123	19.323845413868067	1234
20130815	123	123	123	4.463110788958032	1234
20130815	123	123	123	14.194525814758592	1234
20130815	123	123	123	19.83620302645226	1234
20130815	123	123	123	9.36138211892281	1234
20130815	123	123	123	5.174409001893117	1234
20130815	123	123	123	15.805017730247886	1234
20130815	123	123	123	15.574294017454227	1234
20130815	123	123	123	11.604777206356722	1234
20130815	123	123	123	12.237134463283656	1234
20130815	123	123	123	14.109385697900404	1234
20130815	123	123	123	5.319260734838154	1234
20130815	123	123	123	5.120333549206628	1234
20130815	123	123	123	15.108746080250414	1234
20130815	123	123	123	10.16865012078483	1234
20130815	123	123	123	1.4641147633147833	1234
20130815	123	123	123	0.4453492898789224	1234
20130815	123	123	123	4.663399927854439	1234
20130815	123	123	123	17.689374617595433	1234
20130815	123	123	123	17.3607276110941	1234
20130815	123	123	123	5.004483116035868	1234
20130815	123	123	123	16.54902871573437	1234
20130815	123	123	123	8.390866667887355	1234
20130815	123	123	123	19.66041860848848	1234
20130815	123	123	123	9.523524159631297	1234
20130815	123	123	123	12.641592577243507	1234
20130815	123	123	123	6.3351826609075275	1234