time startPrice highestPrice lowestPrice endPrice transactionCount
20130815	123	123	123	12.383485151643885	1234
20130815	123	123	123	11.276669286187516	1234
20130815	123	123	123	4.469022487416865	1234
20130815	123	123	123	5.138220294669374	1234
20130815	123	123	123	6.5267662967523155	1234
20130815	123	123	123	14.813258379578562	1234
20130815	123	123	123	2.654010254294956	1234
20130815	123	123	123	11.547540823624116	1234
20130815	123	123	123	7.2239657193431706	1234
20130815	123	123	123	8.56283079593539	1234
20130815	123	123	123	13.478720577995418	1234
20130815	123	123	123	3.4442241721624245	1234
20130815	123	123	123	1.3338204754042637	1234
20130815	123	123	123	3.870811329030095	1234
20130815	123	123	123	14.560165646710917	1234
20130815	123	123	123	18.26990785361554	1234
20130815	123	123	123	8.640283761314912	1234
20130815	123	123	123	18.057240176863782	1234
20130815	123	123	123	14.575300306797354	1234
20130815	123	123	123	2.8621905833305905	1234
20130815	123	123	123	7.250000316914433	1234
20130815	123	123	123	17.438611310438848	1234
20130815	123	123	123	15.21265356912441	1234
20130815	123	123	123	13.300477515610787	1234
20130815	123	123	123	11.522683567782803	1234
20130815	123	123	123	0.5329137922060556	1234
20130815	123	123	123	1.3541853796252834	1234
20130815	123	123	123	8.310578793969785	1234
20130815	123	123	123	4.070650017470165	1234
20130815	123	123	123	15.567133988817028	1234
20130815	123	123	123	196.51725070233445	1234
20130815	123	123	123	204.8421052631579	1234
20130815	123	123	123	240.52631578947367	1234
20130815	123	123	123	267.6804782636069	1234
20130815	123	123	123	295.3019996662863	1234
20130815	123	123	123	329.87300509074953	1234
20130815	123	123	123	351.6021309249333	1234
20130815	123	123	123	367.64730733762593	1234
20130815	123	123	123	373.1645356500332	1234
20130815	123	123	123	404.73831031519364	1234
20130815	123	123	123	425.4602870781845	1234
20130815	123	123	123	457.45124555931295	1234
20130815	123	123	123	479.0161131425912	1234
20130815	123	123	123	492.6142818533123	1234
20130815	123	123	123	533.9728635158533	1234
20130815	123	123	123	518.0513236795908	1234
20130815	123	123	123	514.9473684210526	1234
20130815	123	123	123	502.55579558133826	1234
20130815	123	123	123	492.8421052631579	1234
20130815	123	123	123	468.4448943377587	1234
20130815	123	123	123	457.4770970543913	1234
20130815	123	123	123	431.2512578260761	1234
20130815	123	123	123	426.52631578947387	1234
20130815	123	123	123	415.02631294026685	1234
20130815	123	123	123	402.8021374862045	1234
20130815	123	123	123	384.97758133656845	1234
20130815	123	123	123	364.75818796148263	1234
20130815	123	123	123	371.1940611687476	1234
20130815	123	123	123	360.2105263157898	1234
20130815	123	123	123	340.3953543371281	1234
20130815	123	123	123	324.95030442626376	1234
20130815	123	123	123	312.1771728253896	1234
20130815	123	123	123	320.4782074365057	1234
20130815	123	123	123	329.74311602543133	1234
20130815	123	123	123	348.7571981731414	1234
20130815	123	123	123	386.02602640765315	1234
20130815	123	123	123	392.85628868100014	1234
20130815	123	123	123	404.88783541630943	1234
20130815	123	123	123	423.66446348046344	1234
20130815	123	123	123	441.8144336320083	1234
20130815	123	123	123	449.3792041069366	1234
20130815	123	123	123	454.920356069723	1234
20130815	123	123	123	462.7412240126973	1234
20130815	123	123	123	482.2008062958747	1234
20130815	123	123	123	497.7947956135718	1234
20130815	123	123	123	509.58968440700073	1234
20130815	123	123	123	536.3681205428352	1234
20130815	123	123	123	522.1513607166061	1234
20130815	123	123	123	513.0076511847765	1234
20130815	123	123	123	503.8082340465431	1234
20130815	123	123	123	486.3650944481429	1234
20130815	123	123	123	476.57894736842104	1234
20130815	123	123	123	376.6460260760457	1234
20130815	123	123	123	380.421052631579	1234
20130815	123	123	123	366.5038738226817	1234
20130815	123	123	123	350.16214176578643	1234
20130815	123	123	123	343.69249278575984	1234
20130815	123	123	123	323.5290720951504	1234
20130815	123	123	123	335.44769680927664	1234
20130815	123	123	123	350.2221804462175	1234
20130815	123	123	123	373.1655929268406	1234
20130815	123	123	123	414.45012143014026	1234
20130815	123	123	123	420.70132107059254	1234
20130815	123	123	123	433.0094671302467	1234
20130815	123	123	123	447.87136826347063	1234
20130815	123	123	123	458.8800559260424	1234
20130815	123	123	123	463.7371430137072	1234
20130815	123	123	123	480.34655008890707	1234
20130815	123	123	123	507.7822086281228	1234
20130815	123	123	123	520.0758655705337	1234
20130815	123	123	123	529.0963144817821	1234
20130815	123	123	123	521.0	1234
20130815	123	123	123	503.7894736842105	1234
20130815	123	123	123	479.5174983327936	1234
20130815	123	123	123	455.70146553093883	1234
20130815	123	123	123	451.5733729466962	1234
20130815	123	123	123	431.72244281220213	1234
20130815	123	123	123	403.8672927814964	1234
20130815	123	123	123	400.52631578947364	1234
20130815	123	123	123	375.15078445424314	1234
20130815	123	123	123	362.3328471952142	1234
20130815	123	123	123	344.89075136054623	1234
20130815	123	123	123	323.70989507307127	1234
20130815	123	123	123	304.85852460265994	1234
20130815	123	123	123	278.92359180550153	1234
20130815	123	123	123	256.8854590288126	1234
20130815	123	123	123	229.27129907719237	1234
20130815	123	123	123	202.9245008859338	1234
20130815	123	123	123	210.16799574207036	1234
20130815	123	123	123	194.0	1234
20130815	123	123	123	7.322461551930877	1234
20130815	123	123	123	16.72427144255923	1234
20130815	123	123	123	4.242668564525232	1234
20130815	123	123	123	8.691642991923509	1234
20130815	123	123	123	16.969619390737257	1234
20130815	123	123	123	13.337697722140378	1234
20130815	123	123	123	19.511200983876314	1234
20130815	123	123	123	9.716039152069026	1234
20130815	123	123	123	18.45104010061347	1234
20130815	123	123	123	9.485135210220522	1234
20130815	123	123	123	13.310993517418542	1234
20130815	123	123	123	0.7161821674673607	1234
20130815	123	123	123	10.718012101441097	1234
20130815	123	123	123	14.742312392197196	1234
20130815	123	123	123	13.130913599198724	1234
20130815	123	123	123	19.522301822474184	1234
20130815	123	123	123	8.080101035432763	1234
20130815	123	123	123	14.396118073193339	1234
20130815	123	123	123	16.039807974399476	1234
20130815	123	123	123	4.883228790759397	1234
20130815	123	123	123	11.629344866481365	1234
20130815	123	123	123	13.66520144989324	1234
20130815	123	123	123	5.331078861420191	1234
20130815	123	123	123	13.011946805232405	1234
20130815	123	123	123	11.884782729746107	1234
20130815	123	123	123	4.128611424379081	1234
20130815	123	123	123	11.599577026345083	1234
20130815	123	123	123	6.252819851822233	1234
20130815	123	123	123	15.707256241949004	1234
20130815	123	123	123	10.417288234463538	1234