time startPrice highestPrice lowestPrice endPrice transactionCount
20130815	123	123	123	3.4062359783057294	1234
20130815	123	123	123	12.899700393358325	1234
20130815	123	123	123	4.923933289591318	1234
20130815	123	123	123	5.671554255084439	1234
20130815	123	123	123	17.256566112534856	1234
20130815	123	123	123	12.674580252593628	1234
20130815	123	123	123	14.77625244708587	1234
20130815	123	123	123	2.1574290265184293	1234
20130815	123	123	123	12.52692257527948	1234
20130815	123	123	123	5.505087470669309	1234
20130815	123	123	123	6.54446030846618	1234
20130815	123	123	123	10.052656044630908	1234
20130815	123	123	123	5.6531086631689265	1234
20130815	123	123	123	0.5407139651298087	1234
20130815	123	123	123	12.481060707146927	1234
20130815	123	123	123	4.055748543677662	1234
20130815	123	123	123	1.5392197649472394	1234
20130815	123	123	123	12.702573200250232	1234
20130815	123	123	123	12.42174368536376	1234
20130815	123	123	123	0.20427827735048032	1234
20130815	123	123	123	9.26903016262189	1234
20130815	123	123	123	12.279222324007748	1234
20130815	123	123	123	15.399681399426477	1234
20130815	123	123	123	16.726468936582346	1234
20130815	123	123	123	0.34661967070572786	1234
20130815	123	123	123	14.946163469422158	1234
20130815	123	123	123	10.365299833966935	1234
20130815	123	123	123	0.9771695202294883	1234
20130815	123	123	123	1.8228063274184536	1234
20130815	123	123	123	2.461097026381003	1234
20130815	123	123	123	198.79400779164735	1234
20130815	123	123	123	206.95654484115948	1234
20130815	123	123	123	233.77238530552194	1234
20130815	123	123	123	260.0630791766847	1234
20130815	123	123	123	306.8482135832412	1234
20130815	123	123	123	297.3780050634059	1234
20130815	123	123	123	329.73684210526324	1234
20130815	123	123	123	370.1735734298407	1234
20130815	123	123	123	374.37937314435527	1234
20130815	123	123	123	383.263157894737	1234
20130815	123	123	123	410.7231604898749	1234
20130815	123	123	123	422.51487798699947	1234
20130815	123	123	123	445.98023645369904	1234
20130815	123	123	123	462.4413778493936	1234
20130815	123	123	123	492.1300615425887	1234
20130815	123	123	123	518.0413760548731	1234
20130815	123	123	123	509.3670910851317	1234
20130815	123	123	123	520.2894309774192	1234
20130815	123	123	123	463.2876584975418	1234
20130815	123	123	123	472.01665375189805	1234
20130815	123	123	123	468.3280907131901	1234
20130815	123	123	123	443.03897888298303	1234
20130815	123	123	123	416.7107778360129	1234
20130815	123	123	123	392.07477414976364	1234
20130815	123	123	123	378.4774614656895	1234
20130815	123	123	123	362.85025852528395	1234
20130815	123	123	123	352.505436315594	1234
20130815	123	123	123	337.24986824138625	1234
20130815	123	123	123	318.6313247488932	1234
20130815	123	123	123	316.0	1234
20130815	123	123	123	433.8904851125191	1234
20130815	123	123	123	444.1762780594209	1234
20130815	123	123	123	451.4702823478141	1234
20130815	123	123	123	473.9355046579227	1234
20130815	123	123	123	484.9473684210523	1234
20130815	123	123	123	498.6568758478079	1234
20130815	123	123	123	508.00045165454117	1234
20130815	123	123	123	526.135380629885	1234
20130815	123	123	123	503.2498046848898	1234
20130815	123	123	123	502.1973023351513	1234
20130815	123	123	123	494.70844821524156	1234
20130815	123	123	123	486.32288881074794	1234
20130815	123	123	123	464.1565007431469	1234
20130815	123	123	123	457.13447380305524	1234
20130815	123	123	123	454.17225934666203	1234
20130815	123	123	123	438.92488536645146	1234
20130815	123	123	123	413.321796086125	1234
20130815	123	123	123	409.4741723610328	1234
20130815	123	123	123	398.65572154197963	1234
20130815	123	123	123	390.35225802757645	1234
20130815	123	123	123	377.8280926288344	1234
20130815	123	123	123	353.2063415966701	1234
20130815	123	123	123	359.05263157894746	1234
20130815	123	123	123	345.8491006781902	1234
20130815	123	123	123	332.2486868955495	1234
20130815	123	123	123	329.23652540465645	1234
20130815	123	123	123	340.5799378219931	1234
20130815	123	123	123	352.06188792917266	1234
20130815	123	123	123	358.0058802704956	1234
20130815	123	123	123	372.78522663323247	1234
20130815	123	123	123	378.0526315789474	1234
20130815	123	123	123	388.2631578947369	1234
20130815	123	123	123	403.5089340977101	1234
20130815	123	123	123	421.0399835102776	1234
20130815	123	123	123	426.08172289805475	1234
20130815	123	123	123	430.28677028508883	1234
20130815	123	123	123	456.42847016785396	1234
20130815	123	123	123	465.3731808876335	1234
20130815	123	123	123	478.77060666811224	1234
20130815	123	123	123	480.5478594927148	1234
20130815	123	123	123	502.3765598640553	1234
20130815	123	123	123	510.05088486418816	1234
20130815	123	123	123	516.9038925839471	1234
20130815	123	123	123	521.0	1234
20130815	123	123	123	456.055268068039	1234
20130815	123	123	123	442.39798912532706	1234
20130815	123	123	123	422.39248125647305	1234
20130815	123	123	123	406.47482929223105	1234
20130815	123	123	123	377.93453674632696	1234
20130815	123	123	123	375.5102003691129	1234
20130815	123	123	123	366.1052631578947	1234
20130815	123	123	123	316.80829301262	1234
20130815	123	123	123	318.64053615479736	1234
20130815	123	123	123	314.47368421052624	1234
20130815	123	123	123	280.0526315789473	1234
20130815	123	123	123	246.96419443348196	1234
20130815	123	123	123	234.5468512821491	1234
20130815	123	123	123	203.48899185746822	1234
20130815	123	123	123	202.90787493142807	1234
20130815	123	123	123	194.0	1234
20130815	123	123	123	7.791913544232408	1234
20130815	123	123	123	7.212247234931102	1234
20130815	123	123	123	13.792861432068918	1234
20130815	123	123	123	12.82216577977868	1234
20130815	123	123	123	0.13903693549960572	1234
20130815	123	123	123	10.05307102412418	1234
20130815	123	123	123	1.0048837757648577	1234
20130815	123	123	123	15.33656696914899	1234
20130815	123	123	123	8.461565843434219	1234
20130815	123	123	123	16.71544043873922	1234
20130815	123	123	123	11.697121501694328	1234
20130815	123	123	123	10.832088397321314	1234
20130815	123	123	123	14.894457236475724	1234
20130815	123	123	123	17.424945061324397	1234
20130815	123	123	123	3.2864314968443464	1234
20130815	123	123	123	10.154255890061352	1234
20130815	123	123	123	6.308918710981963	1234
20130815	123	123	123	7.913417515067667	1234
20130815	123	123	123	4.158979314862643	1234
20130815	123	123	123	5.126959840738968	1234
20130815	123	123	123	13.127538326564817	1234
20130815	123	123	123	10.488778226394512	1234
20130815	123	123	123	13.568177855528383	1234
20130815	123	123	123	15.314567068691922	1234
20130815	123	123	123	19.102184992560527	1234
20130815	123	123	123	10.893254355666762	1234
20130815	123	123	123	17.52378418939152	1234
20130815	123	123	123	11.208686640257334	1234
20130815	123	123	123	2.7999228494601147	1234
20130815	123	123	123	17.012575714192884	1234