time startPrice highestPrice lowestPrice endPrice transactionCount
20130815	123	123	123	12.009257838786551	1234
20130815	123	123	123	17.904860556042436	1234
20130815	123	123	123	4.087948307234079	1234
20130815	123	123	123	15.362234225787326	1234
20130815	123	123	123	1.2045125403778112	1234
20130815	123	123	123	5.326347880283966	1234
20130815	123	123	123	5.673999874812861	1234
20130815	123	123	123	9.037921010576273	1234
20130815	123	123	123	9.609571848244569	1234
20130815	123	123	123	13.707732392269506	1234
20130815	123	123	123	9.232916550183942	1234
20130815	123	123	123	9.421914685493121	1234
20130815	123	123	123	0.5722854659053445	1234
20130815	123	123	123	8.427090710815408	1234
20130815	123	123	123	16.817904536578496	1234
20130815	123	123	123	15.708652257819162	1234
20130815	123	123	123	11.260310348115985	1234
20130815	123	123	123	2.421105727981172	1234
20130815	123	123	123	0.3814390510511956	1234
20130815	123	123	123	0.7952454792067343	1234
20130815	123	123	123	12.055052615823769	1234
20130815	123	123	123	19.79303448106869	1234
20130815	123	123	123	5.758642049326208	1234
20130815	123	123	123	5.730179405078015	1234
20130815	123	123	123	1.0822735566135022	1234
20130815	123	123	123	18.623653732076708	1234
20130815	123	123	123	12.582303597208991	1234
20130815	123	123	123	11.994440248595824	1234
20130815	123	123	123	2.173420816207512	1234
20130815	123	123	123	16.67475374638925	1234
20130815	123	123	123	190.11475073278544	1234
20130815	123	123	123	217.6129699899771	1234
20130815	123	123	123	226.04115717492076	1234
20130815	123	123	123	282.5745040956475	1234
20130815	123	123	123	276.78441907282576	1234
20130815	123	123	123	296.09866273203795	1234
20130815	123	123	123	324.36433776804245	1234
20130815	123	123	123	337.5656450589527	1234
20130815	123	123	123	375.01285066304894	1234
20130815	123	123	123	377.5592019714687	1234
20130815	123	123	123	390.0005829027401	1234
20130815	123	123	123	431.51109026346035	1234
20130815	123	123	123	419.31188247064557	1234
20130815	123	123	123	448.16523622262923	1234
20130815	123	123	123	505.2101302901678	1234
20130815	123	123	123	500.73197113813796	1234
20130815	123	123	123	517.6115824370075	1234
20130815	123	123	123	519.8725603963363	1234
20130815	123	123	123	498.75104868730665	1234
20130815	123	123	123	402.7298357948879	1234
20130815	123	123	123	426.52631578947387	1234
20130815	123	123	123	403.3182078756828	1234
20130815	123	123	123	404.4210526315792	1234
20130815	123	123	123	389.34692968293365	1234
20130815	123	123	123	364.4310423641675	1234
20130815	123	123	123	341.1320169754608	1234
20130815	123	123	123	336.77611293822685	1234
20130815	123	123	123	336.62938276099453	1234
20130815	123	123	123	327.0526315789478	1234
20130815	123	123	123	322.081101798112	1234
20130815	123	123	123	336.3797829377099	1234
20130815	123	123	123	365.0350319604805	1234
20130815	123	123	123	372.880771273727	1234
20130815	123	123	123	377.4705906318889	1234
20130815	123	123	123	383.6644561185375	1234
20130815	123	123	123	397.61389396298955	1234
20130815	123	123	123	413.7136139390157	1234
20130815	123	123	123	428.20020747233747	1234
20130815	123	123	123	435.6689008548574	1234
20130815	123	123	123	439.89473684210503	1234
20130815	123	123	123	487.2654277242758	1234
20130815	123	123	123	495.3780504056266	1234
20130815	123	123	123	497.5627264949547	1234
20130815	123	123	123	507.47368421052596	1234
20130815	123	123	123	526.4246409016715	1234
20130815	123	123	123	521.6665816525515	1234
20130815	123	123	123	516.660904701229	1234
20130815	123	123	123	500.88894523271836	1234
20130815	123	123	123	484.91579450825	1234
20130815	123	123	123	481.658804140899	1234
20130815	123	123	123	462.1682067715808	1234
20130815	123	123	123	435.2699764994369	1234
20130815	123	123	123	428.4706164364841	1234
20130815	123	123	123	421.85191273901864	1234
20130815	123	123	123	399.03379456852036	1234
20130815	123	123	123	401.7894736842106	1234
20130815	123	123	123	330.88246204414503	1234
20130815	123	123	123	329.12445658332734	1234
20130815	123	123	123	327.0	1234
20130815	123	123	123	345.79430684243505	1234
20130815	123	123	123	351.9140442170487	1234
20130815	123	123	123	363.6290262044988	1234
20130815	123	123	123	381.82014077314454	1234
20130815	123	123	123	393.97773307870136	1234
20130815	123	123	123	412.8753674067265	1234
20130815	123	123	123	422.57772568677575	1234
20130815	123	123	123	427.7205382747528	1234
20130815	123	123	123	488.208294150922	1234
20130815	123	123	123	471.7977465003293	1234
20130815	123	123	123	493.6683765798471	1234
20130815	123	123	123	513.8946725102595	1234
20130815	123	123	123	510.78947368421063	1234
20130815	123	123	123	505.69851554659806	1234
20130815	123	123	123	498.2546113979362	1234
20130815	123	123	123	462.5681543999597	1234
20130815	123	123	123	450.9178386787164	1234
20130815	123	123	123	418.20480136802195	1234
20130815	123	123	123	385.5881766327602	1234
20130815	123	123	123	379.6204625326808	1234
20130815	123	123	123	346.57880753711447	1234
20130815	123	123	123	348.8947368421052	1234
20130815	123	123	123	328.51858876038284	1234
20130815	123	123	123	299.56153200974	1234
20130815	123	123	123	285.9385621786879	1234
20130815	123	123	123	271.8303257947988	1234
20130815	123	123	123	245.10346998732635	1234
20130815	123	123	123	233.8975052594403	1234
20130815	123	123	123	223.60380039136516	1234
20130815	123	123	123	209.59637016943404	1234
20130815	123	123	123	194.0	1234
20130815	123	123	123	2.8474420378264242	1234
20130815	123	123	123	4.8066082265487236	1234
20130815	123	123	123	1.6806668447842887	1234
20130815	123	123	123	2.2099158091096305	1234
20130815	123	123	123	7.034706661600325	1234
20130815	123	123	123	10.741090813807988	1234
20130815	123	123	123	9.822525442888315	1234
20130815	123	123	123	18.81746103488151	1234
20130815	123	123	123	6.018330831478657	1234
20130815	123	123	123	1.171343663645008	1234
20130815	123	123	123	5.615839420625792	1234
20130815	123	123	123	7.905615492705422	1234
20130815	123	123	123	9.425747919892833	1234
20130815	123	123	123	19.397572298615515	1234
20130815	123	123	123	0.9538283360326805	1234
20130815	123	123	123	15.450084381979005	1234
20130815	123	123	123	6.682392638619543	1234
20130815	123	123	123	13.791072234405474	1234
20130815	123	123	123	19.01879554512101	1234
20130815	123	123	123	0.6094041067339373	1234
20130815	123	123	123	15.666611785063866	1234
20130815	123	123	123	1.8850115121126132	1234
20130815	123	123	123	4.972001389833398	1234
20130815	123	123	123	2.983573778215929	1234
20130815	123	123	123	15.716023142165295	1234
20130815	123	123	123	11.064129406158855	1234
20130815	123	123	123	12.742108906545669	1234
20130815	123	123	123	12.576640378058514	1234
20130815	123	123	123	6.668052299280198	1234
20130815	123	123	123	0.3534602308636514	1234