92.0	161.0
92.58374715522318	175.76923076923077
93.9961679642348	183.15384615384616
102.09524913574168	190.53846153846155
102.11248537875721	197.92307692307693
106.14051042612682	205.30769230769232
106.15980797780428	212.6923076923077
106.2818265065555	220.0769230769231
111.77757080191941	227.46153846153848
111.88650721944741	234.84615384615387
116.09758971056607	242.23076923076925
120.45559962207973	257.0
120.45571992939001	264.38461538461536
120.55611329906094	271.7692307692307
123.53089630576076	301.30769230769215
123.78936037192175	308.6923076923075
136.7353387469606	316.07692307692287
136.7424450822198	323.4615384615382
140.4265435122683	330.8461538461536
140.43983249712778	338.23076923076894
141.15559570727817	345.6153846153843
150.51598807127056	353.0
150.55947710779387	359.15384615384613
166.55605976235555	371.4615384615384
166.75783827747995	377.6153846153845
168.01435638122953	383.76923076923066
170.8019274685915	389.9230769230768
188.6479383959374	396.0769230769229
188.75889426989914	402.23076923076906
201.90229645765464	408.3846153846152
201.90477239893372	414.5384615384613
203.34671221018385	420.69230769230745
217.39214830371665	426.8461538461536
220.3517516281547	445.307692307692
223.42305371951224	451.4615384615381
224.8032667053839	463.7692307692304
258.344593153263	469.9230769230765
258.5958827256572	482.2307692307688
274.6589076216303	488.3846153846149
280.2276998326919	494.53846153846104
280.2530651616918	500.69230769230717
291.62288788905585	506.8461538461533
294.2589394227575	513.0
294.56321120640206	502.1538461538462
301.5288882728004	491.3076923076924
301.5492790364615	485.8846153846155
301.8226742146713	480.46153846153857
303.0214503459355	475.03846153846166
308.8071129144154	469.61538461538476
312.6075680104345	458.76923076923094
312.65954604948524	453.34615384615404
316.48819362954265	447.92307692307713
316.490993954784	442.5000000000002
317.19090269645625	431.6538461538464
319.4067547267625	420.8076923076926
327.2109845926427	415.3846153846157
327.22521573061374	409.9615384615388
327.33611264188204	404.5384615384619
328.9128894336012	393.6923076923081
336.1600001373477	388.26923076923117
336.19255643175967	382.84615384615427
337.5869872305147	372.0
339.9073396330855	382.0
344.59221029592953	392.0
355.9157980026399	397.0
364.53580766993304	412.0
364.6310756735166	417.0
365.4814273731606	422.0
372.87040006334036	427.0
372.89512526768783	432.0
381.5127678626784	442.0
381.52100049576023	447.0
381.98402501153856	452.0
383.3013706703231	457.0
392.47672919825214	462.0
392.48282158916044	467.0
400.68504588283486	477.0
400.75722941253616	482.0
401.39953090556355	487.0
415.93157037331076	502.0
416.11868189208127	496.88461538461536
436.1859939225688	481.53846153846143
436.20399089496226	476.4230769230768
451.33896478118345	466.1923076923075
455.3918535758761	461.07692307692287
455.3952428337367	455.9615384615382
466.510860115724	450.8461538461536
466.5198048842022	445.73076923076894
490.8713526869493	425.2692307692304
490.9466534477654	420.15384615384573
499.6728061469559	415.0384615384611
500.0748154173763	409.92307692307645
509.8555280202078	404.8076923076918
524.5163103422537	389.4615384615379
524.8499314554401	384.34615384615324
528.1061997422411	374.11538461538396
543.3051783388684	369.0
543.3113432844086	361.2692307692308
543.3541730575898	353.53846153846155
550.1841370849091	345.8076923076923
550.2067800283866	338.0769230769231
550.9241265821594	330.34615384615387
551.032697676072	322.61538461538464
552.7454003341488	314.8846153846154
561.9439331079734	307.1538461538462
563.8417317773855	299.42307692307696
563.8468631422675	291.69230769230774
570.960119038441	276.2307692307693
571.0697365124869	268.50000000000006
575.9359798840089	260.76923076923083
578.2482572547532	253.0384615384616
578.3343283491853	245.30769230769238
583.150725787375	237.57692307692315
583.1559977964451	229.84615384615392
590.220572914372	214.38461538461547
590.2286920364389	206.65384615384625
597.0258668325484	191.1923076923078
597.0515970922985	183.46153846153857
601.6096254910726	175.73076923076934
602.0	168.0
