92.0	161.0
92.0672197440731	168.3846153846154
97.81528570599546	175.76923076923077
97.85977183417411	183.15384615384616
98.11228242409668	190.53846153846155
103.84780508409328	197.92307692307693
103.89645930845464	205.30769230769232
105.19304017901341	220.0769230769231
112.14981521462343	227.46153846153848
119.9739525140888	257.0
120.00248651223832	264.38461538461536
124.1009514335219	271.7692307692307
124.16367211747765	279.1538461538461
128.5461346533642	286.53846153846143
128.5675577280309	293.9230769230768
129.62391870400327	308.6923076923075
136.79099811219615	316.07692307692287
138.82056501866302	323.4615384615382
138.83051025990918	330.8461538461536
139.4054348356622	338.23076923076894
141.93749660418405	353.0
155.832618261318	359.15384615384613
155.91635354499445	365.30769230769226
156.36105853608984	371.4615384615384
173.35549782872334	377.6153846153845
173.38415458146932	383.76923076923066
184.41564347908502	389.9230769230768
184.44037593234398	396.0769230769229
195.77197557525713	402.23076923076906
195.82816828727223	408.3846153846152
207.25878981209846	414.5384615384613
207.33087967542417	420.69230769230745
207.6908986769826	426.8461538461536
208.63350631043713	432.9999999999997
229.41269974131322	439.15384615384585
229.47911940578703	445.307692307692
240.27752433046095	451.4615384615381
241.06026833271036	463.7692307692304
257.17499151786825	469.9230769230765
257.60602506236364	476.07692307692264
269.63772254534797	482.2307692307688
269.81414708540814	488.3846153846149
271.0747079091773	494.53846153846104
285.5384682425203	500.69230769230717
292.0800916598479	506.8461538461533
292.3410207394502	513.0
292.77984444595313	507.5769230769231
298.21558143673604	502.1538461538462
300.03418056096393	496.7307692307693
300.05911738324244	491.3076923076924
303.37200188734977	485.8846153846155
311.00708892048647	464.19230769230785
311.0149293896983	458.76923076923094
317.9835381233852	442.5000000000002
318.0658022513326	437.0769230769233
318.603532410254	431.6538461538464
323.47850512906405	426.2307692307695
323.53398591746634	420.8076923076926
328.74462159776294	409.9615384615388
328.8003234279872	404.5384615384619
329.03895985543	399.115384615385
334.3178390958676	393.6923076923081
334.3356787830452	388.26923076923117
334.9184913560845	382.84615384615427
339.8890722106707	377.42307692307736
339.9129895229474	372.0
340.646509108324	377.0
347.9924169276209	382.0
347.99892573870073	387.0
350.3065463100345	402.0
362.03387914649517	407.0
367.6853512877352	417.0
367.68765012774594	422.0
368.3861356390688	432.0
378.67486937404664	437.0
378.69012939855014	442.0
383.41705733145733	447.0
384.04626440739503	457.0
396.9575799723931	492.0
411.37817563445464	497.0
411.5741244793122	502.0
421.2241446260212	496.88461538461536
450.91843651494696	466.1923076923075
451.01955056981944	461.07692307692287
465.83106939754146	450.8461538461536
466.06542639568255	440.6153846153843
469.74249673531597	430.384615384615
491.0964842482076	425.2692307692304
491.150654053337	420.15384615384573
492.1149458609943	415.0384615384611
496.50100641740056	404.8076923076918
515.6579661399871	399.69230769230717
515.7208653866579	394.5769230769225
524.7918281730479	389.4615384615379
525.1913971305272	384.34615384615324
540.6079268376914	374.11538461538396
542.8410664819819	369.0
542.9213114544505	361.2692307692308
547.351678802943	353.53846153846155
547.4043092711361	345.8076923076923
547.5405898519292	338.0769230769231
554.4663825093762	330.34615384615387
559.0307978408762	314.8846153846154
559.2328404978821	307.1538461538462
559.7783136474947	299.42307692307696
560.7866886175098	291.69230769230774
568.8183505302512	283.9615384615385
568.909434100298	276.2307692307693
575.9896386107281	260.76923076923083
577.8758135408758	253.0384615384616
577.9755991608587	245.30769230769238
578.5813478890968	237.57692307692315
581.2828383887046	222.1153846153847
581.9919914841067	214.38461538461547
592.1727581239394	206.65384615384625
594.4697730449884	198.92307692307702
594.5079430626474	191.1923076923078
595.2635976153558	183.46153846153857
595.3452863296191	175.73076923076934
602.0	168.0
