92.0	161.0
95.6775476750428	168.3846153846154
95.7130847609404	175.76923076923077
99.66154860503737	183.15384615384616
99.71992798215338	190.53846153846155
103.7664351504058	197.92307692307693
103.90269778017704	205.30769230769232
107.75504360182816	212.6923076923077
107.83455059990249	220.0769230769231
108.55246569918772	227.46153846153848
116.24908157941061	242.23076923076925
116.30182149344351	249.61538461538464
116.57432702129739	257.0
122.12528681975509	264.38461538461536
123.94844917432223	271.7692307692307
123.98405244788017	279.1538461538461
128.6815823362011	286.53846153846143
128.68201089581524	293.9230769230768
129.19754896554454	301.30769230769215
129.29394564037963	308.6923076923075
136.5099121290862	316.07692307692287
138.61820847401535	323.4615384615382
138.6565023195519	330.8461538461536
142.65508406258763	338.23076923076894
142.6551044824147	345.6153846153843
160.83396244400083	365.30769230769226
161.17798233139408	371.4615384615384
172.90686751032288	377.6153846153845
173.0595538562071	383.76923076923066
195.82569151349293	402.23076923076906
195.91377832066541	408.3846153846152
218.95046499624706	426.8461538461536
223.24296915527427	432.9999999999997
223.33441599011496	439.15384615384585
234.2436991592166	445.307692307692
258.4720586348193	469.9230769230765
258.50970241889013	476.07692307692264
259.54701755555845	482.2307692307688
259.86073471447065	488.3846153846149
261.2900564241781	494.53846153846104
286.0254526987251	500.69230769230717
286.2390246102296	506.8461538461533
294.6816616604251	513.0
296.17856729996373	507.5769230769231
296.2130589459489	502.1538461538462
302.0174175443538	491.3076923076924
302.02256782964116	485.8846153846155
308.8963322631544	469.61538461538476
309.27670035063824	458.76923076923094
316.10534368066203	447.92307692307713
316.4569856124524	437.0769230769233
316.8560700638339	431.6538461538464
321.86010261581976	415.3846153846157
322.2942853849344	409.9615384615388
330.87999090943634	404.5384615384619
334.47897019238167	393.6923076923081
334.50072147258015	388.26923076923117
334.8750594816108	382.84615384615427
339.92813953063404	377.42307692307736
339.94510114751625	372.0
340.21459544998925	377.0
347.6551639462634	382.0
347.7466424628407	387.0
348.8216574742113	392.0
356.5227517563519	397.0
356.5412290105722	402.0
357.2185173742306	407.0
364.69691705177553	412.0
364.7091741820127	417.0
364.83949501742524	422.0
370.49338657294254	442.0
386.8144823861339	452.0
391.71270102422346	462.0
391.87490228396945	467.0
398.03697757543273	472.0
398.0742851168135	477.0
398.86654420008074	482.0
406.42021805488645	487.0
406.43365120556587	492.0
407.07542247985674	502.0
420.7527882937362	496.88461538461536
420.9647841672234	491.7692307692307
422.9059145010766	486.6538461538461
435.3309735230872	481.53846153846143
435.48419191726447	476.4230769230768
446.4371246373863	471.30769230769215
446.4528347707653	466.1923076923075
455.40779849653296	461.07692307692287
455.67382566514175	455.9615384615382
465.39665846468733	450.8461538461536
465.4260070666897	445.73076923076894
469.45845010240237	425.2692307692304
495.8533708484136	420.15384615384573
500.76510055830903	415.0384615384611
500.8217621269567	409.92307692307645
502.5089470843155	404.8076923076918
515.934749696372	399.69230769230717
516.005329928584	394.5769230769225
524.9259495202105	389.4615384615379
525.2154654429788	384.34615384615324
535.8981178654244	379.2307692307686
543.2848614222762	369.0
545.0800336846776	361.2692307692308
545.2386652289792	353.53846153846155
547.3960977564626	330.34615384615387
557.392626982572	322.61538461538464
557.3932110219142	314.8846153846154
564.1482574502628	299.42307692307696
578.4312984714587	253.0384615384616
580.1540267755926	245.30769230769238
580.1820290456355	237.57692307692315
585.3472365517757	229.84615384615392
585.3985182215449	222.1153846153847
585.610817237251	214.38461538461547
592.4813376536694	206.65384615384625
592.50731707036	198.92307692307702
592.8852495487548	191.1923076923078
598.9545342050092	183.46153846153857
601.7089440413602	175.73076923076934
602.0	168.0
