92.0	161.0
95.74286074458536	168.3846153846154
95.8523022256805	175.76923076923077
99.68328293067393	183.15384615384616
99.71265634577809	190.53846153846155
104.06299827289313	197.92307692307693
107.9737641776033	212.6923076923077
107.98923148498979	220.0769230769231
111.84568653609539	227.46153846153848
112.17058036510103	242.23076923076925
118.09229387051145	249.61538461538464
126.54949681164533	279.1538461538461
128.23038444229985	286.53846153846143
128.57690540471657	301.30769230769215
134.350378938237	308.6923076923075
134.4162319368007	316.07692307692287
134.58595538734275	323.4615384615382
135.62184411726662	330.8461538461536
136.519026155928	345.6153846153843
138.83719239170844	353.0
145.980193624103	365.30769230769226
146.08603251969015	371.4615384615384
147.23510623379607	377.6153846153845
178.08724200291672	383.76923076923066
178.24249612450853	389.9230769230768
188.84518279033531	396.0769230769229
200.5450070642397	408.3846153846152
200.7145035159695	414.5384615384613
212.25398194093054	420.69230769230745
222.8658623981486	432.9999999999997
223.99147032812115	445.307692307692
224.2572322088512	451.4615384615381
246.50729824722006	457.61538461538424
246.75826352057456	463.7692307692304
247.36695249720523	469.9230769230765
264.1583697589829	476.07692307692264
264.17251585384895	482.2307692307688
280.99802213192544	494.53846153846104
281.1510826806265	500.69230769230717
283.18335675744544	506.8461538461533
294.5030666966295	513.0
294.58594226845264	507.5769230769231
298.2632364302304	502.1538461538462
298.2645952076408	496.7307692307693
301.9482837094707	491.3076923076924
305.4601940434223	480.46153846153857
305.53480900098384	469.61538461538476
305.8741025713206	458.76923076923094
307.5075264612432	453.34615384615404
316.25411360143374	447.92307692307713
316.3352809213973	442.5000000000002
316.9228191996404	437.0769230769233
321.7610325891219	431.6538461538464
323.17536781893983	426.2307692307695
323.2617476453817	420.8076923076926
327.2676072905953	415.3846153846157
327.2868146346875	409.9615384615388
327.4522627312641	404.5384615384619
332.60765828664415	399.115384615385
334.5202310085358	393.6923076923081
334.5233685435947	388.26923076923117
339.90080757272926	377.42307692307736
339.9066904575502	372.0
351.05752440402387	387.0
352.99646963213036	392.0
353.02080922064806	397.0
358.9432766114698	402.0
358.94737826100794	407.0
367.3921809536342	417.0
367.4121373448346	422.0
367.82553508879323	427.0
368.94246289668285	432.0
378.4982501296167	437.0
381.3295389234852	442.0
381.3860179369839	447.0
386.9305249537092	452.0
391.94268826669264	462.0
392.02019687836673	467.0
403.1633148856788	482.0
405.6286139083202	487.0
405.77412352378445	492.0
416.8561745882455	502.0
416.86360848762183	496.88461538461536
417.36195595523174	491.7692307692307
423.981285872255	481.53846153846143
440.61918967442585	476.4230769230768
440.68909944263	471.30769230769215
451.690751226531	466.1923076923075
480.6722673861493	435.49999999999966
480.8996643728851	430.384615384615
481.8921162393208	425.2692307692304
495.9909691241411	420.15384615384573
495.9946621397479	415.0384615384611
506.07450014767426	409.92307692307645
506.1390293760025	404.8076923076918
515.2965040941225	399.69230769230717
515.3410124520983	389.4615384615379
516.0953378779476	384.34615384615324
535.9756188048326	379.2307692307686
535.9883061175858	374.11538461538396
539.2738410007971	361.2692307692308
547.741287512149	353.53846153846155
550.3397750623235	345.8076923076923
550.3407012222664	338.0769230769231
557.0235874672403	322.61538461538464
557.1456844914942	314.8846153846154
557.1757360073941	307.1538461538462
563.8983564023202	299.42307692307696
566.7287165709348	291.69230769230774
566.7511747963988	283.9615384615385
570.9293389399172	276.2307692307693
571.1014830119889	268.50000000000006
575.7607523557632	260.76923076923083
589.9242800544092	214.38461538461547
590.0009428304829	206.65384615384625
590.6949240676389	198.92307692307702
590.8730114307075	191.1923076923078
592.4944692891684	183.46153846153857
592.8947351546766	175.73076923076934
602.0	168.0
