92.0	161.0
97.93600181151784	175.76923076923077
97.99331233624694	183.15384615384616
106.0711089220794	205.30769230769232
106.1005818717685	212.6923076923077
106.23775642004564	220.0769230769231
106.85675018878493	227.46153846153848
114.38983876562635	234.84615384615387
114.39311235394405	242.23076923076925
114.41443068432461	249.61538461538464
120.49413788283383	257.0
124.19727789558424	271.7692307692307
124.2600940686471	279.1538461538461
124.83371709435231	286.53846153846143
130.52627533092667	293.9230769230768
132.10900101711977	301.30769230769215
132.4181666226398	316.07692307692287
138.85528715230362	323.4615384615382
138.85719156118566	330.8461538461536
139.0549315389924	338.23076923076894
156.24119702293956	359.15384615384613
156.26500348884406	365.30769230769226
166.3749849412413	371.4615384615384
166.39660994993375	377.6153846153845
168.3351907705457	383.76923076923066
168.63352192533972	389.9230769230768
171.28563585022357	396.0769230769229
178.88280525088277	408.3846153846152
205.8060513892444	414.5384615384613
206.25645340647796	420.69230769230745
207.68887667194466	426.8461538461536
223.68943402497644	432.9999999999997
235.44433694844304	445.307692307692
235.63262503895615	451.4615384615381
246.8848277337536	457.61538461538424
247.35539910627358	469.9230769230765
263.10977043133477	476.07692307692264
269.23605938786	482.2307692307688
269.4374197153578	488.3846153846149
280.40729838342963	494.53846153846104
280.6133628783943	500.69230769230717
291.67046301475466	506.8461538461533
294.2731199564762	513.0
294.9174830194395	502.1538461538462
295.039956337818	496.7307692307693
298.80834317492184	480.46153846153857
307.33191354629	475.03846153846166
308.6879924500182	469.61538461538476
309.0074757723362	458.76923076923094
314.61406769337043	453.34615384615404
314.63134587544334	447.92307692307713
314.8400920278404	442.5000000000002
318.39977766321374	420.8076923076926
326.84924313055643	415.3846153846157
326.8966455223668	409.9615384615388
330.36787682988506	404.5384615384619
330.4092164866112	399.115384615385
331.67715863129484	382.84615384615427
339.7053350896399	377.42307692307736
339.7118179917607	372.0
345.26425992318144	377.0
355.6961838261785	397.0
355.9165916262226	402.0
362.0076202154877	407.0
362.03739171416896	412.0
373.0577650616965	427.0
373.10703371478786	437.0
377.3736953657754	452.0
377.71525819520093	457.0
391.93292990761785	462.0
394.6054038114028	467.0
394.74392817218023	472.0
400.78853344019024	477.0
409.1125117874231	492.0
409.1354540318283	497.0
415.9800724689693	502.0
420.7633219984024	496.88461538461536
422.10690643482184	486.6538461538461
435.5070974947245	481.53846153846143
440.9222120952109	476.4230769230768
441.1346272065112	471.30769230769215
451.20345507127706	466.1923076923075
451.30636951477135	461.07692307692287
453.7341471931117	450.8461538461536
470.19992189707307	445.73076923076894
475.52649169265123	440.6153846153843
475.8499253838181	435.49999999999966
485.12990431946264	430.384615384615
485.1628606229033	425.2692307692304
487.4324450767177	415.0384615384611
493.3955352080453	404.8076923076918
514.6230161259564	399.69230769230717
514.8778135337193	394.5769230769225
524.9096634775328	389.4615384615379
525.2832452576084	384.34615384615324
536.0307957890029	379.2307692307686
536.0333321171225	374.11538461538396
537.6549024484293	369.0
544.9332348008905	361.2692307692308
547.9056853648763	353.53846153846155
547.9192477633206	345.8076923076923
549.7143970750245	330.34615384615387
557.2965655852687	322.61538461538464
559.3692578190406	314.8846153846154
559.4565843665886	307.1538461538462
560.061858350432	299.42307692307696
566.4981893316694	291.69230769230774
566.5313416015365	283.9615384615385
566.8360976387347	276.2307692307693
573.478526689764	268.50000000000006
580.7003148944947	245.30769230769238
580.7230067055312	237.57692307692315
581.1841821268841	222.1153846153847
590.1932419752424	214.38461538461547
590.2010016143365	206.65384615384625
594.9567341159383	198.92307692307702
594.9579909980528	191.1923076923078
599.4612337110195	183.46153846153857
599.4844114765591	175.73076923076934
602.0	168.0
