92.0	161.0
92.30349129194705	168.3846153846154
100.00981076728327	183.15384615384616
100.0128659555458	190.53846153846155
100.09640637781715	197.92307692307693
105.82276730324487	205.30769230769232
105.90427353380896	212.6923076923077
106.31276147035203	220.0769230769231
106.34274509820396	227.46153846153848
106.7906527831882	234.84615384615387
109.12809728490325	242.23076923076925
118.39881038064375	249.61538461538464
120.02443068864622	257.0
120.41800107065941	271.7692307692307
126.34442973373949	279.1538461538461
126.38221430739063	286.53846153846143
127.17668290711967	308.6923076923075
129.36770086852943	316.07692307692287
129.66992539052646	323.4615384615382
140.85047183174086	330.8461538461536
140.87161681416362	338.23076923076894
141.40648526009414	345.6153846153843
149.01603249046232	353.0
149.94491203493726	365.30769230769226
152.8515459088827	371.4615384615384
172.4878818476204	377.6153846153845
172.73357529994442	383.76923076923066
177.4947047177514	402.23076923076906
200.32773856832407	408.3846153846152
200.4433854277505	414.5384615384613
202.08033935746633	420.69230769230745
202.18144604973662	426.8461538461536
222.85319866195752	432.9999999999997
223.23255574017762	439.15384615384585
235.7941518708598	445.307692307692
251.91425359168065	463.7692307692304
252.29745134559857	469.9230769230765
264.06663991641307	476.07692307692264
264.09500938283435	482.2307692307688
264.35530264346846	488.3846153846149
281.33471149152433	494.53846153846104
294.6182499914857	513.0
294.61982154422566	507.5769230769231
295.1181447898162	502.1538461538462
299.83497841056044	496.7307692307693
299.86117806267043	491.3076923076924
303.51164175360776	485.8846153846155
303.55535143884987	480.46153846153857
307.43907653886924	475.03846153846166
309.137848228966	469.61538461538476
309.14154003456065	464.19230769230785
314.18303507428874	453.34615384615404
314.9938632035441	437.0769230769233
321.7727451698894	431.6538461538464
321.81516577463276	426.2307692307695
322.16038641286184	420.8076923076926
323.11570874062585	415.3846153846157
328.74748227925284	409.9615384615388
328.75626586077925	404.5384615384619
330.3912867231569	388.26923076923117
330.45887472668426	382.84615384615427
339.85827905920763	377.42307692307736
339.8588652936191	372.0
345.09805140042397	377.0
345.232341454761	382.0
346.9611789437632	392.0
353.57200261433326	407.0
364.8044337600371	412.0
364.83903880763984	417.0
365.29923450000194	422.0
366.75816758425367	427.0
375.55608398380156	432.0
375.60010620250256	437.0
383.5158518761164	447.0
383.5461276048311	452.0
394.78883555377814	467.0
395.6022509432687	482.0
405.7182163170993	487.0
408.8279970212309	492.0
409.80389511370845	502.0
425.28943810958367	491.7692307692307
430.2395967580266	486.6538461538461
430.40331785471403	481.53846153846143
440.82345285125626	476.4230769230768
440.99200606369135	471.30769230769215
451.37388415071723	466.1923076923075
451.8383551744102	455.9615384615382
466.35367146591	450.8461538461536
470.40343804696965	445.73076923076894
470.5155620823071	440.6153846153843
479.83151720169394	435.49999999999966
480.4115214988979	425.2692307692304
495.9716391654812	420.15384615384573
510.8719753793489	404.8076923076918
510.8987584005373	399.69230769230717
512.011440049922	394.5769230769225
514.5684881435858	389.4615384615379
530.3390734177549	384.34615384615324
540.7871663141492	374.11538461538396
544.9714620927292	361.2692307692308
545.0361218134968	353.53846153846155
550.2812065086068	345.8076923076923
550.2888048076379	338.0769230769231
551.892175283937	322.61538461538464
552.2069111977721	314.8846153846154
554.35249784095	307.1538461538462
564.4483519210011	299.42307692307696
564.449904455347	291.69230769230774
564.7442763533728	283.9615384615385
571.4089201566401	276.2307692307693
571.413470776285	268.50000000000006
578.4337911913495	253.0384615384616
578.4651985801653	245.30769230769238
583.0790124903153	237.57692307692315
585.1122703235117	229.84615384615392
585.1328433845151	222.1153846153847
597.2310717541209	191.1923076923078
597.2469267808452	183.46153846153857
597.3699179967733	175.73076923076934
602.0	168.0
