92.0	161.0
92.31822585572192	168.3846153846154
94.66478330305367	183.15384615384616
101.91492440675438	190.53846153846155
101.9219471346712	197.92307692307693
102.11190694994913	205.30769230769232
102.64238240773732	212.6923076923077
109.7414991339881	220.0769230769231
114.39793483282119	234.84615384615387
114.39920855597909	242.23076923076925
114.64179818925709	249.61538461538464
120.33712940222159	257.0
122.57568690716411	264.38461538461536
122.5759262676038	271.7692307692307
123.03155079339714	279.1538461538461
123.19843426239508	286.53846153846143
130.1869398261787	293.9230769230768
130.8148314770352	316.07692307692287
135.65401667780876	338.23076923076894
144.69128232508834	345.6153846153843
144.72772596840443	353.0
145.14991667346484	359.15384615384613
161.86533690403294	365.30769230769226
161.91750133198104	371.4615384615384
173.35935883648318	377.6153846153845
178.6827083336069	383.76923076923066
178.7817281815317	389.9230769230768
179.9581240083119	396.0769230769229
194.8394955737151	402.23076923076906
200.1081610282266	408.3846153846152
200.66180262752675	414.5384615384613
211.74951210324812	420.69230769230745
212.48127849134224	432.9999999999997
229.42925391001424	439.15384615384585
229.73459325786763	445.307692307692
245.60864157064776	457.61538461538424
245.67889876027206	463.7692307692304
245.93769061623945	469.9230769230765
249.47897524900398	482.2307692307688
275.5062698328998	488.3846153846149
275.63604557712915	494.53846153846104
285.9697803973503	500.69230769230717
286.1283491575022	506.8461538461533
287.69639730652233	513.0
296.55573780804076	507.5769230769231
305.4042319297711	480.46153846153857
305.47772419165403	475.03846153846166
310.62143661709894	464.19230769230785
310.95988060290614	453.34615384615404
316.31541840803453	447.92307692307713
316.318311839298	442.5000000000002
320.0050783500372	437.0769230769233
321.6769887461189	431.6538461538464
321.7251665368142	426.2307692307695
325.28407107225246	420.8076923076926
325.28829022710084	415.3846153846157
326.7631590044996	404.5384615384619
326.89829027913856	399.115384615385
334.23701758824143	393.6923076923081
338.1901353567833	382.84615384615427
338.1906806828073	377.42307692307736
342.3517286076607	372.0
345.0748654570046	377.0
345.0996780196211	382.0
351.0152472164864	387.0
353.7516332746433	392.0
353.77418117377886	397.0
364.232044563356	412.0
364.35738114318707	422.0
365.5288633511431	427.0
375.6832489297809	432.0
377.94771168676294	437.0
378.13625162983504	442.0
384.19023996246415	447.0
384.22055127411556	452.0
384.83042902630007	457.0
392.2718065213012	462.0
392.5743368428997	472.0
393.26542726120203	477.0
403.0433601251312	482.0
403.86147196214625	492.0
403.9091223892128	497.0
416.84222364517376	502.0
416.87152493371525	496.88461538461536
425.64702325057027	491.7692307692307
425.6602488802488	486.6538461538461
435.2064999151403	481.53846153846143
435.2273737956092	476.4230769230768
436.26304228211694	471.30769230769215
441.63257369742746	461.07692307692287
461.1584754314577	455.9615384615382
466.1886572842313	450.8461538461536
466.26343458949367	445.73076923076894
480.34410560164343	435.49999999999966
480.6649176668653	430.384615384615
482.3670820752067	425.2692307692304
501.2866695895724	415.0384615384611
504.79640503569976	409.92307692307645
506.16620967584464	394.5769230769225
507.57694052473875	389.4615384615379
535.3603111549652	379.2307692307686
543.0895756759486	369.0
543.1548945413786	361.2692307692308
543.8793805876435	353.53846153846155
549.9424027662816	345.8076923076923
562.0394404498994	307.1538461538462
562.0528795072202	299.42307692307696
566.1528913734983	291.69230769230774
566.2385993971276	283.9615384615385
571.2869739074937	276.2307692307693
571.3309469926764	268.50000000000006
575.8918290207056	260.76923076923083
582.5357336062767	237.57692307692315
582.5714912217113	229.84615384615392
584.20438442326	214.38461538461547
592.3783623329649	206.65384615384625
594.2465883541372	198.92307692307702
594.3481238909153	183.46153846153857
601.7476257652967	175.73076923076934
602.0	168.0
