92.0	161.0
92.6142819763814	168.3846153846154
92.73688831139076	175.76923076923077
99.7133262188979	183.15384615384616
99.85153278601098	190.53846153846155
103.8375786124113	197.92307692307693
103.96373928251354	205.30769230769232
104.35001428696262	212.6923076923077
104.36471530950159	220.0769230769231
104.48298184851727	227.46153846153848
105.29334177084309	234.84615384615387
115.78602731518454	242.23076923076925
120.46865865412926	257.0
120.48362616248436	264.38461538461536
126.5238184387864	279.1538461538461
134.78975562690397	308.6923076923075
134.79202858158936	316.07692307692287
138.48331593533104	323.4615384615382
138.55029767315963	330.8461538461536
149.26863135233808	353.0
149.55369718676596	359.15384615384613
150.30012634513488	365.30769230769226
153.47747079230567	371.4615384615384
171.771176465011	377.6153846153845
172.18542883927554	383.76923076923066
173.77674528121483	389.9230769230768
189.86433784020875	396.0769230769229
194.4261538051006	402.23076923076906
194.59154733668043	408.3846153846152
195.58737367441273	414.5384615384613
212.3433594546954	420.69230769230745
212.44388349261084	426.8461538461536
216.48987414010915	439.15384615384585
234.22770360462727	445.307692307692
274.43834778650967	488.3846153846149
274.75991245625767	494.53846153846104
287.1099181244552	500.69230769230717
292.47629181420234	506.8461538461533
294.3596715513388	513.0
299.7311731626105	496.7307692307693
299.86561671489454	491.3076923076924
299.91250101513356	485.8846153846155
300.2784757661777	480.46153846153857
301.5328052336402	475.03846153846166
302.00164730702795	469.61538461538476
310.6043720558791	464.19230769230785
316.4679039677711	447.92307692307713
316.46865346878667	442.5000000000002
320.0492786475286	437.0769230769233
320.05580542950867	431.6538461538464
323.3038739374665	426.2307692307695
329.0709011486265	409.9615384615388
329.09267674289504	404.5384615384619
329.3151654256111	399.115384615385
330.9334181230108	388.26923076923117
337.8472562432082	382.84615384615427
339.7189029613206	377.42307692307736
339.7407757912193	372.0
339.9506715942969	377.0
341.04273000733946	382.0
345.8136817973978	392.0
355.7702453231752	397.0
355.794330595701	402.0
361.34934316149804	407.0
361.41298696980243	412.0
367.1224125372976	417.0
367.3705257738416	427.0
378.64608907516606	437.0
389.7022591613184	457.0
389.7187673879479	462.0
389.90199528834995	467.0
397.89873153740217	472.0
397.9288525659662	477.0
398.4980059434695	482.0
406.41263822796526	487.0
406.4143336261338	492.0
411.2553666744924	497.0
411.41164520209685	502.0
421.4083080677087	496.88461538461536
421.515346328946	491.7692307692307
431.10156858349114	486.6538461538461
431.1848233789042	481.53846153846143
432.4315039525116	476.4230769230768
447.78860079069324	450.8461538461536
471.0774038665453	445.73076923076894
484.99169132196624	430.384615384615
485.3787005629812	425.2692307692304
496.30772060010514	420.15384615384573
500.06983609993597	415.0384615384611
500.1092045161859	409.92307692307645
501.0654036791139	404.8076923076918
515.3270619746371	399.69230769230717
525.5051681460159	389.4615384615379
525.5575301465491	384.34615384615324
534.7036837870139	379.2307692307686
534.7608697838094	374.11538461538396
543.0920386368357	369.0
545.0630972518212	361.2692307692308
545.0875162225489	353.53846153846155
545.6422178526867	338.0769230769231
546.2361953000603	330.34615384615387
556.8382547850704	322.61538461538464
559.2589974032499	314.8846153846154
559.4155232276663	299.42307692307696
566.4835798868304	291.69230769230774
566.5736208520187	283.9615384615385
567.322648132161	276.2307692307693
573.6493155085068	268.50000000000006
575.4108911353724	260.76923076923083
575.645771151358	253.0384615384616
580.2608170862562	245.30769230769238
585.5574075429677	229.84615384615392
585.5599603535286	222.1153846153847
589.9976024204827	214.38461538461547
590.0049680216483	206.65384615384625
594.6843180481239	198.92307692307702
596.6575380737623	191.1923076923078
596.8610657254153	183.46153846153857
597.6553593281101	175.73076923076934
602.0	168.0
