92.0	161.0
92.61081181602823	168.3846153846154
93.37944493135639	183.15384615384616
96.71776437732419	197.92307692307693
105.66052297756902	205.30769230769232
113.8112218073564	234.84615384615387
113.97320264814014	242.23076923076925
114.3342317205019	249.61538461538464
114.34571116325122	257.0
115.58497545961228	264.38461538461536
124.42312820585853	271.7692307692307
124.441120580999	279.1538461538461
130.39120917398716	293.9230769230768
130.3950458789731	301.30769230769215
134.43757052391888	308.6923076923075
134.53049317652145	316.07692307692287
138.87725139467193	323.4615384615382
138.8784041127896	330.8461538461536
139.00547712778388	338.23076923076894
140.62208898607005	353.0
154.70161296290215	359.15384615384613
154.79258370547802	365.30769230769226
156.65216556799882	371.4615384615384
173.18651859806917	377.6153846153845
183.02933254037535	389.9230769230768
183.57174065612355	396.0769230769229
196.14696043107764	402.23076923076906
212.89080005467162	420.69230769230745
212.90263562967374	426.8461538461536
214.6227064161084	432.9999999999997
218.80520061153584	445.307692307692
222.4515190981557	451.4615384615381
246.24416452230886	457.61538461538424
263.57610941482847	476.07692307692264
263.8951668236409	482.2307692307688
263.97570570002597	488.3846153846149
265.59752266169477	500.69230769230717
292.11611672819305	506.8461538461533
294.5895851429743	513.0
296.1312519141215	507.5769230769231
296.23135561283215	502.1538461538462
302.00398900468946	491.3076923076924
302.00430957445445	485.8846153846155
302.0601426481806	480.46153846153857
302.1933770517721	475.03846153846166
303.00794968852495	469.61538461538476
310.91089989900183	464.19230769230785
312.8449293486339	458.76923076923094
312.84741125664976	453.34615384615404
313.3777584790437	447.92307692307713
317.8853064328071	442.5000000000002
319.8445371977878	437.0769230769233
319.92777431820195	431.6538461538464
323.6813521322743	426.2307692307695
325.0358266606703	420.8076923076926
325.0778179111242	415.3846153846157
329.01977464288547	409.9615384615388
334.3811222767578	393.6923076923081
334.4298263961115	388.26923076923117
338.1415839901075	382.84615384615427
338.14189236846255	377.42307692307736
338.66590448629375	372.0
345.48401552275493	377.0
345.49989280936705	382.0
347.73091142854565	397.0
358.6410009044829	402.0
361.9293754912479	407.0
361.9447986376092	412.0
367.31677654701696	417.0
372.850518709285	427.0
372.92103469259683	432.0
372.93326223202126	437.0
381.07453872469665	442.0
384.11859394842384	447.0
384.1603826988807	452.0
389.0396178817838	457.0
389.04727270036295	462.0
394.56633152117337	467.0
403.32669988290604	482.0
411.5106280997693	497.0
411.5681805330427	502.0
426.4940028423575	491.7692307692307
426.5486118910301	486.6538461538461
436.1775160767208	481.53846153846143
436.19499752202734	476.4230769230768
455.85490747934824	461.07692307692287
456.31081748960224	450.8461538461536
470.59649719919537	445.73076923076894
480.5384558306461	435.49999999999966
480.7944158793355	430.384615384615
489.7902557852527	425.2692307692304
490.0075118770615	420.15384615384573
505.759390253815	409.92307692307645
505.82261396669526	404.8076923076918
506.811479093731	399.69230769230717
520.8100809755286	394.5769230769225
520.8729847124483	389.4615384615379
521.2765479187258	384.34615384615324
535.7526112654099	379.2307692307686
535.7630747848209	374.11538461538396
536.0664039764321	369.0
545.6797326388102	361.2692307692308
547.8139051983974	353.53846153846155
547.9080135389179	338.0769230769231
550.5522472230961	322.61538461538464
559.3042693234449	314.8846153846154
559.4049983863991	307.1538461538462
559.8990392681982	299.42307692307696
566.4257554732852	291.69230769230774
566.5170783506786	283.9615384615385
571.3227464596749	276.2307692307693
580.2633546925063	245.30769230769238
580.3021413921342	237.57692307692315
585.1563670275624	229.84615384615392
585.3005556871143	214.38461538461547
592.462570041913	206.65384615384625
592.4652605263094	198.92307692307702
599.1417935624869	183.46153846153857
599.1496229914128	175.73076923076934
602.0	168.0
