92.0	161.0
95.95985378882155	168.3846153846154
95.9881951519801	175.76923076923077
99.94019826190889	183.15384615384616
99.9696443554971	190.53846153846155
103.7431754342978	197.92307692307693
107.96885709279688	212.6923076923077
109.74379190074616	220.0769230769231
109.85577283139443	227.46153846153848
113.75337703968354	234.84615384615387
113.77684875867351	242.23076923076925
120.42744781518434	257.0
120.42791267419412	264.38461538461536
126.14404206672428	279.1538461538461
126.27216947884861	286.53846153846143
127.07168110147022	293.9230769230768
132.1751467541197	301.30769230769215
134.49637801226422	308.6923076923075
134.5598797492334	316.07692307692287
140.80581760057012	330.8461538461536
140.83595273133966	338.23076923076894
144.96785855192766	345.6153846153843
144.9705230899365	353.0
149.87583638286915	371.4615384615384
172.12850752465448	377.6153846153845
172.3930276094348	383.76923076923066
183.79745038128814	389.9230769230768
194.42167246966304	402.23076923076906
194.88930457896785	408.3846153846152
206.473472880636	414.5384615384613
218.0084675887871	426.8461538461536
218.05610915033705	432.9999999999997
218.36253190523297	439.15384615384585
235.5397847966571	445.307692307692
235.57509566828557	451.4615384615381
247.30275077909096	457.61538461538424
252.74092436056117	463.7692307692304
252.8047663719723	469.9230769230765
263.7377514258687	476.07692307692264
263.8901837278663	482.2307692307688
265.41283590407835	488.3846153846149
279.8743207098254	494.53846153846104
285.63555437799886	500.69230769230717
286.0182284391269	506.8461538461533
287.90884620639133	513.0
296.05520544155627	507.5769230769231
296.1561068431109	502.1538461538462
299.64102940641595	496.7307692307693
299.7497767589522	491.3076923076924
299.76348682751507	485.8846153846155
299.91781540851355	480.46153846153857
300.9941880539896	475.03846153846166
309.1811159083383	469.61538461538476
309.19534348000985	464.19230769230785
314.09782797980944	453.34615384615404
314.1327229181007	447.92307692307713
315.19658775191203	437.0769230769233
321.7074147374019	431.6538461538464
325.4453400747905	420.8076923076926
325.4711359503028	415.3846153846157
328.83907355728394	409.9615384615388
328.94318619363855	404.5384615384619
329.246231072802	399.115384615385
332.91103677848355	377.42307692307736
342.26296572346473	372.0
342.27735278588693	377.0
353.4820760755405	392.0
356.0752787746481	397.0
356.25474663004155	402.0
367.6215800346108	417.0
367.637498731374	422.0
373.020677448937	427.0
377.99524591996595	437.0
378.2450403725562	442.0
380.4833726481796	457.0
392.59203076510306	462.0
392.5987605462565	467.0
393.0834123526336	472.0
400.03125196336055	477.0
400.14809583296653	482.0
405.963083380355	487.0
408.5487453999843	492.0
408.558084574735	497.0
409.4407469849368	502.0
421.67684869230163	496.88461538461536
421.72836661726495	491.7692307692307
431.6462202706637	486.6538461538461
431.71262570727737	481.53846153846143
434.3692766540359	471.30769230769215
451.4159542208477	466.1923076923075
455.59253585431	461.07692307692287
455.7447692002535	455.9615384615382
457.1169072520984	450.8461538461536
457.3841050015241	445.73076923076894
475.8727579892729	440.6153846153843
475.9268548242489	435.49999999999966
476.08967597849056	430.384615384615
477.19669849710476	425.2692307692304
485.05672606702865	415.0384615384611
505.0772805480889	409.92307692307645
505.19967137607557	404.8076923076918
515.7198923778844	399.69230769230717
515.8438005276851	394.5769230769225
520.2481151285007	379.2307692307686
526.4980909748049	369.0
545.636855806685	361.2692307692308
549.9162727179437	345.8076923076923
550.0615161834635	338.0769230769231
550.625788792446	330.34615384615387
556.711851072078	322.61538461538464
561.4301029645045	307.1538461538462
561.4478255980613	299.42307692307696
566.2454600827899	291.69230769230774
585.4960692239424	229.84615384615392
585.5373885976327	214.38461538461547
586.6101638263282	206.65384615384625
594.2217788785972	198.92307692307702
599.4060051862232	183.46153846153857
601.3299444312769	175.73076923076934
602.0	168.0
