96.0	249.0
99.6670501276538	256.34615384615387
99.8841148388352	263.69230769230774
100.4711528816825	271.0384615384616
100.57693066704009	278.3846153846155
108.86045611570862	285.73076923076934
117.71975389170792	315.1153846153848
117.75080762604007	322.4615384615387
118.40390836160262	329.80769230769255
118.46469830820537	337.1538461538464
126.07785373960185	344.5000000000003
126.20103096347363	351.84615384615415
130.54751200718016	359.192307692308
130.5566715806252	366.5384615384619
134.8605698233678	373.88461538461576
134.95873607765762	381.2307692307696
135.72168628090338	388.5769230769235
141.9706072975335	395.92307692307736
148.33931820284462	417.96153846153896
148.4163973826366	425.30769230769283
155.52009889895479	440.0
168.14456177525713	429.6153846153845
168.15155446524273	427.53846153846143
175.6901506375062	423.38461538461524
175.70318172419667	421.30769230769215
180.93619250171048	419.23076923076906
181.01395052247514	417.15384615384596
181.69142691984342	415.07692307692287
188.44212734781988	412.9999999999998
193.42334652938678	408.8461538461536
193.9936895013905	402.6153846153843
204.3559497736396	400.5384615384612
209.1750936283273	396.384615384615
209.18587201312894	394.3076923076919
216.95729592288805	390.15384615384573
217.10612632883212	386.0
217.9903417749126	391.5769230769231
218.30717362839363	397.1538461538462
229.75406972387574	402.7307692307693
229.77305520300936	408.3076923076924
230.47473404250442	413.8846153846155
237.0701629925792	419.46153846153857
239.39266742143374	425.03846153846166
239.45419599070877	430.61538461538476
240.39599817088018	441.76923076923094
249.45781995042526	447.34615384615404
249.46920131193963	452.92307692307713
253.81481986399203	458.5000000000002
253.8633947833869	464.0769230769233
259.2054064688555	469.6538461538464
261.3864695436478	475.2307692307695
261.5290826521644	480.8076923076926
266.4281233867	486.3846153846157
266.5199157360187	491.9615384615388
271.564877967253	497.5384615384619
271.5814186426162	503.115384615385
272.28362858205395	508.6923076923081
278.4360344424198	514.2692307692312
285.49891450708594	531.0
290.3252084148219	519.9230769230769
290.32587696115905	514.3846153846154
295.0917214579019	508.8461538461538
297.25258616801966	503.30769230769226
298.91902987210193	497.7692307692307
299.07440887799504	492.23076923076917
303.4806806173609	486.6923076923076
303.6193288452095	481.1538461538461
303.918084071244	475.6153846153845
310.0581357724435	470.076923076923
321.6493637172486	442.38461538461524
321.727598435967	436.8461538461537
322.2508632770384	431.30769230769215
323.8960087377261	420.23076923076906
325.61557577268974	414.6923076923075
325.7333913920875	409.15384615384596
328.5830143911157	403.6153846153844
329.10574655857147	398.07692307692287
332.5216756784616	392.5384615384613
343.6375368122813	387.0
346.60820546583307	389.46153846153845
346.63572976797656	391.9230769230769
346.76559331408765	394.38461538461536
353.3060716961172	396.8461538461538
354.50069928990854	404.23076923076917
359.93455625272657	414.076923076923
361.20261455634727	418.9999999999999
377.7150362804105	421.46153846153834
379.63611621508034	423.9230769230768
379.66910328370705	426.38461538461524
384.3983425773005	428.8461538461537
384.49029707319556	431.30769230769215
385.83521481130265	436.23076923076906
393.80731653043813	438.6923076923075
394.0024989559872	441.15384615384596
398.68969904486903	443.6153846153844
398.6918292789529	446.07692307692287
398.8696789542917	448.5384615384613
406.2748407645726	451.0
411.97955123186455	436.30769230769226
411.99707193849304	428.9615384615384
416.99561708850894	421.6153846153845
425.4782698956522	399.5769230769229
425.4932454105937	392.23076923076906
425.80432660901397	384.8846153846152
427.0359711975928	370.19230769230745
438.6811102035961	362.8461538461536
438.7400967660549	355.4999999999997
443.79703830642717	348.15384615384585
443.9318267134635	340.807692307692
444.6574277333095	333.4615384615381
452.25459334600555	326.11538461538424
455.06233858311356	318.7692307692304
455.06811434016845	311.4230769230765
455.1484082124345	304.07692307692264
462.565381987174	296.7307692307688
465.5377178188752	289.3846153846149
465.599061881292	282.03846153846104
471.30458232773003	274.69230769230717
473.51776928653146	267.3461538461533
474.0	260.0
