96.0	249.0
99.82843743828414	256.34615384615387
99.88161249380771	263.69230769230774
100.19027919537639	271.0384615384616
100.932913886668	278.3846153846155
108.93137339782535	285.73076923076934
111.02169517644718	293.0769230769232
111.06744255416638	300.4230769230771
115.20006142215394	307.76923076923094
119.83676833127217	322.4615384615387
119.89692636891029	329.80769230769255
124.16180867899472	337.1538461538464
130.668761519715	359.192307692308
130.80083746380768	366.5384615384619
135.43392292115578	373.88461538461576
135.43869061895703	381.2307692307696
136.13875509654392	388.5769230769235
141.76098699077355	395.92307692307736
146.25051961900112	410.6153846153851
146.29268014928644	417.96153846153896
150.72941828908174	425.30769230769283
150.74141041092474	432.6538461538467
155.44956973552954	440.0
155.47313968316155	437.9230769230769
155.9068347307592	435.8461538461538
157.1344949107034	433.7692307692307
165.07154042404034	431.6923076923076
170.66824158931763	427.53846153846143
170.77539974680067	423.38461538461524
173.28201252465362	419.23076923076906
183.63483610379328	417.15384615384596
183.6571878010978	415.07692307692287
196.34706431106886	406.7692307692305
197.02644021419067	402.6153846153843
197.03868676994088	400.5384615384612
198.34742495883398	398.4615384615381
209.01822999443408	396.384615384615
212.21865653559587	394.3076923076919
212.23040833462323	392.23076923076883
212.36882334499634	390.15384615384573
212.74417447646977	388.07692307692264
222.15151870649132	386.0
222.22011781375625	391.5769230769231
227.35125819524197	397.1538461538462
229.02641376642273	402.7307692307693
229.1787930089903	408.3076923076924
237.20215965198872	419.46153846153857
238.88030756981172	425.03846153846166
244.3652834098555	436.19230769230785
244.36830010901977	441.76923076923094
244.55714491810124	447.34615384615404
247.91617388347714	458.5000000000002
256.76928781311125	464.0769230769233
263.9372064276324	480.8076923076926
263.96865836098675	486.3846153846157
264.4741559102945	491.9615384615388
271.6629853957684	497.5384615384619
275.94239083631476	508.6923076923081
275.9473835772282	514.2692307692312
276.6876538994155	525.4230769230774
286.02170059215604	531.0
292.7293151056175	514.3846153846154
292.7718446449279	508.8461538461538
293.2033014376176	503.30769230769226
299.5199948927922	497.7692307692307
299.52529676866754	492.23076923076917
299.6039122831954	486.6923076923076
300.0572526627157	481.1538461538461
300.07502166126443	475.6153846153845
310.7039910808386	470.076923076923
317.08860977630695	453.46153846153834
317.09797653423084	442.38461538461524
319.0406299984928	431.30769230769215
321.19961380874827	425.7692307692306
330.81290049554167	420.23076923076906
337.0220203389376	403.6153846153844
337.10439720168034	398.07692307692287
337.9384780695935	392.5384615384613
343.73847593721484	387.0
343.8031405166521	389.46153846153845
344.1822139338842	391.9230769230769
345.70155664767077	394.38461538461536
353.84446036012235	396.8461538461538
353.8614264763335	399.30769230769226
354.5444300288589	401.7692307692307
360.75942714748095	404.23076923076917
360.86489820330536	406.6923076923076
362.52057491638374	411.6153846153845
362.63363862686396	414.076923076923
365.7458648316694	418.9999999999999
377.5093948177537	421.46153846153834
379.7455946638963	423.9230769230768
379.83540977032385	426.38461538461524
381.8822434216682	433.7692307692306
391.42391086047775	436.23076923076906
393.8467891972845	438.6923076923075
393.9077214580176	441.15384615384596
398.9862373658094	443.6153846153844
399.02488204349993	446.07692307692287
399.59961372620285	448.5384615384613
406.4020186065648	451.0
406.4962216114876	443.65384615384613
407.0395329215996	436.30769230769226
408.47957594151995	428.9615384615384
417.2834129762217	421.6153846153845
417.29877985185163	414.26923076923066
422.7011297420068	406.9230769230768
425.27672748240974	399.5769230769229
425.3245829125644	392.23076923076906
430.31948267108675	384.8846153846152
435.5741142153383	370.19230769230745
435.65966367786467	362.8461538461536
441.64557046727026	355.4999999999997
444.3655276214854	348.15384615384585
446.2391120570466	340.807692307692
454.8503893964401	318.7692307692304
454.87784761119394	311.4230769230765
460.08901555605473	304.07692307692264
473.3413782352717	267.3461538461533
474.0	260.0
