96.0	249.0
96.06126108821095	256.34615384615387
96.29238298882252	263.69230769230774
104.34945562920898	271.0384615384616
104.48702641462685	278.3846153846155
108.52894932834703	285.73076923076934
108.68006410568441	293.0769230769232
109.02592869577786	300.4230769230771
109.86041388330914	307.76923076923094
117.32340411460176	315.1153846153848
117.4357117824369	322.4615384615387
121.72237303317358	329.80769230769255
121.81993538973067	337.1538461538464
126.19120321960231	344.5000000000003
128.44969765573157	351.84615384615415
128.56097517169175	359.192307692308
133.04527734406724	366.5384615384619
135.34484864905795	373.88461538461576
135.35503351778058	381.2307692307696
139.48200733776457	388.5769230769235
139.48654396454748	395.92307692307736
143.734218201634	403.2692307692312
143.78210498863248	410.6153846153851
148.24915074150132	417.96153846153896
150.34323954835122	425.30769230769283
150.49483637196957	432.6538461538467
150.53151634995572	440.0
157.36826914557713	437.9230769230769
158.65485796213449	431.6923076923076
168.13281914882944	429.6153846153845
183.49305404720403	415.07692307692287
199.2423892738491	404.6923076923074
199.4417549054581	398.4615384615381
209.34146013544128	396.384615384615
210.08671977523693	390.15384615384573
212.3878754156851	388.07692307692264
222.10351820540276	386.0
227.1364003914639	397.1538461538462
227.18752553189816	402.7307692307693
227.42395283384485	408.3076923076924
227.48792452030378	413.8846153846155
237.193017920218	419.46153846153857
241.46875528848207	430.61538461538476
241.52204813394994	436.19230769230785
247.0755663027872	441.76923076923094
251.89777643466456	452.92307692307713
251.92097304215773	458.5000000000002
252.56961253608372	464.0769230769233
259.29330112139905	469.6538461538464
259.30175409098484	475.2307692307695
263.91458140394553	480.8076923076926
274.1453721278113	503.115384615385
274.1475880628438	508.6923076923081
274.3604896137673	514.2692307692312
277.12621994115773	525.4230769230774
286.06140593532996	531.0
286.1108705101578	525.4615384615385
286.24997715473984	519.9230769230769
292.454565210079	514.3846153846154
292.5480246050898	508.8461538461538
296.66177709561873	503.30769230769226
296.94718595976263	492.23076923076917
298.3017727982185	486.6923076923076
298.5832175097688	481.1538461538461
308.025950048042	475.6153846153845
308.19317104436607	464.53846153846143
308.54922511559613	458.9999999999999
317.2443170448306	453.46153846153834
317.2632936297471	447.9230769230768
317.7521496859162	442.38461538461524
323.69195572880795	436.8461538461537
323.78170238659163	431.30769230769215
325.22110273816156	420.23076923076906
332.81108563303457	414.6923076923075
332.842082995493	409.15384615384596
334.1975087983931	398.07692307692287
335.44325374977547	392.5384615384613
344.0939030634844	387.0
344.4178520407768	391.9230769230769
345.1014981581277	394.38461538461536
353.6753075006197	396.8461538461538
356.11350636170556	399.30769230769226
356.17431607582563	401.7692307692307
363.13483492624596	406.6923076923076
363.14082763160144	409.1538461538461
363.505552798321	411.6153846153845
370.1213311978806	414.076923076923
372.4004587920948	416.53846153846143
373.47547946413397	421.46153846153834
384.679267450996	428.8461538461537
385.3931988511564	433.7692307692306
391.4606188189707	436.23076923076906
391.5244697667633	438.6923076923075
396.27258308441844	441.15384615384596
396.3527214732159	443.6153846153844
406.3797699797411	451.0
406.3971676200654	443.65384615384613
411.19699722942397	436.30769230769226
411.3909683587069	428.9615384615384
411.87820926060493	421.6153846153845
413.7030656021795	414.26923076923066
413.74867598350784	406.9230769230768
425.1944943545808	399.5769230769229
428.2133283018356	392.23076923076906
430.27493361616865	384.8846153846152
430.3214442509207	377.5384615384613
438.9307376861902	362.8461538461536
438.93592873361536	355.4999999999997
439.49122306871107	348.15384615384585
439.78740315123866	340.807692307692
442.0603144161603	333.4615384615381
451.97151932114434	326.11538461538424
454.35482796633323	318.7692307692304
454.4075048896609	311.4230769230765
455.45046068891713	296.7307692307688
465.8199448982973	289.3846153846149
465.8409279862886	282.03846153846104
471.22273208296616	274.69230769230717
473.76246829225573	267.3461538461533
474.0	260.0
