96.0	249.0
96.57582410755356	256.34615384615387
96.90346020387962	263.69230769230774
104.73706952789973	271.0384615384616
104.7469150599024	278.3846153846155
108.49753268597932	285.73076923076934
120.10521684858594	322.4615384615387
121.96374965612132	329.80769230769255
122.00236836550599	337.1538461538464
126.2830870189451	344.5000000000003
128.68234323900242	351.84615384615415
132.68416911636564	366.5384615384619
132.86427421377985	373.88461538461576
137.48110622309827	381.2307692307696
139.67830710664947	388.5769230769235
139.68755555818007	395.92307692307736
139.7819086092982	403.2692307692312
141.00888727641833	410.6153846153851
148.061245233653	417.96153846153896
148.21709091686546	425.30769230769283
152.40253894176138	432.6538461538467
152.49326289621771	440.0
154.04987714497372	435.8461538461538
162.71993742317392	433.7692307692307
164.77224375661635	425.46153846153834
171.38011440622068	419.23076923076906
183.142390405334	417.15384615384596
193.5241521640449	408.8461538461536
194.47950722662796	404.6923076923074
198.97948771029124	398.4615384615381
211.50575921541846	394.3076923076919
211.62969562627003	392.23076923076883
221.8762707582195	386.0
221.97558382198014	391.5769230769231
222.5334198616023	402.7307692307693
231.8414540460646	408.3076923076924
231.97703889848873	413.8846153846155
232.42223978166507	419.46153846153857
233.57608894163292	425.03846153846166
241.57516626305863	430.61538461538476
241.66248418542384	436.19230769230785
242.29927583607315	441.76923076923094
249.26346642352422	447.34615384615404
251.76546801213732	452.92307692307713
251.83242305592677	458.5000000000002
256.13838322280435	464.0769230769233
256.2388121433754	469.6538461538464
261.1385788311961	475.2307692307695
263.92771637086236	480.8076923076926
263.97456995423636	486.3846153846157
271.677730275078	497.5384615384619
273.59258893137655	503.115384615385
273.6931826741608	508.6923076923081
281.4677616432628	519.8461538461543
283.35684795600736	525.4230769230774
283.4815720179972	531.0
287.93242444431127	525.4615384615385
292.2325878696394	514.3846153846154
292.2763298512843	508.8461538461538
292.8597025282984	503.30769230769226
294.17712091529916	497.7692307692307
301.24806146454637	492.23076923076917
303.62519913894266	486.6923076923076
303.65522371959094	481.1538461538461
308.01879346248637	475.6153846153845
308.3899596721789	464.53846153846143
314.5535541602376	458.9999999999999
316.89520722993154	453.46153846153834
316.9902789899134	447.9230769230768
321.8776287306696	442.38461538461524
323.72949063917696	436.8461538461537
323.7785389764523	431.30769230769215
324.26292281403215	425.7692307692306
325.36592136594464	420.23076923076906
332.5072581479885	414.6923076923075
334.7233741408419	409.15384615384596
334.75147115179624	403.6153846153844
339.5776063522725	398.07692307692287
339.63094805552765	392.5384615384613
339.9236165758908	387.0
340.2740760410954	389.46153846153845
348.68804510838396	391.9230769230769
349.054365874676	396.8461538461538
351.8779897605184	401.7692307692307
360.50128589912276	404.23076923076917
363.0466819248764	414.076923076923
372.4417257973287	416.53846153846143
372.51602510605414	418.9999999999999
377.0359708877214	421.46153846153834
377.07471877289396	423.9230769230768
386.83190421257115	431.30769230769215
386.8713359479797	433.7692307692306
387.23310582043484	436.23076923076906
388.86519684002826	441.15384615384596
398.8246271065129	443.6153846153844
401.01316216241855	446.07692307692287
401.0503674933037	448.5384615384613
401.6719196233659	451.0
402.4772277417706	443.65384615384613
411.5359987739225	436.30769230769226
411.6584590719623	428.9615384615384
411.9650510760442	421.6153846153845
412.0830429613583	414.26923076923066
422.47142563633605	406.9230769230768
425.09734667296027	399.5769230769229
425.2401681310528	392.23076923076906
425.71096796828215	384.8846153846152
429.95279082564423	362.8461538461536
441.3661629933651	355.4999999999997
441.3868508078209	348.15384615384585
443.5288237267409	333.4615384615381
451.71754406784936	326.11538461538424
451.80507418301244	318.7692307692304
452.6361181588891	311.4230769230765
459.9798752257887	304.07692307692264
465.6016753081026	289.3846153846149
465.61359628395604	282.03846153846104
471.1534052499418	274.69230769230717
471.187935117746	267.3461538461533
474.0	260.0
