96.0	249.0
100.1151366556139	256.34615384615387
102.12465228629691	263.69230769230774
102.30748457270508	278.3846153846155
108.80417766426773	285.73076923076934
108.91037856137443	293.0769230769232
113.51752438236889	300.4230769230771
113.51866320612977	307.76923076923094
117.35812506446837	315.1153846153848
119.68421179359797	322.4615384615387
119.75929334090021	329.80769230769255
120.47715857360213	337.1538461538464
126.12960456586389	344.5000000000003
126.27068515546816	351.84615384615415
131.03391255345707	359.192307692308
132.76406598986182	366.5384615384619
132.88726869684325	373.88461538461576
137.37056850059318	381.2307692307696
139.59534659244272	388.5769230769235
139.62911185906515	395.92307692307736
140.08354097532316	403.2692307692312
141.45749914258474	410.6153846153851
148.06843812249036	417.96153846153896
155.26786550726305	440.0
157.89712263163068	437.9230769230769
157.94370493952405	435.8461538461538
158.72844366049148	433.7692307692307
165.66357818582136	431.6923076923076
165.67795536789902	429.6153846153845
167.8390426675147	425.46153846153834
175.94949349823483	423.38461538461524
181.15778793785591	419.23076923076906
181.29989995531463	415.07692307692287
188.3632818665661	412.9999999999998
189.04419360361643	408.8461538461536
196.70908378149912	406.7692307692305
199.00973311339365	404.6923076923074
199.09390567540865	402.6153846153843
221.71939186575077	386.0
221.84130349884578	391.5769230769231
226.78509214735678	397.1538461538462
237.0384433765027	419.46153846153857
237.07992869655604	425.03846153846166
241.38314674226672	430.61538461538476
241.4158324449855	436.19230769230785
246.7405488491342	441.76923076923094
249.26259765179486	447.34615384615404
249.26832895414606	452.92307692307713
253.90565580362312	458.5000000000002
253.9369869804991	464.0769230769233
259.1981629389552	469.6538461538464
259.2275835491168	475.2307692307695
259.4268792540788	480.8076923076926
259.44014616578767	486.3846153846157
260.6596388998287	491.9615384615388
263.11280136321443	497.5384615384619
273.9164507767991	503.115384615385
283.98436725341304	525.4230769230774
283.98735452544344	531.0
284.08829767995206	525.4615384615385
290.2421597797636	519.9230769230769
294.88901188992855	508.8461538461538
294.9075241291187	503.30769230769226
299.4400382156658	497.7692307692307
306.29130870605087	481.1538461538461
306.2918018600971	475.6153846153845
306.6847308394973	470.076923076923
312.4221266560948	464.53846153846143
312.47414830342296	458.9999999999999
317.1004203780106	453.46153846153834
317.12334843438026	447.9230769230768
324.1042432160794	436.8461538461537
328.0088858147402	425.7692307692306
328.01983876516744	420.23076923076906
328.28288146646855	414.6923076923075
334.78832953440764	409.15384615384596
336.8282791005844	403.6153846153844
336.9464080642899	398.07692307692287
341.5047817585766	392.5384615384613
341.6310927290713	387.0
353.2149691497805	396.8461538461538
353.49661698819693	401.7692307692307
357.7195829371669	409.1538461538461
367.77629197164924	411.6153846153845
370.23316770221714	414.076923076923
370.3232245606846	416.53846153846143
377.68049591282653	421.46153846153834
377.69755095416804	423.9230769230768
378.0154066611112	426.38461538461524
379.3687941330128	431.30769230769215
389.22741943842243	433.7692307692306
389.53431888608407	438.6923076923075
396.7321641848785	441.15384615384596
399.2120334485469	443.6153846153844
399.21241855589113	446.07692307692287
403.42558653030596	448.5384615384613
403.53059041516997	451.0
404.13264806834127	443.65384615384613
411.69271921697083	436.30769230769226
411.6950367259253	428.9615384615384
416.9902518027731	421.6153846153845
416.991047352111	414.26923076923066
417.13630869490345	406.9230769230768
425.19630212434873	399.5769230769229
425.26896654967305	392.23076923076906
425.54377521491193	384.8846153846152
426.37757694034366	377.5384615384613
431.24101894700567	355.4999999999997
431.33722576064133	348.15384615384585
431.5460186054444	340.807692307692
433.22025093781895	333.4615384615381
452.3858580177484	326.11538461538424
454.68262342223903	318.7692307692304
454.771774222731	311.4230769230765
460.08329318990417	304.07692307692264
465.80368709929934	289.3846153846149
467.9729017096997	282.03846153846104
468.0559394877777	274.69230769230717
473.88346658051455	267.3461538461533
474.0	260.0
