96.0	249.0
99.91395890037703	256.34615384615387
108.52443822011573	285.73076923076934
109.27817495654247	307.76923076923094
117.29333375464024	315.1153846153848
119.54380053207478	322.4615384615387
119.64288140652761	329.80769230769255
124.00425192119123	337.1538461538464
124.15091357315607	344.5000000000003
128.25814607038672	351.84615384615415
128.39194099651039	359.192307692308
129.15014942655515	366.5384615384619
135.057735062945	373.88461538461576
141.41385753954714	395.92307692307736
141.56334384708444	403.2692307692312
145.7988762726422	410.6153846153851
145.94094109633537	417.96153846153896
150.5729885255317	425.30769230769283
150.6248711168374	432.6538461538467
155.23492350877345	440.0
155.92227797624363	435.8461538461538
170.9718900343218	427.53846153846143
170.9780914061573	425.46153846153834
175.56628437044256	423.38461538461524
176.56795168289398	419.23076923076906
188.79668022749124	412.9999999999998
188.80503266283642	410.9230769230767
189.31669150884625	408.8461538461536
196.32498533281773	406.7692307692305
197.41339915660237	400.5384615384612
206.76597920057003	398.4615384615381
206.80973023093537	396.384615384615
207.63700919675918	394.3076923076919
214.1922422447399	392.23076923076883
222.0445852653222	386.0
224.82571711887755	391.5769230769231
224.84622568711984	397.1538461538462
229.2850919994858	402.7307692307693
231.61785577517264	408.3076923076924
231.74039520102076	413.8846153846155
232.40654369173404	419.46153846153857
234.49949284412347	430.61538461538476
237.88138282477064	441.76923076923094
248.7377473285277	447.34615384615404
251.48684234143968	452.92307692307713
251.5643688652011	458.5000000000002
256.35925583030524	464.0769230769233
256.38266363704173	469.6538461538464
257.07486496554446	475.2307692307695
264.25350164563486	480.8076923076926
264.2633690317908	486.3846153846157
269.10346819757837	491.9615384615388
269.1200614990439	497.5384615384619
273.7545870412991	503.115384615385
273.79337788892457	508.6923076923081
279.0541900273165	514.2692307692312
283.708499631489	525.4230769230774
283.77580236791766	531.0
288.12623143519636	525.4615384615385
290.3875604406698	519.9230769230769
290.40838635427934	514.3846153846154
294.96839615571184	508.8461538461538
294.9869308718195	503.30769230769226
295.1550007076696	497.7692307692307
295.51204099427	492.23076923076917
303.83437427294496	486.6923076923076
307.954124103264	475.6153846153845
307.97465159755944	470.076923076923
308.25903480379935	464.53846153846143
315.0845748993429	458.9999999999999
315.0986886936358	453.46153846153834
319.06133679947857	447.9230769230768
319.2159562891016	442.38461538461524
321.6762355444261	425.7692307692306
330.839154639793	420.23076923076906
330.84062031180065	414.6923076923075
331.37832428762357	409.15384615384596
337.45249609126466	403.6153846153844
337.45825531517494	398.07692307692287
338.17573667350433	392.5384615384613
338.18820230192085	387.0
346.0801103631338	389.46153846153845
346.2530349221385	391.9230769230769
351.4367865219203	394.38461538461536
351.4573661797521	396.8461538461538
356.27848896613676	399.30769230769226
356.28476913240394	401.7692307692307
356.74169451715284	404.23076923076917
365.8412017195925	409.1538461538461
365.842529025313	411.6153846153845
372.9873208300459	416.53846153846143
389.37594748830423	433.7692307692306
389.4386978773725	436.23076923076906
399.22032778233194	443.6153846153844
403.68685884813306	448.5384615384613
403.70757233165466	451.0
404.63104202187975	443.65384615384613
411.4270572529667	436.30769230769226
413.98696274108596	428.9615384615384
414.0117184868838	421.6153846153845
419.85892100602933	414.26923076923066
419.94410416245046	406.9230769230768
425.26541068338656	399.5769230769229
427.63444724762684	392.23076923076906
427.6882373614533	384.8846153846152
433.04773981284495	377.5384615384613
438.86013858880216	362.8461538461536
441.30701213620716	355.4999999999997
441.31824651944595	348.15384615384585
441.70479521343873	340.807692307692
443.1524410398956	333.4615384615381
452.2975774493992	326.11538461538424
457.218034914482	311.4230769230765
457.28500654222296	304.07692307692264
462.9029408722855	296.7307692307688
462.9579185987971	289.3846153846149
467.7920310894297	282.03846153846104
470.518964031599	274.69230769230717
470.76136475178777	267.3461538461533
474.0	260.0
