96.0	249.0
96.56544287177142	256.34615384615387
102.42589404002973	263.69230769230774
106.84203863129898	278.3846153846155
108.45698855020028	285.73076923076934
108.65121726363043	293.0769230769232
113.05997044801451	300.4230769230771
115.43723024256406	307.76923076923094
117.27116560114293	315.1153846153848
117.41546459656783	322.4615384615387
122.06161842571004	329.80769230769255
122.08390543159679	337.1538461538464
126.47713296165661	344.5000000000003
128.79388718920694	351.84615384615415
128.79764049163194	359.192307692308
132.70013507523984	366.5384615384619
132.8037052239245	373.88461538461576
133.45379198349974	381.2307692307696
139.37391970347073	388.5769230769235
139.4165354235728	395.92307692307736
144.1831113824699	403.2692307692312
144.19465814176118	410.6153846153851
148.45695524997998	417.96153846153896
148.47522015723192	425.30769230769283
155.45568414496304	440.0
160.5009640656136	435.8461538461538
160.74205882193795	431.6923076923076
175.8612677506909	423.38461538461524
175.95048027703416	421.30769230769215
186.44676282256256	415.07692307692287
186.45120585707164	412.9999999999998
186.94362125654354	410.9230769230767
193.77113731118683	408.8461538461536
193.79746073209193	406.7692307692305
208.86315511600984	396.384615384615
210.02239028413325	392.23076923076883
217.1227732958724	390.15384615384573
219.5675555178762	388.07692307692264
219.61540800905638	386.0
219.62754530239332	391.5769230769231
226.67602802037692	397.1538461538462
226.7970012918446	402.7307692307693
227.15855712563922	408.3076923076924
234.23513122875445	413.8846153846155
236.89780283618074	419.46153846153857
236.99386253548812	425.03846153846166
241.35600981692892	430.61538461538476
251.82518175913313	452.92307692307713
253.73331820621934	458.5000000000002
253.7375206053967	464.0769230769233
253.9347883629996	469.6538461538464
261.6274955942718	475.2307692307695
263.76385897549363	480.8076923076926
263.93522014038064	486.3846153846157
269.16037905899105	491.9615384615388
273.7169446579944	503.115384615385
273.7373382582359	508.6923076923081
275.9892390970467	519.8461538461543
283.4121087468453	525.4230769230774
285.746258024294	531.0
292.67133187394916	514.3846153846154
292.87742942664613	503.30769230769226
299.4686919557405	497.7692307692307
301.544245168256	492.23076923076917
301.5599964782862	486.6923076923076
301.87111169885077	481.1538461538461
308.2494021678664	475.6153846153845
310.59851462447466	470.076923076923
310.60178240112657	464.53846153846143
314.8422425617555	458.9999999999999
314.95938952152335	453.46153846153834
315.2701278645582	447.9230769230768
316.16036343108743	436.8461538461537
317.2061144273851	431.30769230769215
328.46863274835385	425.7692307692306
328.48311583671665	420.23076923076906
328.80196919076354	414.6923076923075
330.11772236434314	409.15384615384596
330.43211580324635	403.6153846153844
331.72613460204076	398.07692307692287
341.5543031263016	392.5384615384613
343.85489668178127	387.0
346.59575906455456	389.46153846153845
346.63284938688486	391.9230769230769
356.2807414521119	399.30769230769226
356.28673399710885	401.7692307692307
360.86415726867153	404.23076923076917
362.85762221407157	406.6923076923076
363.0442426218673	409.1538461538461
370.0669867069252	414.076923076923
370.95207860780175	421.46153846153834
379.5968004767199	423.9230769230768
379.6333245524706	428.8461538461537
380.2701701756897	431.30769230769215
389.57662087375877	433.7692307692306
389.5923352401299	436.23076923076906
399.1125578357787	443.6153846153844
399.21422063312593	448.5384615384613
406.512581823984	451.0
409.30006985300895	443.65384615384613
409.3206308142636	436.30769230769226
414.4122623161244	428.9615384615384
419.335347437731	414.26923076923066
419.60358751523427	406.9230769230768
428.13686088882065	392.23076923076906
430.1689698471928	384.8846153846152
430.26740521239003	377.5384615384613
430.5838041803968	370.19230769230745
438.4433380412805	362.8461538461536
438.48188000827474	355.4999999999997
443.55831859310365	348.15384615384585
443.7143205476977	340.807692307692
449.1522194151737	333.4615384615381
451.66220673704794	326.11538461538424
451.7604575053575	318.7692307692304
457.30248875330994	311.4230769230765
463.11572232808544	296.7307692307688
471.20560969047295	274.69230769230717
471.2207336419879	267.3461538461533
474.0	260.0
