96.0	249.0
96.35358285941685	256.34615384615387
102.18070299628549	263.69230769230774
104.49609207628097	271.0384615384616
104.49631038517977	278.3846153846155
108.86222465185493	285.73076923076934
110.87603016296546	293.0769230769232
110.98938922294113	300.4230769230771
111.58671929757469	307.76923076923094
117.33633204240955	315.1153846153848
124.29177864376054	337.1538461538464
124.34337195017939	344.5000000000003
128.4874097985574	351.84615384615415
128.5013188435517	359.192307692308
130.25822390144774	373.88461538461576
130.41862180718135	381.2307692307696
136.41434907834824	403.2692307692312
136.74911010524923	410.6153846153851
148.30125022915473	417.96153846153896
148.36096793335395	425.30769230769283
152.37582018087198	432.6538461538467
152.5464926166794	440.0
163.1242287958614	433.7692307692307
163.12588733268848	431.6923076923076
163.49890258524863	429.6153846153845
170.36916673028102	427.53846153846143
170.4050541505649	425.46153846153834
176.1838453814774	423.38461538461524
176.1861704443811	421.30769230769215
190.82036388589458	410.9230769230767
192.5295398549179	404.6923076923074
194.4557763633169	402.6153846153843
204.51169385767503	400.5384615384612
206.50164867565894	398.4615384615381
206.98263217465885	394.3076923076919
208.0046882287195	392.23076923076883
222.2303912420126	386.0
222.2715275372134	391.5769230769231
226.9564556202669	397.1538461538462
227.06831473963493	402.7307692307693
231.91557892035303	408.3076923076924
236.9405624257305	419.46153846153857
237.00407209078443	425.03846153846166
237.94347479911892	436.19230769230785
239.25066357843164	441.76923076923094
239.85873133764466	447.34615384615404
245.50085380653536	458.5000000000002
246.51607969472013	464.0769230769233
258.70023452110587	469.6538461538464
261.3738019644318	475.2307692307695
266.58454769459894	486.3846153846157
266.639317289211	491.9615384615388
266.85232914070355	497.5384615384619
273.6969372975097	503.115384615385
276.0070090603455	508.6923076923081
276.2028026376321	514.2692307692312
277.33355203966335	525.4230769230774
279.47487530039297	531.0
288.063490951797	525.4615384615385
288.07487777035317	519.9230769230769
292.33632084248967	514.3846153846154
292.45256606861346	508.8461538461538
299.19375768058984	497.7692307692307
301.12956066920896	492.23076923076917
301.1536098162638	486.6923076923076
305.7852240885281	481.1538461538461
310.155752979068	470.076923076923
310.2830517530989	464.53846153846143
312.0291011955143	453.46153846153834
319.6611664226143	447.9230769230768
321.8044461923993	442.38461538461524
321.83089168429626	436.8461538461537
325.7576150883825	431.30769230769215
325.78841319948793	425.7692307692306
330.173690581245	420.23076923076906
330.202732256068	414.6923076923075
335.17194397687643	409.15384615384596
337.1621479148006	403.6153846153844
337.21302404194245	398.07692307692287
341.3064547432959	392.5384615384613
341.3487796966926	387.0
351.5022135847401	394.38461538461536
353.70115208327576	396.8461538461538
353.7034124830238	399.30769230769226
357.96888266625047	401.7692307692307
358.079731570662	404.23076923076917
369.90591253943927	414.076923076923
370.28458524984813	418.9999999999999
371.4130482635711	421.46153846153834
379.8004395187862	423.9230769230768
379.90580868719513	426.38461538461524
384.6511861827277	428.8461538461537
385.3880522926623	433.7692307692306
396.811756008576	441.15384615384596
396.82478795984605	446.07692307692287
397.86005612477555	448.5384615384613
406.4857417948875	451.0
409.22834498797084	443.65384615384613
409.2488364478423	436.30769230769226
414.7049991670132	428.9615384615384
417.3305470091973	421.6153846153845
417.3691311833843	414.26923076923066
417.71757451096573	406.9230769230768
420.61361740079326	392.23076923076906
421.22963526809104	384.8846153846152
433.2671784582913	377.5384615384613
433.35038092798777	370.19230769230745
433.63846110634313	362.8461538461536
435.33799586627623	355.4999999999997
435.72899835783204	348.15384615384585
446.4486325759986	340.807692307692
452.39638953516993	326.11538461538424
452.4145787898136	318.7692307692304
452.9100095728497	311.4230769230765
453.1593518040257	304.07692307692264
462.99093062745254	296.7307692307688
467.9689531522236	282.03846153846104
468.0063372266798	274.69230769230717
468.3109414152329	267.3461538461533
474.0	260.0
