96.0	249.0
99.95615995508683	256.34615384615387
109.13330791664065	285.73076923076934
109.13381974285083	293.0769230769232
113.21168827291203	300.4230769230771
115.55492564732491	307.76923076923094
115.55739118910854	315.1153846153848
115.79329782821465	322.4615384615387
121.8908129304591	329.80769230769255
128.88076508209713	351.84615384615415
128.88132545530115	359.192307692308
133.12495905173253	366.5384615384619
133.13602252579182	373.88461538461576
136.9237363422802	381.2307692307696
137.0111156596226	388.5769230769235
141.96578815250078	395.92307692307736
141.97424733072503	403.2692307692312
146.30378731148588	410.6153846153851
148.24380788361682	417.96153846153896
148.25461398787772	425.30769230769283
152.3023858995915	432.6538461538467
152.35323784116179	440.0
170.82228122029267	427.53846153846143
172.83375660030896	425.46153846153834
172.8688039679275	423.38461538461524
177.91842961723353	421.30769230769215
178.57055156098818	417.15384615384596
188.3802276474796	412.9999999999998
188.68092356434772	408.8461538461536
191.92037985767385	404.6923076923074
204.2600689611117	400.5384615384612
204.4029261637392	396.384615384615
204.84864559077548	394.3076923076919
206.93965339496964	392.23076923076883
216.7788111153625	390.15384615384573
219.80904566874113	388.07692307692264
219.8428244214815	386.0
224.63002637735656	391.5769230769231
229.05996750125007	402.7307692307693
229.31280721279683	408.3076923076924
230.1536724479122	413.8846153846155
237.17054374204054	419.46153846153857
241.9719622646783	430.61538461538476
242.0162628810425	436.19230769230785
249.52690502588607	447.34615384615404
251.31615801936735	452.92307692307713
251.4002915871857	458.5000000000002
256.59940245405966	464.0769230769233
258.9997876143101	469.6538461538464
259.1232090477559	475.2307692307695
263.8624699181293	480.8076923076926
266.4189458528192	486.3846153846157
266.5314812878687	491.9615384615388
266.8940426085907	497.5384615384619
269.8830539679507	508.6923076923081
270.8629758468836	519.8461538461543
283.46859678124616	525.4230769230774
285.7261978169699	531.0
285.76462871113637	525.4615384615385
290.6494901249085	519.9230769230769
294.83553579335955	508.8461538461538
294.869784154173	503.30769230769226
299.32801526750944	497.7692307692307
304.0556739451188	486.6923076923076
305.6058881126544	481.1538461538461
305.7171497398151	475.6153846153845
306.49961591200014	470.076923076923
312.2800178163805	464.53846153846143
315.04267599214467	458.9999999999999
315.06212072508583	453.46153846153834
319.4549819962306	447.9230769230768
319.4559625630684	442.38461538461524
319.54900967324045	436.8461538461537
325.9428160002386	431.30769230769215
330.21264032064437	420.23076923076906
330.3769397116362	414.6923076923075
331.042153275185	409.15384615384596
337.43255824618024	403.6153846153844
337.4380032225986	398.07692307692287
337.5646306730991	392.5384615384613
337.79888229239543	387.0
337.8142270428152	389.46153846153845
337.9823966905913	391.9230769230769
341.7677451688678	399.30769230769226
358.0572143197523	401.7692307692307
360.56720522418993	404.23076923076917
360.65206679515177	406.6923076923076
365.2732472452464	409.1538461538461
365.30685307669444	411.6153846153845
369.83181218988767	414.076923076923
369.9430313599362	416.53846153846143
371.3811227307304	421.46153846153834
379.91275396854104	423.9230769230768
379.99305997231204	426.38461538461524
384.727683477717	428.8461538461537
384.7718337505632	431.30769230769215
386.29688594004875	436.23076923076906
394.2124571164221	438.6923076923075
406.55993264205813	451.0
408.510732941514	443.65384615384613
408.7629972658903	436.30769230769226
413.88574436676623	428.9615384615384
414.0566551545628	421.6153846153845
420.1081246232198	414.26923076923066
420.1154801667936	406.9230769230768
425.2548935129185	399.5769230769229
433.0805553761706	377.5384615384613
433.19073606567616	370.19230769230745
434.219657457516	362.8461538461536
441.52242071758155	355.4999999999997
441.5677709419558	348.15384615384585
446.2075446940172	340.807692307692
452.3687770874338	326.11538461538424
452.38710377690876	318.7692307692304
452.5268626684975	311.4230769230765
460.29040293248266	304.07692307692264
460.2908870029982	296.7307692307688
465.83617280930196	289.3846153846149
473.3452387702164	267.3461538461533
474.0	260.0
