96.0	249.0
100.27742305032349	256.34615384615387
100.29789110730579	263.69230769230774
104.65800261608848	271.0384615384616
106.87069368587865	278.3846153846155
106.88248143664866	285.73076923076934
110.89180338571104	293.0769230769232
115.55796509788014	307.76923076923094
115.58593254076182	315.1153846153848
115.87582728459289	322.4615384615387
122.2045364381287	329.80769230769255
124.36325222628886	337.1538461538464
124.40124425183149	344.5000000000003
125.01177353480773	351.84615384615415
130.44794537946	359.192307692308
130.5179282954652	366.5384615384619
130.79075227907592	373.88461538461576
137.45108585122716	381.2307692307696
139.67337583946485	388.5769230769235
139.69152593596704	395.92307692307736
146.0592188724684	410.6153846153851
146.09124554292092	417.96153846153896
150.63947086226318	425.30769230769283
150.66021240836704	440.0
157.96800710314304	437.9230769230769
157.99048534961847	435.8461538461538
162.47075509985964	433.7692307692307
165.77116137986795	425.46153846153834
176.0334515072418	423.38461538461524
176.03574710980084	421.30769230769215
176.75767248454238	419.23076923076906
186.25869599579767	415.07692307692287
186.73932566954213	410.9230769230767
193.68606077743593	408.8461538461536
198.71671555394957	402.6153846153843
221.76711292737707	386.0
221.78962402014915	391.5769230769231
222.00169580792084	402.7307692307693
231.69251765774672	408.3076923076924
237.16892155889687	419.46153846153857
237.17020870748152	425.03846153846166
237.41208798014355	430.61538461538476
244.32994450103897	436.19230769230785
244.3904722711274	441.76923076923094
249.0306049522259	447.34615384615404
251.86769060298823	452.92307692307713
251.8932684169117	458.5000000000002
256.51735079191724	464.0769230769233
256.5607040828171	469.6538461538464
258.41312774654074	480.8076923076926
266.09880845644756	486.3846153846157
271.2293574991918	497.5384615384619
271.24272045581006	503.115384615385
276.0669315035614	508.6923076923081
276.22500723463753	514.2692307692312
276.6535138450393	519.8461538461543
283.53958161359174	525.4230769230774
285.5287527272692	531.0
285.7161506165088	525.4615384615385
290.65875097489203	519.9230769230769
299.16540296387427	497.7692307692307
299.3762755202051	486.6923076923076
306.0101074104667	481.1538461538461
306.08956100134276	475.6153846153845
312.9502689064408	464.53846153846143
312.9554730331646	458.9999999999999
313.513160969208	453.46153846153834
319.4197967477615	447.9230769230768
321.31991454734174	442.38461538461524
321.3798214371142	436.8461538461537
322.23182176482527	431.30769230769215
322.27308322584804	425.7692307692306
323.58647461402506	420.23076923076906
333.0695727558397	414.6923076923075
333.0711114834334	409.15384615384596
334.40971585419425	398.07692307692287
337.6057887079583	387.0
348.7264879875368	391.9230769230769
348.8559591112901	394.38461538461536
355.7784949310516	399.30769230769226
358.01075696735734	401.7692307692307
358.198620701842	404.23076923076917
362.83241714498155	406.6923076923076
362.8425401726553	409.1538461538461
367.9542195909073	411.6153846153845
372.581668712637	416.53846153846143
372.66895142134786	418.9999999999999
379.3600666852541	423.9230769230768
379.44092404587263	426.38461538461524
384.8515957188957	428.8461538461537
384.8599333738953	431.30769230769215
385.64596211367115	433.7692307692306
394.4338101171207	438.6923076923075
394.4445444518147	443.6153846153844
401.014331654168	446.07692307692287
401.72149060773825	451.0
409.0292792505046	443.65384615384613
409.11817020536387	436.30769230769226
409.95536542533586	428.9615384615384
416.61596959405813	421.6153846153845
419.38285125107745	414.26923076923066
419.63492230556136	406.9230769230768
421.36559438256154	392.23076923076906
423.41360926085747	384.8846153846152
432.75591703346026	377.5384615384613
435.76947328063846	370.19230769230745
435.7884025763644	362.8461538461536
441.38318161707303	355.4999999999997
441.47613975306166	348.15384615384585
441.76881006109517	340.807692307692
449.17333352624826	333.4615384615381
452.05094981513713	326.11538461538424
452.0934870151938	318.7692307692304
457.2158896101996	311.4230769230765
457.6419615605992	296.7307692307688
458.8957090571589	289.3846153846149
458.93649936678577	282.03846153846104
471.0505815289204	274.69230769230717
471.0587422640828	267.3461538461533
474.0	260.0
