96.0	249.0
96.18806596580346	256.34615384615387
96.55274950625615	263.69230769230774
104.70971536249249	271.0384615384616
104.72172784048952	278.3846153846155
108.47633357716079	285.73076923076934
108.6893256281931	293.0769230769232
113.34403279743763	300.4230769230771
119.72481248268828	322.4615384615387
119.8300101959515	329.80769230769255
120.23843387852412	337.1538461538464
126.43748442919727	344.5000000000003
128.55035976978925	351.84615384615415
128.65343185553638	359.192307692308
129.35842434731737	366.5384615384619
134.89022665700816	373.88461538461576
139.4329014308082	388.5769230769235
139.46629979287673	395.92307692307736
143.69200583648225	403.2692307692312
148.17496773305902	417.96153846153896
148.24041792894036	425.30769230769283
148.3520710834938	432.6538461538467
154.9847698210414	440.0
157.52862656286322	437.9230769230769
157.68811044599317	435.8461538461538
165.55483489321963	431.6923076923076
165.98238175239212	427.53846153846143
167.70120222652923	423.38461538461524
178.68392001586767	421.30769230769215
185.93189847971763	415.07692307692287
186.268911249037	410.9230769230767
194.03480862129317	408.8461538461536
194.07992074925744	406.7692307692305
198.85590456494316	404.6923076923074
198.87097077714796	402.6153846153843
199.3645451098698	400.5384615384612
206.6976691400638	398.4615384615381
209.2974734208967	396.384615384615
209.4296153687377	392.23076923076883
217.33363789891925	390.15384615384573
219.85718168055956	388.07692307692264
219.9008415248359	386.0
220.5297085324871	391.5769230769231
227.03741027950255	397.1538461538462
227.08867005758586	402.7307692307693
231.80593155554166	408.3076923076924
231.91399104203882	413.8846153846155
237.2245551248709	419.46153846153857
237.22461671970652	425.03846153846166
242.0555341296463	430.61538461538476
244.60588892904076	436.19230769230785
244.60819269547932	441.76923076923094
248.91781561959567	447.34615384615404
254.34364968833853	458.5000000000002
261.2812529300003	475.2307692307695
261.4441294178952	480.8076923076926
269.1099773364056	491.9615384615388
271.01345462806023	497.5384615384619
271.21929232785544	503.115384615385
271.87996924276837	508.6923076923081
278.4732285909438	514.2692307692312
283.8695194383784	525.4230769230774
283.9098638880785	531.0
284.4781292888156	519.9230769230769
285.00133317842864	514.3846153846154
295.12495213225105	508.8461538461538
301.24074651970034	492.23076923076917
301.2762749554288	486.6923076923076
305.58110826522875	481.1538461538461
305.5903386055235	475.6153846153845
305.9911914566403	470.076923076923
312.9298496620134	464.53846153846143
321.42981834006025	442.38461538461524
321.4860928473281	436.8461538461537
321.79036309621796	431.30769230769215
328.30881273970857	425.7692307692306
328.4041775841818	420.23076923076906
332.3382356387016	414.6923076923075
332.5719026320731	409.15384615384596
337.3656929567002	403.6153846153844
344.16257784243027	387.0
344.224454025242	389.46153846153845
344.61776765674546	391.9230769230769
350.97040394868895	394.38461538461536
351.2229113656094	399.30769230769226
358.46513948649834	401.7692307692307
365.76049320624446	409.1538461538461
365.78364967699434	411.6153846153845
365.9496485046895	414.076923076923
367.49750252980846	421.46153846153834
379.8654088521594	423.9230769230768
384.5856384823535	428.8461538461537
384.6170406763882	431.30769230769215
388.9557445862701	433.7692307692306
388.96987147295664	436.23076923076906
389.5792386862557	438.6923076923075
396.7133090943763	441.15384615384596
396.78424738924116	446.07692307692287
406.0858425827319	451.0
406.2105117918742	443.65384615384613
408.32225704010176	428.9615384615384
408.84235711044255	421.6153846153845
419.79817883028824	414.26923076923066
430.34129157653604	384.8846153846152
430.4354130757356	377.5384615384613
435.904200311082	370.19230769230745
438.9802894169574	362.8461538461536
441.11657408299055	355.4999999999997
441.14102533462585	348.15384615384585
446.65721517687905	340.807692307692
449.6235393656461	333.4615384615381
449.6302087323914	326.11538461538424
450.2358370739054	318.7692307692304
457.5375447930961	311.4230769230765
462.8972600217644	296.7307692307688
462.960678598196	289.3846153846149
463.6430575642966	282.03846153846104
465.0988872498566	274.69230769230717
465.8907491428514	267.3461538461533
474.0	260.0
