96.0	249.0
100.14264208977454	256.34615384615387
100.18660211178252	263.69230769230774
104.27457778722304	271.0384615384616
104.41953176910013	278.3846153846155
105.13156807910141	285.73076923076934
111.26942162055266	293.0769230769232
111.27769690142424	300.4230769230771
111.38513864516023	307.76923076923094
112.8251944594169	315.1153846153848
119.86581309012337	322.4615384615387
119.9007814789754	329.80769230769255
120.39392922910099	337.1538461538464
126.40813480994532	344.5000000000003
128.63150589188555	351.84615384615415
128.70601602292038	359.192307692308
133.17898012524958	366.5384615384619
135.18544192329458	373.88461538461576
135.20094845148355	381.2307692307696
135.4583563377047	388.5769230769235
136.4626808623354	395.92307692307736
143.96432033050513	403.2692307692312
144.00800888516963	410.6153846153851
148.43980398871037	417.96153846153896
150.36149600291918	425.30769230769283
150.41188774434377	432.6538461538467
154.91275510531048	440.0
155.09636217084667	435.8461538461538
157.87694598131858	429.6153846153845
173.3837228951173	425.46153846153834
173.39883953070108	423.38461538461524
174.38428926742912	419.23076923076906
177.34840690406295	412.9999999999998
190.9886950409245	410.9230769230767
191.00607222216092	408.8461538461536
199.13047668199076	404.6923076923074
199.42943089137069	400.5384615384612
200.71271905827751	398.4615384615381
208.98301740766814	396.384615384615
221.73504400629682	386.0
221.73766398418243	391.5769230769231
221.76852870990473	397.1538461538462
229.83449619268686	402.7307692307693
231.545194354152	408.3076923076924
231.64890738372134	419.46153846153857
232.6011466825212	425.03846153846166
241.93503981171872	430.61538461538476
241.97969405929896	436.19230769230785
246.77727637726562	441.76923076923094
246.83092524165426	447.34615384615404
253.6975980911831	458.5000000000002
253.91659790403807	469.6538461538464
254.57654469054245	475.2307692307695
263.693296771465	480.8076923076926
266.24558228146185	486.3846153846157
266.28097811291383	491.9615384615388
271.3735020793648	497.5384615384619
271.4614613083914	503.115384615385
271.9868033522616	508.6923076923081
278.60707921327844	514.2692307692312
278.6474947250384	519.8461538461543
280.3694989981817	531.0
287.97196757039234	525.4615384615385
292.22824570586874	514.3846153846154
292.42811762218946	508.8461538461538
294.1358780235767	497.7692307692307
301.1831543183146	492.23076923076917
301.3935195655939	486.6923076923076
306.2207387318513	481.1538461538461
306.23526014355735	475.6153846153845
310.04172032154906	470.076923076923
310.1650350820688	464.53846153846143
310.60495764970983	458.9999999999999
311.5701591446631	453.46153846153834
319.53557016244235	447.9230769230768
321.6136430088681	442.38461538461524
321.69346182610434	436.8461538461537
326.02402867161686	431.30769230769215
330.5907254923867	420.23076923076906
332.7108127202992	414.6923076923075
332.71607584973094	409.15384615384596
333.6223261008624	398.07692307692287
333.6580810817445	392.5384615384613
335.978167256967	387.0
346.2697974450158	389.46153846153845
347.2600673923086	394.38461538461536
353.37349340842354	396.8461538461538
353.49146225203026	399.30769230769226
361.0343836956529	404.23076923076917
361.04843556499077	406.6923076923076
361.83675472735496	409.1538461538461
368.1873521845462	411.6153846153845
369.89887331315987	414.076923076923
369.9684373058477	416.53846153846143
384.4939750707293	431.30769230769215
389.4987507485188	433.7692307692306
389.89551690767945	438.6923076923075
390.923895389438	441.15384615384596
398.73933521408355	443.6153846153844
398.79543194374116	446.07692307692287
406.39846886173933	451.0
408.7127525848309	443.65384615384613
409.1080368566893	428.9615384615384
416.60596856098823	421.6153846153845
416.80326700237987	414.26923076923066
417.49719855479833	406.9230769230768
417.738567677869	399.5769230769229
423.27230226619986	377.5384615384613
435.76426035170806	370.19230769230745
443.93033380183886	348.15384615384585
444.18565012667676	333.4615384615381
446.81417221621086	318.7692307692304
449.2448863361734	311.4230769230765
459.83365463191444	304.07692307692264
463.025803093477	296.7307692307688
463.07384837638597	289.3846153846149
467.93415310838554	282.03846153846104
467.974550579767	274.69230769230717
469.07121635592046	267.3461538461533
474.0	260.0
