96.0	249.0
100.13835377635078	256.34615384615387
100.16650778889787	263.69230769230774
100.23120583393676	271.0384615384616
106.34022131952045	278.3846153846155
108.80890638333517	285.73076923076934
108.8745963602193	293.0769230769232
113.3849799115967	300.4230769230771
113.42777139489085	307.76923076923094
117.79210671320088	315.1153846153848
117.81996488984332	322.4615384615387
122.01833736056949	329.80769230769255
128.63983898803903	351.84615384615415
128.68019708584933	359.192307692308
132.68833347743063	366.5384615384619
134.85934147903401	373.88461538461576
134.87207213976936	381.2307692307696
139.52915116492852	388.5769230769235
141.75684609904812	395.92307692307736
141.78511141004665	403.2692307692312
146.24442539027575	410.6153846153851
146.26558857854207	417.96153846153896
146.85408220621431	432.6538461538467
148.8327994263515	440.0
157.45592843154503	437.9230769230769
158.23635040101794	431.6923076923076
159.75385562917754	429.6153846153845
173.21421080528748	425.46153846153834
174.19152309945494	421.30769230769215
180.79384820317	419.23076923076906
188.9463022705904	412.9999999999998
188.98222117210997	410.9230769230767
204.26556253074165	400.5384615384612
204.27574553008455	398.4615384615381
204.37277488167885	396.384615384615
211.84045148162193	394.3076923076919
217.3293506480046	388.07692307692264
221.85402686866192	386.0
221.89072208635272	391.5769230769231
221.99881300695282	397.1538461538462
226.33171848711802	413.8846153846155
237.1727406487915	419.46153846153857
241.7288518173394	430.61538461538476
241.7623623615346	436.19230769230785
242.25061698076198	441.76923076923094
248.89455697801307	447.34615384615404
251.87036673221075	452.92307692307713
251.9086332245974	458.5000000000002
252.5821151998474	464.0769230769233
258.7452626100746	469.6538461538464
258.82523876900314	475.2307692307695
263.86155414361065	480.8076923076926
266.318187028767	486.3846153846157
266.3688037317543	491.9615384615388
271.04271897252164	497.5384615384619
271.25016136979633	503.115384615385
276.4255738092154	508.6923076923081
278.38788704230336	514.2692307692312
278.42548313902535	519.8461538461543
278.9603575978902	525.4230769230774
279.03713538618166	531.0
288.2840863655451	525.4615384615385
301.5093928149828	492.23076923076917
301.6007718302996	486.6923076923076
306.04788322189273	481.1538461538461
306.0496387129981	475.6153846153845
306.5745099180845	470.076923076923
312.2611594431282	464.53846153846143
315.08527530604385	458.9999999999999
315.10522629177353	453.46153846153834
315.31741325387935	447.9230769230768
315.7175059156163	442.38461538461524
317.95172238474237	431.30769230769215
328.47443256073706	425.7692307692306
328.5042016638179	420.23076923076906
328.9373510565261	414.6923076923075
329.1052828364318	409.15384615384596
337.2697714270358	403.6153846153844
339.27012209712353	398.07692307692287
339.2803699508707	392.5384615384613
343.75618694905677	387.0
344.24664770344384	391.9230769230769
351.3712917144452	394.38461538461536
351.4060934733166	396.8461538461538
355.9301343638889	399.30769230769226
355.95861072199443	401.7692307692307
356.2884301274885	404.23076923076917
363.05062594670386	406.6923076923076
365.7223344028718	409.1538461538461
365.7535248203181	411.6153846153845
372.8888512701378	416.53846153846143
372.9116648439885	418.9999999999999
373.56703859442075	421.46153846153834
384.8173061103776	428.8461538461537
384.8408450138715	431.30769230769215
385.35851836514786	433.7692307692306
386.37448818933217	436.23076923076906
396.76333549395673	451.0
409.12236261311557	443.65384615384613
411.9389828706853	436.30769230769226
411.9514846303242	428.9615384615384
417.2871416033535	421.6153846153845
417.2969946056706	414.26923076923066
417.73211735594543	406.9230769230768
425.44166380415606	399.5769230769229
435.70958659967147	370.19230769230745
435.7118703067104	362.8461538461536
435.8511580101833	355.4999999999997
444.1442401859195	348.15384615384585
444.17231567813116	340.807692307692
445.13010407362736	333.4615384615381
452.40160685244086	326.11538461538424
455.1411050516536	318.7692307692304
455.1424807275993	311.4230769230765
463.11226408255516	296.7307692307688
465.38406616763655	289.3846153846149
465.501899858095	282.03846153846104
471.087545602377	274.69230769230717
473.5329977946553	267.3461538461533
474.0	260.0
