96.0	249.0
96.00647407024114	256.34615384615387
97.41854483354348	263.69230769230774
104.12369360647043	271.0384615384616
104.12442028669098	278.3846153846155
105.05923267754115	285.73076923076934
110.69656046837864	293.0769230769232
110.8736162449296	300.4230769230771
115.71017042040492	307.76923076923094
115.7119191053683	315.1153846153848
115.88957000963813	322.4615384615387
116.48494331355073	329.80769230769255
116.63804293466404	337.1538461538464
126.5030958450142	344.5000000000003
126.50529603228229	351.84615384615415
130.72348725834223	359.192307692308
132.94918243846405	366.5384615384619
133.01905817736048	373.88461538461576
133.33078831099144	381.2307692307696
139.30538541967692	388.5769230769235
139.32701478510177	395.92307692307736
139.36934807034015	403.2692307692312
140.97999725770023	410.6153846153851
148.36558659470484	417.96153846153896
152.43936676611986	432.6538461538467
155.5154355908704	440.0
160.12816477876683	435.8461538461538
160.18400284042028	433.7692307692307
167.96643924188683	429.6153846153845
168.06582999205938	427.53846153846143
169.21356137551524	423.38461538461524
178.124848817336	421.30769230769215
178.13389798866575	419.23076923076906
183.42958992296195	417.15384615384596
196.42923837131514	406.7692307692305
198.68302190332815	404.6923076923074
198.70557773404425	402.6153846153843
211.90639965700706	394.3076923076919
211.91235775158404	392.23076923076883
214.573687511723	386.0
215.15111383333777	391.5769230769231
215.19417192004423	397.1538461538462
215.53859016790696	402.7307692307693
217.7594097640621	408.3076923076924
220.8732805140512	413.8846153846155
236.87969456093344	419.46153846153857
236.9724791935584	425.03846153846166
237.6822533698739	430.61538461538476
239.07974427001798	436.19230769230785
247.07243664569907	441.76923076923094
248.7242229954889	447.34615384615404
251.86489534892402	452.92307692307713
251.87342009247118	458.5000000000002
251.96729228725596	464.0769230769233
258.8612790452154	469.6538461538464
259.0133624222973	475.2307692307695
259.67912044709755	480.8076923076926
266.667909607255	486.3846153846157
283.91822598563647	525.4230769230774
285.5088324486733	531.0
288.2859894907005	525.4615384615385
288.3023678175282	519.9230769230769
292.56060787505146	514.3846153846154
303.82350888048194	486.6923076923076
303.9564517851835	475.6153846153845
310.75839336654786	470.076923076923
310.76132164033936	464.53846153846143
317.3631138780595	453.46153846153834
317.38956020434796	447.9230769230768
317.5709073657962	436.8461538461537
326.36574473231474	431.30769230769215
328.02315458799495	425.7692307692306
328.1622512804452	420.23076923076906
332.4533875491475	414.6923076923075
335.2583836826213	409.15384615384596
335.2687804233419	403.6153846153844
339.4953489332508	398.07692307692287
339.56280373533923	392.5384615384613
340.3073276517704	387.0
346.7463300958505	389.46153846153845
350.9469715652613	394.38461538461536
351.1158519169946	396.8461538461538
353.0573262786148	401.7692307692307
353.9520137033596	406.6923076923076
365.1094311828623	409.1538461538461
377.00163616586724	421.46153846153834
377.18636742240653	423.9230769230768
382.3894955293001	426.38461538461524
382.38979440848465	428.8461538461537
382.6371766499014	431.30769230769215
385.2960999661593	438.6923076923075
396.57437208951234	441.15384615384596
399.1373400677244	443.6153846153844
399.1505187298739	446.07692307692287
399.57619360107145	448.5384615384613
405.83100169653784	451.0
405.8436243611099	443.65384615384613
406.7901400420999	436.30769230769226
413.89188974567077	428.9615384615384
413.9319933001159	421.6153846153845
420.0320082438822	414.26923076923066
422.5866405431409	406.9230769230768
422.619169184668	399.5769230769229
424.31015669363524	384.8846153846152
428.1000125577966	370.19230769230745
438.57933428006595	362.8461538461536
438.6324722531476	355.4999999999997
443.9527878895388	348.15384615384585
447.0482977228861	340.807692307692
449.32394509415263	333.4615384615381
449.44319695925543	326.11538461538424
454.45218861101205	318.7692307692304
454.59673640743887	311.4230769230765
460.07712360307613	304.07692307692264
460.0960587241841	296.7307692307688
465.38035507956465	289.3846153846149
468.1717724124664	282.03846153846104
470.92307316969715	274.69230769230717
471.04881912927283	267.3461538461533
474.0	260.0
