96.0	249.0
102.42199454925137	263.69230769230774
102.42365345725624	271.0384615384616
106.2449287754605	278.3846153846155
106.35535364346279	285.73076923076934
110.6618883151469	293.0769230769232
112.89450357157646	300.4230769230771
113.19218544049642	315.1153846153848
120.1064299541685	322.4615384615387
120.10860975106424	329.80769230769255
124.44533518654887	337.1538461538464
124.44659766416925	344.5000000000003
128.26924338664858	351.84615384615415
128.4370409053701	359.192307692308
133.06338531874957	366.5384615384619
137.53214013009412	381.2307692307696
137.5617888988016	388.5769230769235
141.468064143435	395.92307692307736
144.1149561664698	403.2692307692312
144.12173860768513	410.6153846153851
144.26122164115824	417.96153846153896
145.32597610323614	425.30769230769283
145.9312058489593	432.6538461538467
148.2195444531715	440.0
157.8898360568073	437.9230769230769
157.93925726259033	435.8461538461538
162.84632212204178	433.7692307692307
162.92945314310668	431.6923076923076
163.5052025381649	429.6153846153845
170.35907673749296	427.53846153846143
173.41244065965716	425.46153846153834
173.4624711698202	423.38461538461524
186.45947414763336	415.07692307692287
188.40733593460592	412.9999999999998
189.170068542254	408.8461538461536
196.2077439740743	406.7692307692305
196.4992420430904	402.6153846153843
203.77078625433086	400.5384615384612
205.10632755480472	392.23076923076883
207.03183247050364	390.15384615384573
219.25920015362058	388.07692307692264
219.4302455359794	386.0
224.50496457759021	391.5769230769231
226.6686907751315	397.1538461538462
226.80094576693287	402.7307692307693
231.60608190966377	408.3076923076924
236.57728745708886	419.46153846153857
236.73114966724035	425.03846153846166
237.2516393627633	430.61538461538476
237.45450362236338	436.19230769230785
246.64198404339115	441.76923076923094
246.752477375722	447.34615384615404
251.9818965806	452.92307692307713
251.98201055417724	458.5000000000002
256.38593819714794	464.0769230769233
256.5301409828358	469.6538461538464
257.17350229383834	475.2307692307695
263.9512331921891	480.8076923076926
263.96782050267365	486.3846153846157
264.6310244271482	491.9615384615388
267.4240049441813	508.6923076923081
278.6575364474139	514.2692307692312
278.6583909523999	519.8461538461543
283.2130933035915	525.4230769230774
283.2655258129942	531.0
284.0904583860399	525.4615384615385
290.1801172496895	519.9230769230769
303.7717444925066	486.6923076923076
303.8522138286515	481.1538461538461
304.08638457025876	475.6153846153845
305.3857407467203	464.53846153846143
306.2224452405013	458.9999999999999
308.1475466171243	453.46153846153834
319.48025721301326	447.9230769230768
321.35981789631467	442.38461538461524
321.48009749400876	436.8461538461537
321.8103377920618	431.30769230769215
328.29845208736725	425.7692307692306
328.310501707071	420.23076923076906
328.74163250662394	414.6923076923075
329.4972312577955	409.15384615384596
331.3316378246955	403.6153846153844
331.433502154908	398.07692307692287
331.48966007435536	392.5384615384613
344.09050081959134	387.0
344.13658494148984	389.46153846153845
345.7563212835161	396.8461538461538
347.5784698246143	399.30769230769226
358.1245811388835	401.7692307692307
358.25257912629536	404.23076923076917
363.38580520738753	406.6923076923076
363.3998491713599	409.1538461538461
368.018036564327	411.6153846153845
377.1436598215906	421.46153846153834
377.3504955781318	423.9230769230768
379.7538593396319	431.30769230769215
389.1422698641151	433.7692307692306
394.08258172088784	438.6923076923075
394.18500256534	441.15384615384596
395.28154690358576	448.5384615384613
405.80705758587203	451.0
409.16620140056915	443.65384615384613
419.6203717125154	414.26923076923066
419.69010829437644	406.9230769230768
420.0078232306314	399.5769230769229
427.9946598982017	392.23076923076906
430.28744347973463	384.8846153846152
430.290779912893	377.5384615384613
431.6225049167722	362.8461538461536
431.6287888782927	355.4999999999997
434.62084745100833	340.807692307692
449.0606319295219	333.4615384615381
449.3816035895857	318.7692307692304
449.9814920754003	311.4230769230765
452.425210702844	304.07692307692264
454.3700000132408	289.3846153846149
468.05515815969926	282.03846153846104
470.82071509979386	274.69230769230717
470.93477877705715	267.3461538461533
474.0	260.0
