96.0	249.0
99.7693254199379	256.34615384615387
99.79981759566095	263.69230769230774
100.5450525070356	271.0384615384616
106.70992753334117	278.3846153846155
106.72069466288724	285.73076923076934
107.48397940596946	293.0769230769232
112.88291253261471	300.4230769230771
113.04600914249322	307.76923076923094
120.00379162431058	322.4615384615387
121.72800637742051	329.80769230769255
121.84991952343793	337.1538461538464
128.53364171250632	351.84615384615415
128.5917334910416	359.192307692308
129.43368543258876	373.88461538461576
137.41682376831687	381.2307692307696
139.37653782838916	388.5769230769235
139.5060528281331	395.92307692307736
143.9227980933773	403.2692307692312
146.29105309250525	410.6153846153851
146.30985116151416	417.96153846153896
146.8856019008871	425.30769230769283
147.5937076329686	440.0
162.90088399529947	433.7692307692307
167.68716379774685	429.6153846153845
168.63673637090017	425.46153846153834
176.0292366176844	423.38461538461524
176.29982093664782	419.23076923076906
183.6762470699597	417.15384615384596
185.96708151305697	412.9999999999998
196.07226230663872	406.7692307692305
196.60992318238118	402.6153846153843
203.68971467425771	400.5384615384612
203.6946839123338	398.4615384615381
205.03856578298482	394.3076923076919
217.1104327410331	390.15384615384573
217.99221881328984	386.0
218.81954561283138	391.5769230769231
227.05520680370532	397.1538461538462
229.63237714105108	402.7307692307693
229.6500767159591	408.3076923076924
236.9766531869189	419.46153846153857
237.02023407688537	425.03846153846166
237.5872800863197	430.61538461538476
244.1554213783491	436.19230769230785
244.24260533914048	441.76923076923094
244.52666537925703	447.34615384615404
251.18956621423416	452.92307692307713
251.26364459888484	458.5000000000002
251.75420709310623	464.0769230769233
252.80960675485105	469.6538461538464
261.39950622969087	497.5384615384619
273.7233924374607	503.115384615385
273.87259262754105	514.2692307692312
280.8699307545529	519.8461538461543
280.8802325099742	525.4230769230774
281.2706819471481	531.0
284.34087562152905	519.9230769230769
284.44062993341703	514.3846153846154
294.65528595850117	508.8461538461538
296.7337331848993	503.30769230769226
296.89769506198485	497.7692307692307
301.69854631530114	492.23076923076917
303.5388834617034	486.6923076923076
303.5858642359644	481.1538461538461
304.22575124713217	475.6153846153845
310.203920613233	470.076923076923
310.3630591541945	464.53846153846143
317.44480016887763	453.46153846153834
317.44683549951003	447.9230769230768
317.4783955817685	442.38461538461524
317.704215321463	436.8461538461537
326.11461349410524	431.30769230769215
330.3422553094651	420.23076923076906
330.50634533802577	414.6923076923075
331.0490111776857	409.15384615384596
337.2142597234005	403.6153846153844
339.2735157207858	398.07692307692287
339.2962890277742	392.5384615384613
343.85888337643013	387.0
351.36228979169664	394.38461538461536
351.41198225399717	396.8461538461538
355.9861502315204	399.30769230769226
356.0373975764965	401.7692307692307
356.8519613220432	404.23076923076917
363.07903607519944	406.6923076923076
365.7126470565305	409.1538461538461
365.73075589774027	411.6153846153845
372.9540491710051	416.53846153846143
373.02498200074064	421.46153846153834
382.53670318044135	426.38461538461524
384.25638893966567	428.8461538461537
384.2620296928388	431.30769230769215
386.1266096645066	438.6923076923075
387.8070692596493	441.15384615384596
398.9913047340931	443.6153846153844
399.05267218460074	446.07692307692287
403.4542174694207	448.5384615384613
403.6171159276427	451.0
403.87281412492297	443.65384615384613
411.94615725483413	436.30769230769226
414.0858239196956	428.9615384615384
414.2889859536665	421.6153846153845
419.73389592784497	414.26923076923066
419.74221388037347	406.9230769230768
419.78731236320334	399.5769230769229
420.94528523020557	392.23076923076906
430.0939800658926	384.8846153846152
430.18349221339486	377.5384615384613
435.7257147406946	370.19230769230745
443.93745141990564	348.15384615384585
443.948565000565	340.807692307692
444.09982730075086	333.4615384615381
445.9117293552	326.11538461538424
446.93911128421263	318.7692307692304
457.5603804167558	311.4230769230765
457.6700747865721	296.7307692307688
465.2811794231305	289.3846153846149
473.6713037014715	267.3461538461533
474.0	260.0
