96.0	249.0
97.03303313808081	263.69230769230774
104.7434544894579	271.0384615384616
111.16139997850391	293.0769230769232
111.20464347645832	300.4230769230771
115.61976356551335	307.76923076923094
122.17099918899899	329.80769230769255
122.19568460062533	337.1538461538464
126.23518575866703	344.5000000000003
126.30162841157055	351.84615384615415
126.55830699142354	359.192307692308
133.24578979054468	366.5384615384619
135.021950244722	373.88461538461576
135.05864066010412	381.2307692307696
139.84306161121663	388.5769230769235
139.844052000007	395.92307692307736
140.06876935043445	403.2692307692312
141.8820867281155	417.96153846153896
143.19770146774937	425.30769230769283
152.8985059059268	432.6538461538467
154.92409832219343	440.0
154.96808284088397	437.9230769230769
170.50085408520562	427.53846153846143
170.52893512633108	425.46153846153834
176.1445455769072	423.38461538461524
176.1603166641966	421.30769230769215
176.6852106086893	417.15384615384596
179.4559051116559	412.9999999999998
191.36664621614057	410.9230769230767
191.43420563665248	408.8461538461536
196.08627820233121	406.7692307692305
196.2075638726883	404.6923076923074
204.53065003219413	400.5384615384612
204.53069048792972	398.4615384615381
209.5801434195753	396.384615384615
221.82309002855976	386.0
221.91071744202097	391.5769230769231
226.842838827658	397.1538461538462
226.98854903514328	402.7307692307693
227.54398020023507	408.3076923076924
230.11547295601184	419.46153846153857
232.1324370810293	425.03846153846166
241.7900818877596	430.61538461538476
241.8395866208179	436.19230769230785
242.0586982225621	441.76923076923094
243.59616705417938	447.34615384615404
244.4006407178797	452.92307692307713
254.06152983740134	458.5000000000002
254.15939570766494	464.0769230769233
261.75345388525176	475.2307692307695
261.7797460889259	480.8076923076926
261.87297721851	486.3846153846157
262.65263609869544	491.9615384615388
262.71188230537626	497.5384615384619
266.09381264313464	508.6923076923081
278.69753370162863	514.2692307692312
278.70227261415874	519.8461538461543
283.8730526141281	525.4230769230774
286.22852366639944	531.0
292.6999560631872	514.3846153846154
292.7095431225394	508.8461538461538
293.2751390834252	503.30769230769226
298.96575904029334	497.7692307692307
301.7082136463777	492.23076923076917
301.7226911335388	486.6923076923076
302.39706668322253	481.1538461538461
307.865100496146	475.6153846153845
308.08319789958625	470.076923076923
308.5622265576791	464.53846153846143
314.878875535374	458.9999999999999
314.88999678279436	453.46153846153834
321.54098986867143	442.38461538461524
321.55477412853577	436.8461538461537
326.20405840109225	431.30769230769215
327.9451648562719	425.7692307692306
328.0853901895758	420.23076923076906
332.724196692185	414.6923076923075
334.8933414227411	409.15384615384596
334.9702208545222	403.6153846153844
339.73794184357575	398.07692307692287
343.71865893397575	387.0
344.38487757284105	394.38461538461536
348.8905112774164	399.30769230769226
358.66176278239215	401.7692307692307
363.1696196787533	406.6923076923076
363.17503765813626	409.1538461538461
363.43246874051096	411.6153846153845
370.483866862262	414.076923076923
374.63297108406874	418.9999999999999
374.68030699606413	421.46153846153834
380.1091194456959	423.9230769230768
380.12333597723375	426.38461538461524
389.6725068812344	433.7692307692306
391.7745991120491	436.23076923076906
391.8075863287292	438.6923076923075
396.6325351485061	441.15384615384596
398.91909216555723	443.6153846153844
399.0163562937975	446.07692307692287
406.21793466371673	451.0
408.8338381188983	443.65384615384613
408.8416945986803	436.30769230769226
414.1778142266305	428.9615384615384
414.3375713107162	421.6153846153845
415.1586055605093	414.26923076923066
422.50247186523706	406.9230769230768
430.6122756242975	384.8846153846152
430.6721359800291	377.5384615384613
431.24261279878573	355.4999999999997
443.700075609178	348.15384615384585
443.89755647470935	340.807692307692
449.04569742998734	333.4615384615381
451.65829583594814	326.11538461538424
451.76409152319786	318.7692307692304
457.16687475443314	311.4230769230765
460.1260541626236	304.07692307692264
460.16879306696484	296.7307692307688
461.77188555247136	282.03846153846104
470.76084144853235	274.69230769230717
473.39906355849575	267.3461538461533
474.0	260.0
