96.0	249.0
96.14794189908064	256.34615384615387
101.95711283129985	263.69230769230774
104.36975746162028	271.0384615384616
104.47992982505134	278.3846153846155
109.14116795063724	285.73076923076934
112.95528951289391	300.4230769230771
113.10859790488676	307.76923076923094
114.5110640614671	322.4615384615387
114.81426691052036	329.80769230769255
124.09933396306678	337.1538461538464
124.10958102922463	344.5000000000003
124.49410851010691	351.84615384615415
130.80079921600384	359.192307692308
143.8085846686918	403.2692307692312
143.81692797734814	410.6153846153851
143.89146610163678	417.96153846153896
145.45883440657133	425.30769230769283
146.41109334179828	432.6538461538467
148.4543312145827	440.0
148.7678472535805	437.9230769230769
152.3793430812013	433.7692307692307
165.7167464427576	431.6923076923076
167.9974728070542	429.6153846153845
168.12119348464446	427.53846153846143
175.93689848988873	423.38461538461524
181.0970045720802	419.23076923076906
181.16093711515316	417.15384615384596
186.2593987500501	415.07692307692287
186.27793205690736	412.9999999999998
191.5428651028913	410.9230769230767
193.39738942140085	408.8461538461536
193.5787906845638	406.7692307692305
206.64141501622112	398.4615384615381
206.72621206219284	396.384615384615
208.6538223881236	390.15384615384573
219.42530617786525	388.07692307692264
219.55592542255064	386.0
224.2426391815466	391.5769230769231
224.4148245415059	397.1538461538462
229.4025505893673	402.7307692307693
229.43442641498112	408.3076923076924
230.50800713615737	419.46153846153857
239.0985917384922	425.03846153846166
251.5997410384454	452.92307692307713
253.6632419091304	458.5000000000002
253.72414686649597	464.0769230769233
259.38037552173427	469.6538461538464
261.18157025064096	475.2307692307695
261.3622951105954	480.8076923076926
266.5267153986213	486.3846153846157
266.66264860451923	497.5384615384619
267.82423199372124	503.115384615385
275.8834941855709	508.6923076923081
275.911321968884	514.2692307692312
281.29639849553024	519.8461538461543
281.3631614551303	525.4230769230774
286.0240408493236	531.0
290.3451911209352	519.9230769230769
290.36897806765006	514.3846153846154
291.0519134381339	508.8461538461538
296.7184823102841	503.30769230769226
296.928341197418	497.7692307692307
297.6052246644336	492.23076923076917
303.76885749170407	486.6923076923076
303.76888295653436	481.1538461538461
304.43397039697527	475.6153846153845
310.48996297063536	470.076923076923
310.54937652275487	464.53846153846143
311.9558182989083	453.46153846153834
319.3537356407708	447.9230769230768
326.2065253110474	431.30769230769215
326.2308542211528	425.7692307692306
326.39720394865356	420.23076923076906
332.353191016691	414.6923076923075
335.0610511283974	409.15384615384596
341.98124291458237	392.5384615384613
341.98713556027394	387.0
342.10347774974656	389.46153846153845
348.37953796927314	391.9230769230769
348.6605797605303	396.8461538461538
356.0127238187184	399.30769230769226
361.01462684734713	404.23076923076917
361.02610706051644	406.6923076923076
361.76316380139633	411.6153846153845
372.9712654319174	416.53846153846143
372.9765845575695	418.9999999999999
373.3234492065663	421.46153846153834
379.9995659663829	423.9230769230768
380.0495627156009	426.38461538461524
380.87682745108395	428.8461538461537
387.1544508187756	431.30769230769215
387.21493925670416	436.23076923076906
388.79228284842065	438.6923076923075
396.13774899486594	441.15384615384596
403.3113308881375	448.5384615384613
403.52328456108614	451.0
408.6069550316472	443.65384615384613
411.7044490450991	436.30769230769226
411.8169671496458	428.9615384615384
416.9948583691625	421.6153846153845
419.3857145879297	414.26923076923066
419.5077017540866	406.9230769230768
425.1878743244249	399.5769230769229
425.298488995765	392.23076923076906
430.5425063249161	384.8846153846152
435.4205891392348	370.19230769230745
435.70785764512107	362.8461538461536
441.1487325873057	355.4999999999997
443.7670142075528	348.15384615384585
443.8776665807615	340.807692307692
449.51235853389346	333.4615384615381
452.15263930242656	326.11538461538424
452.23893156067214	318.7692307692304
457.83349863720827	311.4230769230765
462.5685401384176	296.7307692307688
462.6803757661607	289.3846153846149
468.50814773050337	282.03846153846104
473.39601548210754	267.3461538461533
474.0	260.0
