96.0	249.0
96.5435545404431	256.34615384615387
98.22197850045166	271.0384615384616
98.53731889179498	278.3846153846155
100.36273982466258	285.73076923076934
111.1121105239823	293.0769230769232
111.18440596211173	300.4230769230771
115.69148068998203	307.76923076923094
122.05796871549998	329.80769230769255
122.069042877379	337.1538461538464
122.71946604601705	344.5000000000003
128.2070368015265	351.84615384615415
130.44557419025602	359.192307692308
130.65308665592616	366.5384615384619
135.15127629869534	373.88461538461576
135.21008172017258	381.2307692307696
139.5407698912443	388.5769230769235
139.60036762717465	395.92307692307736
140.07875898118706	403.2692307692312
142.8510792197759	417.96153846153896
150.4364858824889	425.30769230769283
150.514129477741	432.6538461538467
155.18075330817877	440.0
155.19112375656496	437.9230769230769
160.3312756325479	435.8461538461538
163.14013404731563	433.7692307692307
163.1450017966426	431.6923076923076
178.01436298979377	421.30769230769215
178.98649818692564	417.15384615384596
185.87615233675544	415.07692307692287
188.61230468032736	412.9999999999998
188.67710744808753	410.9230769230767
196.43365084104752	406.7692307692305
196.53106976277496	404.6923076923074
197.39068202513258	402.6153846153843
209.2457546075177	396.384615384615
209.82882400590262	392.23076923076883
210.89880295222667	390.15384615384573
222.43337383617495	386.0
222.43888864326084	391.5769230769231
229.70008055257892	402.7307692307693
229.7470325446219	408.3076923076924
236.81163916154534	419.46153846153857
238.9557509623247	425.03846153846166
239.1730974791788	430.61538461538476
247.0342372583375	441.76923076923094
247.04366719817924	447.34615384615404
251.2172632033133	452.92307692307713
251.39260542716767	458.5000000000002
251.9365489763394	464.0769230769233
258.9326683743231	469.6538461538464
266.5514239176941	486.3846153846157
266.5807953600256	491.9615384615388
266.88079211906097	497.5384615384619
267.9803882242167	503.115384615385
268.27485282793276	508.6923076923081
278.32733735664	514.2692307692312
280.92400586434525	519.8461538461543
280.9691250542079	525.4230769230774
285.8277942980464	531.0
297.1182303199941	503.30769230769226
297.136536438968	497.7692307692307
301.22414034994455	492.23076923076917
305.65226299229727	481.1538461538461
305.6553982051527	475.6153846153845
306.9609493087699	464.53846153846143
314.6326399730667	458.9999999999999
314.8247297000151	453.46153846153834
319.43605220901276	447.9230769230768
319.52003990325426	442.38461538461524
323.485615075969	436.8461538461537
328.5068609334498	425.7692307692306
328.53604675643317	420.23076923076906
335.20050857755007	409.15384615384596
336.80917260942164	403.6153846153844
337.03911723321636	398.07692307692287
341.5964582515961	392.5384615384613
343.9928857326212	387.0
344.1079400557244	389.46153846153845
344.6670371190916	391.9230769230769
353.58035305153993	396.8461538461538
353.6243270939302	399.30769230769226
353.9372254018951	401.7692307692307
360.40714307686994	404.23076923076917
365.4400687323384	409.1538461538461
365.5639386798246	411.6153846153845
370.29935746181167	414.076923076923
370.3579437906949	416.53846153846143
377.2185225865859	421.46153846153834
377.7778670412409	426.38461538461524
384.44103627252144	428.8461538461537
386.7395917218092	431.30769230769215
386.7617616601959	433.7692307692306
391.84103250251127	436.23076923076906
391.88523833288707	438.6923076923075
401.30191869113423	446.07692307692287
401.3276725699777	448.5384615384613
406.37848388548304	451.0
408.73895044472016	443.65384615384613
408.8712563100352	436.30769230769226
409.31393436770514	428.9615384615384
409.3602421322554	421.6153846153845
419.66422242647707	414.26923076923066
422.31008174250513	406.9230769230768
422.34150589416316	399.5769230769229
427.5308918867649	392.23076923076906
430.0475010836386	384.8846153846152
430.04898790307664	377.5384615384613
430.8237303239505	370.19230769230745
431.0619979383779	362.8461538461536
441.27225822859174	355.4999999999997
446.5448404421463	340.807692307692
446.5982110979929	333.4615384615381
447.4653189967584	326.11538461538424
454.9818822491406	318.7692307692304
457.6470770550006	311.4230769230765
457.6556949709167	304.07692307692264
463.01002404610404	296.7307692307688
473.5912985977781	267.3461538461533
474.0	260.0
