96.0	249.0
102.39505712022316	263.69230769230774
104.33697583471033	271.0384615384616
104.35984975014682	278.3846153846155
111.06718925952488	293.0769230769232
111.15532164677072	300.4230769230771
111.17676847817604	307.76923076923094
112.25512938409143	322.4615384615387
114.83380971700791	344.5000000000003
128.2834885962531	351.84615384615415
133.13649546336958	366.5384615384619
133.20784922206957	381.2307692307696
139.26715150689157	388.5769230769235
141.8737719360836	395.92307692307736
141.87742761221335	403.2692307692312
142.1180509225331	410.6153846153851
142.9445405226229	417.96153846153896
150.2941402760555	425.30769230769283
150.39953459580056	432.6538461538467
150.59362876820236	440.0
158.0683951216872	437.9230769230769
160.36444079152804	435.8461538461538
160.37023986946724	433.7692307692307
161.12889822383434	431.6923076923076
168.25556437486676	429.6153846153845
170.70756582309136	427.53846153846143
171.14149786307703	423.38461538461524
178.54584388262367	421.30769230769215
179.09954133413004	417.15384615384596
185.9716318965708	415.07692307692287
186.06609599840732	412.9999999999998
193.722219977242	406.7692307692305
198.88480377524405	404.6923076923074
199.24866662584495	400.5384615384612
207.11186620908188	398.4615384615381
207.11226110735984	396.384615384615
219.85411571799148	388.07692307692264
219.87689534584507	386.0
220.21583523053422	391.5769230769231
221.05326196555325	397.1538461538462
223.6911066719975	408.3076923076924
234.68205258424365	413.8846153846155
234.70891814863023	419.46153846153857
239.66559242614983	425.03846153846166
239.67235335603047	430.61538461538476
240.04338906743098	436.19230769230785
246.73592428176408	441.76923076923094
249.47483792817806	447.34615384615404
249.48049296610856	452.92307692307713
249.81054606929249	458.5000000000002
256.39115731772785	464.0769230769233
256.52457812085703	469.6538461538464
256.9255358212803	475.2307692307695
263.8245696811727	480.8076923076926
269.2079567208711	491.9615384615388
269.21077222742366	497.5384615384619
273.48500345802864	503.115384615385
278.68534107707393	514.2692307692312
278.7334614408139	519.8461538461543
278.876991392599	525.4230769230774
285.57474856127953	531.0
288.2598215462695	525.4615384615385
288.32222579047766	519.9230769230769
292.9072222728094	514.3846153846154
292.91222115722474	508.8461538461538
296.8686378844018	503.30769230769226
297.0393190077305	497.7692307692307
297.53711662520476	492.23076923076917
303.78334025916934	486.6923076923076
306.1800006224387	481.1538461538461
306.1903135176022	475.6153846153845
315.16421498180875	458.9999999999999
315.17478227562333	453.46153846153834
315.4804624569945	442.38461538461524
317.3676047536473	436.8461538461537
325.73248356983856	431.30769230769215
328.2794550990578	425.7692307692306
328.2890560786402	420.23076923076906
328.60965523924284	414.6923076923075
335.01161224578044	409.15384615384596
335.0459827140731	403.6153846153844
335.8494610218419	398.07692307692287
336.00375960279734	392.5384615384613
337.895746779641	387.0
340.88109328497546	394.38461538461536
341.0406217588229	396.8461538461538
355.81193340760717	399.30769230769226
360.59480473230707	404.23076923076917
360.6369366389743	406.6923076923076
361.044042047225	409.1538461538461
367.6076897603285	411.6153846153845
384.86903748452147	428.8461538461537
384.87209709095663	431.30769230769215
389.35856523167325	433.7692307692306
389.3996291635588	436.23076923076906
390.3007192100869	441.15384615384596
398.74764721537844	443.6153846153844
401.02000790037897	446.07692307692287
401.8932112142765	451.0
402.25479489448685	443.65384615384613
411.2710934535942	436.30769230769226
411.46106556676267	428.9615384615384
412.7419443491018	414.26923076923066
414.3758109695684	406.9230769230768
415.0543400763707	399.5769230769229
427.50473441523525	392.23076923076906
427.6655745822644	384.8846153846152
433.28107730031604	377.5384615384613
438.53857015790186	362.8461538461536
438.66433493531775	355.4999999999997
439.66344377178166	340.807692307692
449.61311382715775	333.4615384615381
452.3833277789128	326.11538461538424
452.40449785895606	318.7692307692304
457.03035352554593	311.4230769230765
465.16729227149915	289.3846153846149
465.36673949684115	282.03846153846104
466.4210111808121	274.69230769230717
473.9303219447569	267.3461538461533
474.0	260.0
