96.0	249.0
99.7034210544345	256.34615384615387
99.8218807903282	263.69230769230774
104.51803115297615	271.0384615384616
104.57090345630212	278.3846153846155
104.73190720753517	285.73076923076934
111.05728845277305	293.0769230769232
113.16705980294816	300.4230769230771
113.2128631256685	307.76923076923094
117.55834673884259	315.1153846153848
117.59863074782372	322.4615384615387
117.91016392340507	329.80769230769255
123.81381777094451	337.1538461538464
126.3297469961929	344.5000000000003
126.59470053734596	359.192307692308
126.65102807955869	366.5384615384619
127.73261279916775	373.88461538461576
136.95658367459995	381.2307692307696
139.63232851318776	388.5769230769235
139.66217976882558	395.92307692307736
140.22887898363595	403.2692307692312
145.8887817926713	410.6153846153851
148.17665774652912	417.96153846153896
148.21985761861092	425.30769230769283
152.8388075287137	432.6538461538467
155.0059244006509	440.0
173.3662201537171	425.46153846153834
177.01786302861396	412.9999999999998
194.08953800938656	408.8461538461536
194.31808297843125	404.6923076923074
195.08496280533723	402.6153846153843
203.7781213035768	400.5384615384612
205.09577520983285	392.23076923076883
216.95610764910083	390.15384615384573
217.39160287991237	386.0
224.8862522419691	391.5769230769231
227.11518376920188	397.1538461538462
227.17416768918977	408.3076923076924
227.2609941682019	413.8846153846155
230.2619857277614	425.03846153846166
232.7331232229646	430.61538461538476
244.50579007318262	436.19230769230785
249.28085552652186	447.34615384615404
249.36252651067426	452.92307692307713
250.4574785909719	464.0769230769233
259.2177214083916	469.6538461538464
261.8026653610514	475.2307692307695
266.40149201846214	486.3846153846157
266.46486628861715	491.9615384615388
268.2898537312645	508.6923076923081
278.6807054211807	514.2692307692312
281.17488339589283	519.8461538461543
281.2027762562528	525.4230769230774
286.17431977111175	531.0
289.95487410961476	519.9230769230769
290.07382613803355	514.3846153846154
295.144966067642	508.8461538461538
295.1518596541759	497.7692307692307
296.29087107036327	492.23076923076917
296.49399471126304	486.6923076923076
298.7924984935845	481.1538461538461
301.5314727067781	470.076923076923
312.4297118961198	464.53846153846143
312.50942631094404	458.9999999999999
317.4166554470804	453.46153846153834
318.98905522569993	447.9230769230768
319.04716269307073	442.38461538461524
319.7876448144055	436.8461538461537
325.65747642840444	431.30769230769215
328.29067493588184	425.7692307692306
328.38179186860987	420.23076923076906
329.412801227259	409.15384615384596
330.98020102397635	403.6153846153844
339.6004098629072	398.07692307692287
339.6066153288607	392.5384615384613
344.0569500012746	387.0
348.49869382507507	391.9230769230769
348.51665631519944	394.38461538461536
349.1669023161054	396.8461538461538
355.71860749834826	399.30769230769226
358.3696043350647	401.7692307692307
358.4762966269881	404.23076923076917
362.81860504093186	406.6923076923076
363.41669269685434	411.6153846153845
364.90120261848847	414.076923076923
365.03945317658844	416.53846153846143
369.09990322238906	421.46153846153834
379.89471017779573	423.9230769230768
379.8993001711811	426.38461538461524
384.7480153496909	428.8461538461537
384.9888176393686	433.7692307692306
391.76766951971797	436.23076923076906
391.7813373100186	438.6923076923075
392.9694781189732	446.07692307692287
403.784070692766	448.5384615384613
403.8015827041889	451.0
409.28505956083717	443.65384615384613
409.3169386565437	436.30769230769226
409.4391451581959	428.9615384615384
417.3647313069165	421.6153846153845
417.39044725687387	414.26923076923066
422.63933642007913	406.9230769230768
424.96930657068964	399.5769230769229
425.01846131912646	392.23076923076906
430.61597820075366	384.8846153846152
430.62646941509433	377.5384615384613
435.8128766462056	370.19230769230745
435.8485382569502	362.8461538461536
440.8883935954188	355.4999999999997
443.8706666897412	348.15384615384585
443.92525561459064	340.807692307692
444.7251103402943	333.4615384615381
446.3376068985384	326.11538461538424
454.8728909188519	318.7692307692304
454.93040980411797	311.4230769230765
460.4581010130644	304.07692307692264
467.7831674858452	282.03846153846104
467.80249279379245	274.69230769230717
473.2740289217574	267.3461538461533
474.0	260.0
