98.0	190.0
107.68200076214163	198.88461538461536
109.86064136966978	201.8461538461538
109.97923576598706	204.80769230769226
115.03363897525342	207.76923076923072
115.05259345495911	210.73076923076917
115.69843768573016	213.69230769230762
115.85946442220845	216.65384615384608
124.6805978729489	219.61538461538453
124.78666318660346	222.57692307692298
125.35936229373824	225.53846153846143
131.69246925918534	228.4999999999999
136.84967340295347	234.4230769230768
136.9830901747204	237.38461538461524
141.72612078017573	240.3461538461537
141.8898706852272	243.30769230769215
147.04859336824504	246.2692307692306
152.0703165804488	252.1923076923075
152.0868856284755	255.15384615384596
161.77037554496096	264.0384615384613
161.78890290591957	267.0
163.33689216866577	258.4615384615384
165.0704920528623	255.61538461538456
178.36066699173685	249.92307692307688
180.72492742905234	247.07692307692304
180.73736240292868	244.2307692307692
190.13487386703264	235.69230769230768
190.13597782636265	232.84615384615384
190.61954874164738	230.0
194.41768738651365	221.46153846153848
203.66686079918017	218.61538461538464
217.53241401085623	201.5384615384616
217.5682370181387	198.69230769230776
218.95456401571167	193.0
221.40447083734625	211.07692307692307
237.50151697916712	229.15384615384613
240.91363152191056	247.2307692307692
241.3716409700379	265.30769230769226
241.6289466186342	283.38461538461536
256.1420389810834	301.46153846153845
261.5831504487217	319.53846153846155
261.7474800129295	337.61538461538464
262.30667661861014	355.69230769230774
262.9333500499139	373.76923076923083
263.95988032249505	391.8461538461539
264.4404929333774	409.923076923077
291.3100919057869	428.0000000000001
291.3313173706139	446.0769230769232
300.61518535894095	464.1538461538463
300.7563234597202	482.2307692307694
310.73199355710653	500.3076923076925
315.0501806611759	518.3846153846156
315.18776252056324	536.4615384615387
315.69462537100327	554.5384615384618
317.9201477572332	572.6153846153849
319.2637465704984	590.692307692308
324.07357008131277	608.7692307692311
324.589953472022	626.8461538461542
349.3504889195672	644.9230769230772
352.81402323221573	663.0
357.3985673492842	644.8846153846154
357.6147767635517	626.7692307692307
358.67399842723626	608.6538461538461
370.28023624529624	590.5384615384614
370.38526528031514	572.4230769230768
379.0519985422847	554.3076923076922
379.1361031302944	536.1923076923075
387.6413695996443	518.0769230769229
387.6529365902002	499.9615384615382
387.6875054221186	481.8461538461536
399.450978177338	463.73076923076894
403.5176814784398	445.6153846153843
403.8008307724572	427.49999999999966
412.7030801980243	409.384615384615
412.7342181762152	391.2692307692304
412.91101716608534	373.15384615384573
413.7190086294117	355.0384615384611
416.65791899952524	336.92307692307645
417.1472850127787	318.8076923076918
436.64613963211974	300.69230769230717
436.75308315980755	282.5769230769225
445.0978821912683	264.4615384615379
445.40794738718614	246.34615384615327
453.5928893480145	228.23076923076866
458.9808437851789	210.11538461538404
460.6238293803876	192.0
463.4489341580676	194.73076923076923
463.45037821943896	197.46153846153845
467.34784390333175	200.19230769230768
467.4959224697253	202.9230769230769
480.93999006554805	216.57692307692304
481.0023522775783	219.30769230769226
481.41311867278546	222.0384615384615
482.5641613211528	224.76923076923072
490.090388782388	227.49999999999994
490.13434392235087	230.23076923076917
491.4405804216314	235.69230769230762
499.00059464836204	238.42307692307685
507.7331585857643	249.34615384615375
508.14813435589093	254.8076923076922
519.7445527224487	263.0
519.7649226133925	260.1923076923077
527.3918033526918	254.57692307692304
527.4320551390595	251.76923076923072
533.1724988992021	248.9615384615384
533.3978101859376	243.34615384615375
542.0909653919578	240.53846153846143
544.3354352323477	237.7307692307691
544.5522493769291	234.9230769230768
553.4354257068858	229.30769230769215
553.4361600049104	226.49999999999983
554.5843434211441	220.8846153846152
556.7754341494068	218.07692307692287
569.4487156867924	212.46153846153823
569.5031284283191	209.6538461538459
570.7822412678322	204.03846153846126
572.7991898801707	198.42307692307662
586.4229625875123	195.6153846153843
589.4383727388088	192.80769230769198
590.0	190.0
