98.0	190.0
98.96722463427716	195.9230769230769
100.19140842454385	198.88461538461536
110.1030421219099	201.8461538461538
110.15461828292005	204.80769230769226
113.07266442120188	216.65384615384608
124.59806173568822	219.61538461538453
127.51310788557264	222.57692307692298
127.51764642772577	225.53846153846143
134.59524170841115	231.46153846153834
134.59708037457617	234.4230769230768
144.1452239259613	243.30769230769215
144.22396526694098	246.2692307692306
149.37777941770122	249.23076923076906
154.56896760151656	255.15384615384596
154.570347315464	258.1153846153844
163.9015897704418	267.0
168.53307614180605	261.30769230769226
168.58061103938417	258.4615384615384
177.6735629063749	249.92307692307688
177.71700787520217	247.07692307692304
189.65876445628132	235.69230769230768
189.88601272531508	230.0
196.46753853717624	227.15384615384616
196.63481267098308	224.30769230769232
201.82921653252365	221.46153846153848
204.03879669377307	218.61538461538464
204.10141300702008	215.7692307692308
218.2928403529503	201.5384615384616
218.29746318552787	198.69230769230776
218.56975178945675	193.0
232.22210176906083	211.07692307692307
236.1275231723625	229.15384615384613
236.52644073485033	247.2307692307692
246.59791713359218	265.30769230769226
246.65278294149496	283.38461538461536
256.1150531295545	301.46153846153845
256.3715401399789	319.53846153846155
258.01627439103623	337.61538461538464
258.4026550971499	355.69230769230774
261.67408051427645	373.76923076923083
280.39274240355536	391.8461538461539
290.4727656372714	428.0000000000001
290.60618103386685	446.0769230769232
300.7498078587093	464.1538461538463
300.884360185056	482.2307692307694
310.92061243306074	500.3076923076925
310.92139385223567	518.3846153846156
320.1763316100235	536.4615384615387
324.1800533064072	554.5384615384618
329.2169084024493	572.6153846153849
329.5815572076032	590.692307692308
329.687713704888	608.7692307692311
331.4285941042692	626.8461538461542
335.83868089685586	644.9230769230772
337.2149353045203	663.0
357.0482926278656	644.8846153846154
357.20904801199845	626.7692307692307
357.50575876270335	608.6538461538461
370.1701874097863	590.5384615384614
370.2362158957847	572.4230769230768
370.3374111833374	554.3076923076922
371.19489046785225	536.1923076923075
387.50918262389825	518.0769230769229
391.1225821712453	499.9615384615382
391.14389454825823	481.8461538461536
392.18073191890903	463.73076923076894
403.3926881534291	445.6153846153843
403.539124273312	427.49999999999966
404.36674215750315	409.384615384615
416.4256800557104	391.2692307692304
420.8638834745973	373.15384615384573
420.9039400696492	355.0384615384611
422.29915286162054	336.92307692307645
433.024154118259	318.8076923076918
441.70613358210744	282.5769230769225
449.24379471298363	246.34615384615327
449.6566995782774	228.23076923076866
457.8491132630171	210.11538461538404
458.1517881268827	192.0
463.1441747826022	194.73076923076923
463.16558490350565	197.46153846153845
463.64533718193536	200.19230769230768
469.61303456747765	202.9230769230769
471.8995838484677	205.65384615384613
471.961061301116	208.38461538461536
483.13026551424866	219.30769230769226
483.19443705382633	222.0384615384615
487.7314706071393	224.76923076923072
487.7831505285697	230.23076923076917
487.9172044468099	232.9615384615384
491.0514070376874	238.42307692307685
501.04628401162375	241.15384615384608
505.60024787802945	246.61538461538453
505.6373331709204	249.34615384615375
506.20927388832195	252.07692307692298
512.3398446399439	254.8076923076922
512.3977765286908	257.53846153846143
513.55359571214	263.0
528.0007829039716	254.57692307692304
533.102437950374	248.9615384615384
533.1327640041338	246.15384615384608
534.2188425546822	243.34615384615375
542.1586247561117	240.53846153846143
542.1860078436356	237.7307692307691
550.3188757271384	232.11538461538447
550.4221521001099	229.30769230769215
551.2941463733796	226.49999999999983
551.4360822807648	223.6923076923075
561.1204582619579	220.8846153846152
564.3336365084174	218.07692307692287
564.3790410153737	215.26923076923055
569.705604266421	212.46153846153823
570.2983654543153	206.84615384615358
572.0478663093978	204.03846153846126
581.2936176407878	201.23076923076894
581.3825523135807	198.42307692307662
582.1204411357862	195.6153846153843
583.6718283479648	192.80769230769198
590.0	190.0
