98.0	190.0
100.06849873685717	195.9230769230769
107.35098430517388	198.88461538461536
107.44483379325492	201.8461538461538
112.52800487489522	204.80769230769226
116.98703755312181	210.73076923076917
117.10392579535765	213.69230769230762
122.37086533936602	216.65384615384608
122.42088924614715	219.61538461538453
123.99387548839668	225.53846153846143
127.82870027316473	231.46153846153834
139.19129580571408	237.38461538461524
139.20893452270275	240.3461538461537
139.59728735392093	243.30769230769215
140.5304126364281	246.2692307692306
149.56648176405838	249.23076923076906
149.57796813391496	252.1923076923075
154.6094542860696	255.15384615384596
154.61082142954405	258.1153846153844
155.3574216783188	261.07692307692287
155.40912507394776	264.0384615384613
156.4822962557472	267.0
159.77464820644263	261.30769230769226
171.07658278502456	258.4615384615384
173.4912353421074	255.61538461538456
175.47669431616532	252.76923076923072
175.61437711578017	249.92307692307688
180.72394687118026	247.07692307692304
182.366862429406	244.2307692307692
182.4133482301122	241.38461538461536
190.0358055552788	235.69230769230768
190.07364859627683	232.84615384615384
190.83910762390101	230.0
197.074773509374	227.15384615384616
197.10892370415013	224.30769230769232
201.63757155252554	221.46153846153848
201.6633710878745	218.61538461538464
204.22996979172635	210.07692307692312
213.34465518626158	207.23076923076928
213.3960757305395	201.5384615384616
214.35110956608673	198.69230769230776
226.35705670044152	193.0
226.828955596273	211.07692307692307
227.83655890602157	229.15384615384613
241.16285531641768	247.2307692307692
241.61709188499432	265.30769230769226
252.25603498700215	283.38461538461536
252.27073386825467	301.46153846153845
261.9756280605224	319.53846153846155
265.7020041131214	337.61538461538464
265.9535792277378	355.69230769230774
267.45551648024633	373.76923076923083
267.58648722537424	391.8461538461539
270.74240552583814	409.923076923077
291.12068150042546	428.0000000000001
299.81711947985536	464.1538461538463
300.04446953380506	482.2307692307694
301.3548819551277	500.3076923076925
315.25712134907434	518.3846153846156
320.13865701916467	536.4615384615387
320.31712545252844	554.5384615384618
329.1556241765772	572.6153846153849
343.6620167577195	626.8461538461542
349.92304639127207	644.9230769230772
349.9357914143445	663.0
351.20577726916576	644.8846153846154
361.9937272052495	626.7692307692307
366.2171360893231	608.6538461538461
366.3187365455013	590.5384615384614
366.97268500067963	572.4230769230768
368.439381437765	554.3076923076922
369.1835808516154	536.1923076923075
387.2574761853634	518.0769230769229
399.66107613073484	463.73076923076894
399.696384644202	445.6153846153843
408.117611880595	427.49999999999966
412.0235967386224	409.384615384615
412.18837473942375	391.2692307692304
420.80196721862984	373.15384615384573
420.91192391222273	355.0384615384611
421.5817233723392	336.92307692307645
432.929586480289	318.8076923076918
433.1080150919485	300.69230769230717
434.35899516133094	282.5769230769225
436.81084259253134	264.4615384615379
437.137443139721	246.34615384615327
454.5177506402014	228.23076923076866
460.8139854065583	192.0
467.2835129629524	200.19230769230768
467.3953403318761	202.9230769230769
476.786250646056	211.11538461538458
489.8546131005333	227.49999999999994
489.9642096407666	230.23076923076917
496.5835964747897	235.69230769230762
496.58793346143875	238.42307692307685
496.7279048886609	241.15384615384608
496.74806833164706	243.8846153846153
498.53560068996336	246.61538461538453
499.9243080327909	252.07692307692298
511.95276515099016	254.8076923076922
512.0417500000415	257.53846153846143
516.5236472742205	260.26923076923066
516.6599298627302	263.0
521.9776397897967	260.1923076923077
527.6449966603859	254.57692307692304
527.752682229397	251.76923076923072
542.2464864565192	240.53846153846143
542.2491052410452	237.7307692307691
553.4742588311738	229.30769230769215
553.4773679084896	226.49999999999983
558.8951535312877	223.6923076923075
561.152536059298	220.8846153846152
561.6343369372396	215.26923076923055
569.4137998705253	212.46153846153823
569.5487402155823	209.6538461538459
575.5900196332582	206.84615384615358
575.9180111103801	201.23076923076894
577.2866950799298	198.42307692307662
586.264999909383	195.6153846153843
590.0	190.0
