98.0	190.0
100.05422131710029	198.88461538461536
110.23389885683977	201.8461538461538
110.2393034250469	204.80769230769226
110.51740518389849	207.76923076923072
117.66743551154282	210.73076923076917
117.6754324659482	213.69230769230762
122.41278085015571	216.65384615384608
122.46534834616097	219.61538461538453
123.0925702194055	222.57692307692298
129.94383224253824	225.53846153846143
129.95176648341447	228.4999999999999
130.19444578990914	231.46153846153834
130.8034985699938	234.4230769230768
139.36724321210266	237.38461538461524
139.47638026560176	240.3461538461537
144.5539072019718	243.30769230769215
144.5661681715949	246.2692307692306
149.5811206302279	249.23076923076906
149.60510228119944	252.1923076923075
161.7370751679795	264.0384615384613
161.7864042485227	267.0
166.23503812404545	264.15384615384613
166.3293992317493	261.30769230769226
166.98910307343996	258.4615384615384
167.04422416639048	255.61538461538456
169.0569497279508	252.76923076923072
178.36493530541182	249.92307692307688
178.3737859222605	247.07692307692304
178.4626505966091	244.2307692307692
179.05768798768875	241.38461538461536
187.3991982375617	238.53846153846152
187.4997705868429	235.69230769230768
194.45814888172393	230.0
194.533291419179	227.15384615384616
195.35118298614748	221.46153846153848
198.48941617108437	215.7692307692308
208.1606639840339	212.92307692307696
215.82667382303447	204.38461538461544
217.97699073458722	201.5384615384616
218.03151428086346	198.69230769230776
219.58861311968516	193.0
220.2904183486037	211.07692307692307
237.30194265682204	229.15384615384613
260.8480305683609	319.53846153846155
266.78399804139457	337.61538461538464
270.92202675731266	355.69230769230774
271.0882115472771	373.76923076923083
280.6090861577663	391.8461538461539
284.92550504229183	409.923076923077
285.08168523518174	428.0000000000001
285.17121627610334	446.0769230769232
285.8446503079055	464.1538461538463
286.1042481990579	482.2307692307694
291.40195366350196	500.3076923076925
314.7123577047992	518.3846153846156
320.4226455118669	536.4615384615387
324.09085381342953	554.5384615384618
324.44376754378317	572.6153846153849
334.3947742381246	590.692307692308
334.3988393974023	608.7692307692311
344.4985633083876	626.8461538461542
348.9800916251893	644.9230769230772
349.290930562965	663.0
357.05142128594184	644.8846153846154
361.78696618306867	626.7692307692307
362.03875901897453	608.6538461538461
364.4218628216443	572.4230769230768
367.6710068387163	554.3076923076922
383.1488214161394	536.1923076923075
383.17213366913046	518.0769230769229
391.52935158524036	499.9615384615382
391.5854784251271	481.8461538461536
392.1076972673233	463.73076923076894
403.66493686422365	445.6153846153843
407.93260318766534	427.49999999999966
408.1155487088568	409.384615384615
416.7489016874678	391.2692307692304
424.5014572794388	355.0384615384611
424.6494525860953	336.92307692307645
433.16217959335313	318.8076923076918
436.6844123431417	300.69230769230717
442.0657169775018	282.5769230769225
450.4355131360606	246.34615384615327
450.47223201262085	228.23076923076866
450.9459597585769	210.11538461538404
451.039495194756	192.0
451.97077624470893	194.73076923076923
465.68457303438925	197.46153846153845
465.6864454554784	200.19230769230768
466.11650965194724	202.9230769230769
471.97122335306307	205.65384615384613
472.40955852613956	211.11538461538458
473.08890084544555	213.8461538461538
480.6439078428923	216.57692307692304
481.48663991929703	222.0384615384615
492.30423296987476	230.23076923076917
492.3535237272431	232.9615384615384
496.485980314915	235.69230769230762
496.5681235786862	238.42307692307685
497.1373717411831	241.15384615384608
503.33242655665356	243.8846153846153
505.2598048410607	246.61538461538453
505.29639886532226	249.34615384615375
505.9957903199558	252.07692307692298
511.83923506727274	254.8076923076922
512.8040196387691	260.26923076923066
519.761587499014	263.0
519.7623526520878	260.1923076923077
528.0711601033286	254.57692307692304
528.1006727504569	251.76923076923072
528.4861095380668	248.9615384615384
539.3294920768117	243.34615384615375
539.3686409475639	240.53846153846143
539.9354524999953	237.7307692307691
547.502995895082	234.9230769230768
558.8983502209053	220.8846153846152
570.2682487128875	212.46153846153823
570.2879928263144	209.6538461538459
590.0	190.0
