98.0	190.0
110.03789558367843	201.8461538461538
110.08759456754714	204.80769230769226
110.7588503035225	207.76923076923072
117.066923223961	210.73076923076917
117.2535335533945	216.65384615384608
118.78738826553108	219.61538461538453
118.83296072650087	222.57692307692298
129.4116771060458	225.53846153846143
132.4591257573618	228.4999999999999
132.45970705078997	231.46153846153834
133.87174375734264	237.38461538461524
144.65999892586515	243.30769230769215
144.67825893087007	246.2692307692306
145.08142260401883	249.23076923076906
146.46964172570816	255.15384615384596
156.92016669865913	258.1153846153844
158.89805550109816	261.07692307692287
159.01115673411087	264.0384615384613
163.67795330536245	267.0
163.7097684925058	264.15384615384613
175.4857090961237	252.76923076923072
175.7842425844044	247.07692307692304
187.79710123848642	238.53846153846152
187.79813685759805	235.69230769230768
188.3776815609992	232.84615384615384
189.05062183500814	224.30769230769232
201.87438498206194	221.46153846153848
201.87477926989297	218.61538461538464
206.0688818979328	215.7692307692308
206.15312379352903	212.92307692307696
226.64937996580304	193.0
236.89013390462074	229.15384615384613
237.10320061532826	247.2307692307692
237.5849717763999	265.30769230769226
251.1606200099866	283.38461538461536
256.7868924590307	301.46153846153845
256.88313801390206	319.53846153846155
258.55551811591664	337.61538461538464
270.7886093194227	355.69230769230774
270.8063968596571	373.76923076923083
271.9907947044549	391.8461538461539
286.0335226492009	409.923076923077
286.18342323389476	428.0000000000001
294.74664196390836	446.0769230769232
299.7195526889423	464.1538461538463
300.03019856721284	482.2307692307694
301.69530951558187	500.3076923076925
314.9907343274296	518.3846153846156
315.17875371970007	536.4615384615387
325.1369148866318	554.5384615384618
330.23554069943555	572.6153846153849
338.8598820160344	608.7692307692311
339.0916170689887	626.8461538461542
339.40173974903536	644.9230769230772
354.1239349768561	663.0
354.1418026873078	644.8846153846154
354.397940218204	626.7692307692307
365.5299092317346	608.6538461538461
370.22821613170566	590.5384615384614
370.4526418319395	572.4230769230768
371.5216456956787	554.3076923076922
383.30436239244085	536.1923076923075
383.3572141202456	518.0769230769229
384.3086333573463	499.9615384615382
384.5617208608997	481.8461538461536
393.5417810687229	427.49999999999966
393.95953106676774	409.384615384615
399.9170310893295	391.2692307692304
420.22317585106515	373.15384615384573
420.4891567025111	355.0384615384611
421.3128802303845	336.92307692307645
432.7748603075075	318.8076923076918
432.87350147592997	300.69230769230717
433.22772545210375	282.5769230769225
434.9763941874564	264.4615384615379
435.4095512023628	246.34615384615327
438.4090895052374	228.23076923076866
439.9281538289097	210.11538461538404
460.7751589256161	192.0
460.879629451214	194.73076923076923
465.00899435643646	197.46153846153845
465.1248152624561	202.9230769230769
466.4617913176844	205.65384615384613
474.2371500544055	208.38461538461536
478.96728844450126	213.8461538461538
478.967747478252	216.57692307692304
485.6539887671135	222.0384615384615
485.66351392496557	224.76923076923072
490.195134344219	227.49999999999994
490.19722031473214	230.23076923076917
490.4208782727699	232.9615384615384
501.17854271025516	241.15384615384608
501.2186949865109	243.8846153846153
501.70362109736686	246.61538461538453
502.8685343774254	249.34615384615375
502.8916784507107	252.07692307692298
504.1741591191961	257.53846153846143
516.7065312489643	260.26923076923066
516.7487064406706	263.0
516.7859095459792	260.1923076923077
527.9621214943633	254.57692307692304
528.0356500356693	251.76923076923072
528.8756836974983	246.15384615384608
530.4573917052064	243.34615384615375
542.1840289087406	240.53846153846143
544.350142519496	237.7307692307691
544.4416263902272	234.9230769230768
550.520020845832	232.11538461538447
550.6211859325784	226.49999999999983
552.9162214668661	220.8846153846152
563.8021399045813	218.07692307692287
564.0511669542085	215.26923076923055
569.9981914075477	212.46153846153823
570.2638484732507	206.84615384615358
578.3513951027035	204.03846153846126
578.6261791190773	198.42307692307662
587.1015297196404	195.6153846153843
587.1293752010597	192.80769230769198
590.0	190.0
