98.0	190.0
98.59142757305312	192.96153846153845
104.88052403809768	195.9230769230769
114.81049852779434	207.76923076923072
114.89488343347455	210.73076923076917
116.50870958868379	219.61538461538453
126.78958454271198	222.57692307692298
126.90124334197337	225.53846153846143
131.88473541624214	228.4999999999999
131.92606088013767	231.46153846153834
132.64345038647593	234.4230769230768
132.79878826189523	237.38461538461524
135.07617999141468	240.3461538461537
138.1566900665443	249.23076923076906
151.62095359406595	252.1923076923075
151.70905324834283	255.15384615384596
156.2919853798509	258.1153846153844
156.46904367227597	261.07692307692287
163.65013986237412	267.0
166.30091664734402	264.15384615384613
166.31887725647775	261.30769230769226
170.88214795412392	258.4615384615384
182.8624996457796	244.2307692307692
182.87851575233117	241.38461538461536
183.2916063824326	238.53846153846152
190.01002612427686	235.69230769230768
196.63275572631522	227.15384615384616
196.77796989287526	224.30769230769232
201.8664438593682	221.46153846153848
201.87158865959006	218.61538461538464
202.21589000025443	215.7692307692308
208.6327560564074	212.92307692307696
208.87434917506775	207.23076923076928
218.15205475422525	201.5384615384616
218.3197247282747	195.84615384615392
218.58366790349123	193.0
231.93007239705972	211.07692307692307
231.97193931868344	229.15384615384613
242.27638079995813	247.2307692307692
242.28872739041515	265.30769230769226
250.8654867981183	283.38461538461536
251.24219932216255	301.46153846153845
261.94318262622636	319.53846153846155
271.73469937598827	355.69230769230774
271.7709197279509	373.76923076923083
272.6054994680092	391.8461538461539
285.5405853150951	409.923076923077
291.3692110221295	428.0000000000001
301.1428789869417	464.1538461538463
301.1449435103487	482.2307692307694
309.52634145401004	500.3076923076925
309.9437019699516	518.3846153846156
309.98486766373736	536.4615384615387
323.9834697344261	554.5384615384618
324.2168227944192	572.6153846153849
334.5576372769495	590.692307692308
339.0267893187681	608.7692307692311
339.3222588083378	626.8461538461542
340.28930736600324	644.9230769230772
342.93830150245003	663.0
346.2142074561962	644.8846153846154
347.5980886248336	626.7692307692307
351.4464845851487	608.6538461538461
369.7892467631935	590.5384615384614
370.1567348667912	572.4230769230768
370.22645111646375	554.3076923076922
370.6315464482944	536.1923076923075
372.88293084194464	518.0769230769229
377.6924519906682	499.9615384615382
381.25612622239424	481.8461538461536
399.0889773381521	463.73076923076894
403.203593195629	445.6153846153843
403.4111730639697	427.49999999999966
404.7366840488868	409.384615384615
404.91985608949875	391.2692307692304
408.53645077944674	373.15384615384573
425.403874060403	355.0384615384611
425.42228325116844	336.92307692307645
432.67097530197253	318.8076923076918
432.8104430310271	300.69230769230717
432.8936017975202	282.5769230769225
445.8873424127466	264.4615384615379
445.9743234456724	246.34615384615327
454.6633873192	228.23076923076866
454.6750672558192	210.11538461538404
460.99158526157424	192.0
467.50669833562125	200.19230769230768
467.610118920096	202.9230769230769
472.1023610473663	205.65384615384613
472.1157674810663	208.38461538461536
472.28556047878476	211.11538461538458
478.5728177137166	213.8461538461538
478.6195668518068	216.57692307692304
480.0703364780953	222.0384615384615
480.3168593169122	224.76923076923072
489.5773349875055	227.49999999999994
489.8116126349574	232.9615384615384
494.0046953538789	241.15384615384608
503.50314039733587	243.8846153846153
514.5084741767431	257.53846153846143
514.5691280020826	260.26923076923066
519.4214843154012	263.0
519.4734579135836	260.1923076923077
527.4731992852146	254.57692307692304
527.8809749390105	248.9615384615384
535.9749152988015	246.15384615384608
538.785337981302	243.34615384615375
538.9931767737121	240.53846153846143
544.6620803250366	237.7307692307691
544.8098011173236	232.11538461538447
545.6120861087178	229.30769230769215
555.9802159490779	226.49999999999983
569.9008747320696	212.46153846153823
569.9690680904508	209.6538461538459
570.9965814908597	206.84615384615358
578.3463384627984	204.03846153846126
578.6868343640899	198.42307692307662
586.3854491082308	195.6153846153843
589.9940096742231	192.80769230769198
590.0	190.0
