98.0	190.0
102.13041238937467	192.96153846153845
103.07589762152105	201.8461538461538
112.0628082533604	204.80769230769226
114.57972236199154	207.76923076923072
114.58049010681296	210.73076923076917
122.41561635426997	216.65384615384608
122.45970422265206	222.57692307692298
129.97173048938708	225.53846153846143
134.35315710102932	231.46153846153834
134.8290678665022	237.38461538461524
144.75800481234694	243.30769230769215
146.5622834043829	246.2692307692306
146.57936485356998	249.23076923076906
148.72382817165925	261.07692307692287
161.33825197518206	264.0384615384613
161.49621992819036	267.0
163.02135374807605	261.30769230769226
170.9913088824485	258.4615384615384
171.0300860939907	255.61538461538456
175.6481073161466	252.76923076923072
180.6919182711595	247.07692307692304
180.70793103333358	244.2307692307692
190.11534501381595	235.69230769230768
192.14818873487988	232.84615384615384
192.1533053124687	230.0
192.72859870659832	227.15384615384616
198.90611859784534	224.30769230769232
199.03412966147184	221.46153846153848
208.79679544655508	212.92307692307696
208.81554988652	210.07692307692312
209.05141324675876	207.23076923076928
210.6899791043588	201.5384615384616
227.65415611726877	193.0
227.6712981928019	211.07692307692307
236.982906859632	229.15384615384613
237.13899356246674	247.2307692307692
246.7914357107768	265.30769230769226
251.9910451425559	283.38461538461536
255.84574509734097	301.46153846153845
256.2539211558435	319.53846153846155
266.03548479205256	337.61538461538464
271.6087178083779	355.69230769230774
271.6234035997836	373.76923076923083
272.73784076110553	391.8461538461539
285.14252449814063	409.923076923077
285.4644450086858	428.0000000000001
287.0451283074939	446.0769230769232
300.7022296124562	464.1538461538463
300.8787656471249	500.3076923076925
303.84254632113857	518.3846153846156
307.79908086255443	536.4615384615387
324.78270701798994	554.5384615384618
325.0433901687799	572.6153846153849
334.0055494154125	590.692307692308
339.71695716527904	608.7692307692311
339.7170355511995	626.8461538461542
349.1811209856608	644.9230769230772
352.8179423946829	663.0
362.4379231161966	626.7692307692307
362.43912450533634	608.6538461538461
370.0653957330915	590.5384615384614
370.172620936689	572.4230769230768
378.8572908863786	554.3076923076922
382.3151800861138	536.1923076923075
382.5796817635387	518.0769230769229
391.7245898823385	499.9615384615382
395.4154771430148	481.8461538461536
404.2673832543724	445.6153846153843
404.31881086058337	427.49999999999966
404.6967867725251	409.384615384615
416.8622259957254	391.2692307692304
420.08299483986974	373.15384615384573
420.1520524082666	355.0384615384611
421.15896680160506	336.92307692307645
432.6363537710884	318.8076923076918
432.64261644333624	300.69230769230717
441.49545448812614	282.5769230769225
441.51571980529474	264.4615384615379
449.73296664730714	246.34615384615327
449.87571572332615	228.23076923076866
450.3395481875434	210.11538461538404
452.8471264338639	192.0
463.17354115801896	194.73076923076923
467.9222071984317	200.19230769230768
467.9224042814727	202.9230769230769
468.8944490191066	208.38461538461536
476.6542256010208	211.11538461538458
476.6800979311907	213.8461538461538
485.4122144171895	222.0384615384615
485.45061177143793	224.76923076923072
486.0350621431886	230.23076923076917
494.17060220135284	232.9615384615384
494.23212431863726	235.69230769230762
498.91145316955465	238.42307692307685
498.922262651543	241.15384615384608
499.1695098247411	243.8846153846153
507.3516749960799	249.34615384615375
508.2212491650799	254.8076923076922
511.2163492901521	263.0
513.749133935718	257.38461538461536
531.0290619688287	251.76923076923072
531.0319569523381	248.9615384615384
531.7228774115466	246.15384615384608
539.3749088138792	243.34615384615375
539.3975956704375	240.53846153846143
540.2922194738509	237.7307692307691
550.6071141377276	232.11538461538447
550.6159670403881	229.30769230769215
556.0198958963849	226.49999999999983
556.0285746572024	223.6923076923075
566.8034951653225	215.26923076923055
566.9393581822375	212.46153846153823
567.7291081428446	209.6538461538459
575.6103933572441	206.84615384615358
575.6896893079705	204.03846153846126
581.2301211586922	201.23076923076894
581.3886208080761	195.6153846153843
589.2969778114677	192.80769230769198
590.0	190.0
