98.0	190.0
98.80447162226571	192.96153846153845
105.33813108649596	195.9230769230769
109.99100640956311	201.8461538461538
110.46931023176526	207.76923076923072
111.95459476874947	210.73076923076917
120.04442149086046	213.69230769230762
120.07051225991195	216.65384615384608
124.45853634850319	219.61538461538453
124.60069797874031	222.57692307692298
134.47688402575685	231.46153846153834
134.4956042197626	234.4230769230768
135.5844762144897	240.3461538461537
144.033347028287	243.30769230769215
149.11720899272274	249.23076923076906
149.28658858901414	252.1923076923075
154.09184525494857	255.15384615384596
154.16368211652278	258.1153846153844
164.19270165824398	267.0
171.10201028884518	258.4615384615384
171.1626622388812	255.61538461538456
177.9090818353222	249.92307692307688
177.9294989213424	247.07692307692304
179.4705100363748	241.38461538461536
187.1506620899915	238.53846153846152
191.74537876156364	232.84615384615384
191.80890274196767	230.0
196.95630629833028	227.15384615384616
196.99709607960608	224.30769230769232
201.46816907915516	221.46153846153848
201.58595982011335	218.61538461538464
208.88990150239138	212.92307692307696
210.56421091478057	210.07692307692312
211.66941398133054	204.38461538461544
218.29316647278446	201.5384615384616
219.9812987025368	198.69230769230776
220.58015639268208	193.0
231.3862022373618	211.07692307692307
231.40573603258488	229.15384615384613
242.09735338132356	247.2307692307692
242.17068052112475	265.30769230769226
242.96671708569264	283.38461538461536
256.9951626302466	301.46153846153845
260.6776806320551	319.53846153846155
266.5847235109854	337.61538461538464
266.60276476276056	355.69230769230774
266.83865736576547	373.76923076923083
280.1178576684767	391.8461538461539
280.5317770075275	409.923076923077
281.98534593907846	428.0000000000001
295.38964965735096	446.0769230769232
295.529992390518	464.1538461538463
305.9376883833022	482.2307692307694
305.96286584111687	500.3076923076925
315.8000122405356	518.3846153846156
319.3054749435117	536.4615384615387
330.3175055939505	572.6153846153849
335.17278138786276	590.692307692308
338.8162493027733	608.7692307692311
343.62563026651986	626.8461538461542
349.77325348872876	644.9230769230772
353.82072548073126	663.0
361.99742101294373	626.7692307692307
362.0239705841882	608.6538461538461
370.6208504405372	590.5384615384614
374.7435632499442	572.4230769230768
374.8643202951539	554.3076923076922
382.63576533040947	536.1923076923075
387.4439328912235	518.0769230769229
387.52312312346317	499.9615384615382
387.626163026175	481.8461538461536
400.30395379743544	463.73076923076894
403.61194096534246	445.6153846153843
403.63548884465035	427.49999999999966
412.7353041170079	409.384615384615
416.0081823826083	391.2692307692304
416.3194026448292	373.15384615384573
417.1845801516559	355.0384615384611
417.6950132318511	336.92307692307645
417.862980498536	318.8076923076918
418.6365334763444	300.69230769230717
423.986583189913	282.5769230769225
425.0387012075159	264.4615384615379
450.2955334247867	246.34615384615327
450.32501970103027	228.23076923076866
458.29424116393403	210.11538461538404
458.45389302940083	192.0
458.7171725289517	194.73076923076923
465.53604032077743	197.46153846153845
465.5601879883969	200.19230769230768
471.95325983371305	205.65384615384613
472.1256897870318	211.11538461538458
479.0445908704739	213.8461538461538
479.05520446473327	216.57692307692304
482.8410834592737	219.30769230769226
482.9905793839157	222.0384615384615
487.9575221000122	224.76923076923072
507.8645285841243	249.34615384615375
508.628800484084	257.53846153846143
519.4808202332247	263.0
522.008861710502	260.1923076923077
522.4923540592503	254.57692307692304
530.2085530973962	251.76923076923072
530.3637900362503	248.9615384615384
532.1646492287404	243.34615384615375
541.9362011091876	240.53846153846143
542.0459089295964	237.7307692307691
542.933445132644	234.9230769230768
550.3436947847488	232.11538461538447
550.3824803258653	229.30769230769215
551.0986610397415	226.49999999999983
558.8095191544327	223.6923076923075
561.1140872521541	220.8846153846152
561.3765408649697	218.07692307692287
566.8606253594891	215.26923076923055
566.8745237164103	212.46153846153823
567.4803205444318	209.6538461538459
569.3648744988167	206.84615384615358
578.5514293345484	204.03846153846126
590.0	190.0
