83.0	187.0
87.31053082806102	200.03846153846155
87.46873047630265	213.0769230769231
88.92745710192682	239.1538461538462
90.57129396048138	252.19230769230774
91.27775279714784	265.2307692307693
93.81715317593965	278.26923076923083
105.72843558755402	291.3076923076924
107.89510487205673	304.3461538461539
107.98164868181877	317.3846153846155
108.72057038797132	330.423076923077
115.58205384795757	343.46153846153857
115.66087350341921	356.5000000000001
116.25170615544154	369.53846153846166
123.59045706840436	382.5769230769232
125.9668865764412	395.61538461538476
126.0080241603834	408.6538461538463
127.0387571627259	434.7307692307694
135.84779861931813	447.76923076923094
146.31637842650377	499.92307692307713
146.33654658245362	512.9615384615387
147.15698076526434	526.0
154.04078565986964	517.9230769230769
156.1341478609155	509.8461538461538
156.28758743803527	501.7692307692307
161.1447608050309	493.6923076923076
161.35530069279548	485.6153846153845
166.63657981643956	477.53846153846143
171.8795027343777	461.38461538461524
171.94105442387828	453.30769230769215
176.89712842364966	445.23076923076906
182.39660745029767	429.07692307692287
184.28165199344153	420.9999999999998
184.2884239985849	412.9230769230767
185.34380983333867	404.8461538461536
195.2485872414817	388.6923076923074
195.28855284563446	380.6153846153843
197.08010668061158	364.4615384615381
205.36410984339406	356.384615384615
207.62736246847686	348.3076923076919
207.68271202152414	340.23076923076883
208.29095777592082	332.15384615384573
211.47473274459605	316.0
211.83377973891754	324.2307692307692
214.13211765972267	332.46153846153845
214.46904774786026	340.6923076923077
215.58397705783307	348.9230769230769
236.11247710147185	357.15384615384613
250.25289201973513	390.07692307692304
250.35416713465955	398.30769230769226
260.4153587719094	414.7692307692307
260.4661287734754	422.99999999999994
267.69221790813367	431.23076923076917
270.32694932366564	439.4615384615384
270.5217074892942	447.6923076923076
271.24224255838396	455.92307692307685
281.3658210090879	464.1538461538461
287.9388480951121	480.6153846153845
288.1351929813515	488.84615384615375
298.1402988360042	505.3076923076922
298.3909931534512	513.5384615384614
299.77117163625604	521.7692307692307
308.14240622999597	530.0
311.2000611302818	522.1923076923077
311.2211141597436	514.3846153846155
311.544255170537	506.57692307692315
318.93291064513863	498.76923076923083
319.57221495502955	483.1538461538462
320.4280117353973	475.34615384615387
320.8089439224075	459.7307692307692
323.37569917229035	451.9230769230769
338.25475322984937	444.1153846153846
343.8816752892173	428.49999999999994
343.88845656466367	420.6923076923076
344.2497193945985	412.8846153846153
351.2885551230584	381.653846153846
362.438687233837	373.8461538461537
368.73443457250005	358.23076923076906
368.74627097940714	350.42307692307674
368.95928198140666	342.6153846153844
381.2558957314868	327.0
398.18087982857963	356.8461538461538
398.2596235358636	364.30769230769226
406.8227726506991	371.7692307692307
406.8944777016229	379.23076923076917
409.16829832139473	401.6153846153845
413.36106161897067	409.076923076923
431.61464284832084	416.53846153846143
440.7102582528745	431.46153846153834
440.7192498896475	438.9230769230768
449.78982506517366	446.38461538461524
458.4736833826554	461.30769230769215
458.5425797848521	468.7692307692306
467.17952372446894	476.23076923076906
467.2319256519549	483.6923076923075
488.6137004762005	513.5384615384613
488.72748062259325	521.0
489.282186658905	508.4230769230769
490.5206664183318	495.8461538461538
494.1753268791994	470.6923076923076
504.9227644856842	458.1153846153845
507.7229352563489	445.53846153846143
507.90514735284523	432.96153846153834
513.9013514629647	420.38461538461524
513.9585934578365	407.80769230769215
514.3914581937548	395.23076923076906
514.5740831752372	382.65384615384596
516.6691355460886	370.07692307692287
517.5342394710169	357.4999999999998
530.8090782905088	344.9230769230767
538.7925128343426	307.1923076923074
539.0024905182416	294.6153846153843
544.840795689877	282.0384615384612
547.7629877966788	269.4615384615381
547.7789236032324	256.884615384615
548.667012704977	244.30769230769195
549.0683000805643	231.73076923076889
549.7922106757853	219.15384615384582
561.8177686681969	206.57692307692275
562.0	194.0
