83.0	187.0
84.58243904659727	213.0769230769231
92.86843728477386	226.11538461538464
92.89379830031281	239.1538461538462
97.60592451053317	252.19230769230774
97.72682551822348	265.2307692307693
102.54889407368546	278.26923076923083
102.60897293712726	291.3076923076924
107.81628217968844	304.3461538461539
107.88323563885965	317.3846153846155
113.25374290014032	330.423076923077
113.28364055148248	343.46153846153857
113.90209633384421	356.5000000000001
120.32900836426224	369.53846153846166
120.36293846230133	382.5769230769232
120.72550902832089	395.61538461538476
128.5286136944038	408.6538461538463
128.55104215752073	421.69230769230785
133.37791307659012	434.7307692307694
133.4361799944212	447.76923076923094
140.93440616475917	473.84615384615404
140.95076858088734	486.8846153846156
141.32269146388418	499.92307692307713
148.2992654535686	512.9615384615387
150.9175440930125	526.0
151.12328409725657	517.9230769230769
151.16149146013066	509.8461538461538
158.70159982079872	501.7692307692307
159.54719847112833	485.6153846153845
166.85424015336713	477.53846153846143
174.4901846839521	453.30769230769215
174.54585786204512	445.23076923076906
175.49355149128087	429.07692307692287
178.01852922963317	412.9230769230767
189.64612849155355	404.8461538461536
194.66463619697672	388.6923076923074
194.82003881065637	380.6153846153843
200.3491097199451	372.5384615384612
200.4196468396836	356.384615384615
202.03474060809825	340.23076923076883
212.63468993087085	332.15384615384573
215.63877485368516	324.07692307692264
215.6654130764024	316.0
229.8243060471927	340.6923076923077
229.831178070178	348.9230769230769
232.0676666505957	365.38461538461536
232.1347090858344	373.6153846153846
232.68444923545985	381.8461538461538
235.65778442420685	390.07692307692304
253.49976472985136	398.30769230769226
253.5053305918625	406.5384615384615
253.6810788347776	414.7692307692307
263.42919196646733	422.99999999999994
264.4066521863048	439.4615384615384
274.3341500662906	447.6923076923076
280.95223106737967	464.1538461538461
281.0473819419628	472.3846153846153
295.31401422493053	497.076923076923
298.1867613305123	505.3076923076922
298.5611699757982	521.7692307692307
300.46862515878485	530.0
310.7949622144263	522.1923076923077
313.3525669825377	514.3846153846155
314.15377096334583	490.9615384615385
315.1034792608345	483.1538461538462
330.37213492861287	467.53846153846155
330.38640016567103	459.7307692307692
335.96529137308215	451.9230769230769
344.17185833762534	428.49999999999994
349.4640424768682	412.8846153846153
349.48815456960614	405.076923076923
354.6601491655657	397.26923076923066
354.7893905626561	389.46153846153834
360.6079310794113	381.653846153846
362.8970983753918	373.8461538461537
363.0264106944943	366.0384615384614
368.64220488368807	358.23076923076906
370.8147278152109	350.42307692307674
370.86251682839736	342.6153846153844
380.9312146224187	327.0
392.9278714691427	349.38461538461536
392.97986143728906	356.8461538461538
394.1559814276909	364.30769230769226
406.9737763410827	371.7692307692307
407.01090087741244	379.23076923076917
415.24748689699067	386.6923076923076
415.4021150531725	394.1538461538461
437.07190999253737	423.9999999999999
437.13174706883194	431.46153846153834
438.31463157991783	438.9230769230768
449.2502213598522	446.38461538461524
449.3176169876015	453.8461538461537
450.78778023569157	461.30769230769215
462.6844247083908	468.7692307692306
475.3284810252346	491.15384615384596
475.48874685681506	498.6153846153844
476.2661159122382	506.07692307692287
479.0193855662221	513.5384615384613
479.10272505486364	521.0
493.9746060836431	508.4230769230769
496.741162870115	495.8461538461538
496.87819113747173	483.2692307692307
502.71911361794685	470.6923076923076
502.7826440689411	458.1153846153845
508.51608597264163	445.53846153846143
513.831672815451	420.38461538461524
514.2217404584052	395.23076923076906
522.2435773936445	382.65384615384596
524.9219231709261	370.07692307692287
524.9532894740639	357.4999999999998
530.841546345677	344.9230769230767
530.8503682400616	332.3461538461536
532.6489385087933	307.1923076923074
541.5557598719956	294.6153846153843
547.7215336024989	269.4615384615381
547.7524147729848	256.884615384615
547.9249726377041	244.30769230769195
549.6230045039607	219.15384615384582
561.0655710208904	206.57692307692275
562.0	194.0
