83.0	187.0
87.37797630062799	200.03846153846155
87.39312126991052	213.0769230769231
92.40182654933601	226.11538461538464
92.63940502237337	239.1538461538462
97.9779489719364	252.19230769230774
105.32718488779719	291.3076923076924
105.45072380970085	304.3461538461539
105.96585546624509	317.3846153846155
112.71858168111568	330.423076923077
112.87601440680042	343.46153846153857
118.47013492938454	356.5000000000001
118.47207746312772	369.53846153846166
125.9886392558952	395.61538461538476
125.99197293587847	408.6538461538463
126.00209481536108	421.69230769230785
133.15783144703516	434.7307692307694
133.32848289756205	447.76923076923094
134.02207600361575	460.8076923076925
140.9868036597818	473.84615384615404
141.03539929132577	486.8846153846156
145.74723829274419	499.92307692307713
146.0201234829982	526.0
156.67064502481793	509.8461538461538
158.50702428909813	501.7692307692307
158.6494035100827	493.6923076923076
164.00344107322465	485.6153846153845
164.0127670953642	477.53846153846143
168.96366959642407	469.46153846153834
168.9916078769135	461.38461538461524
177.1785939370374	445.23076923076906
177.21971056169488	437.15384615384596
187.60553059035243	412.9230769230767
192.63535297858445	396.7692307692305
192.66353871370492	388.6923076923074
197.88627933152713	380.6153846153843
197.89461976872954	372.5384615384612
204.89476521170795	356.384615384615
204.90188086675025	348.3076923076919
205.42184139638863	340.23076923076883
212.8295504233338	332.15384615384573
213.43506554755055	316.0
216.4007270874939	332.46153846153845
228.88389267952778	340.6923076923077
236.49833057705763	357.15384615384613
236.5420398033028	365.38461538461536
243.6216820212938	373.6153846153846
243.636280807027	381.8461538461538
244.3106863083194	390.07692307692304
246.06380414053035	398.30769230769226
257.3440979542828	406.5384615384615
263.7230435275392	422.99999999999994
264.4202670115635	439.4615384615384
265.6011127813471	447.6923076923076
278.2378607100804	455.92307692307685
284.7249418144962	472.3846153846153
285.0550553805951	488.84615384615375
285.4931808042614	497.076923076923
298.63971599270866	505.3076923076922
302.36773683152086	513.5384615384614
302.3952327914743	521.7692307692307
303.23839764885923	530.0
306.15680936725	514.3846153846155
316.0262847200999	506.57692307692315
324.99066901493194	483.1538461538462
325.16176248459914	467.53846153846155
327.40862054932074	451.9230769230769
327.4116606636056	444.1153846153846
333.1925495673597	420.6923076923076
349.55048228848386	412.8846153846153
349.5924894815557	405.076923076923
357.4238468792507	389.46153846153834
357.49134764416647	381.653846153846
357.8930328218573	373.8461538461537
360.7531233350582	358.23076923076906
370.6363666230529	350.42307692307674
374.0016932612229	342.6153846153844
374.0905439967377	334.8076923076921
374.554955236609	327.0
393.46171017247184	349.38461538461536
393.8498119155699	364.30769230769226
396.44675356552943	371.7692307692307
410.926105880534	379.23076923076917
414.4760511640947	386.6923076923076
414.67359364484804	394.1538461538461
424.12195766233106	401.6153846153845
427.7138012669952	409.076923076923
427.81376945787054	416.53846153846143
428.5447437335754	423.9999999999999
441.16766251224465	431.46153846153834
448.9679805037994	446.38461538461524
449.1025052745507	453.8461538461537
450.44227273521517	461.30769230769215
457.5292684573686	483.6923076923075
457.8711268873042	491.15384615384596
480.34045326136595	498.6153846153844
488.63286168332803	513.5384615384613
488.7152397874922	521.0
489.40237008319673	495.8461538461538
490.77082559910485	470.6923076923076
493.37593868581104	458.1153846153845
493.4303142386641	445.53846153846143
510.9459441395628	432.96153846153834
513.4608314957732	420.38461538461524
513.5128374371745	407.80769230769215
522.412277325985	382.65384615384596
522.5744070221874	357.4999999999998
531.0248757473734	344.9230769230767
533.1495147730773	332.3461538461536
533.2484610965231	319.7692307692305
534.3801493641987	307.1923076923074
541.5726825712277	294.6153846153843
541.6089688776283	282.0384615384612
547.3013953600613	269.4615384615381
547.408338221819	256.884615384615
553.5691668177282	244.30769230769195
553.5693884227	231.73076923076889
553.767055233587	219.15384615384582
561.9728556134271	206.57692307692275
562.0	194.0
