83.0	187.0
83.33540751125248	200.03846153846155
90.03430673663895	213.0769230769231
95.6302830314359	239.1538461538462
95.63208083961686	252.19230769230774
102.9729685790783	278.26923076923083
103.00909369725656	291.3076923076924
103.7851102886221	304.3461538461539
113.29998575525225	330.423076923077
113.32604608982061	343.46153846153857
118.52749902964943	356.5000000000001
120.35962971905793	369.53846153846166
120.50944890393153	382.5769230769232
125.66504860586633	395.61538461538476
131.04963635411744	421.69230769230785
131.05233124913528	434.7307692307694
131.48165122298212	460.8076923076925
132.0985283121621	473.84615384615404
143.3575957178144	486.8846153846156
146.03771579963686	499.92307692307713
146.07071537904469	512.9615384615387
146.2387267107236	526.0
147.68836004765603	517.9230769230769
148.05555688824663	509.8461538461538
157.37005111223405	477.53846153846143
169.07627373989936	469.46153846153834
174.70956172778668	453.30769230769215
174.71307093607163	445.23076923076906
179.46439406220728	437.15384615384596
179.52750945095582	429.07692307692287
184.9583070904053	420.9999999999998
189.97580264360437	404.8461538461536
190.00486064493657	396.7692307692305
194.71707821401964	388.6923076923074
194.9283968626387	380.6153846153843
205.43649741434203	356.384615384615
205.47650410289233	348.3076923076919
205.78838938573463	340.23076923076883
212.7307415846547	332.15384615384573
212.90551676154524	324.07692307692264
213.68910038021497	316.0
216.336614420062	332.46153846153845
224.32216998280794	357.15384615384613
243.23951145617025	373.6153846153846
243.24079459154774	381.8461538461538
253.70929691233968	398.30769230769226
253.71326079469634	406.5384615384615
254.74978127497636	414.7692307692307
263.67107287600953	422.99999999999994
278.20825138320004	455.92307692307685
278.23351988866597	464.1538461538461
280.4962313752069	480.6153846153845
280.71739738420445	488.84615384615375
294.6062190203297	497.076923076923
298.4426231262457	505.3076923076922
298.51333961909035	513.5384615384614
299.254598042246	521.7692307692307
308.47580345758854	530.0
308.4902653384524	522.1923076923077
308.6812229832609	514.3846153846155
309.1232093801239	506.57692307692315
319.1668048672705	498.76923076923083
321.6805848564383	490.9615384615385
321.87635457312166	483.1538461538462
327.81772359476196	475.34615384615387
327.820733361989	467.53846153846155
332.5750241632513	459.7307692307692
332.61486047516627	451.9230769230769
332.8434258720827	444.1153846153846
341.04541477540687	436.30769230769226
341.16164947835523	428.49999999999994
342.27521112568405	412.8846153846153
352.41571624749673	405.076923076923
352.416904798908	397.26923076923066
357.015405765671	389.46153846153834
357.2151384217838	381.653846153846
362.8660558737616	373.8461538461537
365.756166573356	366.0384615384614
365.81849210687346	358.23076923076906
373.7554811970624	342.6153846153844
374.5923373405859	327.0
375.64510749148076	334.46153846153845
389.19321800866817	341.9230769230769
389.99209116261414	356.8461538461538
406.7865594325493	371.7692307692307
410.31687356161603	379.23076923076917
410.36517478199636	386.6923076923076
412.7153976487611	401.6153846153845
428.25989782314304	409.076923076923
440.9911375383407	431.46153846153834
441.0646584728319	438.9230769230768
445.6554771384399	461.30769230769215
462.5791140396351	468.7692307692306
462.6360648815677	476.23076923076906
480.2998623656709	498.6153846153844
480.3105165270719	506.07692307692287
488.2004366031172	513.5384615384613
488.3548808728667	521.0
496.92501513778535	495.8461538461538
496.92676126050077	483.2692307692307
499.0515532271547	458.1153846153845
508.55945785813356	445.53846153846143
508.5674257288856	432.96153846153834
513.8203338803266	420.38461538461524
513.9424701870566	407.80769230769215
513.9907936841585	395.23076923076906
515.3353779726447	370.07692307692287
527.6839210494152	357.4999999999998
527.6844322114742	344.9230769230767
528.7720072099454	332.3461538461536
536.0703903459206	319.7692307692305
536.4394064935558	294.6153846153843
545.1432717742713	282.0384615384612
545.1445222640509	269.4615384615381
545.459951692178	256.884615384615
552.6444981096085	244.30769230769195
552.8333490896957	231.73076923076889
558.7873010568534	219.15384615384582
561.2992515821015	206.57692307692275
562.0	194.0
