83.0	187.0
83.61559797530082	200.03846153846155
90.46562352092852	213.0769230769231
92.53917904308574	226.11538461538464
92.59138900980903	239.1538461538462
97.77951383384467	252.19230769230774
97.82867134797516	265.2307692307693
105.2205509822193	291.3076923076924
105.30170854022967	304.3461538461539
110.50234652438438	317.3846153846155
115.88980668593602	343.46153846153857
123.21393345413009	382.5769230769232
123.30672132437785	395.61538461538476
127.85243900487109	408.6538461538463
127.94439685127412	421.69230769230785
136.26180226826756	447.76923076923094
136.275138988301	460.8076923076925
140.65454476290404	473.84615384615404
140.6593138012642	486.8846153846156
142.079386629513	512.9615384615387
151.3974539220604	526.0
151.4306507955992	517.9230769230769
156.52065170481185	509.8461538461538
158.92054882546284	501.7692307692307
159.0014843011088	493.6923076923076
163.90544881268568	485.6153846153845
163.96940756734998	477.53846153846143
169.258771521097	469.46153846153834
169.41195633383296	453.30769230769215
170.68327722608564	445.23076923076906
179.82677926094337	437.15384615384596
179.8280205253825	429.07692307692287
180.13287724625016	420.9999999999998
189.98100318460575	404.8461538461536
190.05720671849264	396.7692307692305
195.11740244785503	388.6923076923074
195.18510685526815	380.6153846153843
195.85150590307146	372.5384615384612
202.66948435413104	364.4615384615381
205.07942825182533	356.384615384615
205.19487859774154	348.3076923076919
210.3960972448961	340.23076923076883
210.42966858087394	332.15384615384573
215.83699521848075	324.07692307692264
215.84906369365	316.0
216.06431241641673	324.2307692307692
229.324133074906	340.6923076923077
229.39957479956288	348.9230769230769
229.94488127126266	357.15384615384613
239.83332470450426	365.38461538461536
247.05847761178566	381.8461538461538
247.0620616066232	390.07692307692304
247.1409999916404	398.30769230769226
260.1871374240632	414.7692307692307
260.3175781856421	422.99999999999994
261.158055480627	431.23076923076917
264.1019394680659	447.6923076923076
277.4316548968122	455.92307692307685
277.53607259761696	464.1538461538461
278.2843585106565	472.3846153846153
288.43888210394294	480.6153846153845
295.33119890475376	497.076923076923
295.4164550547883	505.3076923076922
308.0924118317163	530.0
310.553155520637	522.1923076923077
310.68908256616635	514.3846153846155
316.4989736164573	506.57692307692315
319.55812168593	498.76923076923083
319.5813911720122	490.9615384615385
327.52985509757633	475.34615384615387
327.56050123794887	467.53846153846155
328.4444403931735	459.7307692307692
335.772216716305	451.9230769230769
335.80086699801296	436.30769230769226
336.7696227751454	420.6923076923076
339.9860993967979	412.8846153846153
340.34576938815894	405.076923076923
354.8252953663824	397.26923076923066
354.87352016334665	389.46153846153834
360.08099993179775	381.653846153846
360.59568142464093	358.23076923076906
370.67714420933254	350.42307692307674
370.77741558650655	342.6153846153844
371.6783387767685	334.8076923076921
380.3846164635099	327.0
380.49643855951666	334.46153846153845
388.7651636831109	341.9230769230769
388.7963659575012	349.38461538461536
389.81756203952875	356.8461538461538
402.4766557656875	364.30769230769226
415.3746700449894	386.6923076923076
415.42893952763876	394.1538461538461
423.86343630934033	401.6153846153845
423.87329967515313	409.076923076923
426.60463195544844	423.9999999999999
441.4558692690998	431.46153846153834
453.6858806813031	453.8461538461537
453.8391953128561	461.30769230769215
471.2938211857096	483.6923076923075
474.75608517018344	491.15384615384596
475.60691236754315	506.07692307692287
479.44989703592563	521.0
481.51100645432814	508.4230769230769
497.0716785625044	495.8461538461538
497.18645471891233	483.2692307692307
502.2714993216245	470.6923076923076
502.56926078940427	445.53846153846143
514.2382989003452	420.38461538461524
516.9691820157105	407.80769230769215
516.9961671619124	395.23076923076906
522.5523428024699	382.65384615384596
533.7767144278857	332.3461538461536
533.8174192770637	319.7692307692305
534.1761583234627	307.1923076923074
542.235751354957	294.6153846153843
550.7684128221194	256.884615384615
550.7686795353283	244.30769230769195
558.9021889605164	219.15384615384582
558.9323328068757	206.57692307692275
562.0	194.0
