83.0	187.0
87.88911353202742	200.03846153846155
89.87048199166199	213.0769230769231
89.94001425671848	226.11538461538464
90.08907296813001	239.1538461538462
97.6900976639759	252.19230769230774
97.71577791220813	265.2307692307693
98.40740017725274	278.26923076923083
98.70321568094721	291.3076923076924
101.49213149222555	317.3846153846155
101.54341554044413	330.423076923077
104.75537808448045	343.46153846153857
118.42649075966047	356.5000000000001
118.46364652897992	369.53846153846166
126.00301898567646	395.61538461538476
128.05634024677116	408.6538461538463
128.11639112336238	421.69230769230785
133.2905387555643	434.7307692307694
133.2915293834057	447.76923076923094
133.60743417697492	460.8076923076925
140.7366252531924	473.84615384615404
143.61210414715873	486.8846153846156
143.67236119509263	499.92307692307713
148.98684353938992	512.9615384615387
151.4616365323968	526.0
154.12706358088425	517.9230769230769
154.13128250590447	509.8461538461538
154.15435522259125	501.7692307692307
161.62152595325358	493.6923076923076
169.10467040132463	469.46153846153834
169.18298146984353	461.38461538461524
174.3236488755298	453.30769230769215
174.3370919189818	445.23076923076906
174.5060176364481	437.15384615384596
178.4785898428241	412.9230769230767
189.81721837120062	404.8461538461536
189.90064743721703	396.7692307692305
194.60994559748596	388.6923076923074
205.24423115130753	356.384615384615
205.2722027348861	348.3076923076919
205.45284948088155	340.23076923076883
212.79609713878855	332.15384615384573
212.83482166921195	324.07692307692264
218.79282657561765	316.0
229.3538238620378	340.6923076923077
229.5021779240529	348.9230769230769
231.56731683412232	365.38461538461536
236.03135644939465	381.8461538461538
250.1387484719472	390.07692307692304
250.21745768034512	398.30769230769226
256.43169007125607	406.5384615384615
256.58735736300287	414.7692307692307
264.19672125687595	422.99999999999994
264.2471011499657	431.23076923076917
264.4493199678389	439.4615384615384
265.0475309889729	455.92307692307685
281.60456904106445	464.1538461538461
281.6245313937815	472.3846153846153
282.4425377290597	488.84615384615375
285.5992325851563	497.076923076923
298.6961103188061	505.3076923076922
308.1265889701989	530.0
308.1902563613112	522.1923076923077
308.5027542647401	514.3846153846155
316.3574244122227	506.57692307692315
316.4262414604113	498.76923076923083
317.4994190930743	490.9615384615385
324.57386693856694	483.1538461538462
330.2654984077574	467.53846153846155
330.2867773709279	459.7307692307692
335.47965258070343	451.9230769230769
335.51886148261207	444.1153846153846
341.4583120801396	436.30769230769226
354.78953592512005	397.26923076923066
354.8721160369351	389.46153846153834
355.3944306233335	381.653846153846
355.43896335234035	373.8461538461537
365.30874715487704	366.0384615384614
365.4190752542115	358.23076923076906
366.4044824961451	350.42307692307674
380.9746277724529	327.0
397.51347162908985	356.8461538461538
397.8306974747791	364.30769230769226
397.85986646280327	371.7692307692307
411.2110448622918	379.23076923076917
414.68832893851624	386.6923076923076
415.58509928327476	401.6153846153845
420.84056500010234	416.53846153846143
436.8060117337171	423.9999999999999
441.5844900151131	431.46153846153834
441.58458533255515	438.9230769230768
453.3654398416944	453.8461538461537
453.42847645723543	461.30769230769215
455.5401996351748	476.23076923076906
471.4987158119505	483.6923076923075
471.5569902629732	491.15384615384596
479.71272009950087	498.6153846153844
480.3356524411472	513.5384615384613
491.5275316206669	521.0
494.60643774272506	508.4230769230769
494.6069372641753	495.8461538461538
494.6559330142546	483.2692307692307
502.4338006497735	470.6923076923076
505.3888036986086	458.1153846153845
505.44737199555817	445.53846153846143
505.7649744319646	432.96153846153834
507.4290869976447	420.38461538461524
516.5206234027462	407.80769230769215
522.0097244660918	382.65384615384596
522.0823048952192	370.07692307692287
523.016527426534	357.4999999999998
530.7166730574305	344.9230769230767
536.5560032939662	319.7692307692305
536.5634766554091	307.1923076923074
536.9821600317963	294.6153846153843
539.546464161375	269.4615384615381
549.8400215032605	256.884615384615
559.1294921035626	219.15384615384582
559.1480849341633	206.57692307692275
562.0	194.0
