83.0	187.0
83.78606185281161	213.0769230769231
86.52950523302233	239.1538461538462
97.53390290864584	252.19230769230774
97.72923981876932	265.2307692307693
99.1574475856114	291.3076923076924
108.37350770099994	304.3461538461539
108.37569438181562	317.3846153846155
113.03242683750896	330.423076923077
113.06249949874793	343.46153846153857
118.43817797300738	356.5000000000001
121.03701198463772	369.53846153846166
122.80141462730857	382.5769230769232
122.89702193176358	395.61538461538476
128.0148052226094	408.6538461538463
138.61795728789312	460.8076923076925
138.6745063843127	473.84615384615404
138.99283016779498	486.8846153846156
145.75210476336824	499.92307692307713
145.83886157533146	512.9615384615387
151.08079402692942	526.0
151.11621822567383	517.9230769230769
156.66542557213194	509.8461538461538
187.63807543003202	412.9230769230767
189.7178958506409	404.8461538461536
189.95268198264085	388.6923076923074
197.88960983402154	380.6153846153843
200.0356285895827	372.5384615384612
200.42514560012825	356.384615384615
207.91211191145314	348.3076923076919
207.9277142997499	340.23076923076883
208.81200084875977	332.15384615384573
215.29581893878327	324.07692307692264
215.4638814729169	316.0
215.52899352433786	324.2307692307692
216.26022956821998	332.46153846153845
229.32376494346818	340.6923076923077
229.43208444026004	348.9230769230769
239.6752423325342	365.38461538461536
239.81637631737772	373.6153846153846
250.0476956390846	390.07692307692304
250.22532176605813	398.30769230769226
257.21571202553844	406.5384615384615
257.26009623524226	414.7692307692307
258.4442771478975	422.99999999999994
267.46783535174325	431.23076923076917
267.58789276168034	439.4615384615384
268.1323163073597	447.6923076923076
270.0111717326845	455.92307692307685
281.13265569044916	464.1538461538461
281.1407470659784	472.3846153846153
281.2056305431679	480.6153846153845
291.3610963832712	488.84615384615375
291.4657255843064	497.076923076923
291.8691188734005	505.3076923076922
302.34353835501685	513.5384615384614
308.24006573203417	530.0
308.2590824677275	522.1923076923077
309.51563997434715	506.57692307692315
318.9282583206902	498.76923076923083
318.9572419259706	490.9615384615385
321.61700818789325	475.34615384615387
329.7090298706539	467.53846153846155
329.7861277430711	459.7307692307692
330.2653302527679	451.9230769230769
338.49404970026023	444.1153846153846
338.75586968741504	428.49999999999994
346.5781267666711	420.6923076923076
346.6158720306396	412.8846153846153
352.07329679004283	405.076923076923
352.1883960025215	397.26923076923066
360.4140007126932	381.653846153846
360.4395825941101	373.8461538461537
366.01857086296866	366.0384615384614
366.02643018614805	358.23076923076906
366.72564021417355	350.42307692307674
376.7328728651106	334.8076923076921
376.7362741275651	327.0
376.7474496374791	334.46153846153845
378.9886936338313	341.9230769230769
393.25525853015336	349.38461538461536
406.6504458994671	371.7692307692307
406.66837257297635	379.23076923076917
419.4207513680194	394.1538461538461
419.47906659510176	401.6153846153845
432.94694458193857	416.53846153846143
432.95439395683303	423.9999999999999
440.28728221292243	431.46153846153834
440.30150680355194	438.9230769230768
440.48675634140665	446.38461538461524
453.8328839704195	453.8461538461537
458.57897886093116	461.30769230769215
458.64595481626174	468.7692307692306
466.8657986169602	476.23076923076906
466.88754426695067	483.6923076923075
475.91285846723287	491.15384615384596
475.95751429253494	498.6153846153844
479.24073824716805	521.0
494.41533738816156	508.4230769230769
499.41711792027814	483.2692307692307
499.56585304859186	470.6923076923076
505.499501140517	458.1153846153845
507.9610318334928	445.53846153846143
508.01484994110757	432.96153846153834
514.0020621970709	420.38461538461524
516.558387043423	407.80769230769215
516.610718682604	395.23076923076906
517.117088250602	382.65384615384596
525.3457842273862	370.07692307692287
525.3772756227575	357.4999999999998
530.5678715843982	344.9230769230767
530.968602645305	319.7692307692305
532.1650611632443	307.1923076923074
541.9583266687603	294.6153846153843
541.9992375074696	282.0384615384612
542.5348748969934	269.4615384615381
550.2674245522946	256.884615384615
558.9095756466919	219.15384615384582
558.9312206816305	206.57692307692275
562.0	194.0
