83.0	187.0
87.51611537936603	200.03846153846155
87.61130484146065	213.0769230769231
92.46413850199995	226.11538461538464
92.63312432460009	239.1538461538462
93.2797745380988	252.19230769230774
100.02791366226154	265.2307692307693
100.03717807262029	278.26923076923083
105.16075866821951	291.3076923076924
105.24037581756166	304.3461538461539
110.67948679537062	317.3846153846155
113.45116134291588	330.423076923077
113.4522257558843	343.46153846153857
118.53731068414451	356.5000000000001
120.4325803063695	369.53846153846166
120.88175301703352	395.61538461538476
123.70350101067135	421.69230769230785
133.47144292528768	434.7307692307694
133.56578780450891	447.76923076923094
138.22885346641098	460.8076923076925
143.69304117875797	486.8846153846156
145.9587481456004	499.92307692307713
145.9600438959315	512.9615384615387
146.2461478718972	526.0
146.96633102462286	517.9230769230769
155.9835078970612	509.8461538461538
158.7246709381355	501.7692307692307
158.8192516102863	493.6923076923076
166.9069278816062	477.53846153846143
166.91558656987817	469.46153846153834
167.03564864811185	461.38461538461524
168.6372333995945	453.30769230769215
168.71409543040357	445.23076923076906
179.68462463167288	437.15384615384596
190.01442480968657	404.8461538461536
190.04717003872082	396.7692307692305
190.72218291890002	388.6923076923074
193.75700413196537	372.5384615384612
202.58622588021206	364.4615384615381
202.72247112715962	356.384615384615
204.03744089062627	340.23076923076883
213.261829237549	332.15384615384573
215.58679194592457	324.07692307692264
215.60061467588204	316.0
217.00629944823353	332.46153846153845
220.12974799807924	340.6923076923077
232.96775413707599	348.9230769230769
233.0213339740939	357.15384615384613
243.37019723410353	373.6153846153846
243.37400180803576	381.8461538461538
245.02068339982299	398.30769230769226
256.6363323493188	406.5384615384615
267.8159324731063	431.23076923076917
267.8476033115975	439.4615384615384
268.40555173625785	447.6923076923076
277.2873523506144	455.92307692307685
284.50925270941815	472.3846153846153
284.5345989387964	480.6153846153845
291.046062581432	488.84615384615375
291.3806281703842	497.076923076923
298.48747701047915	505.3076923076922
298.4898030365075	513.5384615384614
299.7292824442266	521.7692307692307
308.48864651107806	530.0
313.3123638006778	514.3846153846155
313.4223740614646	506.57692307692315
314.3614606646903	490.9615384615385
315.88015762969764	483.1538461538462
316.1712539324633	475.34615384615387
329.7387579287727	467.53846153846155
329.9677510082232	459.7307692307692
335.43443992452234	451.9230769230769
335.65843665596753	436.30769230769226
336.6385255893293	428.49999999999994
346.5193605156361	420.6923076923076
352.37714985656726	405.076923076923
352.3859017149533	397.26923076923066
357.1670329593059	389.46153846153834
357.17356066204	381.653846153846
371.3832606201244	350.42307692307674
373.4808063074629	342.6153846153844
373.5322198597738	334.8076923076921
381.24102830712997	327.0
381.2441576591317	334.46153846153845
381.88517079353636	341.9230769230769
394.21118807690806	349.38461538461536
401.6385174401977	364.30769230769226
401.97436507234204	371.7692307692307
415.52845497861773	386.6923076923076
415.5808688671159	394.1538461538461
416.5229303405882	401.6153846153845
419.1352288712466	409.076923076923
432.6269445776806	416.53846153846143
432.63200761819974	423.9999999999999
436.09818104620416	438.9230769230768
448.8562628199219	446.38461538461524
463.0127548068423	468.7692307692306
466.0489607174064	476.23076923076906
469.81673075199393	498.6153846153844
483.67700675145034	506.07692307692287
484.6166865897744	521.0
494.57563224086874	508.4230769230769
494.5859371375401	495.8461538461538
494.75266410709816	483.2692307692307
496.53991123860834	470.6923076923076
505.7947687666425	458.1153846153845
505.80300570213507	445.53846153846143
510.94732744727645	432.96153846153834
525.079897406295	370.07692307692287
525.2799597730323	344.9230769230767
533.8772847482772	332.3461538461536
536.4107229380427	319.7692307692305
536.5151216102017	307.1923076923074
541.5481186101315	294.6153846153843
541.6686031011523	282.0384615384612
543.8003231341373	256.884615384615
552.9581633177347	244.30769230769195
558.6625888752606	219.15384615384582
558.8296999270982	206.57692307692275
562.0	194.0
