83.0	187.0
87.71158926524922	200.03846153846155
87.7363338565744	213.0769230769231
92.32089371482745	226.11538461538464
92.36351444463224	239.1538461538462
97.71447630845786	252.19230769230774
97.75020102432126	265.2307692307693
103.14937448045991	278.26923076923083
105.5689826976177	291.3076923076924
105.62723540341766	304.3461538461539
110.8867767652684	317.3846153846155
110.89736766948758	330.423076923077
111.09797866914309	343.46153846153857
113.54018794795277	369.53846153846166
113.64759861201239	382.5769230769232
125.38393190868105	395.61538461538476
130.79514873563213	421.69230769230785
130.88411228535674	434.7307692307694
131.1225415382219	447.76923076923094
138.35342820689868	460.8076923076925
141.20374840169646	473.84615384615404
141.26378338994456	486.8846153846156
141.65336684349467	499.92307692307713
143.43172053258394	526.0
153.9518655020281	517.9230769230769
153.97073203857076	509.8461538461538
161.60414349057305	493.6923076923076
166.225204614299	477.53846153846143
166.35057431814855	469.46153846153834
171.98965342617814	461.38461538461524
174.0228528114475	453.30769230769215
174.18298149927202	445.23076923076906
179.6778969800572	437.15384615384596
179.74702402284504	429.07692307692287
180.3266178579045	420.9999999999998
182.5211427507708	404.8461538461536
192.42960549688075	396.7692307692305
192.5184373319514	388.6923076923074
194.3765636782519	372.5384615384612
205.33644036518731	356.384615384615
205.44276923221068	348.3076923076919
212.65346715820613	332.15384615384573
212.76196195900516	324.07692307692264
213.28107948228748	316.0
222.3548211889573	324.2307692307692
222.38335595459458	332.46153846153845
232.59287913164707	348.9230769230769
233.09392206853525	365.38461538461536
246.78853911449463	381.8461538461538
249.70503564160472	390.07692307692304
249.81799831239584	398.30769230769226
251.10365936476074	406.5384615384615
260.30843406189564	414.7692307692307
267.42942635179656	431.23076923076917
267.5923480358865	439.4615384615384
273.7429553439357	447.6923076923076
273.76457602488773	455.92307692307685
274.80444640125654	464.1538461538461
284.27496033337127	472.3846153846153
291.58404004206545	488.84615384615375
291.6626226302847	497.076923076923
292.6937234347225	505.3076923076922
293.0146651989297	513.5384615384614
304.86833692925507	521.7692307692307
305.1404174984863	530.0
313.6800242016609	514.3846153846155
313.73061477466894	506.57692307692315
314.77676518721415	490.9615384615385
324.5961053251852	483.1538461538462
324.69057940180846	475.34615384615387
335.76255064053845	451.9230769230769
338.04414508656964	444.1153846153846
338.27451798842793	436.30769230769226
344.22113518350125	428.49999999999994
349.6789679863996	412.8846153846153
349.6825596411161	405.076923076923
354.69650795815494	397.26923076923066
354.76762550010534	381.653846153846
362.6959567966044	373.8461538461537
379.9697863111836	327.0
388.9998088217686	341.9230769230769
389.30068297201376	349.38461538461536
390.7806291186929	356.8461538461538
390.7976681354196	364.30769230769226
392.6284751134918	371.7692307692307
411.2990046026476	379.23076923076917
411.30120220873874	386.6923076923076
415.7000071659769	409.076923076923
432.6697662899977	416.53846153846143
432.7135129203531	423.9999999999999
440.2701989511663	431.46153846153834
440.2970204429382	438.9230769230768
441.0398204448266	446.38461538461524
458.6562379215546	461.30769230769215
466.9512838604283	476.23076923076906
466.98901458345716	483.6923076923075
474.6936315207685	491.15384615384596
476.9338385642162	513.5384615384613
480.38120993598943	521.0
483.1314637533213	508.4230769230769
484.2707751232119	495.8461538461538
500.06626485051424	483.2692307692307
500.1033000683614	470.6923076923076
500.3203325360323	458.1153846153845
500.8588895340507	445.53846153846143
510.79639661418975	432.96153846153834
522.0843892903082	382.65384615384596
522.271598167248	357.4999999999998
522.5419524183621	344.9230769230767
523.2199680498388	332.3461538461536
536.2967906315763	319.7692307692305
536.3644097800258	307.1923076923074
536.8336589721548	294.6153846153843
544.2988995229437	282.0384615384612
547.7778827334832	269.4615384615381
552.6941366264368	244.30769230769195
552.7579754929208	231.73076923076889
553.0203585465049	219.15384615384582
561.746975279705	206.57692307692275
562.0	194.0
