83.0	187.0
87.82789552720097	200.03846153846155
87.90085999329882	213.0769230769231
93.07116360320687	226.11538461538464
97.99340008076605	252.19230769230774
98.170939892235	278.26923076923083
105.66342447151489	291.3076923076924
107.92979345747003	304.3461538461539
107.92985485705528	317.3846153846155
108.0466227934348	330.423076923077
115.2669583437343	343.46153846153857
118.34609403028085	356.5000000000001
128.14151913082281	408.6538461538463
128.22571098644624	421.69230769230785
133.06480653165434	434.7307692307694
138.64709599065978	460.8076923076925
138.67758870065748	473.84615384615404
139.3688899980964	486.8846153846156
146.4213431223024	499.92307692307713
146.43414011442445	512.9615384615387
150.89335139280217	526.0
156.35963074549045	509.8461538461538
156.4042700985733	501.7692307692307
156.99551252692123	493.6923076923076
164.22426803351527	485.6153846153845
169.4773322593933	469.46153846153834
169.51381348528358	461.38461538461524
169.92072802043197	453.30769230769215
172.9177654062487	437.15384615384596
182.12942322251888	429.07692307692287
189.48603396246418	404.8461538461536
189.60624500432428	396.7692307692305
190.37074050275356	388.6923076923074
191.00603320163677	372.5384615384612
195.8343264222626	356.384615384615
207.75432299811186	348.3076923076919
212.75004226013783	332.15384615384573
212.838652131315	324.07692307692264
219.1531175258484	316.0
225.63365959653436	332.46153846153845
225.7759087197036	340.6923076923077
236.63093110327162	357.15384615384613
236.64458210256728	365.38461538461536
237.60948653561192	373.6153846153846
246.49833562564362	381.8461538461538
246.54669182024855	390.07692307692304
253.13990971298247	398.30769230769226
257.28792585072176	406.5384615384615
257.29070397614856	414.7692307692307
267.38278529610875	431.23076923076917
267.5506172581062	439.4615384615384
268.58776301321035	447.6923076923076
271.5677018131802	464.1538461538461
284.7851223644098	472.3846153846153
288.01135582518606	480.6153846153845
288.01514686571556	488.84615384615375
295.39504754735754	497.076923076923
305.2071243522279	521.7692307692307
305.41656754775465	530.0
310.7046221443412	522.1923076923077
313.9697901473712	506.57692307692315
322.35130022282544	490.9615384615385
322.3616112270383	483.1538461538462
327.2422069898497	475.34615384615387
327.35405570186737	467.53846153846155
327.8581311428363	459.7307692307692
338.74728080443373	444.1153846153846
338.7480082253102	436.30769230769226
339.6575374765821	420.6923076923076
348.9305495449375	412.8846153846153
351.77091153701184	405.076923076923
352.3755853470828	389.46153846153834
362.76250949669884	373.8461538461537
362.88389741143095	366.0384615384614
363.83885150483843	350.42307692307674
365.8145710434611	342.6153846153844
380.31139757289856	327.0
380.55573920955635	334.46153846153845
401.5624985640787	364.30769230769226
401.7348245699628	371.7692307692307
402.58560294484283	379.23076923076917
404.88827654693847	386.6923076923076
419.90617073736195	394.1538461538461
424.2863221204223	401.6153846153845
424.3011887582796	409.076923076923
425.5483418033564	416.53846153846143
436.4009382714075	423.9999999999999
436.41452785492834	431.46153846153834
437.17451489265716	438.9230769230768
439.29576018196445	446.38461538461524
453.3335493749958	453.8461538461537
453.4297015770098	461.30769230769215
462.6425700713695	468.7692307692306
484.3599477648356	506.07692307692287
488.0244029172967	513.5384615384613
488.0530219061157	521.0
488.5519128972011	508.4230769230769
497.2418390226075	495.8461538461538
500.20003680009034	483.2692307692307
500.2023446651265	470.6923076923076
505.0208085844616	458.1153846153845
505.2553754704679	445.53846153846143
506.2185822623243	432.96153846153834
514.2589889927614	420.38461538461524
516.6715077894696	407.80769230769215
516.6860631442825	395.23076923076906
517.0563013662473	382.65384615384596
519.28970010295	357.4999999999998
530.2089765833382	344.9230769230767
533.6113304677857	332.3461538461536
536.6868549745407	319.7692307692305
536.6936246396222	307.1923076923074
536.8906561599931	294.6153846153843
539.3700596434627	269.4615384615381
549.9554825378071	256.884615384615
550.0375754426817	244.30769230769195
555.7860759989728	231.73076923076889
555.927653147565	219.15384615384582
561.6358419561109	206.57692307692275
562.0	194.0
