time startPrice highestPrice lowestPrice endPrice transactionCount
20130815	123	123	123	17.210845581477024	1234
20130815	123	123	123	18.287173856281786	1234
20130815	123	123	123	11.319512135884231	1234
20130815	123	123	123	10.800269540813197	1234
20130815	123	123	123	11.145061043935447	1234
20130815	123	123	123	3.0665465917944967	1234
20130815	123	123	123	14.579038675037687	1234
20130815	123	123	123	7.34915555267672	1234
20130815	123	123	123	9.488893979046892	1234
20130815	123	123	123	3.4524637375781286	1234
20130815	123	123	123	5.172090702335876	1234
20130815	123	123	123	0.3055352122650623	1234
20130815	123	123	123	10.892433860063797	1234
20130815	123	123	123	3.509961787146596	1234
20130815	123	123	123	16.267743652590376	1234
20130815	123	123	123	18.6082365839852	1234
20130815	123	123	123	3.801774072281976	1234
20130815	123	123	123	10.643789850626497	1234
20130815	123	123	123	5.550132981030027	1234
20130815	123	123	123	2.698721628791676	1234
20130815	123	123	123	166.28529150934588	1234
20130815	123	123	123	193.79051912349883	1234
20130815	123	123	123	223.79331999423442	1234
20130815	123	123	123	270.97089893444604	1234
20130815	123	123	123	299.1747014340293	1234
20130815	123	123	123	328.23021622440575	1234
20130815	123	123	123	358.5811765238956	1234
20130815	123	123	123	410.37709781807007	1234
20130815	123	123	123	445.6890269511872	1234
20130815	123	123	123	490.142857142857	1234
20130815	123	123	123	497.0352906613605	1234
20130815	123	123	123	431.7291585971323	1234
20130815	123	123	123	410.1792438934438	1234
20130815	123	123	123	387.6053175506967	1234
20130815	123	123	123	375.5687124798719	1234
20130815	123	123	123	394.0951878237372	1234
20130815	123	123	123	409.1428571428571	1234
20130815	123	123	123	443.80368049772966	1234
20130815	123	123	123	501.2097707866649	1234
20130815	123	123	123	459.202241081176	1234
20130815	123	123	123	422.87150491511915	1234
20130815	123	123	123	404.4080273582572	1234
20130815	123	123	123	384.71285610362395	1234
20130815	123	123	123	364.20691151355874	1234
20130815	123	123	123	336.40337743857935	1234
20130815	123	123	123	279.744134892643	1234
20130815	123	123	123	247.78161919343972	1234
20130815	123	123	123	218.8219798848517	1234
20130815	123	123	123	191.339211111323	1234
20130815	123	123	123	168.0	1234
20130815	123	123	123	12.236926311120921	1234
20130815	123	123	123	7.498559903275572	1234
20130815	123	123	123	12.86550638345478	1234
20130815	123	123	123	7.665752084444948	1234
20130815	123	123	123	0.0750105613816987	1234
20130815	123	123	123	0.39837238982827206	1234
20130815	123	123	123	15.578952207732211	1234
20130815	123	123	123	2.673489358237542	1234
20130815	123	123	123	10.689900782231959	1234
20130815	123	123	123	12.76403313447106	1234
20130815	123	123	123	9.204887363470426	1234
20130815	123	123	123	4.964658949502859	1234
20130815	123	123	123	9.13156950420005	1234
20130815	123	123	123	6.809250264043207	1234
20130815	123	123	123	11.51992569798389	1234
20130815	123	123	123	14.40618143369914	1234
20130815	123	123	123	9.985379707241801	1234
20130815	123	123	123	2.3054821186557484	1234
20130815	123	123	123	14.636278659983459	1234
20130815	123	123	123	2.8454624508738546	1234