time startPrice highestPrice lowestPrice endPrice transactionCount
20130815	123	123	123	5.410853333831664	1234
20130815	123	123	123	16.034082705467398	1234
20130815	123	123	123	0.832635522017402	1234
20130815	123	123	123	17.7365541606721	1234
20130815	123	123	123	0.10012542817046777	1234
20130815	123	123	123	18.07498675858751	1234
20130815	123	123	123	7.043075209799237	1234
20130815	123	123	123	19.862069625755588	1234
20130815	123	123	123	13.658332159220056	1234
20130815	123	123	123	16.736729631485467	1234
20130815	123	123	123	1.707398125186863	1234
20130815	123	123	123	7.020955759920213	1234
20130815	123	123	123	9.704452691630346	1234
20130815	123	123	123	5.048685739996259	1234
20130815	123	123	123	9.83205115878382	1234
20130815	123	123	123	11.619939573587512	1234
20130815	123	123	123	10.50952639761596	1234
20130815	123	123	123	0.7748349099962537	1234
20130815	123	123	123	18.32502475399935	1234
20130815	123	123	123	12.548631340369807	1234
20130815	123	123	123	168.37355330306863	1234
20130815	123	123	123	189.82249798069867	1234
20130815	123	123	123	218.88372905170218	1234
20130815	123	123	123	244.3530258362811	1234
20130815	123	123	123	272.0059177125102	1234
20130815	123	123	123	310.2042182634036	1234
20130815	123	123	123	358.74400106400935	1234
20130815	123	123	123	432.4444030195999	1234
20130815	123	123	123	471.32655741444194	1234
20130815	123	123	123	495.9861787794472	1234
20130815	123	123	123	507.64879798913	1234
20130815	123	123	123	444.1860473423781	1234
20130815	123	123	123	410.4958372833639	1234
20130815	123	123	123	391.06883992527275	1234
20130815	123	123	123	372.8787729888711	1234
20130815	123	123	123	395.85144965751033	1234
20130815	123	123	123	411.39228346639356	1234
20130815	123	123	123	447.29778792315705	1234
20130815	123	123	123	468.0512941821198	1234
20130815	123	123	123	487.0270577458496	1234
20130815	123	123	123	498.86765014600854	1234
20130815	123	123	123	476.5881791015493	1234
20130815	123	123	123	440.39218683754706	1234
20130815	123	123	123	407.0	1234
20130815	123	123	123	356.44944945056477	1234
20130815	123	123	123	303.7114089963933	1234
20130815	123	123	123	250.0334726945146	1234
20130815	123	123	123	220.51978281612776	1234
20130815	123	123	123	195.54576401913502	1234
20130815	123	123	123	168.0	1234
20130815	123	123	123	16.283177371828216	1234
20130815	123	123	123	18.74878592179768	1234
20130815	123	123	123	12.586081084181089	1234
20130815	123	123	123	1.8889482048234618	1234
20130815	123	123	123	9.537671679261068	1234
20130815	123	123	123	14.836170499461335	1234
20130815	123	123	123	0.035176741832732006	1234
20130815	123	123	123	1.9021148172399482	1234
20130815	123	123	123	9.19320372628924	1234
20130815	123	123	123	10.275016155773738	1234
20130815	123	123	123	0.9556554469238154	1234
20130815	123	123	123	15.897364346262336	1234
20130815	123	123	123	19.42014157335854	1234
20130815	123	123	123	10.007988747183152	1234
20130815	123	123	123	7.673342271009858	1234
20130815	123	123	123	14.26225276499759	1234
20130815	123	123	123	4.170987479290389	1234
20130815	123	123	123	4.108680094759796	1234
20130815	123	123	123	9.362179822488914	1234
20130815	123	123	123	15.235268110623979	1234