time startPrice highestPrice lowestPrice endPrice transactionCount
20130815	123	123	123	17.543653983195753	1234
20130815	123	123	123	7.957139080153848	1234
20130815	123	123	123	1.5932134762801686	1234
20130815	123	123	123	10.166178920396172	1234
20130815	123	123	123	4.889896666737079	1234
20130815	123	123	123	7.475626618134539	1234
20130815	123	123	123	9.260346931467536	1234
20130815	123	123	123	8.65181586233319	1234
20130815	123	123	123	8.18066968613077	1234
20130815	123	123	123	16.60535342541138	1234
20130815	123	123	123	2.773372577588291	1234
20130815	123	123	123	1.603823399714599	1234
20130815	123	123	123	17.206118593307316	1234
20130815	123	123	123	12.190732060560435	1234
20130815	123	123	123	8.119218890850053	1234
20130815	123	123	123	14.572163126929293	1234
20130815	123	123	123	17.36341216054113	1234
20130815	123	123	123	5.787725501575654	1234
20130815	123	123	123	6.750933830549631	1234
20130815	123	123	123	14.181304801906911	1234
20130815	123	123	123	161.0	1234
20130815	123	123	123	190.46650938724673	1234
20130815	123	123	123	222.76372749654638	1234
20130815	123	123	123	244.7195717882214	1234
20130815	123	123	123	279.0589295646815	1234
20130815	123	123	123	329.1711797137376	1234
20130815	123	123	123	384.424971184449	1234
20130815	123	123	123	422.69761363015573	1234
20130815	123	123	123	447.0342011260254	1234
20130815	123	123	123	469.6448158082896	1234
20130815	123	123	123	490.142857142857	1234
20130815	123	123	123	504.981668786077	1234
20130815	123	123	123	467.8636523969014	1234
20130815	123	123	123	387.2037653048636	1234
20130815	123	123	123	372.0	1234
20130815	123	123	123	410.4204360218142	1234
20130815	123	123	123	431.7760116981408	1234
20130815	123	123	123	448.4570927218473	1234
20130815	123	123	123	464.8571428571428	1234
20130815	123	123	123	491.7012571390535	1234
20130815	123	123	123	445.0	1234
20130815	123	123	123	423.5428770807346	1234
20130815	123	123	123	403.50202253640646	1234
20130815	123	123	123	386.4237425959158	1234
20130815	123	123	123	364.6675326990815	1234
20130815	123	123	123	332.7578815790241	1234
20130815	123	123	123	299.27542358027426	1234
20130815	123	123	123	250.52897268513422	1234
20130815	123	123	123	193.65107038315455	1234
20130815	123	123	123	168.0	1234
20130815	123	123	123	3.6682285737789133	1234
20130815	123	123	123	18.018147828186525	1234
20130815	123	123	123	13.53739534141062	1234
20130815	123	123	123	17.85867691021447	1234
20130815	123	123	123	10.82765673396884	1234
20130815	123	123	123	16.609430321220046	1234
20130815	123	123	123	16.502285073581003	1234
20130815	123	123	123	11.953488350640624	1234
20130815	123	123	123	3.6475950449311045	1234
20130815	123	123	123	5.854854707704186	1234
20130815	123	123	123	12.088292459554895	1234
20130815	123	123	123	4.584419861974498	1234
20130815	123	123	123	19.879738721551554	1234
20130815	123	123	123	7.592508778452512	1234
20130815	123	123	123	17.8270331986985	1234
20130815	123	123	123	4.730467059828309	1234
20130815	123	123	123	11.070301398475525	1234
20130815	123	123	123	16.789517778455906	1234
20130815	123	123	123	8.06471862280592	1234
20130815	123	123	123	4.880000024543685	1234