time startPrice highestPrice lowestPrice endPrice transactionCount
20130815	123	123	123	10.191711403034438	1234
20130815	123	123	123	13.787735726245078	1234
20130815	123	123	123	19.4571205451258	1234
20130815	123	123	123	5.359380376745095	1234
20130815	123	123	123	8.927535819147872	1234
20130815	123	123	123	0.7106414572171582	1234
20130815	123	123	123	0.7070472863878652	1234
20130815	123	123	123	16.810620670178476	1234
20130815	123	123	123	3.554139594611838	1234
20130815	123	123	123	18.856718256460987	1234
20130815	123	123	123	11.233523613134118	1234
20130815	123	123	123	4.272649091881893	1234
20130815	123	123	123	15.779463440712115	1234
20130815	123	123	123	17.714438597155066	1234
20130815	123	123	123	3.911415251594468	1234
20130815	123	123	123	8.866982145461426	1234
20130815	123	123	123	7.163432026043914	1234
20130815	123	123	123	9.30050544534646	1234
20130815	123	123	123	13.532515512845766	1234
20130815	123	123	123	19.193093152825597	1234
20130815	123	123	123	161.03418207112293	1234
20130815	123	123	123	193.41708439462013	1234
20130815	123	123	123	219.0475230901663	1234
20130815	123	123	123	247.66246282354473	1234
20130815	123	123	123	270.71428571428567	1234
20130815	123	123	123	309.0817016434618	1234
20130815	123	123	123	353.0	1234
20130815	123	123	123	399.25174806430033	1234
20130815	123	123	123	424.7280365607141	1234
20130815	123	123	123	445.14259109691125	1234
20130815	123	123	123	467.36440704547965	1234
20130815	123	123	123	511.0109377642949	1234
20130815	123	123	123	469.49026108817003	1234
20130815	123	123	123	452.2479593195185	1234
20130815	123	123	123	429.4000149448266	1234
20130815	123	123	123	409.8731839386504	1234
20130815	123	123	123	375.32941977530595	1234
20130815	123	123	123	395.9638473069817	1234
20130815	123	123	123	445.654487499475	1234
20130815	123	123	123	501.9240874458077	1234
20130815	123	123	123	479.5104507199521	1234
20130815	123	123	123	463.1250542198411	1234
20130815	123	123	123	419.1986512563959	1234
20130815	123	123	123	387.7795856684845	1234
20130815	123	123	123	366.85547663024295	1234
20130815	123	123	123	276.75869406359794	1234
20130815	123	123	123	249.80210503744183	1234
20130815	123	123	123	220.87020486347447	1234
20130815	123	123	123	189.80372334375951	1234
20130815	123	123	123	168.0	1234
20130815	123	123	123	9.074947900985409	1234
20130815	123	123	123	17.300603180654065	1234
20130815	123	123	123	0.6531585137256135	1234
20130815	123	123	123	18.969536630248907	1234
20130815	123	123	123	10.040873325767926	1234
20130815	123	123	123	15.85509498457496	1234
20130815	123	123	123	19.22572781726482	1234
20130815	123	123	123	18.751479888811435	1234
20130815	123	123	123	6.71319475776996	1234
20130815	123	123	123	10.802774553003074	1234
20130815	123	123	123	14.953141890260891	1234
20130815	123	123	123	4.391261452115551	1234
20130815	123	123	123	15.01259862911867	1234
20130815	123	123	123	11.059071224802754	1234
20130815	123	123	123	11.949944079571297	1234
20130815	123	123	123	2.5843909424931	1234
20130815	123	123	123	13.963714560205922	1234
20130815	123	123	123	3.293374089645702	1234
20130815	123	123	123	11.563134502371158	1234
20130815	123	123	123	12.144172848164212	1234