time startPrice highestPrice lowestPrice endPrice transactionCount
20130815	123	123	123	0.38298646751193877	1234
20130815	123	123	123	2.9616130721316924	1234
20130815	123	123	123	12.545769001890406	1234
20130815	123	123	123	12.460260671614371	1234
20130815	123	123	123	12.490544833036221	1234
20130815	123	123	123	9.004436469440876	1234
20130815	123	123	123	0.8293040136745145	1234
20130815	123	123	123	14.712363682724137	1234
20130815	123	123	123	10.865552432281419	1234
20130815	123	123	123	6.823317224721848	1234
20130815	123	123	123	16.81854259077123	1234
20130815	123	123	123	19.140491501072738	1234
20130815	123	123	123	5.112397135382478	1234
20130815	123	123	123	3.2939696681367048	1234
20130815	123	123	123	13.123600494899932	1234
20130815	123	123	123	8.415763142959662	1234
20130815	123	123	123	12.965208984645432	1234
20130815	123	123	123	15.55272277511419	1234
20130815	123	123	123	18.572250319699616	1234
20130815	123	123	123	11.630135484652694	1234
20130815	123	123	123	169.58747302142453	1234
20130815	123	123	123	220.66582307790094	1234
20130815	123	123	123	247.94988834835354	1234
20130815	123	123	123	274.722825033857	1234
20130815	123	123	123	298.933416759085	1234
20130815	123	123	123	328.13533362692016	1234
20130815	123	123	123	354.61714971685564	1234
20130815	123	123	123	377.90107377012214	1234
20130815	123	123	123	400.9357085495956	1234
20130815	123	123	123	426.3298553164435	1234
20130815	123	123	123	444.8915274399275	1234
20130815	123	123	123	495.3063842740778	1234
20130815	123	123	123	513.0	1234
20130815	123	123	123	492.0120970436324	1234
20130815	123	123	123	468.6695407492296	1234
20130815	123	123	123	440.825962690683	1234
20130815	123	123	123	389.3403516445237	1234
20130815	123	123	123	372.0653072311007	1234
20130815	123	123	123	409.5779723024178	1234
20130815	123	123	123	432.60151237575855	1234
20130815	123	123	123	484.18189972419555	1234
20130815	123	123	123	499.92740944299777	1234
20130815	123	123	123	455.50227416135453	1234
20130815	123	123	123	426.0	1234
20130815	123	123	123	403.96751160316717	1234
20130815	123	123	123	364.15406342823115	1234
20130815	123	123	123	336.94249256563245	1234
20130815	123	123	123	308.1452296988679	1234
20130815	123	123	123	224.8549096847516	1234
20130815	123	123	123	168.0	1234
20130815	123	123	123	12.24715419468838	1234
20130815	123	123	123	16.257301887190245	1234
20130815	123	123	123	1.946182528942757	1234
20130815	123	123	123	15.187078959973292	1234
20130815	123	123	123	8.269808573827698	1234
20130815	123	123	123	6.667610615491631	1234
20130815	123	123	123	16.006290371424143	1234
20130815	123	123	123	3.931987709462741	1234
20130815	123	123	123	10.12537071723797	1234
20130815	123	123	123	9.148674462101091	1234
20130815	123	123	123	1.5976240724868762	1234
20130815	123	123	123	14.603012325880641	1234
20130815	123	123	123	0.9065109301306484	1234
20130815	123	123	123	16.811213626045664	1234
20130815	123	123	123	3.5191922411563725	1234
20130815	123	123	123	2.6087856772332274	1234
20130815	123	123	123	4.095667376911461	1234
20130815	123	123	123	14.743570382474706	1234
20130815	123	123	123	17.36333115021749	1234
20130815	123	123	123	2.6902920638380245	1234