time startPrice highestPrice lowestPrice endPrice transactionCount
20130815	123	123	123	0.3689146976314084	1234
20130815	123	123	123	4.547337869610817	1234
20130815	123	123	123	16.23309239455147	1234
20130815	123	123	123	3.7505813247682496	1234
20130815	123	123	123	0.11387600478873994	1234
20130815	123	123	123	11.637437348009733	1234
20130815	123	123	123	11.259099274191321	1234
20130815	123	123	123	9.985820393148606	1234
20130815	123	123	123	15.407569025371794	1234
20130815	123	123	123	18.435377691681875	1234
20130815	123	123	123	17.812290705690295	1234
20130815	123	123	123	0.25588986353902055	1234
20130815	123	123	123	17.081163403443483	1234
20130815	123	123	123	18.53777381091684	1234
20130815	123	123	123	0.7990413428391641	1234
20130815	123	123	123	1.6047832501426917	1234
20130815	123	123	123	15.175659758137133	1234
20130815	123	123	123	19.2316624655002	1234
20130815	123	123	123	16.77699085409075	1234
20130815	123	123	123	13.066612917871286	1234
20130815	123	123	123	165.61934812498603	1234
20130815	123	123	123	195.09093159526847	1234
20130815	123	123	123	215.85714285714283	1234
20130815	123	123	123	243.40974584704583	1234
20130815	123	123	123	276.21067677903795	1234
20130815	123	123	123	300.02640892391383	1234
20130815	123	123	123	326.52131784489137	1234
20130815	123	123	123	358.1794001781382	1234
20130815	123	123	123	375.85714285714283	1234
20130815	123	123	123	407.6312451390753	1234
20130815	123	123	123	512.5207007879862	1234
20130815	123	123	123	492.5358619899137	1234
20130815	123	123	123	448.9706819104849	1234
20130815	123	123	123	427.9114446457565	1234
20130815	123	123	123	410.65980787443533	1234
20130815	123	123	123	378.0790779032885	1234
20130815	123	123	123	430.77272162752564	1234
20130815	123	123	123	449.25297556548526	1234
20130815	123	123	123	466.2177498276679	1234
20130815	123	123	123	484.9571639571294	1234
20130815	123	123	123	492.55524391325724	1234
20130815	123	123	123	435.34744589984206	1234
20130815	123	123	123	402.30189865205847	1234
20130815	123	123	123	362.43057141396906	1234
20130815	123	123	123	332.11491960204984	1234
20130815	123	123	123	309.3187819619186	1234
20130815	123	123	123	282.85714285714283	1234
20130815	123	123	123	246.93013224214843	1234
20130815	123	123	123	191.27561016441405	1234
20130815	123	123	123	168.0	1234
20130815	123	123	123	16.950145597728415	1234
20130815	123	123	123	7.2482191327407435	1234
20130815	123	123	123	11.363564302503823	1234
20130815	123	123	123	13.119774975918583	1234
20130815	123	123	123	15.986872144936218	1234
20130815	123	123	123	7.543991704073452	1234
20130815	123	123	123	14.973062341644114	1234
20130815	123	123	123	12.78368359950894	1234
20130815	123	123	123	18.736537797674067	1234
20130815	123	123	123	0.22744608686874557	1234
20130815	123	123	123	15.813598278211957	1234
20130815	123	123	123	6.204386500812662	1234
20130815	123	123	123	18.929188865607202	1234
20130815	123	123	123	19.361908365557476	1234
20130815	123	123	123	13.469684475870183	1234
20130815	123	123	123	2.0011505773246463	1234
20130815	123	123	123	19.983187341672895	1234
20130815	123	123	123	6.614251797700065	1234
20130815	123	123	123	16.415810648154263	1234
20130815	123	123	123	10.69690416193444	1234