time startPrice highestPrice lowestPrice endPrice transactionCount
20130815	123	123	123	6.205549708985611	1234
20130815	123	123	123	13.557542182113245	1234
20130815	123	123	123	10.24331334376168	1234
20130815	123	123	123	3.9359191017546036	1234
20130815	123	123	123	10.186017258998925	1234
20130815	123	123	123	11.846284276637961	1234
20130815	123	123	123	13.92753807643929	1234
20130815	123	123	123	0.7991135468197141	1234
20130815	123	123	123	2.558009690272103	1234
20130815	123	123	123	14.720917002587923	1234
20130815	123	123	123	5.61453064537398	1234
20130815	123	123	123	7.454758946125823	1234
20130815	123	123	123	8.521120502757874	1234
20130815	123	123	123	8.487803334446832	1234
20130815	123	123	123	11.922368692877692	1234
20130815	123	123	123	7.243872420276141	1234
20130815	123	123	123	3.6663201991549443	1234
20130815	123	123	123	19.46501565987323	1234
20130815	123	123	123	4.853839397478989	1234
20130815	123	123	123	2.629594825832049	1234
20130815	123	123	123	168.07989061202605	1234
20130815	123	123	123	189.30583081642976	1234
20130815	123	123	123	215.85714285714283	1234
20130815	123	123	123	275.6808882215476	1234
20130815	123	123	123	299.49908608078795	1234
20130815	123	123	123	326.03567189881574	1234
20130815	123	123	123	362.38844350106905	1234
20130815	123	123	123	399.9765132407713	1234
20130815	123	123	123	424.7110346879291	1234
20130815	123	123	123	445.9342632758279	1234
20130815	123	123	123	511.2940521834174	1234
20130815	123	123	123	490.5652813251281	1234
20130815	123	123	123	468.46960421444055	1234
20130815	123	123	123	449.65288117796086	1234
20130815	123	123	123	429.15891876058873	1234
20130815	123	123	123	410.02802650968965	1234
20130815	123	123	123	387.5877924259086	1234
20130815	123	123	123	376.3730501872063	1234
20130815	123	123	123	409.5531130186609	1234
20130815	123	123	123	446.2857142857142	1234
20130815	123	123	123	466.2904721755695	1234
20130815	123	123	123	487.22345163260684	1234
20130815	123	123	123	500.34843141666414	1234
20130815	123	123	123	441.66078694915313	1234
20130815	123	123	123	421.1550429264182	1234
20130815	123	123	123	359.17377047751535	1234
20130815	123	123	123	311.3762978006434	1234
20130815	123	123	123	270.9460788543904	1234
20130815	123	123	123	222.27219385711837	1234
20130815	123	123	123	168.0	1234
20130815	123	123	123	15.101012489637037	1234
20130815	123	123	123	6.003792146597395	1234
20130815	123	123	123	2.72764456955078	1234
20130815	123	123	123	10.599395667967372	1234
20130815	123	123	123	12.070565400430173	1234
20130815	123	123	123	18.626619352533098	1234
20130815	123	123	123	1.9198590910077429	1234
20130815	123	123	123	7.412233767428534	1234
20130815	123	123	123	0.8962730198301183	1234
20130815	123	123	123	3.438803040517804	1234
20130815	123	123	123	12.448494127116216	1234
20130815	123	123	123	15.201056133938106	1234
20130815	123	123	123	4.3817162565538625	1234
20130815	123	123	123	13.833666908777243	1234
20130815	123	123	123	16.07852044861193	1234
20130815	123	123	123	5.616788044081391	1234
20130815	123	123	123	16.796538094869312	1234
20130815	123	123	123	15.999801736347658	1234
20130815	123	123	123	6.894262717057568	1234
20130815	123	123	123	19.000753485897555	1234