time startPrice highestPrice lowestPrice endPrice transactionCount
20130815	123	123	123	18.34299334658724	1234
20130815	123	123	123	16.687726169312473	1234
20130815	123	123	123	18.002001551803435	1234
20130815	123	123	123	6.837904240737687	1234
20130815	123	123	123	11.03869229030827	1234
20130815	123	123	123	4.394475464420607	1234
20130815	123	123	123	7.19998968793176	1234
20130815	123	123	123	7.722679351135742	1234
20130815	123	123	123	6.38326885649092	1234
20130815	123	123	123	2.28003160696741	1234
20130815	123	123	123	2.8639705001134352	1234
20130815	123	123	123	13.57594387041518	1234
20130815	123	123	123	11.23898487834537	1234
20130815	123	123	123	4.533568364281308	1234
20130815	123	123	123	11.175502812226963	1234
20130815	123	123	123	11.2935264996764	1234
20130815	123	123	123	16.64519270127147	1234
20130815	123	123	123	4.2867178192080235	1234
20130815	123	123	123	14.149322000920925	1234
20130815	123	123	123	12.053530794308529	1234
20130815	123	123	123	161.81099913909472	1234
20130815	123	123	123	200.2315368790628	1234
20130815	123	123	123	278.5322037380067	1234
20130815	123	123	123	298.4707770659443	1234
20130815	123	123	123	329.6400160059957	1234
20130815	123	123	123	356.62672864536796	1234
20130815	123	123	123	381.52048369767607	1234
20130815	123	123	123	401.2569359709882	1234
20130815	123	123	123	424.6414085382701	1234
20130815	123	123	123	467.28571428571416	1234
20130815	123	123	123	509.57637141868855	1234
20130815	123	123	123	492.15752203127096	1234
20130815	123	123	123	472.71428571428567	1234
20130815	123	123	123	431.40677288795354	1234
20130815	123	123	123	410.1695180282502	1234
20130815	123	123	123	388.2372671700912	1234
20130815	123	123	123	372.78991640235614	1234
20130815	123	123	123	411.3989459903134	1234
20130815	123	123	123	427.71428571428567	1234
20130815	123	123	123	502.0	1234
20130815	123	123	123	473.41632507719424	1234
20130815	123	123	123	406.7678757222676	1234
20130815	123	123	123	363.75200078803346	1234
20130815	123	123	123	335.56789598571	1234
20130815	123	123	123	309.0405633464642	1234
20130815	123	123	123	281.6768454078105	1234
20130815	123	123	123	248.6604426664183	1234
20130815	123	123	123	220.054410679853	1234
20130815	123	123	123	195.97318395999935	1234
20130815	123	123	123	168.0	1234
20130815	123	123	123	16.95883436844224	1234
20130815	123	123	123	16.7876769086373	1234
20130815	123	123	123	12.37392892974559	1234
20130815	123	123	123	8.735445254945997	1234
20130815	123	123	123	15.532432415133258	1234
20130815	123	123	123	4.998578959013726	1234
20130815	123	123	123	5.759704699466899	1234
20130815	123	123	123	3.397103563330093	1234
20130815	123	123	123	14.562022142714175	1234
20130815	123	123	123	18.08549529551919	1234
20130815	123	123	123	13.139888807808752	1234
20130815	123	123	123	17.63236987615675	1234
20130815	123	123	123	2.069502636670344	1234
20130815	123	123	123	13.133704237867361	1234
20130815	123	123	123	7.214290385216757	1234
20130815	123	123	123	11.30820640781139	1234
20130815	123	123	123	9.940914958330087	1234
20130815	123	123	123	0.9091527991942083	1234
20130815	123	123	123	12.595127736639276	1234
20130815	123	123	123	8.48056654806171	1234