time startPrice highestPrice lowestPrice endPrice transactionCount
20130815	123	123	123	8.760950201288424	1234
20130815	123	123	123	9.331559745424178	1234
20130815	123	123	123	17.508417587383676	1234
20130815	123	123	123	6.009786168929015	1234
20130815	123	123	123	1.7384821597579747	1234
20130815	123	123	123	15.318987396842763	1234
20130815	123	123	123	19.735028580441668	1234
20130815	123	123	123	16.037903796736913	1234
20130815	123	123	123	1.8506251301684418	1234
20130815	123	123	123	6.754389231472824	1234
20130815	123	123	123	8.81370566915293	1234
20130815	123	123	123	10.868425974031485	1234
20130815	123	123	123	3.319741180377811	1234
20130815	123	123	123	15.309118211834559	1234
20130815	123	123	123	16.247809116583525	1234
20130815	123	123	123	7.809760924139462	1234
20130815	123	123	123	7.023974329810576	1234
20130815	123	123	123	7.306228939988242	1234
20130815	123	123	123	4.505993005756905	1234
20130815	123	123	123	5.54512144481039	1234
20130815	123	123	123	163.33433254679625	1234
20130815	123	123	123	191.3697520032919	1234
20130815	123	123	123	217.15846637382464	1234
20130815	123	123	123	277.21966412949126	1234
20130815	123	123	123	298.1428571428571	1234
20130815	123	123	123	360.1873475279369	1234
20130815	123	123	123	400.07584032195973	1234
20130815	123	123	123	468.05096048049273	1234
20130815	123	123	123	492.51885386683335	1234
20130815	123	123	123	512.1822808915936	1234
20130815	123	123	123	488.5922447596852	1234
20130815	123	123	123	472.71428571428567	1234
20130815	123	123	123	448.9687614329065	1234
20130815	123	123	123	430.4954372535327	1234
20130815	123	123	123	408.6247127654504	1234
20130815	123	123	123	387.8083592106536	1234
20130815	123	123	123	372.0	1234
20130815	123	123	123	396.09270358530597	1234
20130815	123	123	123	469.0761127939203	1234
20130815	123	123	123	490.3912110448028	1234
20130815	123	123	123	442.47034430034324	1234
20130815	123	123	123	384.71687450273845	1234
20130815	123	123	123	368.84812185178254	1234
20130815	123	123	123	339.01928559890223	1234
20130815	123	123	123	308.99493309411775	1234
20130815	123	123	123	280.5753629479311	1234
20130815	123	123	123	254.1428571428571	1234
20130815	123	123	123	219.03701849712613	1234
20130815	123	123	123	192.32545191381294	1234
20130815	123	123	123	168.0	1234
20130815	123	123	123	18.747093340107703	1234
20130815	123	123	123	13.29762969032087	1234
20130815	123	123	123	13.879462251641982	1234
20130815	123	123	123	12.473721582039307	1234
20130815	123	123	123	2.22266059908645	1234
20130815	123	123	123	4.532273018188726	1234
20130815	123	123	123	13.962968507628677	1234
20130815	123	123	123	17.311974159230775	1234
20130815	123	123	123	15.07373473382838	1234
20130815	123	123	123	6.003498156130053	1234
20130815	123	123	123	18.573626578317445	1234
20130815	123	123	123	1.4963118745359671	1234
20130815	123	123	123	6.081320449987436	1234
20130815	123	123	123	10.626918915759065	1234
20130815	123	123	123	13.566180744521944	1234
20130815	123	123	123	0.6050404987869284	1234
20130815	123	123	123	8.171837007302143	1234
20130815	123	123	123	4.588522351213376	1234
20130815	123	123	123	13.272851755399406	1234
20130815	123	123	123	10.317411196535799	1234