time startPrice highestPrice lowestPrice endPrice transactionCount
20130815	123	123	123	6.390720664523151	1234
20130815	123	123	123	1.193174928797387	1234
20130815	123	123	123	10.758776775727892	1234
20130815	123	123	123	0.24439594198787606	1234
20130815	123	123	123	9.084631041085325	1234
20130815	123	123	123	19.08107768410981	1234
20130815	123	123	123	19.065352075624006	1234
20130815	123	123	123	4.199035069439516	1234
20130815	123	123	123	3.1690919737199175	1234
20130815	123	123	123	14.111533949791681	1234
20130815	123	123	123	2.27375390804067	1234
20130815	123	123	123	7.76055489780433	1234
20130815	123	123	123	15.240214432228807	1234
20130815	123	123	123	0.40069642602519995	1234
20130815	123	123	123	19.938146321780856	1234
20130815	123	123	123	12.534061288003475	1234
20130815	123	123	123	12.02991237722819	1234
20130815	123	123	123	15.974928144514323	1234
20130815	123	123	123	1.4972704160460037	1234
20130815	123	123	123	6.392239504488419	1234
20130815	123	123	123	164.56167581378133	1234
20130815	123	123	123	193.6364615585561	1234
20130815	123	123	123	221.14316237982516	1234
20130815	123	123	123	245.54779159065242	1234
20130815	123	123	123	270.71428571428567	1234
20130815	123	123	123	299.2933200641241	1234
20130815	123	123	123	325.57142857142856	1234
20130815	123	123	123	353.90837723503574	1234
20130815	123	123	123	393.92878016524645	1234
20130815	123	123	123	470.9942089262622	1234
20130815	123	123	123	492.6722809038384	1234
20130815	123	123	123	508.7756744384028	1234
20130815	123	123	123	470.37829705331666	1234
20130815	123	123	123	449.86297154071883	1234
20130815	123	123	123	430.1106054614348	1234
20130815	123	123	123	405.2365739834504	1234
20130815	123	123	123	372.1953534917055	1234
20130815	123	123	123	390.57142857142856	1234
20130815	123	123	123	448.84701719036565	1234
20130815	123	123	123	466.5821443343355	1234
20130815	123	123	123	485.4238348268905	1234
20130815	123	123	123	500.96596449937834	1234
20130815	123	123	123	443.7530018715575	1234
20130815	123	123	123	399.6841533686831	1234
20130815	123	123	123	358.18314371390636	1234
20130815	123	123	123	281.52897777413347	1234
20130815	123	123	123	247.61419805238575	1234
20130815	123	123	123	221.70511491336566	1234
20130815	123	123	123	196.23835038813124	1234
20130815	123	123	123	168.0	1234
20130815	123	123	123	9.423796647135646	1234
20130815	123	123	123	9.204258859986712	1234
20130815	123	123	123	15.192478645586466	1234
20130815	123	123	123	3.783944413781668	1234
20130815	123	123	123	18.604941414774327	1234
20130815	123	123	123	5.688895454279583	1234
20130815	123	123	123	4.370736436068783	1234
20130815	123	123	123	6.981989375513697	1234
20130815	123	123	123	15.15909412289725	1234
20130815	123	123	123	7.396274712571042	1234
20130815	123	123	123	11.47105162256387	1234
20130815	123	123	123	3.671131966031951	1234
20130815	123	123	123	14.808933348115076	1234
20130815	123	123	123	18.209413293371256	1234
20130815	123	123	123	8.137328954020369	1234
20130815	123	123	123	11.45304164909021	1234
20130815	123	123	123	2.902009798236762	1234
20130815	123	123	123	3.0356178712521276	1234
20130815	123	123	123	3.6701711661384584	1234
20130815	123	123	123	15.645811470841426	1234