time startPrice highestPrice lowestPrice endPrice transactionCount
20130815	123	123	123	17.290213141073473	1234
20130815	123	123	123	0.45283611146533786	1234
20130815	123	123	123	3.027921982870212	1234
20130815	123	123	123	11.748378874733254	1234
20130815	123	123	123	19.06610658876915	1234
20130815	123	123	123	9.114568838349706	1234
20130815	123	123	123	18.088542554187605	1234
20130815	123	123	123	11.349050231102913	1234
20130815	123	123	123	18.023727409150446	1234
20130815	123	123	123	17.601049524889454	1234
20130815	123	123	123	5.5112299984263196	1234
20130815	123	123	123	4.067288850389974	1234
20130815	123	123	123	11.569942184182958	1234
20130815	123	123	123	10.615775266041716	1234
20130815	123	123	123	11.918937284903313	1234
20130815	123	123	123	8.503270504502149	1234
20130815	123	123	123	18.846329054885096	1234
20130815	123	123	123	15.36149764721733	1234
20130815	123	123	123	11.123611997841035	1234
20130815	123	123	123	3.29577652091942	1234
20130815	123	123	123	168.67520206843108	1234
20130815	123	123	123	216.93636332205983	1234
20130815	123	123	123	246.28590183045804	1234
20130815	123	123	123	304.3901402409051	1234
20130815	123	123	123	359.37362790452914	1234
20130815	123	123	123	376.40697001441987	1234
20130815	123	123	123	398.71927390757935	1234
20130815	123	123	123	449.7878566097311	1234
20130815	123	123	123	471.05011607185355	1234
20130815	123	123	123	491.5970438239253	1234
20130815	123	123	123	505.91232484500796	1234
20130815	123	123	123	469.24711425798677	1234
20130815	123	123	123	449.98040289124043	1234
20130815	123	123	123	409.9972287398701	1234
20130815	123	123	123	391.45783584767565	1234
20130815	123	123	123	372.0	1234
20130815	123	123	123	394.29613441457326	1234
20130815	123	123	123	431.5037201201466	1234
20130815	123	123	123	446.2857142857142	1234
20130815	123	123	123	502.0	1234
20130815	123	123	123	457.6506127502213	1234
20130815	123	123	123	422.58337167247515	1234
20130815	123	123	123	400.50622856571226	1234
20130815	123	123	123	364.62433326293853	1234
20130815	123	123	123	339.6872205889249	1234
20130815	123	123	123	304.2804268538697	1234
20130815	123	123	123	282.0098347716541	1234
20130815	123	123	123	224.49850570520258	1234
20130815	123	123	123	192.94458249473692	1234
20130815	123	123	123	168.0	1234
20130815	123	123	123	5.4296349244655095	1234
20130815	123	123	123	2.006157943118232	1234
20130815	123	123	123	9.598985889816994	1234
20130815	123	123	123	5.855960316452995	1234
20130815	123	123	123	12.576317122731782	1234
20130815	123	123	123	14.139231617225223	1234
20130815	123	123	123	16.385451072483356	1234
20130815	123	123	123	2.6128259919068153	1234
20130815	123	123	123	5.167056620379715	1234
20130815	123	123	123	14.648773533812241	1234
20130815	123	123	123	9.17079924805692	1234
20130815	123	123	123	7.929224138153015	1234
20130815	123	123	123	6.589156735056729	1234
20130815	123	123	123	1.0627512793416694	1234
20130815	123	123	123	2.68512357360976	1234
20130815	123	123	123	10.272965043818589	1234
20130815	123	123	123	8.501772790303386	1234
20130815	123	123	123	3.6365153764398106	1234
20130815	123	123	123	15.567730125168126	1234
20130815	123	123	123	6.278422005773483	1234