time startPrice highestPrice lowestPrice endPrice transactionCount
20130815	123	123	123	11.607065252708766	1234
20130815	123	123	123	0.3787314794520258	1234
20130815	123	123	123	1.395742753854683	1234
20130815	123	123	123	0.7693932655766655	1234
20130815	123	123	123	5.72619616166508	1234
20130815	123	123	123	14.32483659596401	1234
20130815	123	123	123	14.382156661782092	1234
20130815	123	123	123	4.426421249324736	1234
20130815	123	123	123	7.223936273370617	1234
20130815	123	123	123	2.9625766562526112	1234
20130815	123	123	123	8.44307627407618	1234
20130815	123	123	123	17.837958779354064	1234
20130815	123	123	123	19.530581977455682	1234
20130815	123	123	123	4.059625366570576	1234
20130815	123	123	123	11.854284591179383	1234
20130815	123	123	123	15.02257383297458	1234
20130815	123	123	123	7.427716235062225	1234
20130815	123	123	123	16.055926795706693	1234
20130815	123	123	123	11.17220201637805	1234
20130815	123	123	123	9.26438141812187	1234
20130815	123	123	123	166.8729825845173	1234
20130815	123	123	123	191.18515652672767	1234
20130815	123	123	123	225.2200359304518	1234
20130815	123	123	123	275.2493896931177	1234
20130815	123	123	123	306.2492549534319	1234
20130815	123	123	123	353.10729004764244	1234
20130815	123	123	123	384.90262304972515	1234
20130815	123	123	123	425.8579191741208	1234
20130815	123	123	123	449.8952190918499	1234
20130815	123	123	123	469.7945727827177	1234
20130815	123	123	123	490.142857142857	1234
20130815	123	123	123	510.83507478818393	1234
20130815	123	123	123	491.4412556003202	1234
20130815	123	123	123	468.01111499547375	1234
20130815	123	123	123	431.87326432266485	1234
20130815	123	123	123	405.208964703534	1234
20130815	123	123	123	383.66441850896473	1234
20130815	123	123	123	434.951321627862	1234
20130815	123	123	123	467.9631055844924	1234
20130815	123	123	123	483.7813830827664	1234
20130815	123	123	123	500.7871794763794	1234
20130815	123	123	123	479.15807368676224	1234
20130815	123	123	123	461.47757904722323	1234
20130815	123	123	123	444.5484344290959	1234
20130815	123	123	123	417.31049190843095	1234
20130815	123	123	123	387.74814332846194	1234
20130815	123	123	123	364.6886264150365	1234
20130815	123	123	123	333.3097572576556	1234
20130815	123	123	123	273.01872414975816	1234
20130815	123	123	123	168.0	1234
20130815	123	123	123	1.9326861107196014	1234
20130815	123	123	123	8.945587648365551	1234
20130815	123	123	123	15.225658084621275	1234
20130815	123	123	123	4.933664332114356	1234
20130815	123	123	123	6.006464314406081	1234
20130815	123	123	123	9.475346788527471	1234
20130815	123	123	123	12.78779481171526	1234
20130815	123	123	123	6.864126424259018	1234
20130815	123	123	123	8.678275057720388	1234
20130815	123	123	123	17.027419864760386	1234
20130815	123	123	123	4.109383427155007	1234
20130815	123	123	123	10.38308391794242	1234
20130815	123	123	123	19.2624067295679	1234
20130815	123	123	123	5.167801698562908	1234
20130815	123	123	123	10.889347372444401	1234
20130815	123	123	123	6.516698516773481	1234
20130815	123	123	123	3.0496470875483106	1234
20130815	123	123	123	13.079380168917172	1234
20130815	123	123	123	9.277844487720216	1234
20130815	123	123	123	8.943121228768318	1234