time startPrice highestPrice lowestPrice endPrice transactionCount
20130815	123	123	123	8.636502590165795	1234
20130815	123	123	123	11.236454258069102	1234
20130815	123	123	123	0.3584215215959019	1234
20130815	123	123	123	19.707694964266214	1234
20130815	123	123	123	16.41525392468956	1234
20130815	123	123	123	5.877789161293152	1234
20130815	123	123	123	17.738148099613735	1234
20130815	123	123	123	3.5335570957230256	1234
20130815	123	123	123	1.3416159587459875	1234
20130815	123	123	123	13.670447730436058	1234
20130815	123	123	123	3.8511525236110877	1234
20130815	123	123	123	14.469819260150947	1234
20130815	123	123	123	2.0204287157698264	1234
20130815	123	123	123	0.35517517811693544	1234
20130815	123	123	123	15.522021567553285	1234
20130815	123	123	123	1.9096144648199198	1234
20130815	123	123	123	1.7598463852607926	1234
20130815	123	123	123	15.496781787200305	1234
20130815	123	123	123	17.385603009675286	1234
20130815	123	123	123	0.959542319770692	1234
20130815	123	123	123	161.0	1234
20130815	123	123	123	217.59824073408228	1234
20130815	123	123	123	248.55113501528209	1234
20130815	123	123	123	276.1461729114909	1234
20130815	123	123	123	304.47547645151093	1234
20130815	123	123	123	357.70486356160256	1234
20130815	123	123	123	425.91386687456395	1234
20130815	123	123	123	451.64616203409014	1234
20130815	123	123	123	490.142857142857	1234
20130815	123	123	123	513.0	1234
20130815	123	123	123	468.4129641119702	1234
20130815	123	123	123	446.1975044899235	1234
20130815	123	123	123	408.4675322907872	1234
20130815	123	123	123	392.142857142857	1234
20130815	123	123	123	377.18318137550665	1234
20130815	123	123	123	442.54476116097294	1234
20130815	123	123	123	486.03896003474284	1234
20130815	123	123	123	498.82744260053056	1234
20130815	123	123	123	462.6630329039358	1234
20130815	123	123	123	444.4066520328704	1234
20130815	123	123	123	422.7952507992799	1234
20130815	123	123	123	403.0061666416195	1234
20130815	123	123	123	380.8931986223846	1234
20130815	123	123	123	333.6153088073828	1234
20130815	123	123	123	311.57142857142856	1234
20130815	123	123	123	281.84338429196987	1234
20130815	123	123	123	252.2940313628429	1234
20130815	123	123	123	218.5482566678305	1234
20130815	123	123	123	195.27283439893426	1234
20130815	123	123	123	168.0	1234
20130815	123	123	123	3.8127173847865437	1234
20130815	123	123	123	4.512730538282961	1234
20130815	123	123	123	1.8289434119594339	1234
20130815	123	123	123	11.44947098206454	1234
20130815	123	123	123	16.245059699053936	1234
20130815	123	123	123	16.907954127177586	1234
20130815	123	123	123	18.52644073096917	1234
20130815	123	123	123	2.8729893084362623	1234
20130815	123	123	123	1.993762524076259	1234
20130815	123	123	123	3.8024471731268905	1234
20130815	123	123	123	9.218248084452778	1234
20130815	123	123	123	12.573575498494927	1234
20130815	123	123	123	8.75768200702046	1234
20130815	123	123	123	11.451457000526354	1234
20130815	123	123	123	2.77647037977347	1234
20130815	123	123	123	10.917329021670579	1234
20130815	123	123	123	18.073327485802544	1234
20130815	123	123	123	1.6963933025477096	1234
20130815	123	123	123	0.6232530924950286	1234
20130815	123	123	123	14.243885802650224	1234