time startPrice highestPrice lowestPrice endPrice transactionCount
20130815	123	123	123	8.436875851070514	1234
20130815	123	123	123	15.77914762971037	1234
20130815	123	123	123	2.149497487361789	1234
20130815	123	123	123	11.831079229946296	1234
20130815	123	123	123	5.574381224999668	1234
20130815	123	123	123	17.41587050281502	1234
20130815	123	123	123	8.136525262822191	1234
20130815	123	123	123	9.587811239807596	1234
20130815	123	123	123	11.264845362310403	1234
20130815	123	123	123	2.918343865720161	1234
20130815	123	123	123	1.5025041038209896	1234
20130815	123	123	123	9.893029805216727	1234
20130815	123	123	123	11.977337320478409	1234
20130815	123	123	123	12.837550618784643	1234
20130815	123	123	123	15.621508471938974	1234
20130815	123	123	123	9.415934652100457	1234
20130815	123	123	123	5.254459008472172	1234
20130815	123	123	123	0.6821520185795693	1234
20130815	123	123	123	5.259988810924867	1234
20130815	123	123	123	19.37295285844433	1234
20130815	123	123	123	163.0103759768868	1234
20130815	123	123	123	190.97624464585363	1234
20130815	123	123	123	225.2756561492246	1234
20130815	123	123	123	328.81270318646153	1234
20130815	123	123	123	357.7624309027713	1234
20130815	123	123	123	398.71428571428567	1234
20130815	123	123	123	422.741119634306	1234
20130815	123	123	123	450.81123285661243	1234
20130815	123	123	123	471.4871410609054	1234
20130815	123	123	123	491.26085529700094	1234
20130815	123	123	123	508.8757517856717	1234
20130815	123	123	123	484.3296111901261	1234
20130815	123	123	123	451.643407264196	1234
20130815	123	123	123	430.7359726355953	1234
20130815	123	123	123	409.4030601167766	1234
20130815	123	123	123	386.9774890282569	1234
20130815	123	123	123	380.38341038407384	1234
20130815	123	123	123	429.5427021723331	1234
20130815	123	123	123	483.42857142857133	1234
20130815	123	123	123	499.3628219807167	1234
20130815	123	123	123	481.6005821956573	1234
20130815	123	123	123	444.01279671634137	1234
20130815	123	123	123	424.88796888769156	1234
20130815	123	123	123	406.5179010759761	1234
20130815	123	123	123	368.9866084595823	1234
20130815	123	123	123	340.2857142857143	1234
20130815	123	123	123	311.4215521498735	1234
20130815	123	123	123	281.97183195759044	1234
20130815	123	123	123	218.74488501828162	1234
20130815	123	123	123	168.0	1234
20130815	123	123	123	3.0539680901725164	1234
20130815	123	123	123	12.093646567814506	1234
20130815	123	123	123	12.123221641264553	1234
20130815	123	123	123	0.5702157305106015	1234
20130815	123	123	123	3.7006501233125255	1234
20130815	123	123	123	10.333954619801549	1234
20130815	123	123	123	13.021103761255574	1234
20130815	123	123	123	18.994609333135354	1234
20130815	123	123	123	5.78400991191825	1234
20130815	123	123	123	7.382916423719433	1234
20130815	123	123	123	18.45175222233092	1234
20130815	123	123	123	4.854397074950909	1234
20130815	123	123	123	15.169383504248461	1234
20130815	123	123	123	2.3064712100378126	1234
20130815	123	123	123	7.545898343546813	1234
20130815	123	123	123	13.146199127765758	1234
20130815	123	123	123	19.74711077236144	1234
20130815	123	123	123	1.5445632705036716	1234
20130815	123	123	123	19.084609747372195	1234
20130815	123	123	123	19.625889826002542	1234