time startPrice highestPrice lowestPrice endPrice transactionCount
20130815	123	123	123	9.288242543191565	1234
20130815	123	123	123	0.6983736525024731	1234
20130815	123	123	123	6.783789728839336	1234
20130815	123	123	123	5.643333312141772	1234
20130815	123	123	123	2.632781700514142	1234
20130815	123	123	123	7.700668835944464	1234
20130815	123	123	123	12.356367880276625	1234
20130815	123	123	123	16.563695521135575	1234
20130815	123	123	123	7.017704891207415	1234
20130815	123	123	123	13.297449180169272	1234
20130815	123	123	123	13.811084127065518	1234
20130815	123	123	123	19.227642382856946	1234
20130815	123	123	123	6.184037363243617	1234
20130815	123	123	123	2.0995627422982577	1234
20130815	123	123	123	5.232697975289713	1234
20130815	123	123	123	7.325562326267201	1234
20130815	123	123	123	19.063145743572253	1234
20130815	123	123	123	0.4693248085562618	1234
20130815	123	123	123	15.046424417219743	1234
20130815	123	123	123	13.229073764080251	1234
20130815	123	123	123	162.17073932886817	1234
20130815	123	123	123	193.7283885112917	1234
20130815	123	123	123	245.05017595706641	1234
20130815	123	123	123	311.16324454214134	1234
20130815	123	123	123	353.0	1234
20130815	123	123	123	377.10961789542955	1234
20130815	123	123	123	422.7544513148209	1234
20130815	123	123	123	444.42857142857133	1234
20130815	123	123	123	480.654733858244	1234
20130815	123	123	123	512.4160913211001	1234
20130815	123	123	123	491.97248625077805	1234
20130815	123	123	123	472.2282601979586	1234
20130815	123	123	123	441.8142428025982	1234
20130815	123	123	123	409.09503792795454	1234
20130815	123	123	123	387.06018272925843	1234
20130815	123	123	123	372.0	1234
20130815	123	123	123	391.2059665791418	1234
20130815	123	123	123	409.1428571428571	1234
20130815	123	123	123	437.5177695068992	1234
20130815	123	123	123	484.9137231024415	1234
20130815	123	123	123	498.71243755520874	1234
20130815	123	123	123	480.4352031082358	1234
20130815	123	123	123	462.8333367069514	1234
20130815	123	123	123	407.0	1234
20130815	123	123	123	364.073837998692	1234
20130815	123	123	123	310.4843407264776	1234
20130815	123	123	123	278.50025865783834	1234
20130815	123	123	123	247.28826353000375	1234
20130815	123	123	123	222.34924973877085	1234
20130815	123	123	123	168.0	1234
20130815	123	123	123	13.619343830424429	1234
20130815	123	123	123	0.8185476326888819	1234
20130815	123	123	123	4.016663614984422	1234
20130815	123	123	123	8.354738286885642	1234
20130815	123	123	123	19.89479212225548	1234
20130815	123	123	123	0.008304070463081015	1234
20130815	123	123	123	4.367269365276698	1234
20130815	123	123	123	12.43205794548517	1234
20130815	123	123	123	12.975064244006013	1234
20130815	123	123	123	16.343223344065137	1234
20130815	123	123	123	13.329634392378598	1234
20130815	123	123	123	12.897074926885706	1234
20130815	123	123	123	0.6758102359798546	1234
20130815	123	123	123	8.266397806992252	1234
20130815	123	123	123	18.819393258285015	1234
20130815	123	123	123	7.058659997975232	1234
20130815	123	123	123	0.4579437681654075	1234
20130815	123	123	123	7.099261977016118	1234
20130815	123	123	123	14.96208464618418	1234
20130815	123	123	123	11.735373486840983	1234