time startPrice highestPrice lowestPrice endPrice transactionCount
20130815	123	123	123	13.877873478829963	1234
20130815	123	123	123	14.97391289690322	1234
20130815	123	123	123	3.8410767456936745	1234
20130815	123	123	123	9.522987741392653	1234
20130815	123	123	123	11.64602136178187	1234
20130815	123	123	123	9.0211929322132	1234
20130815	123	123	123	14.74297420446421	1234
20130815	123	123	123	18.04784407773642	1234
20130815	123	123	123	3.2388082532768747	1234
20130815	123	123	123	13.587032769731383	1234
20130815	123	123	123	12.08622025951675	1234
20130815	123	123	123	18.153960171955642	1234
20130815	123	123	123	13.823611128664453	1234
20130815	123	123	123	12.321574262609307	1234
20130815	123	123	123	19.98651743700906	1234
20130815	123	123	123	18.805747629516624	1234
20130815	123	123	123	2.9162957859165384	1234
20130815	123	123	123	17.09288718706317	1234
20130815	123	123	123	0.01653025001713715	1234
20130815	123	123	123	3.141416537664059	1234
20130815	123	123	123	167.6373854303255	1234
20130815	123	123	123	190.66879003083753	1234
20130815	123	123	123	221.56809454046058	1234
20130815	123	123	123	243.28571428571425	1234
20130815	123	123	123	275.71620057580407	1234
20130815	123	123	123	300.85508130658417	1234
20130815	123	123	123	328.37569571225436	1234
20130815	123	123	123	356.17665753322285	1234
20130815	123	123	123	377.3650484436098	1234
20130815	123	123	123	398.71428571428567	1234
20130815	123	123	123	511.8596331663683	1234
20130815	123	123	123	487.56059261504856	1234
20130815	123	123	123	429.70059835181803	1234
20130815	123	123	123	392.142857142857	1234
20130815	123	123	123	372.12666680305483	1234
20130815	123	123	123	396.3680862219576	1234
20130815	123	123	123	441.19440286210437	1234
20130815	123	123	123	501.2833789383205	1234
20130815	123	123	123	481.8417253224238	1234
20130815	123	123	123	461.0963425616103	1234
20130815	123	123	123	444.086804932072	1234
20130815	123	123	123	426.0	1234
20130815	123	123	123	404.5851333572648	1234
20130815	123	123	123	385.8463452345969	1234
20130815	123	123	123	334.66605061828415	1234
20130815	123	123	123	307.96715478981923	1234
20130815	123	123	123	280.37506705915996	1234
20130815	123	123	123	252.21358998374652	1234
20130815	123	123	123	212.90448895816263	1234
20130815	123	123	123	168.0	1234
20130815	123	123	123	16.75944048619481	1234
20130815	123	123	123	9.696344491197728	1234
20130815	123	123	123	10.4428668539947	1234
20130815	123	123	123	8.774888695118154	1234
20130815	123	123	123	16.675305487275807	1234
20130815	123	123	123	16.274131528692052	1234
20130815	123	123	123	17.96643487121399	1234
20130815	123	123	123	9.59477365907091	1234
20130815	123	123	123	17.08069016150493	1234
20130815	123	123	123	10.656434491347786	1234
20130815	123	123	123	5.741197063584938	1234
20130815	123	123	123	19.5004636191381	1234
20130815	123	123	123	5.93283767506696	1234
20130815	123	123	123	16.449140075264655	1234
20130815	123	123	123	0.840885333028627	1234
20130815	123	123	123	4.941196135952537	1234
20130815	123	123	123	5.0825859516345435	1234
20130815	123	123	123	1.9311526912570631	1234
20130815	123	123	123	19.362754540159777	1234
20130815	123	123	123	0.17471024188479012	1234