time startPrice highestPrice lowestPrice endPrice transactionCount
20130815	123	123	123	12.543348794195916	1234
20130815	123	123	123	14.795690851790575	1234
20130815	123	123	123	4.412704430168191	1234
20130815	123	123	123	5.393030037421416	1234
20130815	123	123	123	4.9060834502237505	1234
20130815	123	123	123	11.518981664054355	1234
20130815	123	123	123	19.21527510060216	1234
20130815	123	123	123	12.164028708086649	1234
20130815	123	123	123	9.66013790373646	1234
20130815	123	123	123	14.700104541286706	1234
20130815	123	123	123	12.029863647253261	1234
20130815	123	123	123	5.7170515401496935	1234
20130815	123	123	123	18.29764223116866	1234
20130815	123	123	123	18.847706747914593	1234
20130815	123	123	123	0.9045041535779075	1234
20130815	123	123	123	6.3220773210851196	1234
20130815	123	123	123	11.939290670666372	1234
20130815	123	123	123	0.5852559579301464	1234
20130815	123	123	123	9.064739320315224	1234
20130815	123	123	123	16.17672281637131	1234
20130815	123	123	123	170.44865019690752	1234
20130815	123	123	123	222.66873416279216	1234
20130815	123	123	123	246.6374344007877	1234
20130815	123	123	123	280.54171159955484	1234
20130815	123	123	123	326.9860612857837	1234
20130815	123	123	123	357.0889834596354	1234
20130815	123	123	123	375.86054703789733	1234
20130815	123	123	123	423.13823824041066	1234
20130815	123	123	123	448.8674187486767	1234
20130815	123	123	123	510.75861556205064	1234
20130815	123	123	123	491.50991080638687	1234
20130815	123	123	123	472.4521691562801	1234
20130815	123	123	123	449.75773344821334	1234
20130815	123	123	123	425.21507868266633	1234
20130815	123	123	123	374.02819363776933	1234
20130815	123	123	123	391.16861703226664	1234
20130815	123	123	123	416.6922893060092	1234
20130815	123	123	123	450.79956031296547	1234
20130815	123	123	123	483.9509757238613	1234
20130815	123	123	123	495.3382718884552	1234
20130815	123	123	123	464.0	1234
20130815	123	123	123	402.0551422508434	1234
20130815	123	123	123	384.29696675380603	1234
20130815	123	123	123	338.3425167712552	1234
20130815	123	123	123	310.7863241220528	1234
20130815	123	123	123	277.3679760395264	1234
20130815	123	123	123	253.64472283584757	1234
20130815	123	123	123	223.9418446609891	1234
20130815	123	123	123	195.8505209503288	1234
20130815	123	123	123	168.0	1234
20130815	123	123	123	14.911559149115945	1234
20130815	123	123	123	15.68874847798428	1234
20130815	123	123	123	14.15269787634253	1234
20130815	123	123	123	15.299547780952658	1234
20130815	123	123	123	14.160736000466924	1234
20130815	123	123	123	11.225905059285811	1234
20130815	123	123	123	2.937080247387396	1234
20130815	123	123	123	17.385998153317843	1234
20130815	123	123	123	19.089334903380298	1234
20130815	123	123	123	3.34434360781664	1234
20130815	123	123	123	0.542506047833966	1234
20130815	123	123	123	19.777984436056606	1234
20130815	123	123	123	14.232489030135199	1234
20130815	123	123	123	13.619494101169614	1234
20130815	123	123	123	1.3912282939593612	1234
20130815	123	123	123	16.873878645143282	1234
20130815	123	123	123	0.6489698633214314	1234
20130815	123	123	123	9.861301461519993	1234
20130815	123	123	123	2.8197274032329256	1234
20130815	123	123	123	2.1064913650030803	1234