time startPrice highestPrice lowestPrice endPrice transactionCount
20130815	123	123	123	15.698760503025815	1234
20130815	123	123	123	12.503937420387084	1234
20130815	123	123	123	3.6397936604493264	1234
20130815	123	123	123	15.789124604087682	1234
20130815	123	123	123	3.5245352410979525	1234
20130815	123	123	123	3.650186534999531	1234
20130815	123	123	123	4.598623279466636	1234
20130815	123	123	123	18.192233977918445	1234
20130815	123	123	123	8.650532459002845	1234
20130815	123	123	123	4.008178838731338	1234
20130815	123	123	123	8.112262521920862	1234
20130815	123	123	123	7.880710979756151	1234
20130815	123	123	123	15.380992428102171	1234
20130815	123	123	123	14.232822518156913	1234
20130815	123	123	123	8.891948212605925	1234
20130815	123	123	123	4.436963393203948	1234
20130815	123	123	123	19.330474359229775	1234
20130815	123	123	123	18.976182077916718	1234
20130815	123	123	123	3.2458850014152696	1234
20130815	123	123	123	7.227641599433035	1234
20130815	123	123	123	161.0	1234
20130815	123	123	123	192.5512051251978	1234
20130815	123	123	123	216.50217038344192	1234
20130815	123	123	123	248.10184030883966	1234
20130815	123	123	123	271.9920631538815	1234
20130815	123	123	123	305.3014220603019	1234
20130815	123	123	123	358.0373421374622	1234
20130815	123	123	123	376.4062104838949	1234
20130815	123	123	123	446.87904746656443	1234
20130815	123	123	123	467.28571428571416	1234
20130815	123	123	123	490.142857142857	1234
20130815	123	123	123	510.6070037032661	1234
20130815	123	123	123	487.6864904989185	1234
20130815	123	123	123	467.43511085917027	1234
20130815	123	123	123	448.6091797299136	1234
20130815	123	123	123	432.42857142857133	1234
20130815	123	123	123	376.27371535434787	1234
20130815	123	123	123	412.6514688422152	1234
20130815	123	123	123	448.7371641861372	1234
20130815	123	123	123	486.52850469624	1234
20130815	123	123	123	497.7595974012061	1234
20130815	123	123	123	483.0	1234
20130815	123	123	123	462.87305891221126	1234
20130815	123	123	123	388.0	1234
20130815	123	123	123	339.82042818864926	1234
20130815	123	123	123	307.4570670911934	1234
20130815	123	123	123	275.2084143499394	1234
20130815	123	123	123	246.65255564923322	1234
20130815	123	123	123	191.79301560326508	1234
20130815	123	123	123	168.0	1234
20130815	123	123	123	7.178141370001119	1234
20130815	123	123	123	5.798046434615756	1234
20130815	123	123	123	9.500268452801606	1234
20130815	123	123	123	11.182506682734648	1234
20130815	123	123	123	11.096741792952344	1234
20130815	123	123	123	12.15650632891045	1234
20130815	123	123	123	1.6353546206652236	1234
20130815	123	123	123	0.6706974514797381	1234
20130815	123	123	123	12.754365598831054	1234
20130815	123	123	123	3.8385219694215422	1234
20130815	123	123	123	10.497538600635403	1234
20130815	123	123	123	13.437898468026619	1234
20130815	123	123	123	19.619077967740168	1234
20130815	123	123	123	0.5537484007309512	1234
20130815	123	123	123	15.092932788007769	1234
20130815	123	123	123	11.743693238166003	1234
20130815	123	123	123	9.75355758095562	1234
20130815	123	123	123	7.403163995727695	1234
20130815	123	123	123	10.23747040897594	1234
20130815	123	123	123	3.6391635243960074	1234