time startPrice highestPrice lowestPrice endPrice transactionCount
20130815	123	123	123	17.380354700130695	1234
20130815	123	123	123	6.093850188580512	1234
20130815	123	123	123	19.340933283342522	1234
20130815	123	123	123	3.0785965574859975	1234
20130815	123	123	123	7.453240565328905	1234
20130815	123	123	123	14.018280514740235	1234
20130815	123	123	123	16.47712585709271	1234
20130815	123	123	123	14.635103962194474	1234
20130815	123	123	123	13.178394991748618	1234
20130815	123	123	123	14.228350183316767	1234
20130815	123	123	123	4.772445588492089	1234
20130815	123	123	123	9.32759030323824	1234
20130815	123	123	123	18.274001260904008	1234
20130815	123	123	123	13.978911961435463	1234
20130815	123	123	123	13.725822698983812	1234
20130815	123	123	123	19.375090295075257	1234
20130815	123	123	123	15.906539830782744	1234
20130815	123	123	123	12.224653333357871	1234
20130815	123	123	123	12.074377890337347	1234
20130815	123	123	123	0.6451381724136573	1234
20130815	123	123	123	162.50785931748626	1234
20130815	123	123	123	331.1447060245146	1234
20130815	123	123	123	356.39443752366657	1234
20130815	123	123	123	386.9621138411282	1234
20130815	123	123	123	423.61422178037304	1234
20130815	123	123	123	444.42857142857133	1234
20130815	123	123	123	471.88194693555505	1234
20130815	123	123	123	495.7085235615158	1234
20130815	123	123	123	500.3602392090787	1234
20130815	123	123	123	451.4868860824938	1234
20130815	123	123	123	427.39013140385083	1234
20130815	123	123	123	410.65115273443695	1234
20130815	123	123	123	387.70507521722624	1234
20130815	123	123	123	372.49387183316196	1234
20130815	123	123	123	393.21642513773895	1234
20130815	123	123	123	413.4178294022769	1234
20130815	123	123	123	433.18841733680824	1234
20130815	123	123	123	465.36779375745346	1234
20130815	123	123	123	483.42857142857133	1234
20130815	123	123	123	502.0	1234
20130815	123	123	123	463.5209704130729	1234
20130815	123	123	123	442.7676275757493	1234
20130815	123	123	123	423.1142269758216	1234
20130815	123	123	123	387.33873659028234	1234
20130815	123	123	123	359.4278593743727	1234
20130815	123	123	123	311.57142857142856	1234
20130815	123	123	123	248.39488942764535	1234
20130815	123	123	123	223.3794420567861	1234
20130815	123	123	123	195.89315023956848	1234
20130815	123	123	123	168.0	1234
20130815	123	123	123	18.54653733136057	1234
20130815	123	123	123	18.95074024597359	1234
20130815	123	123	123	7.712892817895383	1234
20130815	123	123	123	11.784837125301094	1234
20130815	123	123	123	6.019531801794205	1234
20130815	123	123	123	4.736791113987082	1234
20130815	123	123	123	19.426952928998595	1234
20130815	123	123	123	16.805773727334245	1234
20130815	123	123	123	18.056565111115688	1234
20130815	123	123	123	1.5704055094469616	1234
20130815	123	123	123	8.706988208710396	1234
20130815	123	123	123	3.2425329825696103	1234
20130815	123	123	123	10.48055620864594	1234
20130815	123	123	123	13.28977828292432	1234
20130815	123	123	123	13.054940949840326	1234
20130815	123	123	123	18.180337443156965	1234
20130815	123	123	123	12.621949068108385	1234
20130815	123	123	123	2.0231828122086726	1234
20130815	123	123	123	10.964846333841345	1234
20130815	123	123	123	15.248133685713974	1234