time startPrice highestPrice lowestPrice endPrice transactionCount
20130815	123	123	123	17.544155013816336	1234
20130815	123	123	123	13.427258394292046	1234
20130815	123	123	123	15.431624620942587	1234
20130815	123	123	123	8.326852824815328	1234
20130815	123	123	123	8.557319119280557	1234
20130815	123	123	123	15.846208825616387	1234
20130815	123	123	123	19.16361021044807	1234
20130815	123	123	123	11.620203214904166	1234
20130815	123	123	123	0.682524770554156	1234
20130815	123	123	123	10.828366705435107	1234
20130815	123	123	123	18.22961376780231	1234
20130815	123	123	123	18.215557311417946	1234
20130815	123	123	123	9.754951355293693	1234
20130815	123	123	123	1.2506868132825866	1234
20130815	123	123	123	16.982287475917072	1234
20130815	123	123	123	10.583093173057156	1234
20130815	123	123	123	1.440539616246641	1234
20130815	123	123	123	3.4595134417503393	1234
20130815	123	123	123	17.378703019811063	1234
20130815	123	123	123	3.333666370107704	1234
20130815	123	123	123	169.1217378941473	1234
20130815	123	123	123	218.84419747978689	1234
20130815	123	123	123	243.28571428571425	1234
20130815	123	123	123	271.38489967047803	1234
20130815	123	123	123	300.6222651388893	1234
20130815	123	123	123	354.8269009290628	1234
20130815	123	123	123	377.82104187400205	1234
20130815	123	123	123	402.7388506640687	1234
20130815	123	123	123	427.1347666416918	1234
20130815	123	123	123	474.0123461720884	1234
20130815	123	123	123	511.5758688994194	1234
20130815	123	123	123	432.42857142857133	1234
20130815	123	123	123	410.9085106818813	1234
20130815	123	123	123	387.12856496406414	1234
20130815	123	123	123	380.4087459514042	1234
20130815	123	123	123	410.14499772432475	1234
20130815	123	123	123	428.90823576505636	1234
20130815	123	123	123	483.88381031594	1234
20130815	123	123	123	500.7483420728124	1234
20130815	123	123	123	479.43207202428067	1234
20130815	123	123	123	462.2584718543687	1234
20130815	123	123	123	443.13791518214055	1234
20130815	123	123	123	402.8773185386271	1234
20130815	123	123	123	388.0	1234
20130815	123	123	123	367.0027331353008	1234
20130815	123	123	123	334.81000070783944	1234
20130815	123	123	123	273.00620041176825	1234
20130815	123	123	123	219.35902134206853	1234
20130815	123	123	123	196.71428571428567	1234
20130815	123	123	123	168.0	1234
20130815	123	123	123	14.862914267582013	1234
20130815	123	123	123	6.773459658985111	1234
20130815	123	123	123	17.902310437047436	1234
20130815	123	123	123	3.9985522927776573	1234
20130815	123	123	123	4.370587928616445	1234
20130815	123	123	123	16.826790598677675	1234
20130815	123	123	123	7.4272439097683485	1234
20130815	123	123	123	15.147557768813659	1234
20130815	123	123	123	8.053447964047141	1234
20130815	123	123	123	5.76173160039504	1234
20130815	123	123	123	11.471865495461163	1234
20130815	123	123	123	13.832437986121766	1234
20130815	123	123	123	8.199573336791708	1234
20130815	123	123	123	3.391408061561938	1234
20130815	123	123	123	5.1829778576861285	1234
20130815	123	123	123	8.26834040532463	1234
20130815	123	123	123	11.090446575941684	1234
20130815	123	123	123	5.193400932214485	1234
20130815	123	123	123	19.911671506215143	1234
20130815	123	123	123	16.216774216769537	1234