time startPrice highestPrice lowestPrice endPrice transactionCount
20130815	123	123	123	4.56706387375071	1234
20130815	123	123	123	17.246271258897046	1234
20130815	123	123	123	4.7999195208096275	1234
20130815	123	123	123	5.665626100725976	1234
20130815	123	123	123	18.534314428673085	1234
20130815	123	123	123	18.573203325165753	1234
20130815	123	123	123	5.179947338332209	1234
20130815	123	123	123	4.5755420600467245	1234
20130815	123	123	123	6.955309915338539	1234
20130815	123	123	123	6.974244663861608	1234
20130815	123	123	123	0.00856635334650857	1234
20130815	123	123	123	17.28383324293508	1234
20130815	123	123	123	18.06528795873442	1234
20130815	123	123	123	4.682519542094033	1234
20130815	123	123	123	4.158309509317235	1234
20130815	123	123	123	6.196038900739039	1234
20130815	123	123	123	12.846862564423617	1234
20130815	123	123	123	2.682718259003345	1234
20130815	123	123	123	19.60712202554999	1234
20130815	123	123	123	8.506027418433128	1234
20130815	123	123	123	181.73697910330603	1234
20130815	123	123	123	248.84393722056598	1234
20130815	123	123	123	279.06241902288923	1234
20130815	123	123	123	326.4017779215447	1234
20130815	123	123	123	356.9876265752755	1234
20130815	123	123	123	375.85714285714283	1234
20130815	123	123	123	422.18581300591023	1234
20130815	123	123	123	446.39789434641364	1234
20130815	123	123	123	492.2440181509266	1234
20130815	123	123	123	512.005237172182	1234
20130815	123	123	123	491.7939556143342	1234
20130815	123	123	123	469.8832555972843	1234
20130815	123	123	123	442.14901294732226	1234
20130815	123	123	123	377.38076348847363	1234
20130815	123	123	123	409.1428571428571	1234
20130815	123	123	123	446.2857142857142	1234
20130815	123	123	123	466.0087332289812	1234
20130815	123	123	123	486.15164032515884	1234
20130815	123	123	123	498.5878196716568	1234
20130815	123	123	123	478.5187208341657	1234
20130815	123	123	123	462.2435801909334	1234
20130815	123	123	123	440.84951614118825	1234
20130815	123	123	123	419.43013547396515	1234
20130815	123	123	123	388.0	1234
20130815	123	123	123	362.6401151361543	1234
20130815	123	123	123	281.0193174908651	1234
20130815	123	123	123	247.6153758249131	1234
20130815	123	123	123	223.53492511457696	1234
20130815	123	123	123	196.16904875466568	1234
20130815	123	123	123	168.0	1234
20130815	123	123	123	4.231403956225326	1234
20130815	123	123	123	6.137248747417963	1234
20130815	123	123	123	19.87801539393272	1234
20130815	123	123	123	1.6264266370533087	1234
20130815	123	123	123	12.950217910035036	1234
20130815	123	123	123	11.527645141353165	1234
20130815	123	123	123	15.645428024522554	1234
20130815	123	123	123	17.89077399422219	1234
20130815	123	123	123	12.511719060014112	1234
20130815	123	123	123	4.574346698016843	1234
20130815	123	123	123	14.697379618668142	1234
20130815	123	123	123	17.444006243303793	1234
20130815	123	123	123	6.112829211044925	1234
20130815	123	123	123	2.861239777291913	1234
20130815	123	123	123	0.08703685708310482	1234
20130815	123	123	123	15.913706252248268	1234
20130815	123	123	123	14.249857417731453	1234
20130815	123	123	123	12.579633377913526	1234
20130815	123	123	123	16.57683794953123	1234
20130815	123	123	123	11.75527873338969	1234