time startPrice highestPrice lowestPrice endPrice transactionCount
20130815	123	123	123	17.161708363986506	1234
20130815	123	123	123	19.208855430059824	1234
20130815	123	123	123	8.528837540722629	1234
20130815	123	123	123	6.21617855614458	1234
20130815	123	123	123	19.207659062403863	1234
20130815	123	123	123	19.606029520610836	1234
20130815	123	123	123	6.497938825930552	1234
20130815	123	123	123	4.155090810339248	1234
20130815	123	123	123	15.81449300292727	1234
20130815	123	123	123	6.7616255429978	1234
20130815	123	123	123	14.424407978078268	1234
20130815	123	123	123	2.506051660365425	1234
20130815	123	123	123	1.4304406254358049	1234
20130815	123	123	123	8.658433700211134	1234
20130815	123	123	123	3.1667152427092438	1234
20130815	123	123	123	4.321228236343684	1234
20130815	123	123	123	3.423141472811342	1234
20130815	123	123	123	0.4995819059491735	1234
20130815	123	123	123	9.963407150574488	1234
20130815	123	123	123	14.420475564542892	1234
20130815	123	123	123	164.75842221144933	1234
20130815	123	123	123	188.42857142857142	1234
20130815	123	123	123	216.6388989489665	1234
20130815	123	123	123	248.38492215843783	1234
20130815	123	123	123	277.08600860072505	1234
20130815	123	123	123	299.46522791399207	1234
20130815	123	123	123	327.15646187911375	1234
20130815	123	123	123	355.6418607990941	1234
20130815	123	123	123	380.62837228594685	1234
20130815	123	123	123	402.1440207121192	1234
20130815	123	123	123	437.3132428049644	1234
20130815	123	123	123	512.8584445818822	1234
20130815	123	123	123	468.74464557321886	1234
20130815	123	123	123	429.5103095411326	1234
20130815	123	123	123	404.0570730078561	1234
20130815	123	123	123	372.5944529508541	1234
20130815	123	123	123	427.71428571428567	1234
20130815	123	123	123	447.7110350564056	1234
20130815	123	123	123	483.6375692150738	1234
20130815	123	123	123	501.20686524589587	1234
20130815	123	123	123	423.36640337928816	1234
20130815	123	123	123	404.33895545904033	1234
20130815	123	123	123	386.6579771046958	1234
20130815	123	123	123	369.0	1234
20130815	123	123	123	337.64245983404146	1234
20130815	123	123	123	311.57142857142856	1234
20130815	123	123	123	280.5361289119277	1234
20130815	123	123	123	248.54944351522852	1234
20130815	123	123	123	214.85410872793253	1234
20130815	123	123	123	168.0	1234
20130815	123	123	123	1.1049380921598417	1234
20130815	123	123	123	0.8643613800991679	1234
20130815	123	123	123	17.457414700425034	1234
20130815	123	123	123	12.929374247170909	1234
20130815	123	123	123	8.3513291324072	1234
20130815	123	123	123	3.6320460697993417	1234
20130815	123	123	123	14.424182088821585	1234
20130815	123	123	123	9.48546886651566	1234
20130815	123	123	123	16.976273297249186	1234
20130815	123	123	123	6.924314940127665	1234
20130815	123	123	123	11.080193021337529	1234
20130815	123	123	123	14.216834077755776	1234
20130815	123	123	123	18.360080863762555	1234
20130815	123	123	123	5.180172496312963	1234
20130815	123	123	123	2.493022562847753	1234
20130815	123	123	123	19.272874170806677	1234
20130815	123	123	123	6.782644623543859	1234
20130815	123	123	123	5.96553607625244	1234
20130815	123	123	123	9.883553221342876	1234
20130815	123	123	123	2.9880470771743184	1234