time startPrice highestPrice lowestPrice endPrice transactionCount
20130815	123	123	123	19.652657061936615	1234
20130815	123	123	123	13.14990310142171	1234
20130815	123	123	123	0.6949322689702786	1234
20130815	123	123	123	0.983786106778759	1234
20130815	123	123	123	14.336996702571351	1234
20130815	123	123	123	13.191691804194383	1234
20130815	123	123	123	1.3494297016315038	1234
20130815	123	123	123	18.43489243243542	1234
20130815	123	123	123	2.4219203094002673	1234
20130815	123	123	123	4.539173270026218	1234
20130815	123	123	123	17.477341019873677	1234
20130815	123	123	123	14.361124266667423	1234
20130815	123	123	123	15.395376146114844	1234
20130815	123	123	123	15.008167908492515	1234
20130815	123	123	123	18.319457752859126	1234
20130815	123	123	123	13.432998800771713	1234
20130815	123	123	123	10.640005663449061	1234
20130815	123	123	123	6.266321722023416	1234
20130815	123	123	123	19.917474317279368	1234
20130815	123	123	123	11.098161458124538	1234
20130815	123	123	123	167.64197477212832	1234
20130815	123	123	123	190.45996402922094	1234
20130815	123	123	123	218.1344820037783	1234
20130815	123	123	123	277.95707339692035	1234
20130815	123	123	123	298.1428571428571	1234
20130815	123	123	123	325.66511745338727	1234
20130815	123	123	123	355.3872567864386	1234
20130815	123	123	123	403.83197483809533	1234
20130815	123	123	123	440.39356071005636	1234
20130815	123	123	123	493.67561342388296	1234
20130815	123	123	123	508.1054968039367	1234
20130815	123	123	123	448.8420293112602	1234
20130815	123	123	123	373.1968555442733	1234
20130815	123	123	123	392.6556182363039	1234
20130815	123	123	123	413.12706453226787	1234
20130815	123	123	123	431.8849430633539	1234
20130815	123	123	123	446.30819562492957	1234
20130815	123	123	123	466.685934440379	1234
20130815	123	123	123	487.7944524095997	1234
20130815	123	123	123	502.0	1234
20130815	123	123	123	480.76726168754067	1234
20130815	123	123	123	462.1679351295519	1234
20130815	123	123	123	420.33536070995984	1234
20130815	123	123	123	385.81419166963184	1234
20130815	123	123	123	368.15218019816166	1234
20130815	123	123	123	311.57142857142856	1234
20130815	123	123	123	247.25017465546887	1234
20130815	123	123	123	220.9649237526321	1234
20130815	123	123	123	190.78844252331166	1234
20130815	123	123	123	168.0	1234
20130815	123	123	123	15.137430314531342	1234
20130815	123	123	123	19.50588073636797	1234
20130815	123	123	123	6.796420316115102	1234
20130815	123	123	123	11.007094208787807	1234
20130815	123	123	123	8.733715403851017	1234
20130815	123	123	123	11.65129782898016	1234
20130815	123	123	123	8.994704077235674	1234
20130815	123	123	123	3.8309027652706873	1234
20130815	123	123	123	17.29376564861341	1234
20130815	123	123	123	5.578856652557757	1234
20130815	123	123	123	1.1074189319629157	1234
20130815	123	123	123	11.426872359506648	1234
20130815	123	123	123	17.654449891531357	1234
20130815	123	123	123	3.938758877007704	1234
20130815	123	123	123	1.903098656918909	1234
20130815	123	123	123	19.23325907115739	1234
20130815	123	123	123	13.493268239839413	1234
20130815	123	123	123	12.908415849816457	1234
20130815	123	123	123	0.5936223125887929	1234
20130815	123	123	123	19.32556732696595	1234