time startPrice highestPrice lowestPrice endPrice transactionCount
20130815	123	123	123	11.050741216903537	1234
20130815	123	123	123	18.400772068565484	1234
20130815	123	123	123	4.99764095740264	1234
20130815	123	123	123	14.78016163490661	1234
20130815	123	123	123	16.3994426299	1234
20130815	123	123	123	0.027684335860069798	1234
20130815	123	123	123	17.217835609450013	1234
20130815	123	123	123	13.141408928375606	1234
20130815	123	123	123	13.365953234210048	1234
20130815	123	123	123	2.354754109955921	1234
20130815	123	123	123	8.934287261748173	1234
20130815	123	123	123	13.572166411313145	1234
20130815	123	123	123	15.821037464722847	1234
20130815	123	123	123	13.485037094984555	1234
20130815	123	123	123	13.078260919599753	1234
20130815	123	123	123	7.183879249999445	1234
20130815	123	123	123	15.672245082438765	1234
20130815	123	123	123	16.54221725236137	1234
20130815	123	123	123	6.729150630121072	1234
20130815	123	123	123	8.719613679248484	1234
20130815	123	123	123	164.57655906246305	1234
20130815	123	123	123	193.559143295038	1234
20130815	123	123	123	231.35003741526486	1234
20130815	123	123	123	304.18240621238584	1234
20130815	123	123	123	331.6337333890482	1234
20130815	123	123	123	353.34743703280265	1234
20130815	123	123	123	382.8540534830353	1234
20130815	123	123	123	429.61493677787973	1234
20130815	123	123	123	468.9301203276669	1234
20130815	123	123	123	490.817030841049	1234
20130815	123	123	123	513.0	1234
20130815	123	123	123	492.85714285714283	1234
20130815	123	123	123	431.21473514721765	1234
20130815	123	123	123	387.941345876555	1234
20130815	123	123	123	377.34529688424226	1234
20130815	123	123	123	431.14844027547525	1234
20130815	123	123	123	447.7455684550904	1234
20130815	123	123	123	466.1473584114097	1234
20130815	123	123	123	483.56004129934905	1234
20130815	123	123	123	502.0	1234
20130815	123	123	123	476.93713279885696	1234
20130815	123	123	123	422.6596051404973	1234
20130815	123	123	123	405.7892485111366	1234
20130815	123	123	123	384.21433852980164	1234
20130815	123	123	123	367.24360599196405	1234
20130815	123	123	123	338.08514357507255	1234
20130815	123	123	123	299.11203097153333	1234
20130815	123	123	123	248.2947848725159	1234
20130815	123	123	123	211.90080232490155	1234
20130815	123	123	123	168.0	1234
20130815	123	123	123	14.152232861945603	1234
20130815	123	123	123	6.804058682003841	1234
20130815	123	123	123	15.524379805960898	1234
20130815	123	123	123	2.6883770769575843	1234
20130815	123	123	123	13.531301758459655	1234
20130815	123	123	123	19.364600392337934	1234
20130815	123	123	123	17.151047114918192	1234
20130815	123	123	123	2.3502562545696226	1234
20130815	123	123	123	16.261596175032157	1234
20130815	123	123	123	2.169443193983438	1234
20130815	123	123	123	4.1396536194934175	1234
20130815	123	123	123	8.750251959206821	1234
20130815	123	123	123	13.892436363740915	1234
20130815	123	123	123	9.13177730837479	1234
20130815	123	123	123	1.8247810099179285	1234
20130815	123	123	123	9.674460960357951	1234
20130815	123	123	123	9.053299571039853	1234
20130815	123	123	123	18.525068808678103	1234
20130815	123	123	123	8.607118125747846	1234
20130815	123	123	123	11.70305413603015	1234