time startPrice highestPrice lowestPrice endPrice transactionCount
20130815	123	123	123	3.308194988664186	1234
20130815	123	123	123	3.777399553752825	1234
20130815	123	123	123	12.36251276877066	1234
20130815	123	123	123	18.44885192179754	1234
20130815	123	123	123	19.14680045786418	1234
20130815	123	123	123	3.5211080539511608	1234
20130815	123	123	123	8.325252728809042	1234
20130815	123	123	123	0.9391896604301908	1234
20130815	123	123	123	5.4500205790020795	1234
20130815	123	123	123	2.5358522080769275	1234
20130815	123	123	123	11.442796091671106	1234
20130815	123	123	123	7.319739864749641	1234
20130815	123	123	123	1.5797352873957737	1234
20130815	123	123	123	12.042354540670404	1234
20130815	123	123	123	19.39614405226693	1234
20130815	123	123	123	4.795471279692083	1234
20130815	123	123	123	3.6044107538557757	1234
20130815	123	123	123	10.804160168764119	1234
20130815	123	123	123	3.171994586494238	1234
20130815	123	123	123	6.622269202091919	1234
20130815	123	123	123	164.61426832650974	1234
20130815	123	123	123	194.48594360513127	1234
20130815	123	123	123	222.0134565755592	1234
20130815	123	123	123	273.170679154572	1234
20130815	123	123	123	302.0446726597708	1234
20130815	123	123	123	354.64193014764186	1234
20130815	123	123	123	377.00924601256213	1234
20130815	123	123	123	402.56527068760624	1234
20130815	123	123	123	422.86472558875863	1234
20130815	123	123	123	447.592998615343	1234
20130815	123	123	123	475.03284359202996	1234
20130815	123	123	123	508.477952011704	1234
20130815	123	123	123	492.3563214895392	1234
20130815	123	123	123	380.7471952734718	1234
20130815	123	123	123	428.9160622002471	1234
20130815	123	123	123	465.55921926753143	1234
20130815	123	123	123	483.46016458279337	1234
20130815	123	123	123	501.24378931379135	1234
20130815	123	123	123	481.34027805288684	1234
20130815	123	123	123	461.5974323397642	1234
20130815	123	123	123	444.09103510975774	1234
20130815	123	123	123	424.25260065701	1234
20130815	123	123	123	402.9197216130237	1234
20130815	123	123	123	386.12228514403364	1234
20130815	123	123	123	366.07423480220683	1234
20130815	123	123	123	338.5163835163253	1234
20130815	123	123	123	277.4335512692903	1234
20130815	123	123	123	225.4285714285714	1234
20130815	123	123	123	194.97082907094446	1234
20130815	123	123	123	168.0	1234
20130815	123	123	123	1.8428005185413143	1234
20130815	123	123	123	12.845392823704012	1234
20130815	123	123	123	18.624629410479745	1234
20130815	123	123	123	18.28173184040775	1234
20130815	123	123	123	0.4395289337675101	1234
20130815	123	123	123	10.127173142267921	1234
20130815	123	123	123	2.8873654642944	1234
20130815	123	123	123	7.7531181649911325	1234
20130815	123	123	123	15.862811524688428	1234
20130815	123	123	123	2.7223819545649475	1234
20130815	123	123	123	13.861724809109997	1234
20130815	123	123	123	17.900644590460097	1234
20130815	123	123	123	12.796603229555446	1234
20130815	123	123	123	5.141714461370026	1234
20130815	123	123	123	12.90700385234355	1234
20130815	123	123	123	7.920095714059025	1234
20130815	123	123	123	3.106496069138136	1234
20130815	123	123	123	4.202268305426616	1234
20130815	123	123	123	8.372446609225578	1234
20130815	123	123	123	0.3394981325089508	1234