time startPrice highestPrice lowestPrice endPrice transactionCount
20130815	123	123	123	9.890763692949161	1234
20130815	123	123	123	16.163583927516434	1234
20130815	123	123	123	1.680669290393606	1234
20130815	123	123	123	10.825082921606533	1234
20130815	123	123	123	14.719885401535448	1234
20130815	123	123	123	6.520049053476238	1234
20130815	123	123	123	13.461054455678742	1234
20130815	123	123	123	14.81459863448242	1234
20130815	123	123	123	16.533102214088405	1234
20130815	123	123	123	12.586301649612261	1234
20130815	123	123	123	15.430624134273213	1234
20130815	123	123	123	5.601006652163624	1234
20130815	123	123	123	5.305160084937379	1234
20130815	123	123	123	15.511437142033358	1234
20130815	123	123	123	1.6533885430823836	1234
20130815	123	123	123	4.001052927016233	1234
20130815	123	123	123	6.0100640332169615	1234
20130815	123	123	123	6.463123263932983	1234
20130815	123	123	123	9.864464779235718	1234
20130815	123	123	123	13.196478310728086	1234
20130815	123	123	123	164.65080590946081	1234
20130815	123	123	123	220.3929906578633	1234
20130815	123	123	123	243.78280375965812	1234
20130815	123	123	123	277.35423111007333	1234
20130815	123	123	123	329.7532355507124	1234
20130815	123	123	123	356.5419637737011	1234
20130815	123	123	123	403.1104175985859	1234
20130815	123	123	123	423.5892743472371	1234
20130815	123	123	123	446.4365247281594	1234
20130815	123	123	123	490.45221622153844	1234
20130815	123	123	123	512.4529782044237	1234
20130815	123	123	123	489.83984525324024	1234
20130815	123	123	123	471.87211021789966	1234
20130815	123	123	123	452.5714285714285	1234
20130815	123	123	123	427.90350606640345	1234
20130815	123	123	123	408.6410289997102	1234
20130815	123	123	123	387.47473923650415	1234
20130815	123	123	123	375.21308000335637	1234
20130815	123	123	123	392.85380392101234	1234
20130815	123	123	123	413.289018300006	1234
20130815	123	123	123	446.1810419124022	1234
20130815	123	123	123	484.90951800562306	1234
20130815	123	123	123	362.96560705950026	1234
20130815	123	123	123	333.3874387397296	1234
20130815	123	123	123	306.2437917974932	1234
20130815	123	123	123	281.9743751066832	1234
20130815	123	123	123	249.50853148967067	1234
20130815	123	123	123	221.96728243560395	1234
20130815	123	123	123	195.27273352646185	1234
20130815	123	123	123	168.0	1234
20130815	123	123	123	7.3851415794491775	1234
20130815	123	123	123	16.604223976866404	1234
20130815	123	123	123	12.928469031852522	1234
20130815	123	123	123	9.100668368985973	1234
20130815	123	123	123	12.803888861608614	1234
20130815	123	123	123	6.978045068620182	1234
20130815	123	123	123	6.767348521222996	1234
20130815	123	123	123	1.7841279158389667	1234
20130815	123	123	123	2.9212952992280306	1234
20130815	123	123	123	12.052808422809964	1234
20130815	123	123	123	0.13424364807861577	1234
20130815	123	123	123	16.562912335714824	1234
20130815	123	123	123	0.0873796788025083	1234
20130815	123	123	123	15.53924827319248	1234
20130815	123	123	123	12.254493446736124	1234
20130815	123	123	123	1.0299161462901774	1234
20130815	123	123	123	10.481688660541955	1234
20130815	123	123	123	12.583497422682353	1234
20130815	123	123	123	0.6244367828758457	1234
20130815	123	123	123	2.6097089213699665	1234