time startPrice highestPrice lowestPrice endPrice transactionCount
20130815	123	123	123	2.935553842664287	1234
20130815	123	123	123	0.010228321519607508	1234
20130815	123	123	123	3.2100724399345593	1234
20130815	123	123	123	2.6497001072932336	1234
20130815	123	123	123	10.948208587656476	1234
20130815	123	123	123	4.41084725487814	1234
20130815	123	123	123	4.178430661109633	1234
20130815	123	123	123	1.3659364669292384	1234
20130815	123	123	123	13.24747487527131	1234
20130815	123	123	123	19.695400758070278	1234
20130815	123	123	123	7.255192327266736	1234
20130815	123	123	123	3.4162843648774155	1234
20130815	123	123	123	11.424960439752434	1234
20130815	123	123	123	17.277365220600863	1234
20130815	123	123	123	10.52884393728631	1234
20130815	123	123	123	7.424748726945141	1234
20130815	123	123	123	7.5016425065771575	1234
20130815	123	123	123	12.333783762268729	1234
20130815	123	123	123	8.675413842215029	1234
20130815	123	123	123	19.179612938794023	1234
20130815	123	123	123	173.0320531226128	1234
20130815	123	123	123	218.32553975599708	1234
20130815	123	123	123	246.09637273689725	1234
20130815	123	123	123	271.68513077528013	1234
20130815	123	123	123	333.3674660054483	1234
20130815	123	123	123	376.6443114548642	1234
20130815	123	123	123	406.1725581959549	1234
20130815	123	123	123	467.5440536228909	1234
20130815	123	123	123	491.3128232982611	1234
20130815	123	123	123	499.9641323905065	1234
20130815	123	123	123	450.15372031261296	1234
20130815	123	123	123	430.1935107521653	1234
20130815	123	123	123	411.6254033338447	1234
20130815	123	123	123	375.0187488489358	1234
20130815	123	123	123	394.81736227429894	1234
20130815	123	123	123	412.9640308128394	1234
20130815	123	123	123	430.1294300598602	1234
20130815	123	123	123	469.04721811503606	1234
20130815	123	123	123	483.7329180330859	1234
20130815	123	123	123	498.772114313292	1234
20130815	123	123	123	481.6908403649536	1234
20130815	123	123	123	445.0	1234
20130815	123	123	123	406.801664576747	1234
20130815	123	123	123	387.0043928157434	1234
20130815	123	123	123	360.5699449760284	1234
20130815	123	123	123	280.61015147256524	1234
20130815	123	123	123	254.1428571428571	1234
20130815	123	123	123	221.35389500707197	1234
20130815	123	123	123	191.51743439354436	1234
20130815	123	123	123	168.0	1234
20130815	123	123	123	19.85299647986789	1234
20130815	123	123	123	18.01784808553474	1234
20130815	123	123	123	13.235032872904497	1234
20130815	123	123	123	2.419513306491181	1234
20130815	123	123	123	11.852034622487045	1234
20130815	123	123	123	12.913836338037367	1234
20130815	123	123	123	3.775660007134025	1234
20130815	123	123	123	3.914427486568459	1234
20130815	123	123	123	16.44864700023478	1234
20130815	123	123	123	18.72721240888001	1234
20130815	123	123	123	15.750249670638862	1234
20130815	123	123	123	6.562883307356325	1234
20130815	123	123	123	3.985654725144927	1234
20130815	123	123	123	3.815955433749767	1234
20130815	123	123	123	15.248162690169547	1234
20130815	123	123	123	15.652489294033398	1234
20130815	123	123	123	10.259022565514602	1234
20130815	123	123	123	17.407490350441915	1234
20130815	123	123	123	10.861157923721406	1234
20130815	123	123	123	15.481657293558449	1234