time startPrice highestPrice lowestPrice endPrice transactionCount
20130815	123	123	123	8.261401314995753	1234
20130815	123	123	123	9.89946690943992	1234
20130815	123	123	123	17.256362083006405	1234
20130815	123	123	123	3.0039204472860725	1234
20130815	123	123	123	19.137168070194686	1234
20130815	123	123	123	10.720745720615978	1234
20130815	123	123	123	14.130547518540755	1234
20130815	123	123	123	16.256051910322157	1234
20130815	123	123	123	15.070140480717267	1234
20130815	123	123	123	17.47045071064912	1234
20130815	123	123	123	17.351192032232948	1234
20130815	123	123	123	8.116689686188394E-4	1234
20130815	123	123	123	14.451968703046752	1234
20130815	123	123	123	17.58187503160577	1234
20130815	123	123	123	7.975919495006658	1234
20130815	123	123	123	12.017125507569224	1234
20130815	123	123	123	19.82222839360165	1234
20130815	123	123	123	17.200884221199175	1234
20130815	123	123	123	7.747286500920247	1234
20130815	123	123	123	1.7993669403694645	1234
20130815	123	123	123	166.68075439242645	1234
20130815	123	123	123	198.34926982916537	1234
20130815	123	123	123	249.1536882457339	1234
20130815	123	123	123	274.5934619727939	1234
20130815	123	123	123	325.64130316457675	1234
20130815	123	123	123	354.02652976679656	1234
20130815	123	123	123	399.543167028883	1234
20130815	123	123	123	421.5714285714285	1234
20130815	123	123	123	491.0570205339003	1234
20130815	123	123	123	513.0	1234
20130815	123	123	123	485.6986568419094	1234
20130815	123	123	123	427.30351320817755	1234
20130815	123	123	123	401.66437705889103	1234
20130815	123	123	123	387.0156255138764	1234
20130815	123	123	123	446.2857142857142	1234
20130815	123	123	123	466.1100059167587	1234
20130815	123	123	123	485.9467612031067	1234
20130815	123	123	123	498.7180077411448	1234
20130815	123	123	123	479.7779755079481	1234
20130815	123	123	123	464.0	1234
20130815	123	123	123	441.7244083479713	1234
20130815	123	123	123	422.70863369014984	1234
20130815	123	123	123	405.4899200988381	1234
20130815	123	123	123	366.43933766362676	1234
20130815	123	123	123	334.2231223246755	1234
20130815	123	123	123	307.26158619505634	1234
20130815	123	123	123	280.00669867303156	1234
20130815	123	123	123	247.74835719048897	1234
20130815	123	123	123	221.0360409463978	1234
20130815	123	123	123	168.0	1234
20130815	123	123	123	3.9427012054285915	1234
20130815	123	123	123	2.8956720645606127	1234
20130815	123	123	123	19.34638098115013	1234
20130815	123	123	123	0.14309953081453664	1234
20130815	123	123	123	19.553926354600367	1234
20130815	123	123	123	16.616205805139035	1234
20130815	123	123	123	17.052625977488834	1234
20130815	123	123	123	1.2752446077395718	1234
20130815	123	123	123	0.016782098105176946	1234
20130815	123	123	123	19.25551760198108	1234
20130815	123	123	123	1.3504425993669988	1234
20130815	123	123	123	3.359355203008181	1234
20130815	123	123	123	9.623883228079109	1234
20130815	123	123	123	4.27831668505255	1234
20130815	123	123	123	2.9179506807901556	1234
20130815	123	123	123	12.132475464855531	1234
20130815	123	123	123	19.572620662853552	1234
20130815	123	123	123	19.620639382902652	1234
20130815	123	123	123	8.952417941132575	1234
20130815	123	123	123	11.9808263970844	1234