time startPrice highestPrice lowestPrice endPrice transactionCount
20130815	123	123	123	13.376149876605126	1234
20130815	123	123	123	4.919621266239522	1234
20130815	123	123	123	17.372861645222486	1234
20130815	123	123	123	7.0900444076580875	1234
20130815	123	123	123	13.16083690875699	1234
20130815	123	123	123	4.375070712601621	1234
20130815	123	123	123	0.6666444344671252	1234
20130815	123	123	123	5.405986268200427	1234
20130815	123	123	123	12.735021086491356	1234
20130815	123	123	123	18.59175079428266	1234
20130815	123	123	123	18.646200036658207	1234
20130815	123	123	123	19.66669056205057	1234
20130815	123	123	123	14.768799418032879	1234
20130815	123	123	123	7.376397167142668	1234
20130815	123	123	123	10.407505149582896	1234
20130815	123	123	123	15.174795440186122	1234
20130815	123	123	123	0.3045284797556569	1234
20130815	123	123	123	7.097796805163181	1234
20130815	123	123	123	14.592262912485944	1234
20130815	123	123	123	2.962032169196216	1234
20130815	123	123	123	161.0	1234
20130815	123	123	123	195.93132942675902	1234
20130815	123	123	123	223.80293436680228	1234
20130815	123	123	123	273.9619316527904	1234
20130815	123	123	123	330.2659035382752	1234
20130815	123	123	123	353.0	1234
20130815	123	123	123	379.5458256824444	1234
20130815	123	123	123	422.7269987600024	1234
20130815	123	123	123	444.8540257639125	1234
20130815	123	123	123	468.2761976825613	1234
20130815	123	123	123	496.1595029493861	1234
20130815	123	123	123	506.4883076187238	1234
20130815	123	123	123	467.26563895308743	1234
20130815	123	123	123	428.5587038527757	1234
20130815	123	123	123	405.617330947419	1234
20130815	123	123	123	372.2060767451643	1234
20130815	123	123	123	413.7524071210762	1234
20130815	123	123	123	429.46276560663597	1234
20130815	123	123	123	446.49682434142414	1234
20130815	123	123	123	464.8571428571428	1234
20130815	123	123	123	499.7253861974066	1234
20130815	123	123	123	482.31611110021885	1234
20130815	123	123	123	427.4034993190098	1234
20130815	123	123	123	366.52518520428265	1234
20130815	123	123	123	340.2857142857143	1234
20130815	123	123	123	299.44384646810147	1234
20130815	123	123	123	248.21897295050894	1234
20130815	123	123	123	225.4285714285714	1234
20130815	123	123	123	196.71428571428567	1234
20130815	123	123	123	168.0	1234
20130815	123	123	123	16.978779014089483	1234
20130815	123	123	123	15.949249663464727	1234
20130815	123	123	123	17.59728070755571	1234
20130815	123	123	123	11.528750432436201	1234
20130815	123	123	123	8.597460461220725	1234
20130815	123	123	123	5.405048377533674	1234
20130815	123	123	123	8.845327421571769	1234
20130815	123	123	123	17.431571466019143	1234
20130815	123	123	123	14.985623779757642	1234
20130815	123	123	123	13.691900942613714	1234
20130815	123	123	123	5.8768736678543565	1234
20130815	123	123	123	8.518614585395085	1234
20130815	123	123	123	17.615479590206686	1234
20130815	123	123	123	18.20949975607798	1234
20130815	123	123	123	18.91664258850851	1234
20130815	123	123	123	7.537515085442776	1234
20130815	123	123	123	18.723206192033935	1234
20130815	123	123	123	15.572724180937383	1234
20130815	123	123	123	7.088433454187206	1234
20130815	123	123	123	18.392232687917865	1234