time startPrice highestPrice lowestPrice endPrice transactionCount
20130815	123	123	123	4.039248109480065	1234
20130815	123	123	123	13.040997478329373	1234
20130815	123	123	123	3.8976680665483943	1234
20130815	123	123	123	3.069445019372352	1234
20130815	123	123	123	0.7237103484588037	1234
20130815	123	123	123	16.001047127454836	1234
20130815	123	123	123	19.01844555299133	1234
20130815	123	123	123	1.2031110882042872	1234
20130815	123	123	123	10.31153755212576	1234
20130815	123	123	123	7.101960243802008	1234
20130815	123	123	123	2.3446551973682284	1234
20130815	123	123	123	8.845259041426463	1234
20130815	123	123	123	15.21771573349975	1234
20130815	123	123	123	3.778443111800396	1234
20130815	123	123	123	9.012271008261813	1234
20130815	123	123	123	15.391435513793873	1234
20130815	123	123	123	1.587346100866418	1234
20130815	123	123	123	18.715493245086172	1234
20130815	123	123	123	17.862730198716783	1234
20130815	123	123	123	1.6644091475231892	1234
20130815	123	123	123	249.20313712177733	1234
20130815	123	123	123	279.37152048730707	1234
20130815	123	123	123	307.60068065325487	1234
20130815	123	123	123	338.5230406131854	1234
20130815	123	123	123	358.5482160533038	1234
20130815	123	123	123	389.96608366153026	1234
20130815	123	123	123	415.8012687275114	1234
20130815	123	123	123	429.1542172815047	1234
20130815	123	123	123	394.32760815014575	1234
20130815	123	123	123	429.12815714756164	1234
20130815	123	123	123	453.00063573889986	1234
20130815	123	123	123	469.37942754271575	1234
20130815	123	123	123	499.5820198106433	1234
20130815	123	123	123	529.2737409349262	1234
20130815	123	123	123	488.6783421294056	1234
20130815	123	123	123	467.5911078168598	1234
20130815	123	123	123	445.5097318087644	1234
20130815	123	123	123	428.1428571428572	1234
20130815	123	123	123	387.7274343173441	1234
20130815	123	123	123	397.97233902955657	1234
20130815	123	123	123	406.7468189948105	1234
20130815	123	123	123	424.40550604742646	1234
20130815	123	123	123	436.4037797749178	1234
20130815	123	123	123	445.7541168082056	1234
20130815	123	123	123	414.75919681604825	1234
20130815	123	123	123	365.18591603995725	1234
20130815	123	123	123	335.3324580461744	1234
20130815	123	123	123	307.7240450159259	1234
20130815	123	123	123	281.4178829730825	1234
20130815	123	123	123	260.0	1234
20130815	123	123	123	7.67018934945547	1234
20130815	123	123	123	11.757587834649039	1234
20130815	123	123	123	13.183804372979111	1234
20130815	123	123	123	13.08557925017422	1234
20130815	123	123	123	9.368690366524659	1234
20130815	123	123	123	9.144708745457855	1234
20130815	123	123	123	12.457264834647354	1234
20130815	123	123	123	0.9523252210152422	1234
20130815	123	123	123	8.130992766728045	1234
20130815	123	123	123	12.146114122985356	1234
20130815	123	123	123	19.122741213665996	1234
20130815	123	123	123	11.870746194551526	1234
20130815	123	123	123	12.942483141462077	1234
20130815	123	123	123	18.276078488514468	1234
20130815	123	123	123	6.261703285954225	1234
20130815	123	123	123	19.318996981839256	1234
20130815	123	123	123	0.37643705839284003	1234
20130815	123	123	123	10.014067936405677	1234
20130815	123	123	123	19.625029562625507	1234
20130815	123	123	123	5.867235595309419	1234