time startPrice highestPrice lowestPrice endPrice transactionCount
20130815	123	123	123	6.7495377189224515	1234
20130815	123	123	123	3.2901195003752304	1234
20130815	123	123	123	14.869595325835988	1234
20130815	123	123	123	2.2437272905364836	1234
20130815	123	123	123	12.987421783672415	1234
20130815	123	123	123	4.000854400947471	1234
20130815	123	123	123	7.650293828597907	1234
20130815	123	123	123	6.827450042073584	1234
20130815	123	123	123	10.249168142806202	1234
20130815	123	123	123	2.4475751578875804	1234
20130815	123	123	123	6.663553713518919	1234
20130815	123	123	123	8.488033696801661	1234
20130815	123	123	123	13.256302160798244	1234
20130815	123	123	123	15.338863649925132	1234
20130815	123	123	123	18.017914595527177	1234
20130815	123	123	123	18.35259089330686	1234
20130815	123	123	123	6.374154606532258	1234
20130815	123	123	123	9.615141636398768	1234
20130815	123	123	123	12.354895218954185	1234
20130815	123	123	123	19.303267392002816	1234
20130815	123	123	123	253.33635058918335	1234
20130815	123	123	123	277.4345969596339	1234
20130815	123	123	123	308.71235416783367	1234
20130815	123	123	123	335.7255685613567	1234
20130815	123	123	123	364.6625585408333	1234
20130815	123	123	123	388.0583446286171	1234
20130815	123	123	123	412.71428571428567	1234
20130815	123	123	123	433.78558448008806	1234
20130815	123	123	123	413.21635119456573	1234
20130815	123	123	123	392.2169735149736	1234
20130815	123	123	123	386.0	1234
20130815	123	123	123	463.943715643735	1234
20130815	123	123	123	527.1398208013717	1234
20130815	123	123	123	505.7034320912541	1234
20130815	123	123	123	480.81291801747295	1234
20130815	123	123	123	444.64682223666307	1234
20130815	123	123	123	424.54895056910544	1234
20130815	123	123	123	405.86232570620973	1234
20130815	123	123	123	387.10104227692034	1234
20130815	123	123	123	405.28571428571433	1234
20130815	123	123	123	415.89268383560017	1234
20130815	123	123	123	424.05734239712933	1234
20130815	123	123	123	444.33480640354594	1234
20130815	123	123	123	419.37202539881696	1234
20130815	123	123	123	395.6076873850904	1234
20130815	123	123	123	366.4722043455303	1234
20130815	123	123	123	339.8244951045876	1234
20130815	123	123	123	310.92161833577666	1234
20130815	123	123	123	283.94329753840424	1234
20130815	123	123	123	260.0	1234
20130815	123	123	123	14.68331984743462	1234
20130815	123	123	123	1.6354635250378036	1234
20130815	123	123	123	1.402256465744871	1234
20130815	123	123	123	14.176493816211853	1234
20130815	123	123	123	18.74070772345787	1234
20130815	123	123	123	9.133035926693989	1234
20130815	123	123	123	3.1829854209150343	1234
20130815	123	123	123	1.4553934177589123	1234
20130815	123	123	123	18.59232534434835	1234
20130815	123	123	123	19.02601143688493	1234
20130815	123	123	123	1.530025643799291	1234
20130815	123	123	123	15.770403357537628	1234
20130815	123	123	123	11.681949597236315	1234
20130815	123	123	123	7.783384646287203	1234
20130815	123	123	123	4.951303248761391	1234
20130815	123	123	123	16.948958827444145	1234
20130815	123	123	123	14.006891685999825	1234
20130815	123	123	123	15.284104281072041	1234
20130815	123	123	123	4.909141080150214	1234
20130815	123	123	123	18.405862819642568	1234