time startPrice highestPrice lowestPrice endPrice transactionCount
20130815	123	123	123	0.44045056735818156	1234
20130815	123	123	123	0.9400386099175329	1234
20130815	123	123	123	15.19219573481094	1234
20130815	123	123	123	14.028886631626794	1234
20130815	123	123	123	17.49847078046885	1234
20130815	123	123	123	4.170841466367223	1234
20130815	123	123	123	1.5038104406070474	1234
20130815	123	123	123	10.60461406975236	1234
20130815	123	123	123	0.13170541407983904	1234
20130815	123	123	123	16.96983123329372	1234
20130815	123	123	123	14.300569402790568	1234
20130815	123	123	123	15.72489375705705	1234
20130815	123	123	123	12.5787128773859	1234
20130815	123	123	123	4.401396060686724	1234
20130815	123	123	123	2.134202765891091	1234
20130815	123	123	123	4.589303894852126	1234
20130815	123	123	123	14.043797138058544	1234
20130815	123	123	123	19.741884849383812	1234
20130815	123	123	123	10.109705476901178	1234
20130815	123	123	123	13.212325744780573	1234
20130815	123	123	123	255.3694500253744	1234
20130815	123	123	123	279.6990778217928	1234
20130815	123	123	123	337.93697579054486	1234
20130815	123	123	123	359.35722137266055	1234
20130815	123	123	123	387.71761097367863	1234
20130815	123	123	123	413.98189316176786	1234
20130815	123	123	123	438.08826639508777	1234
20130815	123	123	123	414.9211224301986	1234
20130815	123	123	123	408.95800390992423	1234
20130815	123	123	123	388.1051425021338	1234
20130815	123	123	123	410.48805216751737	1234
20130815	123	123	123	428.0980156405852	1234
20130815	123	123	123	450.6225851011514	1234
20130815	123	123	123	471.12586964986457	1234
20130815	123	123	123	493.0571841874638	1234
20130815	123	123	123	513.398434923765	1234
20130815	123	123	123	526.7802244159577	1234
20130815	123	123	123	508.75206345626856	1234
20130815	123	123	123	466.77761538551533	1234
20130815	123	123	123	439.5807221989167	1234
20130815	123	123	123	387.4643288722545	1234
20130815	123	123	123	396.14285714285717	1234
20130815	123	123	123	407.42841498777614	1234
20130815	123	123	123	428.2968275959071	1234
20130815	123	123	123	443.53344882121655	1234
20130815	123	123	123	422.4831316139787	1234
20130815	123	123	123	393.4789764676967	1234
20130815	123	123	123	364.1694143086505	1234
20130815	123	123	123	299.88245488847065	1234
20130815	123	123	123	260.0	1234
20130815	123	123	123	4.000725404975105	1234
20130815	123	123	123	12.623384354276112	1234
20130815	123	123	123	6.804886286905971	1234
20130815	123	123	123	12.778067248041152	1234
20130815	123	123	123	1.2861293188814904	1234
20130815	123	123	123	6.706478629045966	1234
20130815	123	123	123	5.922301186439844	1234
20130815	123	123	123	5.787459706819171	1234
20130815	123	123	123	0.12286066981723298	1234
20130815	123	123	123	15.671661488605906	1234
20130815	123	123	123	7.151714155304758	1234
20130815	123	123	123	18.26610864584676	1234
20130815	123	123	123	7.795588747326776	1234
20130815	123	123	123	2.432352817902994	1234
20130815	123	123	123	2.615765861999928	1234
20130815	123	123	123	11.226772590262481	1234
20130815	123	123	123	15.907956421322321	1234
20130815	123	123	123	13.21076428344529	1234
20130815	123	123	123	12.791068450870478	1234
20130815	123	123	123	4.131221334098305	1234