time startPrice highestPrice lowestPrice endPrice transactionCount
20130815	123	123	123	0.6951032452290873	1234
20130815	123	123	123	16.48497645731981	1234
20130815	123	123	123	2.7308934922079864	1234
20130815	123	123	123	3.5994150056673346	1234
20130815	123	123	123	16.06267409415102	1234
20130815	123	123	123	2.386185620047987	1234
20130815	123	123	123	14.88331591375861	1234
20130815	123	123	123	5.634701676903013	1234
20130815	123	123	123	7.0498879368935174	1234
20130815	123	123	123	2.9878211996123882	1234
20130815	123	123	123	18.94017657537691	1234
20130815	123	123	123	19.93408263211976	1234
20130815	123	123	123	8.31426777980468	1234
20130815	123	123	123	2.163698415843014	1234
20130815	123	123	123	18.465953401807226	1234
20130815	123	123	123	19.18513770351271	1234
20130815	123	123	123	18.72248598100168	1234
20130815	123	123	123	18.164027872485878	1234
20130815	123	123	123	14.298058383016418	1234
20130815	123	123	123	7.311049847818176	1234
20130815	123	123	123	249.0	1234
20130815	123	123	123	308.14743776884836	1234
20130815	123	123	123	331.0244230451491	1234
20130815	123	123	123	362.4117148305738	1234
20130815	123	123	123	388.22288042074825	1234
20130815	123	123	123	413.1165132422104	1234
20130815	123	123	123	437.4406737172887	1234
20130815	123	123	123	416.85714285714283	1234
20130815	123	123	123	392.3072667090637	1234
20130815	123	123	123	388.29254362506	1234
20130815	123	123	123	409.84283967720825	1234
20130815	123	123	123	451.06000838856306	1234
20130815	123	123	123	473.9036810990281	1234
20130815	123	123	123	490.6093782359048	1234
20130815	123	123	123	514.2878111825352	1234
20130815	123	123	123	531.0	1234
20130815	123	123	123	487.5619755952581	1234
20130815	123	123	123	459.48965442099524	1234
20130815	123	123	123	423.03433100639364	1234
20130815	123	123	123	406.13015301189176	1234
20130815	123	123	123	387.0	1234
20130815	123	123	123	424.29509820494366	1234
20130815	123	123	123	435.0493239796204	1234
20130815	123	123	123	443.7664565947128	1234
20130815	123	123	123	443.4696408134361	1234
20130815	123	123	123	393.9683206686045	1234
20130815	123	123	123	337.195238461138	1234
20130815	123	123	123	307.513341005643	1234
20130815	123	123	123	287.28571428571433	1234
20130815	123	123	123	260.0	1234
20130815	123	123	123	1.0833608877140133	1234
20130815	123	123	123	5.798766783004274	1234
20130815	123	123	123	6.930217193061603	1234
20130815	123	123	123	4.9297278362625025	1234
20130815	123	123	123	14.448618814912692	1234
20130815	123	123	123	11.722950697764427	1234
20130815	123	123	123	15.668026755843648	1234
20130815	123	123	123	12.658855958089482	1234
20130815	123	123	123	5.832624288551469	1234
20130815	123	123	123	1.2621116986300485	1234
20130815	123	123	123	12.120768551150462	1234
20130815	123	123	123	0.5585148150380359	1234
20130815	123	123	123	18.534299258948657	1234
20130815	123	123	123	10.079178176060974	1234
20130815	123	123	123	16.238109506954256	1234
20130815	123	123	123	19.678762274552305	1234
20130815	123	123	123	10.201493213429844	1234
20130815	123	123	123	19.472526715873624	1234
20130815	123	123	123	9.369825759105217	1234
20130815	123	123	123	19.980378498423597	1234