time startPrice highestPrice lowestPrice endPrice transactionCount
20130815	123	123	123	1.0894754607600055	1234
20130815	123	123	123	4.6586414768125355	1234
20130815	123	123	123	4.144709487966778	1234
20130815	123	123	123	7.741851714117214	1234
20130815	123	123	123	8.113095545226543	1234
20130815	123	123	123	8.499422243840321	1234
20130815	123	123	123	6.395722564889179	1234
20130815	123	123	123	0.37429430763892046	1234
20130815	123	123	123	2.4580683862268926	1234
20130815	123	123	123	19.705010577489624	1234
20130815	123	123	123	11.412118120019223	1234
20130815	123	123	123	10.931793523431457	1234
20130815	123	123	123	5.274907057221148	1234
20130815	123	123	123	1.3611605419688644	1234
20130815	123	123	123	18.591275135522096	1234
20130815	123	123	123	8.421238869583972	1234
20130815	123	123	123	18.65873249822132	1234
20130815	123	123	123	3.42341108214707	1234
20130815	123	123	123	11.987442074547713	1234
20130815	123	123	123	3.7762804034197983	1234
20130815	123	123	123	249.0	1234
20130815	123	123	123	278.914772601897	1234
20130815	123	123	123	307.1000300211542	1234
20130815	123	123	123	333.6267830817154	1234
20130815	123	123	123	362.9582162818273	1234
20130815	123	123	123	386.4880187383428	1234
20130815	123	123	123	416.2330306543968	1234
20130815	123	123	123	438.0111192628854	1234
20130815	123	123	123	427.8967052587728	1234
20130815	123	123	123	407.39813493256594	1234
20130815	123	123	123	399.8697003269882	1234
20130815	123	123	123	393.71428571428567	1234
20130815	123	123	123	387.59749425526934	1234
20130815	123	123	123	410.4072579735712	1234
20130815	123	123	123	427.6510685561032	1234
20130815	123	123	123	457.34218984173873	1234
20130815	123	123	123	493.4034200398097	1234
20130815	123	123	123	511.17357487474237	1234
20130815	123	123	123	511.86546542054157	1234
20130815	123	123	123	428.07404504310426	1234
20130815	123	123	123	406.7130990684446	1234
20130815	123	123	123	388.0216697246989	1234
20130815	123	123	123	396.14285714285717	1234
20130815	123	123	123	424.5855760630663	1234
20130815	123	123	123	441.10193349152325	1234
20130815	123	123	123	389.4451160401434	1234
20130815	123	123	123	341.1452517681948	1234
20130815	123	123	123	314.0015091334296	1234
20130815	123	123	123	282.2748546713485	1234
20130815	123	123	123	260.0	1234
20130815	123	123	123	13.075406793395896	1234
20130815	123	123	123	7.1135353336325995	1234
20130815	123	123	123	0.5976066973162975	1234
20130815	123	123	123	5.448854655448654	1234
20130815	123	123	123	2.5299934119853806	1234
20130815	123	123	123	2.621824359486129	1234
20130815	123	123	123	18.699570820943563	1234
20130815	123	123	123	14.124724354885776	1234
20130815	123	123	123	5.2271858480861555	1234
20130815	123	123	123	2.88925522609087	1234
20130815	123	123	123	19.079750454399782	1234
20130815	123	123	123	8.565591249306548	1234
20130815	123	123	123	16.55535678038445	1234
20130815	123	123	123	19.85687255187492	1234
20130815	123	123	123	1.3827627354146177	1234
20130815	123	123	123	11.006130613744038	1234
20130815	123	123	123	15.93293515948476	1234
20130815	123	123	123	3.8079909617433882	1234
20130815	123	123	123	2.834383064637167	1234
20130815	123	123	123	17.5850732493954	1234