time startPrice highestPrice lowestPrice endPrice transactionCount
20130815	123	123	123	9.670340249951632	1234
20130815	123	123	123	13.115794395510889	1234
20130815	123	123	123	13.286106187925697	1234
20130815	123	123	123	11.911944807611636	1234
20130815	123	123	123	4.723789661610782	1234
20130815	123	123	123	8.04679465545921	1234
20130815	123	123	123	15.107016819112658	1234
20130815	123	123	123	17.43127075998769	1234
20130815	123	123	123	10.032189170058627	1234
20130815	123	123	123	10.18570469104354	1234
20130815	123	123	123	9.751444959138826	1234
20130815	123	123	123	14.601915015776964	1234
20130815	123	123	123	6.67068131723858	1234
20130815	123	123	123	17.61253628714625	1234
20130815	123	123	123	1.5479837544333108	1234
20130815	123	123	123	3.725960886531645	1234
20130815	123	123	123	7.4109507024197026	1234
20130815	123	123	123	16.684510670755902	1234
20130815	123	123	123	17.767619533008844	1234
20130815	123	123	123	5.452788526065593	1234
20130815	123	123	123	256.6885496058924	1234
20130815	123	123	123	277.841340987788	1234
20130815	123	123	123	312.66130552550493	1234
20130815	123	123	123	361.33744394940413	1234
20130815	123	123	123	420.34635037541807	1234
20130815	123	123	123	439.16757193982545	1234
20130815	123	123	123	428.69694190582135	1234
20130815	123	123	123	415.8734154969415	1234
20130815	123	123	123	404.5045018249593	1234
20130815	123	123	123	389.52054348074165	1234
20130815	123	123	123	406.7142857142857	1234
20130815	123	123	123	452.27061005098557	1234
20130815	123	123	123	475.2050080063087	1234
20130815	123	123	123	511.250926837401	1234
20130815	123	123	123	526.0414605859672	1234
20130815	123	123	123	509.76734498343086	1234
20130815	123	123	123	487.3969355795972	1234
20130815	123	123	123	467.8702906066257	1234
20130815	123	123	123	445.50293945142687	1234
20130815	123	123	123	405.93114664775004	1234
20130815	123	123	123	387.5511737097549	1234
20130815	123	123	123	415.21004644893765	1234
20130815	123	123	123	424.36112296337393	1234
20130815	123	123	123	445.6952326839722	1234
20130815	123	123	123	417.0875963896766	1234
20130815	123	123	123	393.116754435891	1234
20130815	123	123	123	364.1089720376011	1234
20130815	123	123	123	337.31442015432555	1234
20130815	123	123	123	283.288820335752	1234
20130815	123	123	123	260.0	1234
20130815	123	123	123	11.622066347159347	1234
20130815	123	123	123	6.530810616021208	1234
20130815	123	123	123	10.8917566952067	1234
20130815	123	123	123	18.813264171901963	1234
20130815	123	123	123	10.141435637891918	1234
20130815	123	123	123	13.895409629290643	1234
20130815	123	123	123	18.492260748040664	1234
20130815	123	123	123	15.283462846263445	1234
20130815	123	123	123	8.842067470244467	1234
20130815	123	123	123	13.64107463410587	1234
20130815	123	123	123	10.16260613342187	1234
20130815	123	123	123	4.044545487863593	1234
20130815	123	123	123	9.954369538125412	1234
20130815	123	123	123	5.090952759138534	1234
20130815	123	123	123	1.5837477974109393	1234
20130815	123	123	123	11.281197603373291	1234
20130815	123	123	123	6.157740569806269	1234
20130815	123	123	123	19.87239695168413	1234
20130815	123	123	123	2.077866598982079	1234
20130815	123	123	123	4.661820977984754	1234