time startPrice highestPrice lowestPrice endPrice transactionCount
20130815	123	123	123	6.537227960764915	1234
20130815	123	123	123	5.135122947135118	1234
20130815	123	123	123	14.552188767207204	1234
20130815	123	123	123	15.831831996755088	1234
20130815	123	123	123	4.88488269535357	1234
20130815	123	123	123	14.683740319852202	1234
20130815	123	123	123	18.496129524909527	1234
20130815	123	123	123	11.747605977879992	1234
20130815	123	123	123	2.497879393009421	1234
20130815	123	123	123	7.546051239653715	1234
20130815	123	123	123	13.051955693500421	1234
20130815	123	123	123	9.585298470860888	1234
20130815	123	123	123	8.698825933246857	1234
20130815	123	123	123	16.7681392360926	1234
20130815	123	123	123	11.347083734396765	1234
20130815	123	123	123	1.4833638568992735	1234
20130815	123	123	123	11.906606283999981	1234
20130815	123	123	123	18.961918727624255	1234
20130815	123	123	123	8.629965931899834	1234
20130815	123	123	123	6.005397455871608	1234
20130815	123	123	123	255.58798843592083	1234
20130815	123	123	123	280.8619103787899	1234
20130815	123	123	123	303.85508594638674	1234
20130815	123	123	123	337.78721979414814	1234
20130815	123	123	123	387.69335865900786	1234
20130815	123	123	123	414.35952368293925	1234
20130815	123	123	123	434.8732993195075	1234
20130815	123	123	123	408.8444433102612	1234
20130815	123	123	123	387.8195694209734	1234
20130815	123	123	123	427.79401856957355	1234
20130815	123	123	123	452.9248487694772	1234
20130815	123	123	123	470.6929628853219	1234
20130815	123	123	123	491.43089847450386	1234
20130815	123	123	123	529.5875746893548	1234
20130815	123	123	123	484.15029178242963	1234
20130815	123	123	123	466.6211391046223	1234
20130815	123	123	123	447.1907427520535	1234
20130815	123	123	123	425.94161180971884	1234
20130815	123	123	123	405.1364610190913	1234
20130815	123	123	123	394.3966018250088	1234
20130815	123	123	123	426.0334155532236	1234
20130815	123	123	123	442.1997358068094	1234
20130815	123	123	123	447.22132535933093	1234
20130815	123	123	123	423.7142857142857	1234
20130815	123	123	123	391.41641131497465	1234
20130815	123	123	123	365.30226706300243	1234
20130815	123	123	123	336.7493443016905	1234
20130815	123	123	123	309.77734998267	1234
20130815	123	123	123	285.9588643737421	1234
20130815	123	123	123	260.0	1234
20130815	123	123	123	19.59467092410513	1234
20130815	123	123	123	16.902382915837507	1234
20130815	123	123	123	7.682720402787259	1234
20130815	123	123	123	6.553432108978403	1234
20130815	123	123	123	13.4757889835623	1234
20130815	123	123	123	0.6394260184973022	1234
20130815	123	123	123	5.578692693504632	1234
20130815	123	123	123	14.01632923530116	1234
20130815	123	123	123	11.217579078368942	1234
20130815	123	123	123	13.14047745357426	1234
20130815	123	123	123	15.052156104144814	1234
20130815	123	123	123	10.773019168284373	1234
20130815	123	123	123	18.82517464681215	1234
20130815	123	123	123	3.8434635968890074	1234
20130815	123	123	123	6.891896321996736	1234
20130815	123	123	123	3.3461184709949254	1234
20130815	123	123	123	16.284408486986102	1234
20130815	123	123	123	1.4878957849069452	1234
20130815	123	123	123	8.539955496908682	1234
20130815	123	123	123	1.8022437183813245	1234