time startPrice highestPrice lowestPrice endPrice transactionCount
20130815	123	123	123	15.19152553277246	1234
20130815	123	123	123	5.232889603481567	1234
20130815	123	123	123	1.7048609301664008	1234
20130815	123	123	123	14.922273290315534	1234
20130815	123	123	123	2.695818410246962	1234
20130815	123	123	123	14.616974930147169	1234
20130815	123	123	123	5.102621584377447	1234
20130815	123	123	123	19.71379550523467	1234
20130815	123	123	123	5.694077137325786	1234
20130815	123	123	123	8.221669298565516	1234
20130815	123	123	123	12.76076037136149	1234
20130815	123	123	123	1.6375567900142696	1234
20130815	123	123	123	16.41926641135004	1234
20130815	123	123	123	11.520813580701256	1234
20130815	123	123	123	12.236718748216758	1234
20130815	123	123	123	6.423674059591953	1234
20130815	123	123	123	10.77464278389571	1234
20130815	123	123	123	5.807607492897116	1234
20130815	123	123	123	11.35695936277762	1234
20130815	123	123	123	13.113100074165537	1234
20130815	123	123	123	251.01980790722936	1234
20130815	123	123	123	280.70531904775646	1234
20130815	123	123	123	303.57142857142856	1234
20130815	123	123	123	335.23551099255803	1234
20130815	123	123	123	364.25024440421083	1234
20130815	123	123	123	436.1859359559841	1234
20130815	123	123	123	416.85714285714283	1234
20130815	123	123	123	398.9900670334147	1234
20130815	123	123	123	387.376490306393	1234
20130815	123	123	123	407.0970179188407	1234
20130815	123	123	123	427.8425360224743	1234
20130815	123	123	123	449.66087111222015	1234
20130815	123	123	123	468.8571428571429	1234
20130815	123	123	123	492.00568048925965	1234
20130815	123	123	123	510.28571428571433	1234
20130815	123	123	123	522.9775287845218	1234
20130815	123	123	123	485.7906240212322	1234
20130815	123	123	123	468.1259772384189	1234
20130815	123	123	123	445.90106502174706	1234
20130815	123	123	123	403.7877511370554	1234
20130815	123	123	123	387.84759763785513	1234
20130815	123	123	123	398.53533315363933	1234
20130815	123	123	123	415.88484877399793	1234
20130815	123	123	123	441.9272523850558	1234
20130815	123	123	123	444.88205030816016	1234
20130815	123	123	123	423.39582653036337	1234
20130815	123	123	123	386.67850562729313	1234
20130815	123	123	123	330.6452942382607	1234
20130815	123	123	123	284.00072091836614	1234
20130815	123	123	123	260.0	1234
20130815	123	123	123	16.593246390104774	1234
20130815	123	123	123	13.492166328174992	1234
20130815	123	123	123	19.95509182034308	1234
20130815	123	123	123	19.909387134679758	1234
20130815	123	123	123	12.342360023340058	1234
20130815	123	123	123	19.231765746269083	1234
20130815	123	123	123	5.732024705094759	1234
20130815	123	123	123	5.236008057328531	1234
20130815	123	123	123	8.631940254892577	1234
20130815	123	123	123	3.652207346546228	1234
20130815	123	123	123	5.435046606629969	1234
20130815	123	123	123	13.736170404170998	1234
20130815	123	123	123	1.468063662901471	1234
20130815	123	123	123	17.53199607126212	1234
20130815	123	123	123	9.447265555085433	1234
20130815	123	123	123	0.8778417618649414	1234
20130815	123	123	123	8.399459661866157	1234
20130815	123	123	123	6.059323484439285	1234
20130815	123	123	123	10.398367140268416	1234
20130815	123	123	123	14.377492949055865	1234