time startPrice highestPrice lowestPrice endPrice transactionCount
20130815	123	123	123	19.28750220393724	1234
20130815	123	123	123	1.6842642292361543	1234
20130815	123	123	123	18.971926356169238	1234
20130815	123	123	123	5.341106798372506	1234
20130815	123	123	123	12.240642397709099	1234
20130815	123	123	123	8.066681942264795	1234
20130815	123	123	123	4.871748937099039	1234
20130815	123	123	123	4.500218915921412	1234
20130815	123	123	123	7.245723373349642	1234
20130815	123	123	123	4.354865094973757	1234
20130815	123	123	123	2.546250317576697	1234
20130815	123	123	123	11.49111154721151	1234
20130815	123	123	123	3.4864546614575276	1234
20130815	123	123	123	15.070146650603462	1234
20130815	123	123	123	8.931545633485793	1234
20130815	123	123	123	6.520708228059071	1234
20130815	123	123	123	10.364398566801542	1234
20130815	123	123	123	19.80246252391091	1234
20130815	123	123	123	10.46732774546557	1234
20130815	123	123	123	3.2015758446935583	1234
20130815	123	123	123	252.93611478310137	1234
20130815	123	123	123	276.7635605297816	1234
20130815	123	123	123	308.4485674511121	1234
20130815	123	123	123	330.85714285714283	1234
20130815	123	123	123	359.8585383926048	1234
20130815	123	123	123	386.6425520368744	1234
20130815	123	123	123	413.6590023994143	1234
20130815	123	123	123	438.91450783489694	1234
20130815	123	123	123	416.152322987904	1234
20130815	123	123	123	406.0152410187986	1234
20130815	123	123	123	390.0926812805289	1234
20130815	123	123	123	408.6535973361292	1234
20130815	123	123	123	429.04384610584816	1234
20130815	123	123	123	475.8072918866868	1234
20130815	123	123	123	512.0020366005984	1234
20130815	123	123	123	526.8233762933341	1234
20130815	123	123	123	505.37006323223113	1234
20130815	123	123	123	480.53355338394505	1234
20130815	123	123	123	448.7142857142858	1234
20130815	123	123	123	419.3900041257523	1234
20130815	123	123	123	387.0	1234
20130815	123	123	123	401.43108962308276	1234
20130815	123	123	123	445.0646638006195	1234
20130815	123	123	123	423.7142857142857	1234
20130815	123	123	123	391.6481996577881	1234
20130815	123	123	123	363.06700341928325	1234
20130815	123	123	123	339.52191519296446	1234
20130815	123	123	123	313.96808165256397	1234
20130815	123	123	123	286.3789462106543	1234
20130815	123	123	123	260.0	1234
20130815	123	123	123	11.878304030443035	1234
20130815	123	123	123	17.8882469064508	1234
20130815	123	123	123	13.442629037302742	1234
20130815	123	123	123	13.75229292938743	1234
20130815	123	123	123	9.353681336891475	1234
20130815	123	123	123	16.474732634791863	1234
20130815	123	123	123	19.1032585356649	1234
20130815	123	123	123	4.066459694054123	1234
20130815	123	123	123	4.1003742263388165	1234
20130815	123	123	123	6.697824553719345	1234
20130815	123	123	123	1.436562666177228	1234
20130815	123	123	123	3.85603348553061	1234
20130815	123	123	123	13.157916513339947	1234
20130815	123	123	123	18.81400336670053	1234
20130815	123	123	123	17.44369824845695	1234
20130815	123	123	123	16.000468199682384	1234
20130815	123	123	123	8.495503865204645	1234
20130815	123	123	123	3.864993269108463	1234
20130815	123	123	123	7.2291177586455575	1234
20130815	123	123	123	8.783898681430554	1234