time startPrice highestPrice lowestPrice endPrice transactionCount
20130815	123	123	123	11.773624738338114	1234
20130815	123	123	123	5.9209006536742965	1234
20130815	123	123	123	19.455867203602946	1234
20130815	123	123	123	9.502184088683594	1234
20130815	123	123	123	4.325866163600418	1234
20130815	123	123	123	6.28257777459919	1234
20130815	123	123	123	7.097819953003938	1234
20130815	123	123	123	10.274966540821787	1234
20130815	123	123	123	19.082261534322267	1234
20130815	123	123	123	4.146076237903578	1234
20130815	123	123	123	2.0706301682795902	1234
20130815	123	123	123	10.464991053428221	1234
20130815	123	123	123	6.689895205373803	1234
20130815	123	123	123	17.52050358414372	1234
20130815	123	123	123	3.5700446216040227	1234
20130815	123	123	123	13.292544822516268	1234
20130815	123	123	123	2.0103364303667637	1234
20130815	123	123	123	15.508112476380717	1234
20130815	123	123	123	0.7057853586830753	1234
20130815	123	123	123	4.091704671238105	1234
20130815	123	123	123	251.1408305254341	1234
20130815	123	123	123	279.3235966264641	1234
20130815	123	123	123	303.57142857142856	1234
20130815	123	123	123	330.85714285714283	1234
20130815	123	123	123	363.6355094157976	1234
20130815	123	123	123	390.88420576091977	1234
20130815	123	123	123	418.9037573205049	1234
20130815	123	123	123	433.9755303002359	1234
20130815	123	123	123	401.4285714285714	1234
20130815	123	123	123	392.96094805076723	1234
20130815	123	123	123	388.5463121590725	1234
20130815	123	123	123	431.4316124856363	1234
20130815	123	123	123	473.09429240662155	1234
20130815	123	123	123	491.43838590813004	1234
20130815	123	123	123	511.772696689986	1234
20130815	123	123	123	530.9518047581976	1234
20130815	123	123	123	505.31823195221097	1234
20130815	123	123	123	487.6256313346968	1234
20130815	123	123	123	468.1759794734167	1234
20130815	123	123	123	447.6486535483256	1234
20130815	123	123	123	426.9313232231463	1234
20130815	123	123	123	407.4977274757051	1234
20130815	123	123	123	389.7302024892341	1234
20130815	123	123	123	407.00409167248074	1234
20130815	123	123	123	414.65352702183947	1234
20130815	123	123	123	427.0947473927009	1234
20130815	123	123	123	443.1731146441123	1234
20130815	123	123	123	341.8571428571429	1234
20130815	123	123	123	280.30642167176944	1234
20130815	123	123	123	260.0	1234
20130815	123	123	123	16.710414035761293	1234
20130815	123	123	123	6.472570911504311	1234
20130815	123	123	123	4.687903146080961	1234
20130815	123	123	123	0.6868683135342901	1234
20130815	123	123	123	16.465439885152588	1234
20130815	123	123	123	18.375371076173398	1234
20130815	123	123	123	9.107322820628507	1234
20130815	123	123	123	14.80247509248615	1234
20130815	123	123	123	1.618260338700992	1234
20130815	123	123	123	8.898176133581776	1234
20130815	123	123	123	9.741864185446367	1234
20130815	123	123	123	8.85223480615026	1234
20130815	123	123	123	14.219550259615428	1234
20130815	123	123	123	1.5821866521793049	1234
20130815	123	123	123	19.713535003845212	1234
20130815	123	123	123	3.8799530903777013	1234
20130815	123	123	123	4.081803834449078	1234
20130815	123	123	123	13.453881247717447	1234
20130815	123	123	123	15.842440166353972	1234
20130815	123	123	123	6.474835051727641	1234