time startPrice highestPrice lowestPrice endPrice transactionCount
20130815	123	123	123	2.8821984587826543	1234
20130815	123	123	123	4.329992637060589	1234
20130815	123	123	123	19.654354632171305	1234
20130815	123	123	123	1.054200231603808	1234
20130815	123	123	123	5.905867714664366	1234
20130815	123	123	123	19.29591584938956	1234
20130815	123	123	123	12.96623977543685	1234
20130815	123	123	123	4.278545391602185	1234
20130815	123	123	123	7.891807828656883	1234
20130815	123	123	123	0.4712888459933673	1234
20130815	123	123	123	6.084541046601688	1234
20130815	123	123	123	4.559443897426371	1234
20130815	123	123	123	3.216583963922899	1234
20130815	123	123	123	0.0860215979483181	1234
20130815	123	123	123	8.051268316348546	1234
20130815	123	123	123	3.069507027153149	1234
20130815	123	123	123	3.5924751290673496	1234
20130815	123	123	123	14.542725656488287	1234
20130815	123	123	123	19.836577082608162	1234
20130815	123	123	123	15.851013838110319	1234
20130815	123	123	123	252.37460159524574	1234
20130815	123	123	123	279.7505632337778	1234
20130815	123	123	123	307.29242471379905	1234
20130815	123	123	123	334.2136918439372	1234
20130815	123	123	123	361.2940559389305	1234
20130815	123	123	123	385.4285714285714	1234
20130815	123	123	123	419.41036139845033	1234
20130815	123	123	123	438.9058736972216	1234
20130815	123	123	123	424.57142857142856	1234
20130815	123	123	123	404.40771307675226	1234
20130815	123	123	123	390.3926208791522	1234
20130815	123	123	123	410.5258762581353	1234
20130815	123	123	123	451.07980486825824	1234
20130815	123	123	123	477.32942785388053	1234
20130815	123	123	123	513.091871088612	1234
20130815	123	123	123	530.550284754266	1234
20130815	123	123	123	507.85013243854473	1234
20130815	123	123	123	444.3172315259305	1234
20130815	123	123	123	423.7076501453288	1234
20130815	123	123	123	404.028917909407	1234
20130815	123	123	123	393.5120470264306	1234
20130815	123	123	123	425.18605686371285	1234
20130815	123	123	123	434.6542916555463	1234
20130815	123	123	123	445.1394570308835	1234
20130815	123	123	123	420.07472001763745	1234
20130815	123	123	123	396.42857142857144	1234
20130815	123	123	123	364.57842743115845	1234
20130815	123	123	123	337.9002042707732	1234
20130815	123	123	123	283.9194884550011	1234
20130815	123	123	123	260.0	1234
20130815	123	123	123	16.951816137745016	1234
20130815	123	123	123	4.932623194788086	1234
20130815	123	123	123	12.988358729008167	1234
20130815	123	123	123	8.731245523007464	1234
20130815	123	123	123	0.5604819068622668	1234
20130815	123	123	123	18.22301457228845	1234
20130815	123	123	123	17.984916357313303	1234
20130815	123	123	123	10.954114988297883	1234
20130815	123	123	123	13.06327513308018	1234
20130815	123	123	123	1.9684802060363271	1234
20130815	123	123	123	13.331375561253333	1234
20130815	123	123	123	10.858783021899326	1234
20130815	123	123	123	1.7460107167872208	1234
20130815	123	123	123	11.51126240420761	1234
20130815	123	123	123	18.335003405470147	1234
20130815	123	123	123	15.861730581522087	1234
20130815	123	123	123	18.506112098912546	1234
20130815	123	123	123	5.374573058101744	1234
20130815	123	123	123	0.014156956097897133	1234
20130815	123	123	123	18.549535914115403	1234