time startPrice highestPrice lowestPrice endPrice transactionCount
20130815	123	123	123	19.56718985030419	1234
20130815	123	123	123	13.517134181275214	1234
20130815	123	123	123	13.45921383490351	1234
20130815	123	123	123	7.47813067272909	1234
20130815	123	123	123	18.64635453317637	1234
20130815	123	123	123	16.95288949242419	1234
20130815	123	123	123	9.89968160252317	1234
20130815	123	123	123	9.8204775059837	1234
20130815	123	123	123	3.8977088228158507	1234
20130815	123	123	123	13.595258450292587	1234
20130815	123	123	123	15.252823507321988	1234
20130815	123	123	123	14.72724739079288	1234
20130815	123	123	123	3.016511078910804	1234
20130815	123	123	123	15.772159268128727	1234
20130815	123	123	123	6.782801258983675	1234
20130815	123	123	123	13.685580334493777	1234
20130815	123	123	123	15.465722278380483	1234
20130815	123	123	123	6.235409496423023	1234
20130815	123	123	123	18.12791099225216	1234
20130815	123	123	123	6.613321457166261	1234
20130815	123	123	123	252.93214516760276	1234
20130815	123	123	123	291.97935333846584	1234
20130815	123	123	123	334.42646493324463	1234
20130815	123	123	123	363.787183933582	1234
20130815	123	123	123	390.0549559133347	1234
20130815	123	123	123	413.8171568465879	1234
20130815	123	123	123	439.2178945374894	1234
20130815	123	123	123	388.2249876988719	1234
20130815	123	123	123	408.1666045839111	1234
20130815	123	123	123	428.7289687139314	1234
20130815	123	123	123	451.19772810904027	1234
20130815	123	123	123	470.0330066226841	1234
20130815	123	123	123	510.28571428571433	1234
20130815	123	123	123	526.4769079439977	1234
20130815	123	123	123	510.42857142857144	1234
20130815	123	123	123	481.24802499470064	1234
20130815	123	123	123	446.31516599911674	1234
20130815	123	123	123	423.7147269404768	1234
20130815	123	123	123	403.7410547357377	1234
20130815	123	123	123	387.9233693530843	1234
20130815	123	123	123	403.0797246418745	1234
20130815	123	123	123	424.665513310385	1234
20130815	123	123	123	441.857142857143	1234
20130815	123	123	123	450.2605115624944	1234
20130815	123	123	123	411.6936132941928	1234
20130815	123	123	123	367.50537983988687	1234
20130815	123	123	123	339.6347668255191	1234
20130815	123	123	123	310.008084086456	1234
20130815	123	123	123	282.278176153736	1234
20130815	123	123	123	260.0	1234
20130815	123	123	123	2.090863430011163	1234
20130815	123	123	123	15.4978509106339	1234
20130815	123	123	123	6.482201065161015	1234
20130815	123	123	123	14.629501537452994	1234
20130815	123	123	123	2.2037590280463792	1234
20130815	123	123	123	3.7653679058479206	1234
20130815	123	123	123	5.180862714896941	1234
20130815	123	123	123	13.862894882655056	1234
20130815	123	123	123	17.134808520455884	1234
20130815	123	123	123	1.4878562585634114	1234
20130815	123	123	123	15.776906794255014	1234
20130815	123	123	123	13.55121212066459	1234
20130815	123	123	123	8.335446499759247	1234
20130815	123	123	123	6.1664640318442965	1234
20130815	123	123	123	3.091190939850388	1234
20130815	123	123	123	18.10927660217412	1234
20130815	123	123	123	12.819490325495602	1234
20130815	123	123	123	7.2927187063448	1234
20130815	123	123	123	1.7373781273307154	1234
20130815	123	123	123	9.89531269064653	1234