time startPrice highestPrice lowestPrice endPrice transactionCount
20130815	123	123	123	3.7994356541766483	1234
20130815	123	123	123	3.671948686696329	1234
20130815	123	123	123	2.1497038157830595	1234
20130815	123	123	123	12.653354003193012	1234
20130815	123	123	123	11.721034057258668	1234
20130815	123	123	123	8.286039594597145	1234
20130815	123	123	123	2.801806717712656	1234
20130815	123	123	123	18.75099404922255	1234
20130815	123	123	123	12.031200913120434	1234
20130815	123	123	123	12.625064614818553	1234
20130815	123	123	123	18.85324340102955	1234
20130815	123	123	123	5.286533078660471	1234
20130815	123	123	123	14.928463717902037	1234
20130815	123	123	123	9.217315918713409	1234
20130815	123	123	123	4.927080074376569	1234
20130815	123	123	123	17.96043874098999	1234
20130815	123	123	123	15.502960060715566	1234
20130815	123	123	123	3.720391300527335	1234
20130815	123	123	123	9.421020072391173	1234
20130815	123	123	123	10.747978190033907	1234
20130815	123	123	123	252.2222622836837	1234
20130815	123	123	123	309.43529157104484	1234
20130815	123	123	123	335.77377084448125	1234
20130815	123	123	123	358.4445337454212	1234
20130815	123	123	123	387.98906274772605	1234
20130815	123	123	123	414.33007927496953	1234
20130815	123	123	123	438.5120137166571	1234
20130815	123	123	123	428.45692256103666	1234
20130815	123	123	123	389.78827412952523	1234
20130815	123	123	123	411.0993096143267	1234
20130815	123	123	123	427.7358834131601	1234
20130815	123	123	123	450.2394250221078	1234
20130815	123	123	123	468.8571428571429	1234
20130815	123	123	123	491.1143769466143	1234
20130815	123	123	123	511.5426106576428	1234
20130815	123	123	123	527.9902808620801	1234
20130815	123	123	123	448.6643088498149	1234
20130815	123	123	123	421.4540008084811	1234
20130815	123	123	123	388.620814589626	1234
20130815	123	123	123	407.63713206149384	1234
20130815	123	123	123	414.4285714285715	1234
20130815	123	123	123	424.9883029317375	1234
20130815	123	123	123	443.10474568622357	1234
20130815	123	123	123	444.5912304811329	1234
20130815	123	123	123	421.8417127445605	1234
20130815	123	123	123	393.4313561636299	1234
20130815	123	123	123	365.7137471296641	1234
20130815	123	123	123	340.99151369313716	1234
20130815	123	123	123	305.89258682481125	1234
20130815	123	123	123	260.0	1234
20130815	123	123	123	2.23926627425153	1234
20130815	123	123	123	8.718617467553377	1234
20130815	123	123	123	8.399878755340065	1234
20130815	123	123	123	3.0944807785763473	1234
20130815	123	123	123	6.143642082742858	1234
20130815	123	123	123	1.5697240499831522	1234
20130815	123	123	123	10.723123575054741	1234
20130815	123	123	123	18.56005423637803	1234
20130815	123	123	123	12.659374040075226	1234
20130815	123	123	123	12.551366124123293	1234
20130815	123	123	123	12.284066548839673	1234
20130815	123	123	123	6.017874813899066	1234
20130815	123	123	123	18.865953648786878	1234
20130815	123	123	123	14.421397539912897	1234
20130815	123	123	123	17.88182674273851	1234
20130815	123	123	123	2.1859676774139403	1234
20130815	123	123	123	4.414848051794742	1234
20130815	123	123	123	19.994057705567315	1234
20130815	123	123	123	5.516714944148768	1234
20130815	123	123	123	12.57315340681208	1234