time startPrice highestPrice lowestPrice endPrice transactionCount
20130815	123	123	123	3.409174419085379	1234
20130815	123	123	123	0.28458367275920216	1234
20130815	123	123	123	5.611654067621778	1234
20130815	123	123	123	9.144846466837377	1234
20130815	123	123	123	17.558541680147798	1234
20130815	123	123	123	7.530584077796565	1234
20130815	123	123	123	0.07683601714262522	1234
20130815	123	123	123	6.277078523089797	1234
20130815	123	123	123	18.313664032578668	1234
20130815	123	123	123	8.16084808164633	1234
20130815	123	123	123	13.181165351180704	1234
20130815	123	123	123	17.377826018146415	1234
20130815	123	123	123	11.757647821620958	1234
20130815	123	123	123	19.370172100794118	1234
20130815	123	123	123	3.6697149868717815	1234
20130815	123	123	123	1.8098647843064986	1234
20130815	123	123	123	17.170803927851562	1234
20130815	123	123	123	18.396298381256628	1234
20130815	123	123	123	1.4173016559857143	1234
20130815	123	123	123	11.071107804446253	1234
20130815	123	123	123	255.48993237768985	1234
20130815	123	123	123	308.55664840054385	1234
20130815	123	123	123	331.88601338085476	1234
20130815	123	123	123	359.6090576073529	1234
20130815	123	123	123	391.702448123986	1234
20130815	123	123	123	414.02478808812964	1234
20130815	123	123	123	437.57820243474634	1234
20130815	123	123	123	413.4703385536584	1234
20130815	123	123	123	400.2647732156018	1234
20130815	123	123	123	388.4579526150365	1234
20130815	123	123	123	410.4741433148512	1234
20130815	123	123	123	427.6095311029956	1234
20130815	123	123	123	451.69999384359835	1234
20130815	123	123	123	473.97768663355134	1234
20130815	123	123	123	491.5304564987975	1234
20130815	123	123	123	513.1258450317924	1234
20130815	123	123	123	529.2758545754231	1234
20130815	123	123	123	486.8495217731837	1234
20130815	123	123	123	469.0884437341354	1234
20130815	123	123	123	416.61762676428975	1234
20130815	123	123	123	387.0	1234
20130815	123	123	123	428.1437613160658	1234
20130815	123	123	123	449.1792063503524	1234
20130815	123	123	123	417.89812516199197	1234
20130815	123	123	123	395.4379193956336	1234
20130815	123	123	123	365.19958539323113	1234
20130815	123	123	123	341.35914216451147	1234
20130815	123	123	123	314.5714285714286	1234
20130815	123	123	123	282.4081952663665	1234
20130815	123	123	123	260.0	1234
20130815	123	123	123	7.531123389347842	1234
20130815	123	123	123	10.034648721591086	1234
20130815	123	123	123	17.946899778601665	1234
20130815	123	123	123	14.115747483156625	1234
20130815	123	123	123	14.1047349242913	1234
20130815	123	123	123	13.962802730833806	1234
20130815	123	123	123	9.91041380669541	1234
20130815	123	123	123	7.365814344565913	1234
20130815	123	123	123	11.00098483030358	1234
20130815	123	123	123	17.77376458273945	1234
20130815	123	123	123	16.494338195525557	1234
20130815	123	123	123	14.540717866228384	1234
20130815	123	123	123	4.648797872914853	1234
20130815	123	123	123	5.230347111306064	1234
20130815	123	123	123	1.1073545925206707	1234
20130815	123	123	123	17.858113136316213	1234
20130815	123	123	123	7.858020843175117	1234
20130815	123	123	123	3.491287842313975	1234
20130815	123	123	123	12.726459557562082	1234
20130815	123	123	123	19.21022257086116	1234