time startPrice highestPrice lowestPrice endPrice transactionCount
20130815	123	123	123	10.428917245219662	1234
20130815	123	123	123	10.915030997525372	1234
20130815	123	123	123	9.021939396395078	1234
20130815	123	123	123	13.062303076224941	1234
20130815	123	123	123	17.018474547894073	1234
20130815	123	123	123	5.8066392949099255	1234
20130815	123	123	123	5.349940253535146	1234
20130815	123	123	123	9.171306231923088	1234
20130815	123	123	123	5.502092982731488	1234
20130815	123	123	123	1.3170972872741138	1234
20130815	123	123	123	11.125045520162445	1234
20130815	123	123	123	10.610759545003887	1234
20130815	123	123	123	3.9373724711037195	1234
20130815	123	123	123	3.3070727210464024	1234
20130815	123	123	123	16.905721270699487	1234
20130815	123	123	123	12.327729910908422	1234
20130815	123	123	123	17.257839115887524	1234
20130815	123	123	123	13.972148830347873	1234
20130815	123	123	123	14.980267126056692	1234
20130815	123	123	123	3.1411669550792687	1234
20130815	123	123	123	254.95858573538922	1234
20130815	123	123	123	278.6208275270843	1234
20130815	123	123	123	333.41251961455515	1234
20130815	123	123	123	363.3991666032706	1234
20130815	123	123	123	390.0794963900888	1234
20130815	123	123	123	438.63527174548847	1234
20130815	123	123	123	413.94012363759407	1234
20130815	123	123	123	393.71428571428567	1234
20130815	123	123	123	386.76253836628223	1234
20130815	123	123	123	410.7656025725295	1234
20130815	123	123	123	429.12234713229236	1234
20130815	123	123	123	451.60956359977996	1234
20130815	123	123	123	468.8571428571429	1234
20130815	123	123	123	493.4753522458511	1234
20130815	123	123	123	511.7851750431974	1234
20130815	123	123	123	529.8750180783303	1234
20130815	123	123	123	509.6446036278869	1234
20130815	123	123	123	489.51609520047384	1234
20130815	123	123	123	467.55919446410775	1234
20130815	123	123	123	426.0383152315265	1234
20130815	123	123	123	406.7419180211214	1234
20130815	123	123	123	389.56112199192756	1234
20130815	123	123	123	427.5640615033348	1234
20130815	123	123	123	443.39944068806454	1234
20130815	123	123	123	445.2508203316599	1234
20130815	123	123	123	422.417783177974	1234
20130815	123	123	123	385.62926940119905	1234
20130815	123	123	123	340.84239774882286	1234
20130815	123	123	123	309.7059991089248	1234
20130815	123	123	123	260.0	1234
20130815	123	123	123	5.019168860313039	1234
20130815	123	123	123	19.282447851822113	1234
20130815	123	123	123	9.713375819295116	1234
20130815	123	123	123	13.077166732874124	1234
20130815	123	123	123	13.62480450517645	1234
20130815	123	123	123	3.994448744711594	1234
20130815	123	123	123	7.787428953370155	1234
20130815	123	123	123	0.16882108527720208	1234
20130815	123	123	123	1.6790271077307128	1234
20130815	123	123	123	11.344980011191732	1234
20130815	123	123	123	6.449486804934366	1234
20130815	123	123	123	2.4341588976472806	1234
20130815	123	123	123	4.947596442316311	1234
20130815	123	123	123	16.90066254117468	1234
20130815	123	123	123	6.019465715056422	1234
20130815	123	123	123	5.921457433000928	1234
20130815	123	123	123	0.8630837555895821	1234
20130815	123	123	123	9.024340710664163	1234
20130815	123	123	123	16.684530553019016	1234
20130815	123	123	123	5.511989453868596	1234