time startPrice highestPrice lowestPrice endPrice transactionCount
20130815	123	123	123	13.83413649052384	1234
20130815	123	123	123	19.138033594938687	1234
20130815	123	123	123	19.07081908166912	1234
20130815	123	123	123	13.30971040357876	1234
20130815	123	123	123	5.922581326485994	1234
20130815	123	123	123	17.19746252442674	1234
20130815	123	123	123	2.6619615454444023	1234
20130815	123	123	123	9.450957207874076	1234
20130815	123	123	123	1.940990399965652	1234
20130815	123	123	123	11.052045967188285	1234
20130815	123	123	123	3.739592853993914	1234
20130815	123	123	123	6.667420092465988	1234
20130815	123	123	123	6.250247976261352	1234
20130815	123	123	123	8.018183050341383	1234
20130815	123	123	123	18.713968252754185	1234
20130815	123	123	123	19.37440893590989	1234
20130815	123	123	123	14.227840421894157	1234
20130815	123	123	123	19.149421208912152	1234
20130815	123	123	123	15.175814255443871	1234
20130815	123	123	123	4.313346132955482	1234
20130815	123	123	123	249.51157052776998	1234
20130815	123	123	123	276.3618597509892	1234
20130815	123	123	123	307.23990197382403	1234
20130815	123	123	123	335.6839157325715	1234
20130815	123	123	123	358.1428571428571	1234
20130815	123	123	123	387.211794532354	1234
20130815	123	123	123	413.85582724331954	1234
20130815	123	123	123	435.8207055442511	1234
20130815	123	123	123	415.13466691059637	1234
20130815	123	123	123	392.75749162498073	1234
20130815	123	123	123	386.3031513084357	1234
20130815	123	123	123	417.6919240322646	1234
20130815	123	123	123	470.57451882582967	1234
20130815	123	123	123	492.59232968036787	1234
20130815	123	123	123	510.93778902812005	1234
20130815	123	123	123	531.0	1234
20130815	123	123	123	487.70129393497353	1234
20130815	123	123	123	468.2598705328164	1234
20130815	123	123	123	424.8716608087283	1234
20130815	123	123	123	403.25005339842573	1234
20130815	123	123	123	387.26001244289216	1234
20130815	123	123	123	398.0005575110976	1234
20130815	123	123	123	407.6323752330852	1234
20130815	123	123	123	425.36023707261836	1234
20130815	123	123	123	437.1035917662784	1234
20130815	123	123	123	445.734289858427	1234
20130815	123	123	123	422.46918883186606	1234
20130815	123	123	123	381.72640759377026	1234
20130815	123	123	123	306.8270379260178	1234
20130815	123	123	123	260.0	1234
20130815	123	123	123	8.899083152902513	1234
20130815	123	123	123	15.20677345600187	1234
20130815	123	123	123	16.539879961965497	1234
20130815	123	123	123	9.363892255605727	1234
20130815	123	123	123	8.994759264600107	1234
20130815	123	123	123	14.013482754641913	1234
20130815	123	123	123	6.245087325718011	1234
20130815	123	123	123	0.6915038880670688	1234
20130815	123	123	123	0.9504259884037336	1234
20130815	123	123	123	12.358910081404307	1234
20130815	123	123	123	15.364427302307885	1234
20130815	123	123	123	16.873623333398914	1234
20130815	123	123	123	8.944681772136104	1234
20130815	123	123	123	11.729498155958575	1234
20130815	123	123	123	19.37228626803846	1234
20130815	123	123	123	7.573459129316634	1234
20130815	123	123	123	4.280714387864018	1234
20130815	123	123	123	13.88304472345989	1234
20130815	123	123	123	7.336412678586162	1234
20130815	123	123	123	3.881117692594944	1234