time startPrice highestPrice lowestPrice endPrice transactionCount
20130815	123	123	123	2.024987308998134	1234
20130815	123	123	123	1.8469419758686767	1234
20130815	123	123	123	3.1152242380009	1234
20130815	123	123	123	3.9679528179566392	1234
20130815	123	123	123	10.724108597497091	1234
20130815	123	123	123	3.6342685325052337	1234
20130815	123	123	123	14.900279917115	1234
20130815	123	123	123	5.871084126220866	1234
20130815	123	123	123	1.05105745693151	1234
20130815	123	123	123	1.6325395984116686	1234
20130815	123	123	123	13.839248757238359	1234
20130815	123	123	123	1.6607613088499784	1234
20130815	123	123	123	2.5897901746702057	1234
20130815	123	123	123	5.9265421625668875	1234
20130815	123	123	123	18.626909580701717	1234
20130815	123	123	123	9.789391355915722	1234
20130815	123	123	123	6.614194405887712	1234
20130815	123	123	123	19.762208779623364	1234
20130815	123	123	123	19.09158924566213	1234
20130815	123	123	123	10.985271876438249	1234
20130815	123	123	123	255.33358148170484	1234
20130815	123	123	123	279.13107835663806	1234
20130815	123	123	123	309.70123223952055	1234
20130815	123	123	123	362.42238805632365	1234
20130815	123	123	123	392.2432200176906	1234
20130815	123	123	123	414.51145821178534	1234
20130815	123	123	123	439.18304842056546	1234
20130815	123	123	123	431.2802283233403	1234
20130815	123	123	123	424.15619038639653	1234
20130815	123	123	123	400.9971682224036	1234
20130815	123	123	123	389.0449941138251	1234
20130815	123	123	123	414.66447027908197	1234
20130815	123	123	123	448.7559388199128	1234
20130815	123	123	123	468.8571428571429	1234
20130815	123	123	123	500.6026527629049	1234
20130815	123	123	123	522.7544643940968	1234
20130815	123	123	123	485.45642825593666	1234
20130815	123	123	123	469.20712108317605	1234
20130815	123	123	123	440.5355051873241	1234
20130815	123	123	123	389.45296081236734	1234
20130815	123	123	123	406.43817791893065	1234
20130815	123	123	123	418.3641055082794	1234
20130815	123	123	123	434.16447377393257	1234
20130815	123	123	123	441.857142857143	1234
20130815	123	123	123	451.0	1234
20130815	123	123	123	419.3946725628561	1234
20130815	123	123	123	394.49848865614456	1234
20130815	123	123	123	368.1431392005571	1234
20130815	123	123	123	314.5714285714286	1234
20130815	123	123	123	260.0	1234
20130815	123	123	123	3.2020302188508376	1234
20130815	123	123	123	1.9438604682253624	1234
20130815	123	123	123	8.59559673131573	1234
20130815	123	123	123	9.154482476422015	1234
20130815	123	123	123	8.522835450988326	1234
20130815	123	123	123	2.8595495138415727	1234
20130815	123	123	123	15.325749041676024	1234
20130815	123	123	123	14.385301386040295	1234
20130815	123	123	123	15.361939330528536	1234
20130815	123	123	123	4.721052558952998	1234
20130815	123	123	123	5.624018211533059	1234
20130815	123	123	123	12.870215518010879	1234
20130815	123	123	123	19.024740345118992	1234
20130815	123	123	123	10.218342243504424	1234
20130815	123	123	123	11.902851067174973	1234
20130815	123	123	123	14.986365199678602	1234
20130815	123	123	123	15.472450833719138	1234
20130815	123	123	123	8.026645000771746	1234
20130815	123	123	123	12.70925398940234	1234
20130815	123	123	123	19.826050519840862	1234