time startPrice highestPrice lowestPrice endPrice transactionCount
20130815	123	123	123	7.279528113820762	1234
20130815	123	123	123	4.343904017114482	1234
20130815	123	123	123	9.751429850278777	1234
20130815	123	123	123	17.43927030359468	1234
20130815	123	123	123	18.011833332501787	1234
20130815	123	123	123	10.432588798968322	1234
20130815	123	123	123	18.189519467949253	1234
20130815	123	123	123	6.396639071394288	1234
20130815	123	123	123	12.130850121896755	1234
20130815	123	123	123	17.36965261445772	1234
20130815	123	123	123	2.2950914006592726	1234
20130815	123	123	123	4.253362833801846	1234
20130815	123	123	123	16.11393513200704	1234
20130815	123	123	123	0.6849873506854198	1234
20130815	123	123	123	7.749954934682584	1234
20130815	123	123	123	6.932375138251146	1234
20130815	123	123	123	8.47126036050257	1234
20130815	123	123	123	17.849307425757306	1234
20130815	123	123	123	14.205904119461916	1234
20130815	123	123	123	16.731353624292936	1234
20130815	123	123	123	254.6090803562317	1234
20130815	123	123	123	276.2857142857143	1234
20130815	123	123	123	304.4589042890195	1234
20130815	123	123	123	332.2320451333013	1234
20130815	123	123	123	369.9025069517825	1234
20130815	123	123	123	415.95945922749314	1234
20130815	123	123	123	439.5635969990119	1234
20130815	123	123	123	430.89009248520176	1234
20130815	123	123	123	408.96381493719207	1234
20130815	123	123	123	400.0625027396661	1234
20130815	123	123	123	387.9610362619235	1234
20130815	123	123	123	410.86917527587366	1234
20130815	123	123	123	453.197398751071	1234
20130815	123	123	123	492.26536332588114	1234
20130815	123	123	123	512.4924460341699	1234
20130815	123	123	123	529.5371857752659	1234
20130815	123	123	123	506.82063578854076	1234
20130815	123	123	123	487.9471211468425	1234
20130815	123	123	123	445.2601111483936	1234
20130815	123	123	123	389.20073968623745	1234
20130815	123	123	123	396.14285714285717	1234
20130815	123	123	123	406.5401047094054	1234
20130815	123	123	123	442.02043362860377	1234
20130815	123	123	123	444.8053035673769	1234
20130815	123	123	123	422.881104353913	1234
20130815	123	123	123	394.5684462460616	1234
20130815	123	123	123	360.1462582108871	1234
20130815	123	123	123	309.76945279034135	1234
20130815	123	123	123	285.6441130304635	1234
20130815	123	123	123	260.0	1234
20130815	123	123	123	14.956595994334927	1234
20130815	123	123	123	18.770069382794368	1234
20130815	123	123	123	10.663588429511542	1234
20130815	123	123	123	0.7654244195563509	1234
20130815	123	123	123	2.1332220949679415	1234
20130815	123	123	123	12.686490436939055	1234
20130815	123	123	123	14.446068948785502	1234
20130815	123	123	123	9.24433445387451	1234
20130815	123	123	123	9.778964672053572	1234
20130815	123	123	123	1.3470881299999826	1234
20130815	123	123	123	13.088958590419395	1234
20130815	123	123	123	6.4460169491497465	1234
20130815	123	123	123	19.196405850043213	1234
20130815	123	123	123	19.466440941182036	1234
20130815	123	123	123	5.363577776291255	1234
20130815	123	123	123	11.17428129732035	1234
20130815	123	123	123	16.701334040491776	1234
20130815	123	123	123	5.196163461466079	1234
20130815	123	123	123	10.169084594532835	1234
20130815	123	123	123	8.03912110325847	1234