time startPrice highestPrice lowestPrice endPrice transactionCount
20130815	123	123	123	15.19664081850889	1234
20130815	123	123	123	17.497568279851695	1234
20130815	123	123	123	8.05491066646654	1234
20130815	123	123	123	18.451454451446796	1234
20130815	123	123	123	17.393505800483954	1234
20130815	123	123	123	19.71484153815273	1234
20130815	123	123	123	0.22976454254692635	1234
20130815	123	123	123	18.531716494777246	1234
20130815	123	123	123	16.70090082386102	1234
20130815	123	123	123	9.314159729526423	1234
20130815	123	123	123	2.4368895801156754	1234
20130815	123	123	123	8.753792317081906	1234
20130815	123	123	123	4.131325456985104	1234
20130815	123	123	123	15.400115801012769	1234
20130815	123	123	123	16.234297398393398	1234
20130815	123	123	123	1.2896942160123803	1234
20130815	123	123	123	10.037350741967701	1234
20130815	123	123	123	0.3629457418451354	1234
20130815	123	123	123	8.59597804940077	1234
20130815	123	123	123	15.764370780435264	1234
20130815	123	123	123	249.84145857961622	1234
20130815	123	123	123	280.62681006326795	1234
20130815	123	123	123	306.410467837097	1234
20130815	123	123	123	335.6964736453902	1234
20130815	123	123	123	364.2513475924456	1234
20130815	123	123	123	388.49900702125154	1234
20130815	123	123	123	416.8343477165977	1234
20130815	123	123	123	438.3772638600514	1234
20130815	123	123	123	426.9036853619637	1234
20130815	123	123	123	392.6931339395394	1234
20130815	123	123	123	386.0	1234
20130815	123	123	123	407.6984444109591	1234
20130815	123	123	123	433.55016904810986	1234
20130815	123	123	123	451.4306786340032	1234
20130815	123	123	123	472.06536828370173	1234
20130815	123	123	123	491.0547110677529	1234
20130815	123	123	123	512.1538457953626	1234
20130815	123	123	123	530.5410136323866	1234
20130815	123	123	123	510.42857142857144	1234
20130815	123	123	123	472.4896617796866	1234
20130815	123	123	123	404.47371244380037	1234
20130815	123	123	123	388.26555387871144	1234
20130815	123	123	123	444.3331642761923	1234
20130815	123	123	123	423.52941816571126	1234
20130815	123	123	123	390.83865353438716	1234
20130815	123	123	123	367.1365978717493	1234
20130815	123	123	123	337.4095152712346	1234
20130815	123	123	123	312.8479321944127	1234
20130815	123	123	123	287.28571428571433	1234
20130815	123	123	123	260.0	1234
20130815	123	123	123	2.8968174941610214	1234
20130815	123	123	123	16.175725659054383	1234
20130815	123	123	123	7.69440796858018	1234
20130815	123	123	123	13.380669754558145	1234
20130815	123	123	123	16.097926850207955	1234
20130815	123	123	123	0.4170820626750005	1234
20130815	123	123	123	7.17641627195738	1234
20130815	123	123	123	5.8653408312045	1234
20130815	123	123	123	12.778553508385544	1234
20130815	123	123	123	6.785654667735688	1234
20130815	123	123	123	10.949638946652298	1234
20130815	123	123	123	5.105818185961222	1234
20130815	123	123	123	11.606126497148168	1234
20130815	123	123	123	2.23581889787966	1234
20130815	123	123	123	3.641284817704822	1234
20130815	123	123	123	9.523321086754908	1234
20130815	123	123	123	14.841466399841641	1234
20130815	123	123	123	10.852477993900608	1234
20130815	123	123	123	0.6605042745708034	1234
20130815	123	123	123	14.028585417436148	1234