time startPrice highestPrice lowestPrice endPrice transactionCount
20130815	123	123	123	11.39113694877825	1234
20130815	123	123	123	2.660906578132356	1234
20130815	123	123	123	1.9307121285673845	1234
20130815	123	123	123	15.29757966615213	1234
20130815	123	123	123	13.868433548656665	1234
20130815	123	123	123	8.695416815777504	1234
20130815	123	123	123	10.323837796905316	1234
20130815	123	123	123	2.8237912437971335	1234
20130815	123	123	123	3.552560515302201	1234
20130815	123	123	123	18.999861969809803	1234
20130815	123	123	123	8.623968845886779	1234
20130815	123	123	123	17.140892308546555	1234
20130815	123	123	123	9.40446575204489	1234
20130815	123	123	123	19.515045954344924	1234
20130815	123	123	123	9.859018341140988	1234
20130815	123	123	123	9.429730286179351	1234
20130815	123	123	123	10.78924439709847	1234
20130815	123	123	123	10.224730663088346	1234
20130815	123	123	123	5.717778636250337	1234
20130815	123	123	123	10.978108635510184	1234
20130815	123	123	123	268.83879319208415	1234
20130815	123	123	123	336.3949464359285	1234
20130815	123	123	123	386.64036806777875	1234
20130815	123	123	123	417.86370777236505	1234
20130815	123	123	123	438.2343156048556	1234
20130815	123	123	123	426.27989662679363	1234
20130815	123	123	123	391.8095292925065	1234
20130815	123	123	123	411.54989670877774	1234
20130815	123	123	123	429.8143396408448	1234
20130815	123	123	123	451.3597163083909	1234
20130815	123	123	123	473.1037635672324	1234
20130815	123	123	123	513.2451057098542	1234
20130815	123	123	123	527.0952562282126	1234
20130815	123	123	123	507.42836274900515	1234
20130815	123	123	123	488.21533576802904	1234
20130815	123	123	123	465.9025439559476	1234
20130815	123	123	123	448.40519784563867	1234
20130815	123	123	123	427.3115597833865	1234
20130815	123	123	123	407.17188718775003	1234
20130815	123	123	123	387.76202664478586	1234
20130815	123	123	123	402.4703465249329	1234
20130815	123	123	123	436.24385358352265	1234
20130815	123	123	123	445.8833234145545	1234
20130815	123	123	123	420.1468478196132	1234
20130815	123	123	123	395.7065514892314	1234
20130815	123	123	123	367.49701956620737	1234
20130815	123	123	123	338.32545903121644	1234
20130815	123	123	123	311.70115331958027	1234
20130815	123	123	123	287.28571428571433	1234
20130815	123	123	123	260.0	1234
20130815	123	123	123	3.162655286440319	1234
20130815	123	123	123	13.474392519441965	1234
20130815	123	123	123	19.7916060981511	1234
20130815	123	123	123	16.027751355475758	1234
20130815	123	123	123	8.98653985550703	1234
20130815	123	123	123	17.31090777103252	1234
20130815	123	123	123	11.577544159823587	1234
20130815	123	123	123	3.8392781854708824	1234
20130815	123	123	123	4.630587250459104	1234
20130815	123	123	123	2.4375157449260487	1234
20130815	123	123	123	15.213209487832223	1234
20130815	123	123	123	0.923056555137789	1234
20130815	123	123	123	9.349924263800371	1234
20130815	123	123	123	1.241712510460422	1234
20130815	123	123	123	12.558322563527708	1234
20130815	123	123	123	17.05959713507173	1234
20130815	123	123	123	3.3850386823525924	1234
20130815	123	123	123	7.841989770174759	1234
20130815	123	123	123	11.507270466639675	1234
20130815	123	123	123	2.033925589496739	1234