time startPrice highestPrice lowestPrice endPrice transactionCount
20130815	123	123	123	13.015319327283619	1234
20130815	123	123	123	4.3162882973558165	1234
20130815	123	123	123	13.919462187469074	1234
20130815	123	123	123	15.773891418992488	1234
20130815	123	123	123	8.64312825864288	1234
20130815	123	123	123	19.961126822633098	1234
20130815	123	123	123	7.877141125067095	1234
20130815	123	123	123	9.416755998118964	1234
20130815	123	123	123	10.523821719631087	1234
20130815	123	123	123	12.867850152065582	1234
20130815	123	123	123	13.454640834656509	1234
20130815	123	123	123	8.237185763394084	1234
20130815	123	123	123	7.268974036670841	1234
20130815	123	123	123	0.47207873817115775	1234
20130815	123	123	123	8.069381584658828	1234
20130815	123	123	123	5.278688469008419	1234
20130815	123	123	123	4.186137000448085	1234
20130815	123	123	123	4.483955842023599	1234
20130815	123	123	123	17.42101801092665	1234
20130815	123	123	123	17.107401202877497	1234
20130815	123	123	123	254.99511981400016	1234
20130815	123	123	123	278.83785155459094	1234
20130815	123	123	123	308.9652030633143	1234
20130815	123	123	123	363.7683255801676	1234
20130815	123	123	123	385.4285714285714	1234
20130815	123	123	123	416.2809628459848	1234
20130815	123	123	123	438.10717158346694	1234
20130815	123	123	123	428.5674273809153	1234
20130815	123	123	123	399.4328745040495	1234
20130815	123	123	123	386.3047002694203	1234
20130815	123	123	123	410.2202453361462	1234
20130815	123	123	123	428.86689298746967	1234
20130815	123	123	123	455.7775493147167	1234
20130815	123	123	123	492.4710548984656	1234
20130815	123	123	123	513.6217482306458	1234
20130815	123	123	123	526.6462195344477	1234
20130815	123	123	123	504.1995813383234	1234
20130815	123	123	123	446.20253784115687	1234
20130815	123	123	123	423.04151001136114	1234
20130815	123	123	123	403.32456040299786	1234
20130815	123	123	123	390.8209949318034	1234
20130815	123	123	123	423.57142857142867	1234
20130815	123	123	123	435.25814011371807	1234
20130815	123	123	123	445.6146088082127	1234
20130815	123	123	123	421.70498102293493	1234
20130815	123	123	123	369.14285714285717	1234
20130815	123	123	123	334.5162707831316	1234
20130815	123	123	123	309.68714781865094	1234
20130815	123	123	123	286.8978256407134	1234
20130815	123	123	123	260.0	1234
20130815	123	123	123	7.944659569767629	1234
20130815	123	123	123	19.045277680075852	1234
20130815	123	123	123	17.992579878568833	1234
20130815	123	123	123	3.100822009107229	1234
20130815	123	123	123	14.794383028254634	1234
20130815	123	123	123	7.2998794510485805	1234
20130815	123	123	123	0.8831129405870985	1234
20130815	123	123	123	13.186724229931606	1234
20130815	123	123	123	18.52434304102481	1234
20130815	123	123	123	5.0888294976832205	1234
20130815	123	123	123	3.2468460570088764	1234
20130815	123	123	123	6.97231870374033	1234
20130815	123	123	123	13.430648609141912	1234
20130815	123	123	123	4.095256969854663	1234
20130815	123	123	123	13.008438471585219	1234
20130815	123	123	123	13.629509764891107	1234
20130815	123	123	123	12.269730572700697	1234
20130815	123	123	123	11.001923658247136	1234
20130815	123	123	123	7.543396075630405	1234
20130815	123	123	123	8.952865960685639	1234