time startPrice highestPrice lowestPrice endPrice transactionCount
20130815	123	123	123	13.284636229283173	1234
20130815	123	123	123	1.3080095106898049	1234
20130815	123	123	123	10.032554950426064	1234
20130815	123	123	123	13.47567489191188	1234
20130815	123	123	123	6.425427335524859	1234
20130815	123	123	123	10.694733024463375	1234
20130815	123	123	123	8.953094975598372	1234
20130815	123	123	123	17.58534324226822	1234
20130815	123	123	123	1.4514991063028537	1234
20130815	123	123	123	11.789613702366173	1234
20130815	123	123	123	5.498254763917368	1234
20130815	123	123	123	17.05459926278021	1234
20130815	123	123	123	7.652158138300105	1234
20130815	123	123	123	7.249942794260196	1234
20130815	123	123	123	14.400415380837124	1234
20130815	123	123	123	13.360002855507142	1234
20130815	123	123	123	10.981443335526846	1234
20130815	123	123	123	10.733908513292318	1234
20130815	123	123	123	14.462570928892903	1234
20130815	123	123	123	17.530019914261295	1234
20130815	123	123	123	250.0591104668768	1234
20130815	123	123	123	279.3188156488794	1234
20130815	123	123	123	303.57142857142856	1234
20130815	123	123	123	339.044599332077	1234
20130815	123	123	123	389.5891158251932	1234
20130815	123	123	123	412.71428571428567	1234
20130815	123	123	123	440.0	1234
20130815	123	123	123	424.0520829679744	1234
20130815	123	123	123	414.27869523944224	1234
20130815	123	123	123	388.24780789301667	1234
20130815	123	123	123	411.4351462062882	1234
20130815	123	123	123	431.17642894035407	1234
20130815	123	123	123	472.0531117314698	1234
20130815	123	123	123	497.94633193084735	1234
20130815	123	123	123	529.245464381927	1234
20130815	123	123	123	494.94357121882143	1234
20130815	123	123	123	446.5677287852431	1234
20130815	123	123	123	424.2075818738522	1234
20130815	123	123	123	407.57142857142867	1234
20130815	123	123	123	388.8219884196438	1234
20130815	123	123	123	396.60642532497826	1234
20130815	123	123	123	425.79453458258297	1234
20130815	123	123	123	436.19858717791254	1234
20130815	123	123	123	445.2482764749448	1234
20130815	123	123	123	418.4373839298443	1234
20130815	123	123	123	393.69236146107113	1234
20130815	123	123	123	363.0221321785645	1234
20130815	123	123	123	313.8850516411681	1234
20130815	123	123	123	281.3310409506055	1234
20130815	123	123	123	260.0	1234
20130815	123	123	123	16.77798911712675	1234
20130815	123	123	123	9.091998430660713	1234
20130815	123	123	123	12.392324590713088	1234
20130815	123	123	123	1.4929278080784503	1234
20130815	123	123	123	15.681322843194014	1234
20130815	123	123	123	3.0448983060219903	1234
20130815	123	123	123	13.157815324437072	1234
20130815	123	123	123	10.370020391200843	1234
20130815	123	123	123	8.775474373683181	1234
20130815	123	123	123	8.653191869123877	1234
20130815	123	123	123	0.48434616680235854	1234
20130815	123	123	123	19.747928856641625	1234
20130815	123	123	123	2.072812065521108	1234
20130815	123	123	123	10.49743642322927	1234
20130815	123	123	123	5.505031533505567	1234
20130815	123	123	123	3.389651014622692	1234
20130815	123	123	123	0.1580617610769397	1234
20130815	123	123	123	16.725473773053693	1234
20130815	123	123	123	11.598281193749933	1234
20130815	123	123	123	18.894666605145957	1234