time startPrice highestPrice lowestPrice endPrice transactionCount
20130815	123	123	123	17.335456365447023	1234
20130815	123	123	123	2.8982058330666027	1234
20130815	123	123	123	8.528464051459938	1234
20130815	123	123	123	1.9040583240024267	1234
20130815	123	123	123	3.386973643232798	1234
20130815	123	123	123	0.6997900302189985	1234
20130815	123	123	123	17.383784030719646	1234
20130815	123	123	123	9.343071461352903	1234
20130815	123	123	123	0.5566729498462664	1234
20130815	123	123	123	12.982051782798369	1234
20130815	123	123	123	17.066811147785806	1234
20130815	123	123	123	13.896496399027292	1234
20130815	123	123	123	5.879818847471383	1234
20130815	123	123	123	17.254481284323862	1234
20130815	123	123	123	10.291179037679507	1234
20130815	123	123	123	8.955054347210114	1234
20130815	123	123	123	13.423314892999565	1234
20130815	123	123	123	19.83493763139913	1234
20130815	123	123	123	0.7597086047398172	1234
20130815	123	123	123	5.459428395801337	1234
20130815	123	123	123	253.86770736507026	1234
20130815	123	123	123	311.91267814106163	1234
20130815	123	123	123	358.1428571428571	1234
20130815	123	123	123	388.34176114071784	1234
20130815	123	123	123	436.86057298373396	1234
20130815	123	123	123	423.0677577860925	1234
20130815	123	123	123	413.5834654011442	1234
20130815	123	123	123	392.9859775711339	1234
20130815	123	123	123	386.0	1234
20130815	123	123	123	410.78044715835995	1234
20130815	123	123	123	427.42857142857144	1234
20130815	123	123	123	452.86203748281304	1234
20130815	123	123	123	479.05196738271604	1234
20130815	123	123	123	512.621942413182	1234
20130815	123	123	123	529.286214511832	1234
20130815	123	123	123	509.53871908836464	1234
20130815	123	123	123	464.87516122182336	1234
20130815	123	123	123	443.65088627339634	1234
20130815	123	123	123	428.1428571428572	1234
20130815	123	123	123	404.74822041503654	1234
20130815	123	123	123	387.7991380761964	1234
20130815	123	123	123	414.4285714285715	1234
20130815	123	123	123	425.58919336374794	1234
20130815	123	123	123	432.71428571428584	1234
20130815	123	123	123	442.9084969669706	1234
20130815	123	123	123	448.1268193024259	1234
20130815	123	123	123	336.4480654963784	1234
20130815	123	123	123	314.5714285714286	1234
20130815	123	123	123	283.1133951594628	1234
20130815	123	123	123	260.0	1234
20130815	123	123	123	11.458997817229427	1234
20130815	123	123	123	16.43247282536754	1234
20130815	123	123	123	10.1285908120429	1234
20130815	123	123	123	15.199157124828307	1234
20130815	123	123	123	17.76500509494181	1234
20130815	123	123	123	4.038913254392817	1234
20130815	123	123	123	12.831391207631025	1234
20130815	123	123	123	10.535346676785306	1234
20130815	123	123	123	4.398595446089828	1234
20130815	123	123	123	14.24701079442513	1234
20130815	123	123	123	12.694151822710698	1234
20130815	123	123	123	17.393509510120037	1234
20130815	123	123	123	7.365840135522181	1234
20130815	123	123	123	16.72623097232102	1234
20130815	123	123	123	9.667390606613564	1234
20130815	123	123	123	9.798629963528317	1234
20130815	123	123	123	6.3206292424619654	1234
20130815	123	123	123	10.825547104853738	1234
20130815	123	123	123	5.020344895209794	1234
20130815	123	123	123	6.27533120886218	1234