time startPrice highestPrice lowestPrice endPrice transactionCount
20130815	123	123	123	4.204076680358073	1234
20130815	123	123	123	7.970786045607136	1234
20130815	123	123	123	4.2226816888476275	1234
20130815	123	123	123	13.341750466741718	1234
20130815	123	123	123	6.206700190078909	1234
20130815	123	123	123	12.587709397922344	1234
20130815	123	123	123	12.571456962000937	1234
20130815	123	123	123	5.517833280383804	1234
20130815	123	123	123	7.693748711530965	1234
20130815	123	123	123	17.90604226932195	1234
20130815	123	123	123	7.972799979503657	1234
20130815	123	123	123	0.3009030221324749	1234
20130815	123	123	123	18.761709722395338	1234
20130815	123	123	123	8.577534851404877	1234
20130815	123	123	123	0.6253011793310592	1234
20130815	123	123	123	1.2233271487081687	1234
20130815	123	123	123	8.079818549051026	1234
20130815	123	123	123	12.621196219788791	1234
20130815	123	123	123	8.65505233766298	1234
20130815	123	123	123	7.478591330401974	1234
20130815	123	123	123	260.6678227617949	1234
20130815	123	123	123	336.9010610854862	1234
20130815	123	123	123	361.2990487819659	1234
20130815	123	123	123	392.7412748856756	1234
20130815	123	123	123	412.71428571428567	1234
20130815	123	123	123	429.7349704962568	1234
20130815	123	123	123	393.5050650133534	1234
20130815	123	123	123	388.6927758284678	1234
20130815	123	123	123	407.4547026574331	1234
20130815	123	123	123	434.50935736090076	1234
20130815	123	123	123	472.6815492469515	1234
20130815	123	123	123	494.3413247218082	1234
20130815	123	123	123	521.2698529626127	1234
20130815	123	123	123	466.1343462094868	1234
20130815	123	123	123	448.54499887070943	1234
20130815	123	123	123	423.01274364656166	1234
20130815	123	123	123	404.8565478744744	1234
20130815	123	123	123	390.76895322554805	1234
20130815	123	123	123	407.40128615940614	1234
20130815	123	123	123	415.3137758432743	1234
20130815	123	123	123	427.7357907544522	1234
20130815	123	123	123	443.24616261844676	1234
20130815	123	123	123	445.9007596619782	1234
20130815	123	123	123	418.89428578973633	1234
20130815	123	123	123	392.11191116158267	1234
20130815	123	123	123	367.93951647675385	1234
20130815	123	123	123	336.6414667974381	1234
20130815	123	123	123	308.2405120359056	1234
20130815	123	123	123	285.3074361794811	1234
20130815	123	123	123	260.0	1234
20130815	123	123	123	12.247231931120572	1234
20130815	123	123	123	12.03575687122948	1234
20130815	123	123	123	4.070958273723666	1234
20130815	123	123	123	18.57368417680509	1234
20130815	123	123	123	18.152535971238414	1234
20130815	123	123	123	4.643986880517779	1234
20130815	123	123	123	11.629917738670727	1234
20130815	123	123	123	3.7854258175710442	1234
20130815	123	123	123	7.8430418334179635	1234
20130815	123	123	123	14.513239661911484	1234
20130815	123	123	123	3.3322105509252076	1234
20130815	123	123	123	6.118620010350224	1234
20130815	123	123	123	10.743343688357204	1234
20130815	123	123	123	8.159856999601745	1234
20130815	123	123	123	6.911960113682105	1234
20130815	123	123	123	3.1396771627179776	1234
20130815	123	123	123	9.019644569330403	1234
20130815	123	123	123	4.2333599093266265	1234
20130815	123	123	123	17.957071676184533	1234
20130815	123	123	123	0.36015984950419133	1234