time startPrice highestPrice lowestPrice endPrice transactionCount
20130815	123	123	123	4.73270510512966	1234
20130815	123	123	123	0.03161764708057957	1234
20130815	123	123	123	5.263090325498112	1234
20130815	123	123	123	12.855995480277596	1234
20130815	123	123	123	16.13754350149288	1234
20130815	123	123	123	17.874509974934742	1234
20130815	123	123	123	2.4625054838859373	1234
20130815	123	123	123	12.589940600509594	1234
20130815	123	123	123	3.3442470702420746	1234
20130815	123	123	123	14.098754772435457	1234
20130815	123	123	123	8.687021368206903	1234
20130815	123	123	123	15.032708656467253	1234
20130815	123	123	123	14.615915846659266	1234
20130815	123	123	123	6.205740938182515	1234
20130815	123	123	123	15.37674001736346	1234
20130815	123	123	123	12.426161516801601	1234
20130815	123	123	123	17.623209045060648	1234
20130815	123	123	123	2.3379008470638407	1234
20130815	123	123	123	9.02960651650709	1234
20130815	123	123	123	17.53027732575096	1234
20130815	123	123	123	255.73241541164143	1234
20130815	123	123	123	276.2857142857143	1234
20130815	123	123	123	304.93608183184057	1234
20130815	123	123	123	332.0123494430774	1234
20130815	123	123	123	365.2365400026113	1234
20130815	123	123	123	438.6746951774161	1234
20130815	123	123	123	416.3857627161911	1234
20130815	123	123	123	401.2541511314949	1234
20130815	123	123	123	393.1048885840232	1234
20130815	123	123	123	390.7347136441857	1234
20130815	123	123	123	406.7142857142857	1234
20130815	123	123	123	430.63126915657534	1234
20130815	123	123	123	472.8207281127298	1234
20130815	123	123	123	489.5714285714286	1234
20130815	123	123	123	510.9109255609971	1234
20130815	123	123	123	530.8639311096325	1234
20130815	123	123	123	508.7632052794213	1234
20130815	123	123	123	488.39730136533865	1234
20130815	123	123	123	459.24943623331694	1234
20130815	123	123	123	422.3637893715586	1234
20130815	123	123	123	387.2193674770407	1234
20130815	123	123	123	416.02333667407925	1234
20130815	123	123	123	426.83560593203805	1234
20130815	123	123	123	442.3267354882494	1234
20130815	123	123	123	448.19561350355764	1234
20130815	123	123	123	411.4018340147935	1234
20130815	123	123	123	340.2380642965283	1234
20130815	123	123	123	311.2615448662098	1234
20130815	123	123	123	287.02555043180985	1234
20130815	123	123	123	260.0	1234
20130815	123	123	123	14.372007009425186	1234
20130815	123	123	123	17.241623582874823	1234
20130815	123	123	123	16.122593048111977	1234
20130815	123	123	123	12.328996177081798	1234
20130815	123	123	123	6.031601616844466	1234
20130815	123	123	123	13.147338182611248	1234
20130815	123	123	123	12.274540589346143	1234
20130815	123	123	123	0.752656348026226	1234
20130815	123	123	123	1.9755527742115753	1234
20130815	123	123	123	7.403303063294231	1234
20130815	123	123	123	10.050680926965184	1234
20130815	123	123	123	1.4820822158334201	1234
20130815	123	123	123	6.4293770664732115	1234
20130815	123	123	123	2.3129380339947003	1234
20130815	123	123	123	19.20339714294163	1234
20130815	123	123	123	3.325172941186829	1234
20130815	123	123	123	0.8262611420905408	1234
20130815	123	123	123	16.863810465643983	1234
20130815	123	123	123	8.163310292132682	1234
20130815	123	123	123	12.707612992191066	1234