time startPrice highestPrice lowestPrice endPrice transactionCount
20130815	123	123	123	17.20034420625157	1234
20130815	123	123	123	15.819534418428596	1234
20130815	123	123	123	15.37807449464938	1234
20130815	123	123	123	8.9201122181699	1234
20130815	123	123	123	2.7450912678094896	1234
20130815	123	123	123	6.118401016853204	1234
20130815	123	123	123	11.521974352921118	1234
20130815	123	123	123	8.825653260181616	1234
20130815	123	123	123	13.181058061737563	1234
20130815	123	123	123	0.04793823240027972	1234
20130815	123	123	123	13.633038735545837	1234
20130815	123	123	123	15.566447943165613	1234
20130815	123	123	123	9.785097832743139	1234
20130815	123	123	123	2.0741693870579914	1234
20130815	123	123	123	11.713245472534123	1234
20130815	123	123	123	19.093932660717577	1234
20130815	123	123	123	19.058134687476425	1234
20130815	123	123	123	18.30892648381858	1234
20130815	123	123	123	8.527583142699202	1234
20130815	123	123	123	4.152310872658774	1234
20130815	123	123	123	252.41066372353234	1234
20130815	123	123	123	278.24041290491147	1234
20130815	123	123	123	311.6510429443512	1234
20130815	123	123	123	359.6390540671405	1234
20130815	123	123	123	390.1911227085815	1234
20130815	123	123	123	415.5152773078081	1234
20130815	123	123	123	439.60560581131074	1234
20130815	123	123	123	429.2116083613811	1234
20130815	123	123	123	408.3238657208202	1234
20130815	123	123	123	386.45934964009115	1234
20130815	123	123	123	409.1907532719746	1234
20130815	123	123	123	436.79631688049346	1234
20130815	123	123	123	469.2098377388105	1234
20130815	123	123	123	491.0182761966825	1234
20130815	123	123	123	514.7569237764734	1234
20130815	123	123	123	523.0235102152536	1234
20130815	123	123	123	467.26068343668334	1234
20130815	123	123	123	446.93886686190467	1234
20130815	123	123	123	424.3351643243726	1234
20130815	123	123	123	387.2971407784311	1234
20130815	123	123	123	396.14285714285717	1234
20130815	123	123	123	405.28571428571433	1234
20130815	123	123	123	422.90098024438896	1234
20130815	123	123	123	444.8793416831868	1234
20130815	123	123	123	421.0167265508451	1234
20130815	123	123	123	395.0787411693269	1234
20130815	123	123	123	362.74738205338895	1234
20130815	123	123	123	309.11101654725695	1234
20130815	123	123	123	285.8988063675097	1234
20130815	123	123	123	260.0	1234
20130815	123	123	123	13.777552547290835	1234
20130815	123	123	123	14.865804435998779	1234
20130815	123	123	123	1.9658797183903576	1234
20130815	123	123	123	18.29881987356122	1234
20130815	123	123	123	10.761631594827186	1234
20130815	123	123	123	13.84323712452061	1234
20130815	123	123	123	3.6921854388728814	1234
20130815	123	123	123	6.259924882917187	1234
20130815	123	123	123	13.876929538266037	1234
20130815	123	123	123	1.7399950676186338	1234
20130815	123	123	123	10.200485673242333	1234
20130815	123	123	123	7.157253831042691	1234
20130815	123	123	123	4.901513690960204	1234
20130815	123	123	123	13.721687955442743	1234
20130815	123	123	123	16.79005106694112	1234
20130815	123	123	123	12.562863969143729	1234
20130815	123	123	123	4.5639959865078445	1234
20130815	123	123	123	16.39512801325267	1234
20130815	123	123	123	14.99325728918082	1234
20130815	123	123	123	5.394221824360097	1234