time startPrice highestPrice lowestPrice endPrice transactionCount
20130815	123	123	123	0.5812186204155179	1234
20130815	123	123	123	2.805286946903489	1234
20130815	123	123	123	9.539518280675194	1234
20130815	123	123	123	13.027061020862503	1234
20130815	123	123	123	3.829713886808681	1234
20130815	123	123	123	1.086631055214795	1234
20130815	123	123	123	8.186228793827352	1234
20130815	123	123	123	3.3140924445868825	1234
20130815	123	123	123	3.172449041724059	1234
20130815	123	123	123	9.334866180190337	1234
20130815	123	123	123	16.577071362222863	1234
20130815	123	123	123	7.202448751415897	1234
20130815	123	123	123	18.247125391528762	1234
20130815	123	123	123	19.146021587173383	1234
20130815	123	123	123	10.39884412091601	1234
20130815	123	123	123	7.658917491990556	1234
20130815	123	123	123	13.18323009755569	1234
20130815	123	123	123	7.219808586864249	1234
20130815	123	123	123	8.332548954832745	1234
20130815	123	123	123	3.5700311769424564	1234
20130815	123	123	123	194.67833971809904	1234
20130815	123	123	123	213.22340974254854	1234
20130815	123	123	123	243.23343617814393	1234
20130815	123	123	123	265.0992857885452	1234
20130815	123	123	123	243.4643127799754	1234
20130815	123	123	123	233.95285402729306	1234
20130815	123	123	123	220.06712911535595	1234
20130815	123	123	123	198.1048463013796	1234
20130815	123	123	123	272.41128471263835	1234
20130815	123	123	123	327.72352204606847	1234
20130815	123	123	123	396.99723381232104	1234
20130815	123	123	123	461.57142857142844	1234
20130815	123	123	123	535.6563076235899	1234
20130815	123	123	123	601.3588294021439	1234
20130815	123	123	123	653.6443233762328	1234
20130815	123	123	123	580.8408460949189	1234
20130815	123	123	123	515.2283078675703	1234
20130815	123	123	123	456.1635485634154	1234
20130815	123	123	123	386.99574500806347	1234
20130815	123	123	123	321.1124200648904	1234
20130815	123	123	123	250.61602519541606	1234
20130815	123	123	123	194.26067201907065	1234
20130815	123	123	123	224.27047734913026	1234
20130815	123	123	123	233.94550389903844	1234
20130815	123	123	123	254.2940186868419	1234
20130815	123	123	123	261.6950621004603	1234
20130815	123	123	123	252.57142857142858	1234
20130815	123	123	123	229.04337743895587	1234
20130815	123	123	123	208.8324474462946	1234
20130815	123	123	123	190.0	1234
20130815	123	123	123	16.784138347614245	1234
20130815	123	123	123	14.405958155075304	1234
20130815	123	123	123	14.288340863631507	1234
20130815	123	123	123	19.635578999519485	1234
20130815	123	123	123	12.49011303574909	1234
20130815	123	123	123	10.856683511261167	1234
20130815	123	123	123	12.473447034151022	1234
20130815	123	123	123	16.11611611897117	1234
20130815	123	123	123	19.23122205405113	1234
20130815	123	123	123	2.7936971586031922	1234
20130815	123	123	123	5.239946952855881	1234
20130815	123	123	123	6.921395510811981	1234
20130815	123	123	123	0.8612033525499418	1234
20130815	123	123	123	7.511482727696155	1234
20130815	123	123	123	0.5538491271109525	1234
20130815	123	123	123	18.45245930533188	1234
20130815	123	123	123	4.070353039736895	1234
20130815	123	123	123	4.976806784305725	1234
20130815	123	123	123	8.446429663963906	1234
20130815	123	123	123	6.160876285192558	1234