time startPrice highestPrice lowestPrice endPrice transactionCount
20130815	123	123	123	10.147010757169031	1234
20130815	123	123	123	6.275288999655122	1234
20130815	123	123	123	2.7220074346762124	1234
20130815	123	123	123	6.43525548987631	1234
20130815	123	123	123	9.312448792736916	1234
20130815	123	123	123	14.603672024659923	1234
20130815	123	123	123	3.2753177653043974	1234
20130815	123	123	123	7.631312071485416	1234
20130815	123	123	123	14.41431023359463	1234
20130815	123	123	123	6.808769065985125	1234
20130815	123	123	123	8.424436251032983	1234
20130815	123	123	123	9.096782482397234	1234
20130815	123	123	123	9.276258530535165	1234
20130815	123	123	123	4.370543793337857	1234
20130815	123	123	123	15.713334040457367	1234
20130815	123	123	123	6.210667866915314	1234
20130815	123	123	123	16.499617455927883	1234
20130815	123	123	123	3.2310066415571304	1234
20130815	123	123	123	3.2211611975533594	1234
20130815	123	123	123	14.472245347487654	1234
20130815	123	123	123	192.56818840078682	1234
20130815	123	123	123	202.63248444934774	1234
20130815	123	123	123	212.60543054524518	1234
20130815	123	123	123	225.98379002761732	1234
20130815	123	123	123	236.59383440910378	1234
20130815	123	123	123	245.7771535495921	1234
20130815	123	123	123	258.1921068554956	1234
20130815	123	123	123	265.882427248193	1234
20130815	123	123	123	244.22454226857124	1234
20130815	123	123	123	233.2953051538682	1234
20130815	123	123	123	224.59177150942082	1234
20130815	123	123	123	205.58634490489877	1234
20130815	123	123	123	285.86365065250277	1234
20130815	123	123	123	412.52042537205614	1234
20130815	123	123	123	465.4499580967231	1234
20130815	123	123	123	533.2171005694781	1234
20130815	123	123	123	598.6550965672812	1234
20130815	123	123	123	656.1349133745317	1234
20130815	123	123	123	585.6193252090203	1234
20130815	123	123	123	522.9386719460588	1234
20130815	123	123	123	457.47244350326247	1234
20130815	123	123	123	318.0638374292067	1234
20130815	123	123	123	256.56247313168234	1234
20130815	123	123	123	192.40338008995568	1234
20130815	123	123	123	203.40962410962916	1234
20130815	123	123	123	215.2958414045042	1234
20130815	123	123	123	232.57142857142856	1234
20130815	123	123	123	253.44134722474493	1234
20130815	123	123	123	263.0	1234
20130815	123	123	123	190.0	1234
20130815	123	123	123	15.275364903364604	1234
20130815	123	123	123	16.49857878874949	1234
20130815	123	123	123	0.4408824251435606	1234
20130815	123	123	123	14.813473963969512	1234
20130815	123	123	123	2.694064235636562	1234
20130815	123	123	123	19.17289084868051	1234
20130815	123	123	123	3.618074646595726	1234
20130815	123	123	123	5.246103178169643	1234
20130815	123	123	123	17.045566600335704	1234
20130815	123	123	123	15.593752413451082	1234
20130815	123	123	123	11.004601012238657	1234
20130815	123	123	123	5.650741371370199	1234
20130815	123	123	123	4.432325617062769	1234
20130815	123	123	123	17.681307934044575	1234
20130815	123	123	123	16.626401376564736	1234
20130815	123	123	123	2.6909112280786007	1234
20130815	123	123	123	18.47721693583553	1234
20130815	123	123	123	0.022680306459430533	1234
20130815	123	123	123	19.93417763343646	1234
20130815	123	123	123	2.6359060692798253	1234