time startPrice highestPrice lowestPrice endPrice transactionCount
20130815	123	123	123	14.757202399276128	1234
20130815	123	123	123	1.724911751615601	1234
20130815	123	123	123	4.39876746725945	1234
20130815	123	123	123	19.754388902191266	1234
20130815	123	123	123	9.827648097574615	1234
20130815	123	123	123	15.703935821786544	1234
20130815	123	123	123	1.6960129238408927	1234
20130815	123	123	123	3.297993472550551	1234
20130815	123	123	123	9.659973344294484	1234
20130815	123	123	123	6.498221381156622	1234
20130815	123	123	123	1.3734448948406497	1234
20130815	123	123	123	2.0216310507963775	1234
20130815	123	123	123	19.365942862962783	1234
20130815	123	123	123	14.395805016861633	1234
20130815	123	123	123	16.130380382645388	1234
20130815	123	123	123	2.5679678529514627	1234
20130815	123	123	123	17.103734085155118	1234
20130815	123	123	123	12.865393591322832	1234
20130815	123	123	123	16.83140557764665	1234
20130815	123	123	123	8.38851993857845	1234
20130815	123	123	123	191.28283747012412	1234
20130815	123	123	123	212.69189261414667	1234
20130815	123	123	123	234.96455497853884	1234
20130815	123	123	123	258.2834240258527	1234
20130815	123	123	123	263.1341069720519	1234
20130815	123	123	123	223.5869798311625	1234
20130815	123	123	123	210.9425963830553	1234
20130815	123	123	123	205.7801466876518	1234
20130815	123	123	123	265.2447486118386	1234
20130815	123	123	123	343.1470079879948	1234
20130815	123	123	123	400.27366781048676	1234
20130815	123	123	123	471.2336358056568	1234
20130815	123	123	123	528.7142857142856	1234
20130815	123	123	123	606.2912773363619	1234
20130815	123	123	123	662.051322517154	1234
20130815	123	123	123	577.4883463181056	1234
20130815	123	123	123	521.4325932248319	1234
20130815	123	123	123	456.81490564826436	1234
20130815	123	123	123	385.6465185125607	1234
20130815	123	123	123	317.0957115662942	1234
20130815	123	123	123	252.65365458894627	1234
20130815	123	123	123	193.514421808833	1234
20130815	123	123	123	202.31566551009064	1234
20130815	123	123	123	214.59551024899804	1234
20130815	123	123	123	222.42857142857142	1234
20130815	123	123	123	232.57142857142856	1234
20130815	123	123	123	257.7822322232359	1234
20130815	123	123	123	209.33307399579905	1234
20130815	123	123	123	199.33549641383638	1234
20130815	123	123	123	190.0	1234
20130815	123	123	123	5.172358848400518	1234
20130815	123	123	123	8.943489151281813	1234
20130815	123	123	123	7.9461292584032	1234
20130815	123	123	123	0.4384071402201606	1234
20130815	123	123	123	5.276638057859319	1234
20130815	123	123	123	18.14072979244773	1234
20130815	123	123	123	16.6959272174767	1234
20130815	123	123	123	6.9975564490486875	1234
20130815	123	123	123	15.790486933527347	1234
20130815	123	123	123	4.844617132643149	1234
20130815	123	123	123	10.073323215348273	1234
20130815	123	123	123	14.074051970111244	1234
20130815	123	123	123	0.42829900604151927	1234
20130815	123	123	123	5.30908611621266	1234
20130815	123	123	123	5.794191358366474	1234
20130815	123	123	123	6.771091823520412	1234
20130815	123	123	123	14.94125044327035	1234
20130815	123	123	123	7.059649867769333	1234
20130815	123	123	123	10.762488739578336	1234
20130815	123	123	123	11.549812408824485	1234