time startPrice highestPrice lowestPrice endPrice transactionCount
20130815	123	123	123	4.971017389173442	1234
20130815	123	123	123	12.03130317318469	1234
20130815	123	123	123	16.940818475976116	1234
20130815	123	123	123	9.657153149272036	1234
20130815	123	123	123	12.82050913580729	1234
20130815	123	123	123	18.060595719056682	1234
20130815	123	123	123	16.801114968539032	1234
20130815	123	123	123	14.61450560354332	1234
20130815	123	123	123	4.368795169706397	1234
20130815	123	123	123	19.52362307993762	1234
20130815	123	123	123	12.804961114240763	1234
20130815	123	123	123	7.498684374366258	1234
20130815	123	123	123	3.792993293206035	1234
20130815	123	123	123	15.407538073492423	1234
20130815	123	123	123	11.577160388041657	1234
20130815	123	123	123	8.405737282727284	1234
20130815	123	123	123	15.794449271660733	1234
20130815	123	123	123	11.257540904509769	1234
20130815	123	123	123	13.620121204273342	1234
20130815	123	123	123	12.613629699925728	1234
20130815	123	123	123	190.0	1234
20130815	123	123	123	203.82337728619532	1234
20130815	123	123	123	221.18929629160385	1234
20130815	123	123	123	256.4795524373357	1234
20130815	123	123	123	263.47832440105446	1234
20130815	123	123	123	245.5249313220982	1234
20130815	123	123	123	230.9626050906294	1234
20130815	123	123	123	208.92018578856772	1234
20130815	123	123	123	200.58336555840577	1234
20130815	123	123	123	270.85757713204396	1234
20130815	123	123	123	328.8485466315041	1234
20130815	123	123	123	409.2786997455987	1234
20130815	123	123	123	470.03171023853173	1234
20130815	123	123	123	530.6710419830154	1234
20130815	123	123	123	603.108937852757	1234
20130815	123	123	123	653.8514447810821	1234
20130815	123	123	123	587.4005079937449	1234
20130815	123	123	123	518.4259793804248	1234
20130815	123	123	123	457.6149484415111	1234
20130815	123	123	123	391.970215594931	1234
20130815	123	123	123	311.4256091301224	1234
20130815	123	123	123	258.72090031293783	1234
20130815	123	123	123	192.76089180683636	1234
20130815	123	123	123	208.80775333877483	1234
20130815	123	123	123	253.36932618287494	1234
20130815	123	123	123	262.23561427349426	1234
20130815	123	123	123	235.0729525629261	1234
20130815	123	123	123	207.9479219180352	1234
20130815	123	123	123	198.67931493865655	1234
20130815	123	123	123	190.0	1234
20130815	123	123	123	18.43990899084956	1234
20130815	123	123	123	14.65243100787529	1234
20130815	123	123	123	19.405388564779532	1234
20130815	123	123	123	18.2684984619327	1234
20130815	123	123	123	10.776270355361934	1234
20130815	123	123	123	2.267241122586079	1234
20130815	123	123	123	15.048632571649199	1234
20130815	123	123	123	3.9761653408142794	1234
20130815	123	123	123	17.968546305237552	1234
20130815	123	123	123	6.297008948253229	1234
20130815	123	123	123	15.405613714395798	1234
20130815	123	123	123	13.301479275059735	1234
20130815	123	123	123	5.792706345632408	1234
20130815	123	123	123	11.629006949619768	1234
20130815	123	123	123	11.82118315464482	1234
20130815	123	123	123	19.60382768397778	1234
20130815	123	123	123	11.022092746778544	1234
20130815	123	123	123	9.389050631455927	1234
20130815	123	123	123	16.782905352446708	1234
20130815	123	123	123	1.6879421447861453	1234