time startPrice highestPrice lowestPrice endPrice transactionCount
20130815	123	123	123	19.51069629104647	1234
20130815	123	123	123	13.8148634892012	1234
20130815	123	123	123	16.810978383549767	1234
20130815	123	123	123	15.153867419205348	1234
20130815	123	123	123	7.801646040619543	1234
20130815	123	123	123	9.646982471734471	1234
20130815	123	123	123	12.31301153134044	1234
20130815	123	123	123	13.083574226989619	1234
20130815	123	123	123	11.045920099747903	1234
20130815	123	123	123	10.492587387673822	1234
20130815	123	123	123	19.764992338176423	1234
20130815	123	123	123	17.492279985082167	1234
20130815	123	123	123	4.902989864813147	1234
20130815	123	123	123	14.171994221369111	1234
20130815	123	123	123	3.905021224293921	1234
20130815	123	123	123	12.517047773736977	1234
20130815	123	123	123	14.868176429559663	1234
20130815	123	123	123	8.030857945734857	1234
20130815	123	123	123	18.68216768519219	1234
20130815	123	123	123	8.401477930580564	1234
20130815	123	123	123	190.0	1234
20130815	123	123	123	214.00422983949184	1234
20130815	123	123	123	223.35838743567592	1234
20130815	123	123	123	247.41118001969897	1234
20130815	123	123	123	266.30211467003625	1234
20130815	123	123	123	254.42186373709816	1234
20130815	123	123	123	240.75744753080184	1234
20130815	123	123	123	224.49519974165972	1234
20130815	123	123	123	203.36373576146858	1234
20130815	123	123	123	202.80079142586843	1234
20130815	123	123	123	265.59602160768856	1234
20130815	123	123	123	407.9447925778926	1234
20130815	123	123	123	466.129424339746	1234
20130815	123	123	123	528.7142857142856	1234
20130815	123	123	123	613.7670692746053	1234
20130815	123	123	123	646.0698295008715	1234
20130815	123	123	123	592.3782682614708	1234
20130815	123	123	123	516.9375316583137	1234
20130815	123	123	123	453.88022064212566	1234
20130815	123	123	123	393.7879577961975	1234
20130815	123	123	123	323.8477680107849	1234
20130815	123	123	123	259.2857142857142	1234
20130815	123	123	123	193.69158534125802	1234
20130815	123	123	123	212.28571428571428	1234
20130815	123	123	123	247.83363388676077	1234
20130815	123	123	123	262.3899621281554	1234
20130815	123	123	123	242.14285714285717	1234
20130815	123	123	123	209.62503424237315	1234
20130815	123	123	123	200.2936777298458	1234
20130815	123	123	123	190.0	1234
20130815	123	123	123	1.4066428293164157	1234
20130815	123	123	123	4.791128942592977	1234
20130815	123	123	123	13.80062157042778	1234
20130815	123	123	123	15.397815317438075	1234
20130815	123	123	123	12.830943071285397	1234
20130815	123	123	123	14.961016507600682	1234
20130815	123	123	123	11.024294405848757	1234
20130815	123	123	123	9.284531404123664	1234
20130815	123	123	123	13.398312517854933	1234
20130815	123	123	123	19.867073051946424	1234
20130815	123	123	123	18.43096521403388	1234
20130815	123	123	123	12.415993702671116	1234
20130815	123	123	123	4.435932072444109	1234
20130815	123	123	123	4.234789245091941	1234
20130815	123	123	123	1.4495889418929475	1234
20130815	123	123	123	1.8966384884432697	1234
20130815	123	123	123	12.259426727954335	1234
20130815	123	123	123	12.732374397574668	1234
20130815	123	123	123	15.783914669559959	1234
20130815	123	123	123	4.772832591969047	1234