time startPrice highestPrice lowestPrice endPrice transactionCount
20130815	123	123	123	0.5666225360280985	1234
20130815	123	123	123	10.560360118491497	1234
20130815	123	123	123	19.05942969737928	1234
20130815	123	123	123	9.711206496953942	1234
20130815	123	123	123	7.892890065914129	1234
20130815	123	123	123	14.922352967103533	1234
20130815	123	123	123	10.716348902639243	1234
20130815	123	123	123	8.622612437770458	1234
20130815	123	123	123	3.5365699535253614	1234
20130815	123	123	123	15.182439786319295	1234
20130815	123	123	123	4.832866089291221	1234
20130815	123	123	123	16.605656264506955	1234
20130815	123	123	123	15.05781292742267	1234
20130815	123	123	123	12.67037884526417	1234
20130815	123	123	123	0.1397870628457687	1234
20130815	123	123	123	7.81533513768818	1234
20130815	123	123	123	8.321676410705823	1234
20130815	123	123	123	10.787925322724535	1234
20130815	123	123	123	3.920657850233973	1234
20130815	123	123	123	10.824971237052443	1234
20130815	123	123	123	190.9164258678094	1234
20130815	123	123	123	206.33749219413824	1234
20130815	123	123	123	226.50248481295614	1234
20130815	123	123	123	256.36822244523034	1234
20130815	123	123	123	265.9392897044886	1234
20130815	123	123	123	256.07093770093655	1234
20130815	123	123	123	198.8484026216468	1234
20130815	123	123	123	272.73573707090475	1234
20130815	123	123	123	368.726237779862	1234
20130815	123	123	123	533.504517331953	1234
20130815	123	123	123	607.0436325921219	1234
20130815	123	123	123	625.3560862648934	1234
20130815	123	123	123	510.41657024267715	1234
20130815	123	123	123	452.2661413695141	1234
20130815	123	123	123	387.26484566549436	1234
20130815	123	123	123	253.41147948550525	1234
20130815	123	123	123	192.0	1234
20130815	123	123	123	202.14285714285714	1234
20130815	123	123	123	214.04152624451197	1234
20130815	123	123	123	224.0618589094369	1234
20130815	123	123	123	233.95621249673357	1234
20130815	123	123	123	245.18295204328132	1234
20130815	123	123	123	262.1216382208085	1234
20130815	123	123	123	251.0642791211201	1234
20130815	123	123	123	239.5495033406695	1234
20130815	123	123	123	228.85208473735298	1234
20130815	123	123	123	220.83768495938793	1234
20130815	123	123	123	210.78983218824752	1234
20130815	123	123	123	200.31931955779714	1234
20130815	123	123	123	190.0	1234
20130815	123	123	123	17.58402114306105	1234
20130815	123	123	123	7.664405634008531	1234
20130815	123	123	123	2.8651074617222694	1234
20130815	123	123	123	6.536922619205107	1234
20130815	123	123	123	1.2835964485573692	1234
20130815	123	123	123	15.824180968202008	1234
20130815	123	123	123	0.6101383174672415	1234
20130815	123	123	123	9.470233035419216	1234
20130815	123	123	123	17.38371145906599	1234
20130815	123	123	123	1.4837992475223571	1234
20130815	123	123	123	8.400636285832288	1234
20130815	123	123	123	11.77154014192634	1234
20130815	123	123	123	16.188898128033543	1234
20130815	123	123	123	14.709915655278511	1234
20130815	123	123	123	19.6949084331281	1234
20130815	123	123	123	0.72133168978741	1234
20130815	123	123	123	18.26901456442084	1234
20130815	123	123	123	10.907337421393134	1234
20130815	123	123	123	19.560582948779025	1234
20130815	123	123	123	12.558428332715115	1234