time startPrice highestPrice lowestPrice endPrice transactionCount
20130815	123	123	123	17.704158433804373	1234
20130815	123	123	123	17.697225296700346	1234
20130815	123	123	123	16.057769609682037	1234
20130815	123	123	123	2.2211323957778806	1234
20130815	123	123	123	6.379369146128784	1234
20130815	123	123	123	12.38679701437894	1234
20130815	123	123	123	17.503489972414883	1234
20130815	123	123	123	8.33685171214029	1234
20130815	123	123	123	12.660762081599191	1234
20130815	123	123	123	19.766486234215648	1234
20130815	123	123	123	6.421522962269355	1234
20130815	123	123	123	12.010571449069356	1234
20130815	123	123	123	0.44210276999102405	1234
20130815	123	123	123	13.138658690788365	1234
20130815	123	123	123	12.058440600492306	1234
20130815	123	123	123	1.055382010848711	1234
20130815	123	123	123	14.172389951268523	1234
20130815	123	123	123	17.498791668706534	1234
20130815	123	123	123	4.981136225792642	1234
20130815	123	123	123	15.805391764525542	1234
20130815	123	123	123	191.05073255798501	1234
20130815	123	123	123	213.3296332797114	1234
20130815	123	123	123	238.65781673533803	1234
20130815	123	123	123	258.4774859272031	1234
20130815	123	123	123	265.48563323549575	1234
20130815	123	123	123	244.60663153831297	1234
20130815	123	123	123	235.2503523405854	1234
20130815	123	123	123	203.00944048330382	1234
20130815	123	123	123	263.2719151735697	1234
20130815	123	123	123	327.2857142857142	1234
20130815	123	123	123	402.8803993781203	1234
20130815	123	123	123	466.9075218407496	1234
20130815	123	123	123	532.349066353277	1234
20130815	123	123	123	600.2753628781985	1234
20130815	123	123	123	652.648100205332	1234
20130815	123	123	123	589.1315558940526	1234
20130815	123	123	123	521.2674795384388	1234
20130815	123	123	123	461.14285714285705	1234
20130815	123	123	123	391.2089611948142	1234
20130815	123	123	123	318.22363520991865	1234
20130815	123	123	123	257.50750134141316	1234
20130815	123	123	123	193.59746022086858	1234
20130815	123	123	123	204.37684483712076	1234
20130815	123	123	123	222.42857142857142	1234
20130815	123	123	123	235.07871318153622	1234
20130815	123	123	123	253.52050219285655	1234
20130815	123	123	123	257.7243486100571	1234
20130815	123	123	123	240.53153852591157	1234
20130815	123	123	123	226.94342298691566	1234
20130815	123	123	123	190.0	1234
20130815	123	123	123	2.866579201913939	1234
20130815	123	123	123	11.856535552474671	1234
20130815	123	123	123	6.45887607241908	1234
20130815	123	123	123	6.037018157421301	1234
20130815	123	123	123	19.098620775490886	1234
20130815	123	123	123	19.436587753030107	1234
20130815	123	123	123	17.539891290897657	1234
20130815	123	123	123	13.834359937787417	1234
20130815	123	123	123	18.96864116518043	1234
20130815	123	123	123	13.963110937405913	1234
20130815	123	123	123	10.777218086127453	1234
20130815	123	123	123	16.70590131253252	1234
20130815	123	123	123	11.86811422536791	1234
20130815	123	123	123	17.594713396037978	1234
20130815	123	123	123	10.703033730254592	1234
20130815	123	123	123	5.435579070351668	1234
20130815	123	123	123	17.32391073834218	1234
20130815	123	123	123	4.065291686084944	1234
20130815	123	123	123	7.920256965522583	1234
20130815	123	123	123	11.952026398249835	1234