time startPrice highestPrice lowestPrice endPrice transactionCount
20130815	123	123	123	4.313630292609374	1234
20130815	123	123	123	6.916321154275657	1234
20130815	123	123	123	9.928877336656456	1234
20130815	123	123	123	14.379239139158948	1234
20130815	123	123	123	10.869855312077467	1234
20130815	123	123	123	7.406866888457957	1234
20130815	123	123	123	19.53328902348347	1234
20130815	123	123	123	19.947576830971464	1234
20130815	123	123	123	0.9182245450026483	1234
20130815	123	123	123	19.158891116564657	1234
20130815	123	123	123	2.7473615019583453	1234
20130815	123	123	123	15.109698170028732	1234
20130815	123	123	123	10.430441828921701	1234
20130815	123	123	123	6.466194048289826	1234
20130815	123	123	123	5.523130117327602	1234
20130815	123	123	123	3.5168713974672916	1234
20130815	123	123	123	9.631984484045262	1234
20130815	123	123	123	16.917724555517907	1234
20130815	123	123	123	19.561429634869697	1234
20130815	123	123	123	8.239707704305442	1234
20130815	123	123	123	190.49668444241055	1234
20130815	123	123	123	204.5319480070926	1234
20130815	123	123	123	225.2557569127287	1234
20130815	123	123	123	236.7202533160056	1234
20130815	123	123	123	245.0	1234
20130815	123	123	123	266.62782101413205	1234
20130815	123	123	123	253.9830798843821	1234
20130815	123	123	123	233.03784388182322	1234
20130815	123	123	123	212.31397945775393	1234
20130815	123	123	123	201.02166185430337	1234
20130815	123	123	123	193.0	1234
20130815	123	123	123	274.5912802524457	1234
20130815	123	123	123	337.45501957700253	1234
20130815	123	123	123	404.756368033153	1234
20130815	123	123	123	474.94870256159174	1234
20130815	123	123	123	534.2841509642279	1234
20130815	123	123	123	612.1640798648291	1234
20130815	123	123	123	656.0862578641959	1234
20130815	123	123	123	577.5351714681047	1234
20130815	123	123	123	516.9279073292699	1234
20130815	123	123	123	435.2252702227309	1234
20130815	123	123	123	307.36673939012474	1234
20130815	123	123	123	192.51198791784185	1234
20130815	123	123	123	202.14285714285714	1234
20130815	123	123	123	212.70464783579382	1234
20130815	123	123	123	223.67699706538914	1234
20130815	123	123	123	243.4619535912612	1234
20130815	123	123	123	257.8269920345436	1234
20130815	123	123	123	229.65794249249407	1234
20130815	123	123	123	190.0	1234
20130815	123	123	123	2.3490494201091394	1234
20130815	123	123	123	14.764708548829326	1234
20130815	123	123	123	9.460595790767341	1234
20130815	123	123	123	16.804609909362686	1234
20130815	123	123	123	11.897880638695105	1234
20130815	123	123	123	9.723740433374546	1234
20130815	123	123	123	16.70569809191474	1234
20130815	123	123	123	6.25389299193184	1234
20130815	123	123	123	10.05516698671981	1234
20130815	123	123	123	16.84144708863076	1234
20130815	123	123	123	2.7498985103458695	1234
20130815	123	123	123	8.708700118701422	1234
20130815	123	123	123	5.98024466416434	1234
20130815	123	123	123	7.909618942312793	1234
20130815	123	123	123	14.08404349431341	1234
20130815	123	123	123	15.589622878960295	1234
20130815	123	123	123	17.916856519862293	1234
20130815	123	123	123	10.407974991528388	1234
20130815	123	123	123	8.460148283976887	1234
20130815	123	123	123	16.95071337923516	1234