time startPrice highestPrice lowestPrice endPrice transactionCount
20130815	123	123	123	9.272327958444427	1234
20130815	123	123	123	3.817903671565084	1234
20130815	123	123	123	3.2566424661569626	1234
20130815	123	123	123	4.415383844396656	1234
20130815	123	123	123	12.789882630661879	1234
20130815	123	123	123	19.444556166572948	1234
20130815	123	123	123	12.717197205389905	1234
20130815	123	123	123	10.103409153301566	1234
20130815	123	123	123	3.978623225632252	1234
20130815	123	123	123	1.1404772398833884	1234
20130815	123	123	123	18.962742631445792	1234
20130815	123	123	123	7.211647002650061	1234
20130815	123	123	123	3.4534040702186597	1234
20130815	123	123	123	11.644389570468942	1234
20130815	123	123	123	11.238405056229011	1234
20130815	123	123	123	11.182459650556302	1234
20130815	123	123	123	13.534283985968564	1234
20130815	123	123	123	17.55895646864994	1234
20130815	123	123	123	2.8741527887610285	1234
20130815	123	123	123	4.929925485839092	1234
20130815	123	123	123	193.14403485847018	1234
20130815	123	123	123	223.18194184436018	1234
20130815	123	123	123	249.99910838058202	1234
20130815	123	123	123	266.1739781981204	1234
20130815	123	123	123	254.81155656807726	1234
20130815	123	123	123	244.0904517953694	1234
20130815	123	123	123	222.53841832900386	1234
20130815	123	123	123	210.24943090359005	1234
20130815	123	123	123	195.53833535229037	1234
20130815	123	123	123	276.74346789702435	1234
20130815	123	123	123	328.470655692788	1234
20130815	123	123	123	410.25622860478796	1234
20130815	123	123	123	477.3010337151444	1234
20130815	123	123	123	536.9428828716375	1234
20130815	123	123	123	609.1701783460965	1234
20130815	123	123	123	659.4810493995766	1234
20130815	123	123	123	581.5138893195107	1234
20130815	123	123	123	528.4285714285713	1234
20130815	123	123	123	448.50652864201965	1234
20130815	123	123	123	393.8148902444491	1234
20130815	123	123	123	326.14960274621893	1234
20130815	123	123	123	257.7087139444179	1234
20130815	123	123	123	198.28169106949983	1234
20130815	123	123	123	232.89227770596986	1234
20130815	123	123	123	243.3134952653024	1234
20130815	123	123	123	263.0	1234
20130815	123	123	123	238.552683276467	1234
20130815	123	123	123	217.11214634048517	1234
20130815	123	123	123	198.91505777350966	1234
20130815	123	123	123	190.0	1234
20130815	123	123	123	12.212729626084256	1234
20130815	123	123	123	3.032664452989444	1234
20130815	123	123	123	17.24403581257438	1234
20130815	123	123	123	13.963373330349928	1234
20130815	123	123	123	1.1345625414408356	1234
20130815	123	123	123	18.061012057918916	1234
20130815	123	123	123	14.192668616094714	1234
20130815	123	123	123	6.714040451837242	1234
20130815	123	123	123	19.880532230696787	1234
20130815	123	123	123	9.96231387665421	1234
20130815	123	123	123	16.797731471237274	1234
20130815	123	123	123	10.348649463393478	1234
20130815	123	123	123	12.907428157128427	1234
20130815	123	123	123	15.196691748361978	1234
20130815	123	123	123	12.731792518276247	1234
20130815	123	123	123	13.779511610564498	1234
20130815	123	123	123	15.219683578680261	1234
20130815	123	123	123	7.9351141010410675	1234
20130815	123	123	123	14.506292641418725	1234
20130815	123	123	123	11.631526027380875	1234