time startPrice highestPrice lowestPrice endPrice transactionCount
20130815	123	123	123	5.265859114419631	1234
20130815	123	123	123	4.790936187734758	1234
20130815	123	123	123	1.721512035541386	1234
20130815	123	123	123	15.710709190070933	1234
20130815	123	123	123	7.55223913433686	1234
20130815	123	123	123	10.327613893956736	1234
20130815	123	123	123	10.130135734783517	1234
20130815	123	123	123	5.108611573836823	1234
20130815	123	123	123	2.694158643413276	1234
20130815	123	123	123	2.692663353357323	1234
20130815	123	123	123	18.92358811376833	1234
20130815	123	123	123	14.031047438619446	1234
20130815	123	123	123	2.933103884123973	1234
20130815	123	123	123	11.006501038945265	1234
20130815	123	123	123	12.220148892694207	1234
20130815	123	123	123	18.779894497945293	1234
20130815	123	123	123	11.350465779596334	1234
20130815	123	123	123	17.229781929683085	1234
20130815	123	123	123	5.049099206126339	1234
20130815	123	123	123	19.84502147032003	1234
20130815	123	123	123	194.25354756967732	1234
20130815	123	123	123	223.0	1234
20130815	123	123	123	247.00460154934996	1234
20130815	123	123	123	256.0	1234
20130815	123	123	123	260.6953844818288	1234
20130815	123	123	123	234.6947934671457	1234
20130815	123	123	123	222.73000531404196	1234
20130815	123	123	123	202.5618151124064	1234
20130815	123	123	123	207.04909786588433	1234
20130815	123	123	123	268.75406048174824	1234
20130815	123	123	123	411.4035450946623	1234
20130815	123	123	123	466.6305085118034	1234
20130815	123	123	123	528.7142857142856	1234
20130815	123	123	123	610.0842434340009	1234
20130815	123	123	123	658.6453404189931	1234
20130815	123	123	123	584.2378172273156	1234
20130815	123	123	123	517.1709165545997	1234
20130815	123	123	123	449.4057319545117	1234
20130815	123	123	123	390.31135642143255	1234
20130815	123	123	123	317.8087088930928	1234
20130815	123	123	123	259.2857142857142	1234
20130815	123	123	123	193.7491775210902	1234
20130815	123	123	123	205.55649497787292	1234
20130815	123	123	123	244.56528061102523	1234
20130815	123	123	123	254.60423154067752	1234
20130815	123	123	123	261.09266528868295	1234
20130815	123	123	123	242.14285714285717	1234
20130815	123	123	123	220.70667979782374	1234
20130815	123	123	123	207.9892421744347	1234
20130815	123	123	123	190.0	1234
20130815	123	123	123	0.5788474168475677	1234
20130815	123	123	123	15.541915830099288	1234
20130815	123	123	123	10.855600850466235	1234
20130815	123	123	123	16.155864002780273	1234
20130815	123	123	123	17.002276547872228	1234
20130815	123	123	123	19.666538619354647	1234
20130815	123	123	123	7.624675044282217	1234
20130815	123	123	123	19.230939776538882	1234
20130815	123	123	123	12.960594602382754	1234
20130815	123	123	123	1.3086017577968523	1234
20130815	123	123	123	16.47742480226799	1234
20130815	123	123	123	5.868486250266258	1234
20130815	123	123	123	11.055299362388693	1234
20130815	123	123	123	18.981038432693598	1234
20130815	123	123	123	8.48719261277796	1234
20130815	123	123	123	16.947199498982993	1234
20130815	123	123	123	11.86117138842983	1234
20130815	123	123	123	3.2372430612496395	1234
20130815	123	123	123	12.982851319407393	1234
20130815	123	123	123	19.45681494748957	1234