time startPrice highestPrice lowestPrice endPrice transactionCount
20130815	123	123	123	8.086608419643566	1234
20130815	123	123	123	16.597184331473237	1234
20130815	123	123	123	9.407940819217195	1234
20130815	123	123	123	8.238296782656755	1234
20130815	123	123	123	7.0086048336175555	1234
20130815	123	123	123	1.3103520082138687	1234
20130815	123	123	123	15.5985870631931	1234
20130815	123	123	123	9.450292787202512	1234
20130815	123	123	123	8.810469235415816	1234
20130815	123	123	123	0.5309139027390786	1234
20130815	123	123	123	16.66429953219653	1234
20130815	123	123	123	16.897692143545513	1234
20130815	123	123	123	15.268624558429913	1234
20130815	123	123	123	16.8765053334603	1234
20130815	123	123	123	10.326158440702876	1234
20130815	123	123	123	7.486677452972295	1234
20130815	123	123	123	19.700347845209198	1234
20130815	123	123	123	6.335231599518128	1234
20130815	123	123	123	10.785035762019051	1234
20130815	123	123	123	15.634754828743427	1234
20130815	123	123	123	190.65240436150776	1234
20130815	123	123	123	201.0	1234
20130815	123	123	123	212.57175118899184	1234
20130815	123	123	123	235.423535179916	1234
20130815	123	123	123	245.09670659903963	1234
20130815	123	123	123	258.7321013571305	1234
20130815	123	123	123	262.67914667302995	1234
20130815	123	123	123	214.1428571428571	1234
20130815	123	123	123	202.27077555099433	1234
20130815	123	123	123	207.94977290762725	1234
20130815	123	123	123	268.099488022342	1234
20130815	123	123	123	337.4225231614029	1234
20130815	123	123	123	398.0448634363965	1234
20130815	123	123	123	475.3253688686492	1234
20130815	123	123	123	535.7161399823101	1234
20130815	123	123	123	604.163432342938	1234
20130815	123	123	123	651.6515722183574	1234
20130815	123	123	123	593.4991657108881	1234
20130815	123	123	123	528.4285714285713	1234
20130815	123	123	123	393.51262705492246	1234
20130815	123	123	123	322.42424854054923	1234
20130815	123	123	123	251.60301630829866	1234
20130815	123	123	123	198.36997383195256	1234
20130815	123	123	123	225.44168077598755	1234
20130815	123	123	123	242.80030058389482	1234
20130815	123	123	123	254.0771435350336	1234
20130815	123	123	123	256.87495684715776	1234
20130815	123	123	123	231.71428571428575	1234
20130815	123	123	123	215.97509188547673	1234
20130815	123	123	123	190.0	1234
20130815	123	123	123	4.160451939289813	1234
20130815	123	123	123	1.1670963109630783	1234
20130815	123	123	123	4.78447775580916	1234
20130815	123	123	123	14.609087695960572	1234
20130815	123	123	123	9.840497013644418	1234
20130815	123	123	123	17.557803898458108	1234
20130815	123	123	123	12.736785220768052	1234
20130815	123	123	123	11.267400177204026	1234
20130815	123	123	123	5.334234584338611	1234
20130815	123	123	123	16.775536070575615	1234
20130815	123	123	123	15.288861317008582	1234
20130815	123	123	123	17.8055883158895	1234
20130815	123	123	123	17.765009357565667	1234
20130815	123	123	123	13.444603503796188	1234
20130815	123	123	123	6.3489629252292445	1234
20130815	123	123	123	1.7919359397604384	1234
20130815	123	123	123	17.727874603975188	1234
20130815	123	123	123	0.03813888255443487	1234
20130815	123	123	123	9.864992709732729	1234
20130815	123	123	123	14.068633553815692	1234