time startPrice highestPrice lowestPrice endPrice transactionCount
20130815	123	123	123	5.253871990380789	1234
20130815	123	123	123	8.85987414175217	1234
20130815	123	123	123	19.21633202344909	1234
20130815	123	123	123	4.87791487855417	1234
20130815	123	123	123	15.589676855056652	1234
20130815	123	123	123	7.468230990153691	1234
20130815	123	123	123	12.436013895070463	1234
20130815	123	123	123	11.48105037143069	1234
20130815	123	123	123	17.105424745135974	1234
20130815	123	123	123	14.737106276066479	1234
20130815	123	123	123	16.18569007902005	1234
20130815	123	123	123	10.404779138539164	1234
20130815	123	123	123	19.1353250600773	1234
20130815	123	123	123	17.2856999779558	1234
20130815	123	123	123	14.853933948223887	1234
20130815	123	123	123	9.925678064223105	1234
20130815	123	123	123	19.600455040061323	1234
20130815	123	123	123	2.7280009686921947	1234
20130815	123	123	123	8.124532587220411	1234
20130815	123	123	123	18.93143452984839	1234
20130815	123	123	123	192.897142189826	1234
20130815	123	123	123	201.55781291829507	1234
20130815	123	123	123	227.47714639838358	1234
20130815	123	123	123	245.18127122847508	1234
20130815	123	123	123	266.0695290349335	1234
20130815	123	123	123	251.57718535531023	1234
20130815	123	123	123	229.47749167426545	1234
20130815	123	123	123	202.162556245544	1234
20130815	123	123	123	211.47349476535322	1234
20130815	123	123	123	274.88493807785613	1234
20130815	123	123	123	343.4709295501237	1234
20130815	123	123	123	400.0784002456853	1234
20130815	123	123	123	472.8438200949312	1234
20130815	123	123	123	529.8642998835843	1234
20130815	123	123	123	595.9075109905748	1234
20130815	123	123	123	647.4181324337815	1234
20130815	123	123	123	595.7142857142857	1234
20130815	123	123	123	528.4285714285713	1234
20130815	123	123	123	450.2080655984242	1234
20130815	123	123	123	376.73031860013117	1234
20130815	123	123	123	322.9530477139311	1234
20130815	123	123	123	197.77573101844195	1234
20130815	123	123	123	223.35274760907174	1234
20130815	123	123	123	235.08325547553477	1234
20130815	123	123	123	247.1690941038215	1234
20130815	123	123	123	261.3122199539504	1234
20130815	123	123	123	249.29862409753574	1234
20130815	123	123	123	220.92346001331455	1234
20130815	123	123	123	198.8010469102866	1234
20130815	123	123	123	190.0	1234
20130815	123	123	123	6.086054212821375	1234
20130815	123	123	123	4.413819069934128	1234
20130815	123	123	123	9.572330043287831	1234
20130815	123	123	123	18.59486988076971	1234
20130815	123	123	123	10.863542150946891	1234
20130815	123	123	123	8.851871251050671	1234
20130815	123	123	123	12.939450218858482	1234
20130815	123	123	123	2.2552261438408405	1234
20130815	123	123	123	18.270949950667177	1234
20130815	123	123	123	18.315535282087225	1234
20130815	123	123	123	0.21848234418139878	1234
20130815	123	123	123	10.860843946989817	1234
20130815	123	123	123	3.1975002984037992	1234
20130815	123	123	123	5.995161527430581	1234
20130815	123	123	123	6.313752759721094	1234
20130815	123	123	123	9.003135726217913	1234
20130815	123	123	123	5.375089714218206	1234
20130815	123	123	123	16.549115684414822	1234
20130815	123	123	123	11.321323733015355	1234
20130815	123	123	123	4.87254677924287	1234