time startPrice highestPrice lowestPrice endPrice transactionCount
20130815	123	123	123	7.488768131393555	1234
20130815	123	123	123	17.89772712365113	1234
20130815	123	123	123	17.225426877091834	1234
20130815	123	123	123	8.445321476713104	1234
20130815	123	123	123	6.837653850436885	1234
20130815	123	123	123	14.424385758853067	1234
20130815	123	123	123	6.920637333285031	1234
20130815	123	123	123	16.50332215791083	1234
20130815	123	123	123	11.664709614993921	1234
20130815	123	123	123	9.425682939131221	1234
20130815	123	123	123	10.875591842235497	1234
20130815	123	123	123	12.329262272331443	1234
20130815	123	123	123	8.908850428544104	1234
20130815	123	123	123	17.311484717798646	1234
20130815	123	123	123	16.85752410459997	1234
20130815	123	123	123	19.578838932872248	1234
20130815	123	123	123	3.0978390047153193	1234
20130815	123	123	123	3.762689583191372	1234
20130815	123	123	123	14.111952046004356	1234
20130815	123	123	123	0.403438728665253	1234
20130815	123	123	123	191.52331454176206	1234
20130815	123	123	123	204.82540931343004	1234
20130815	123	123	123	226.5255692701372	1234
20130815	123	123	123	248.36792204995413	1234
20130815	123	123	123	258.70955858111097	1234
20130815	123	123	123	222.12577986379574	1234
20130815	123	123	123	212.57916773014176	1234
20130815	123	123	123	203.49004910817095	1234
20130815	123	123	123	205.3647651673667	1234
20130815	123	123	123	263.8603778523384	1234
20130815	123	123	123	343.2719649474327	1234
20130815	123	123	123	398.8645350574235	1234
20130815	123	123	123	539.4985828139846	1234
20130815	123	123	123	598.4601502753015	1234
20130815	123	123	123	638.7414124566665	1234
20130815	123	123	123	514.4657425835304	1234
20130815	123	123	123	443.50069464456357	1234
20130815	123	123	123	383.39084446436647	1234
20130815	123	123	123	313.08670340176997	1234
20130815	123	123	123	257.19898645718905	1234
20130815	123	123	123	198.45870275037532	1234
20130815	123	123	123	223.2003099361357	1234
20130815	123	123	123	245.21487530018166	1234
20130815	123	123	123	253.33500641325398	1234
20130815	123	123	123	258.81666657154824	1234
20130815	123	123	123	240.780759482171	1234
20130815	123	123	123	230.05479744868325	1234
20130815	123	123	123	220.72264545666974	1234
20130815	123	123	123	200.33453779215978	1234
20130815	123	123	123	190.0	1234
20130815	123	123	123	10.825849192617321	1234
20130815	123	123	123	2.187955139078548	1234
20130815	123	123	123	14.29433809848743	1234
20130815	123	123	123	12.07228167665788	1234
20130815	123	123	123	2.5155950327769383	1234
20130815	123	123	123	3.546078558295296	1234
20130815	123	123	123	11.859468905506283	1234
20130815	123	123	123	18.42292055993009	1234
20130815	123	123	123	1.7537187510956076	1234
20130815	123	123	123	18.909634424033328	1234
20130815	123	123	123	19.91014669337735	1234
20130815	123	123	123	0.36922717123451854	1234
20130815	123	123	123	12.820170685159171	1234
20130815	123	123	123	19.008767043631718	1234
20130815	123	123	123	18.151304480927763	1234
20130815	123	123	123	7.371766855596158	1234
20130815	123	123	123	12.989335840300406	1234
20130815	123	123	123	10.482306006482533	1234
20130815	123	123	123	5.865198732271104	1234
20130815	123	123	123	10.076254497925426	1234