time startPrice highestPrice lowestPrice endPrice transactionCount
20130815	123	123	123	18.23188287370336	1234
20130815	123	123	123	11.005675045263123	1234
20130815	123	123	123	9.220093462731018	1234
20130815	123	123	123	9.061391338721613	1234
20130815	123	123	123	13.517709775417613	1234
20130815	123	123	123	18.470467205198634	1234
20130815	123	123	123	16.835491743440784	1234
20130815	123	123	123	8.984507386975578	1234
20130815	123	123	123	13.917699340161898	1234
20130815	123	123	123	17.491638167795106	1234
20130815	123	123	123	7.270449894727015	1234
20130815	123	123	123	12.956622875087714	1234
20130815	123	123	123	8.628661806548115	1234
20130815	123	123	123	11.567059123262203	1234
20130815	123	123	123	6.494260430490839	1234
20130815	123	123	123	13.669552687638609	1234
20130815	123	123	123	0.8530589901844499	1234
20130815	123	123	123	3.747220722133051	1234
20130815	123	123	123	9.891176810446936	1234
20130815	123	123	123	11.047960646477172	1234
20130815	123	123	123	195.98721927978585	1234
20130815	123	123	123	242.48603986016383	1234
20130815	123	123	123	266.1322526263988	1234
20130815	123	123	123	251.03702194127885	1234
20130815	123	123	123	233.09860413144165	1234
20130815	123	123	123	224.44043324744663	1234
20130815	123	123	123	213.79941992155292	1234
20130815	123	123	123	195.8515416929361	1234
20130815	123	123	123	260.1428571428571	1234
20130815	123	123	123	331.949734368154	1234
20130815	123	123	123	394.7607696726148	1234
20130815	123	123	123	468.4549190219436	1234
20130815	123	123	123	543.3370668144078	1234
20130815	123	123	123	606.2308630038121	1234
20130815	123	123	123	649.7871324113346	1234
20130815	123	123	123	595.466487995636	1234
20130815	123	123	123	528.4285714285713	1234
20130815	123	123	123	457.3014256670839	1234
20130815	123	123	123	377.65679985023354	1234
20130815	123	123	123	313.143867957752	1234
20130815	123	123	123	251.9199334074014	1234
20130815	123	123	123	193.35374840988507	1234
20130815	123	123	123	214.59756093663907	1234
20130815	123	123	123	222.70814415095384	1234
20130815	123	123	123	232.6079351711527	1234
20130815	123	123	123	243.57921884240633	1234
20130815	123	123	123	263.0	1234
20130815	123	123	123	246.71191795189864	1234
20130815	123	123	123	220.2832870079238	1234
20130815	123	123	123	190.0	1234
20130815	123	123	123	7.8910770576659806	1234
20130815	123	123	123	15.760002756060238	1234
20130815	123	123	123	13.511778125445788	1234
20130815	123	123	123	10.898061602598323	1234
20130815	123	123	123	3.679617434579041	1234
20130815	123	123	123	8.173205884088814	1234
20130815	123	123	123	10.979574667957177	1234
20130815	123	123	123	14.748205020626886	1234
20130815	123	123	123	7.699717108415602	1234
20130815	123	123	123	12.41578159873807	1234
20130815	123	123	123	13.812234865561182	1234
20130815	123	123	123	9.680781364827746	1234
20130815	123	123	123	10.755933497598997	1234
20130815	123	123	123	6.591954203459284	1234
20130815	123	123	123	19.81138168653612	1234
20130815	123	123	123	0.8806694930843384	1234
20130815	123	123	123	0.3382692569590895	1234
20130815	123	123	123	18.760727249537155	1234
20130815	123	123	123	16.69440635514727	1234
20130815	123	123	123	4.176225052253368	1234