time startPrice highestPrice lowestPrice endPrice transactionCount
20130815	123	123	123	15.45871179072039	1234
20130815	123	123	123	2.080113017563323	1234
20130815	123	123	123	6.752398505786495	1234
20130815	123	123	123	10.30787030048561	1234
20130815	123	123	123	7.39736590171157	1234
20130815	123	123	123	5.5796206866492355	1234
20130815	123	123	123	12.118052263585115	1234
20130815	123	123	123	1.6281063885672853	1234
20130815	123	123	123	5.967428789497817	1234
20130815	123	123	123	3.5563323779990363	1234
20130815	123	123	123	6.399476164044497	1234
20130815	123	123	123	12.350562461766863	1234
20130815	123	123	123	13.958864236610061	1234
20130815	123	123	123	6.122085400658916	1234
20130815	123	123	123	12.02043118822402	1234
20130815	123	123	123	0.93393780603517	1234
20130815	123	123	123	17.30629290894228	1234
20130815	123	123	123	5.889517425306952	1234
20130815	123	123	123	5.220502926156234	1234
20130815	123	123	123	8.874579622144838	1234
20130815	123	123	123	192.5909826183229	1234
20130815	123	123	123	201.68341747338962	1234
20130815	123	123	123	227.62454061458777	1234
20130815	123	123	123	247.96598935372666	1234
20130815	123	123	123	262.86632874917797	1234
20130815	123	123	123	245.76797003519923	1234
20130815	123	123	123	233.62184459782333	1234
20130815	123	123	123	220.96434507501618	1234
20130815	123	123	123	201.94393560175217	1234
20130815	123	123	123	193.46264141003195	1234
20130815	123	123	123	271.27817517535095	1234
20130815	123	123	123	339.2305552638177	1234
20130815	123	123	123	407.63243540198283	1234
20130815	123	123	123	476.70731117291655	1234
20130815	123	123	123	532.3054284294928	1234
20130815	123	123	123	599.9127918858301	1234
20130815	123	123	123	648.5312807768289	1234
20130815	123	123	123	592.1384867091913	1234
20130815	123	123	123	528.4285714285713	1234
20130815	123	123	123	453.6389149565465	1234
20130815	123	123	123	382.91545993238714	1234
20130815	123	123	123	317.9696752642944	1234
20130815	123	123	123	259.21225066145274	1234
20130815	123	123	123	198.65010617069962	1234
20130815	123	123	123	255.42445780742915	1234
20130815	123	123	123	260.68224062850317	1234
20130815	123	123	123	252.57142857142858	1234
20130815	123	123	123	229.5198147513195	1234
20130815	123	123	123	214.32323982609114	1234
20130815	123	123	123	190.0	1234
20130815	123	123	123	3.327158766705305	1234
20130815	123	123	123	16.440745010232447	1234
20130815	123	123	123	18.827198997069996	1234
20130815	123	123	123	2.098139227974667	1234
20130815	123	123	123	13.243977506629236	1234
20130815	123	123	123	17.860419133457334	1234
20130815	123	123	123	11.602466407882513	1234
20130815	123	123	123	13.1830110877946	1234
20130815	123	123	123	11.388725208881244	1234
20130815	123	123	123	0.19314754808100076	1234
20130815	123	123	123	6.024598159206098	1234
20130815	123	123	123	3.879040035538106	1234
20130815	123	123	123	1.3194855754244572	1234
20130815	123	123	123	8.048551117830447	1234
20130815	123	123	123	4.511005484764883	1234
20130815	123	123	123	12.560796004582901	1234
20130815	123	123	123	12.536475248758897	1234
20130815	123	123	123	12.56550098594399	1234
20130815	123	123	123	17.856900924139616	1234
20130815	123	123	123	17.05546437608109	1234