time startPrice highestPrice lowestPrice endPrice transactionCount
20130815	123	123	123	13.765705276669586	1234
20130815	123	123	123	4.125921140908133	1234
20130815	123	123	123	2.087760343634979	1234
20130815	123	123	123	18.769288210173947	1234
20130815	123	123	123	16.012641064172573	1234
20130815	123	123	123	12.8401444221842	1234
20130815	123	123	123	10.274224340112767	1234
20130815	123	123	123	1.2432591828514528	1234
20130815	123	123	123	15.017147442317107	1234
20130815	123	123	123	10.633831168928943	1234
20130815	123	123	123	12.183082973148098	1234
20130815	123	123	123	10.21473224795023	1234
20130815	123	123	123	13.717196649480902	1234
20130815	123	123	123	5.183997359573802	1234
20130815	123	123	123	9.56399432328179	1234
20130815	123	123	123	0.7839661332906478	1234
20130815	123	123	123	5.9279511277754455	1234
20130815	123	123	123	13.872657888119953	1234
20130815	123	123	123	17.172343111313143	1234
20130815	123	123	123	12.175969471683835	1234
20130815	123	123	123	200.2403747290159	1234
20130815	123	123	123	246.61001408450056	1234
20130815	123	123	123	265.6793540253809	1234
20130815	123	123	123	232.6801707800608	1234
20130815	123	123	123	203.84090367886168	1234
20130815	123	123	123	260.1428571428571	1234
20130815	123	123	123	338.0974887718963	1234
20130815	123	123	123	404.06736309446507	1234
20130815	123	123	123	469.78940989606326	1234
20130815	123	123	123	530.9488173005955	1234
20130815	123	123	123	609.6508559670501	1234
20130815	123	123	123	659.2418274042677	1234
20130815	123	123	123	587.1734915779483	1234
20130815	123	123	123	526.4817428512614	1234
20130815	123	123	123	461.14285714285705	1234
20130815	123	123	123	322.19228349103963	1234
20130815	123	123	123	253.79306669374384	1234
20130815	123	123	123	194.33071399702752	1234
20130815	123	123	123	202.3698679093089	1234
20130815	123	123	123	217.680208901842	1234
20130815	123	123	123	234.94438142716695	1234
20130815	123	123	123	242.77387450361016	1234
20130815	123	123	123	254.9330961527081	1234
20130815	123	123	123	262.53888516195497	1234
20130815	123	123	123	249.75081585697805	1234
20130815	123	123	123	241.24985538910977	1234
20130815	123	123	123	227.89693130714699	1234
20130815	123	123	123	210.85714285714292	1234
20130815	123	123	123	198.7078629316696	1234
20130815	123	123	123	190.0	1234
20130815	123	123	123	3.976599500899407	1234
20130815	123	123	123	4.374341254358416	1234
20130815	123	123	123	12.237808173458212	1234
20130815	123	123	123	15.230487236446706	1234
20130815	123	123	123	3.2677534964703447	1234
20130815	123	123	123	15.188838981407006	1234
20130815	123	123	123	17.99759082767928	1234
20130815	123	123	123	2.1983732058495753	1234
20130815	123	123	123	13.364978640662141	1234
20130815	123	123	123	1.666683167894143	1234
20130815	123	123	123	5.342755237731511	1234
20130815	123	123	123	7.9953474720156015	1234
20130815	123	123	123	3.0060549603664843	1234
20130815	123	123	123	15.438115620450807	1234
20130815	123	123	123	14.77068351259437	1234
20130815	123	123	123	7.23992319608413	1234
20130815	123	123	123	9.926614055132166	1234
20130815	123	123	123	18.144598115817868	1234
20130815	123	123	123	14.606163299786221	1234
20130815	123	123	123	7.203064370211411	1234