time startPrice highestPrice lowestPrice endPrice transactionCount
20130815	123	123	123	18.13222900708865	1234
20130815	123	123	123	17.45430487079567	1234
20130815	123	123	123	10.030152891972532	1234
20130815	123	123	123	11.171070709519153	1234
20130815	123	123	123	18.05078670746915	1234
20130815	123	123	123	4.335371839006273	1234
20130815	123	123	123	9.10404647476424	1234
20130815	123	123	123	14.081091584115242	1234
20130815	123	123	123	7.951104213285387	1234
20130815	123	123	123	12.592000943060045	1234
20130815	123	123	123	18.572073660378884	1234
20130815	123	123	123	3.351632496641177	1234
20130815	123	123	123	3.6518638596247066	1234
20130815	123	123	123	14.183811712855478	1234
20130815	123	123	123	18.01107686305957	1234
20130815	123	123	123	15.715154578712943	1234
20130815	123	123	123	8.475168565088804	1234
20130815	123	123	123	9.676471979127774	1234
20130815	123	123	123	1.295762204094817	1234
20130815	123	123	123	5.576904545551756	1234
20130815	123	123	123	193.93686746708158	1234
20130815	123	123	123	235.32612884977004	1234
20130815	123	123	123	265.2732279937023	1234
20130815	123	123	123	254.43141005666195	1234
20130815	123	123	123	243.3755421217256	1234
20130815	123	123	123	234.3598394248824	1234
20130815	123	123	123	219.90520623582742	1234
20130815	123	123	123	203.08779566390527	1234
20130815	123	123	123	210.54964709375037	1234
20130815	123	123	123	285.91258480649907	1234
20130815	123	123	123	408.59741100169265	1234
20130815	123	123	123	473.72342679467266	1234
20130815	123	123	123	537.05146193329	1234
20130815	123	123	123	597.6518290683429	1234
20130815	123	123	123	661.3331032231287	1234
20130815	123	123	123	589.6071959456315	1234
20130815	123	123	123	517.1846758108491	1234
20130815	123	123	123	461.14285714285705	1234
20130815	123	123	123	393.7261835232654	1234
20130815	123	123	123	322.06797162943326	1234
20130815	123	123	123	259.2857142857142	1234
20130815	123	123	123	193.8157946343071	1234
20130815	123	123	123	203.57389070727154	1234
20130815	123	123	123	215.60020010981987	1234
20130815	123	123	123	262.28012339406166	1234
20130815	123	123	123	252.42381102063317	1234
20130815	123	123	123	228.73908347521242	1234
20130815	123	123	123	209.80875004060127	1234
20130815	123	123	123	197.59057683033353	1234
20130815	123	123	123	190.0	1234
20130815	123	123	123	19.770078796530722	1234
20130815	123	123	123	7.221085184048612	1234
20130815	123	123	123	0.41739724265874356	1234
20130815	123	123	123	15.59648422556618	1234
20130815	123	123	123	12.547377479165613	1234
20130815	123	123	123	2.948545503883966	1234
20130815	123	123	123	0.18845435419253764	1234
20130815	123	123	123	18.311157825212558	1234
20130815	123	123	123	9.342378063992347	1234
20130815	123	123	123	19.107592793979872	1234
20130815	123	123	123	19.912909079466495	1234
20130815	123	123	123	1.233146505774776	1234
20130815	123	123	123	8.254633221822887	1234
20130815	123	123	123	3.638590340809049	1234
20130815	123	123	123	1.246440764021155	1234
20130815	123	123	123	8.028941533224463	1234
20130815	123	123	123	9.570427992899592	1234
20130815	123	123	123	12.863313424313823	1234
20130815	123	123	123	0.2403032674407246	1234
20130815	123	123	123	9.189453836286523	1234