time startPrice highestPrice lowestPrice endPrice transactionCount
20130815	123	123	123	15.176911644528506	1234
20130815	123	123	123	10.040838320984813	1234
20130815	123	123	123	15.386539908773669	1234
20130815	123	123	123	19.507143613063683	1234
20130815	123	123	123	14.84543949857359	1234
20130815	123	123	123	6.221710641859892	1234
20130815	123	123	123	10.860085143836853	1234
20130815	123	123	123	0.8067413503186427	1234
20130815	123	123	123	3.8747753967879417	1234
20130815	123	123	123	19.201220776911534	1234
20130815	123	123	123	18.89716660386855	1234
20130815	123	123	123	18.0743825876379	1234
20130815	123	123	123	0.9437298214574152	1234
20130815	123	123	123	5.210327202092011	1234
20130815	123	123	123	15.47300009753441	1234
20130815	123	123	123	4.236693120920288	1234
20130815	123	123	123	12.60293494543758	1234
20130815	123	123	123	15.87737691948794	1234
20130815	123	123	123	14.785239769190442	1234
20130815	123	123	123	13.891417856421008	1234
20130815	123	123	123	190.0	1234
20130815	123	123	123	201.10799671669523	1234
20130815	123	123	123	214.05391951148138	1234
20130815	123	123	123	229.52849207899294	1234
20130815	123	123	123	257.57783679317794	1234
20130815	123	123	123	264.8586742144055	1234
20130815	123	123	123	255.8927741024216	1234
20130815	123	123	123	244.26176589296074	1234
20130815	123	123	123	233.79787504447106	1234
20130815	123	123	123	213.91262673099524	1234
20130815	123	123	123	195.36051331765464	1234
20130815	123	123	123	277.29728160822737	1234
20130815	123	123	123	346.9478626034143	1234
20130815	123	123	123	398.3055934069005	1234
20130815	123	123	123	467.62529916231625	1234
20130815	123	123	123	529.5376719796265	1234
20130815	123	123	123	603.7542452477658	1234
20130815	123	123	123	658.377129131215	1234
20130815	123	123	123	591.3996511443659	1234
20130815	123	123	123	512.3881357068783	1234
20130815	123	123	123	455.1991455841616	1234
20130815	123	123	123	388.0345715215834	1234
20130815	123	123	123	316.33456815366713	1234
20130815	123	123	123	256.5103817238254	1234
20130815	123	123	123	196.20390162530052	1234
20130815	123	123	123	220.6455767865899	1234
20130815	123	123	123	258.32868467986	1234
20130815	123	123	123	229.5134687995281	1234
20130815	123	123	123	216.4896624100771	1234
20130815	123	123	123	190.0	1234
20130815	123	123	123	19.99117837515903	1234
20130815	123	123	123	11.005636014209145	1234
20130815	123	123	123	5.119724681727076	1234
20130815	123	123	123	19.258177679529794	1234
20130815	123	123	123	11.351924815249923	1234
20130815	123	123	123	8.857093788884455	1234
20130815	123	123	123	18.9395616191873	1234
20130815	123	123	123	11.348210175969623	1234
20130815	123	123	123	3.1387264500298295	1234
20130815	123	123	123	5.818153068149067	1234
20130815	123	123	123	5.699149502307337	1234
20130815	123	123	123	3.0822147342961914	1234
20130815	123	123	123	12.830245834737731	1234
20130815	123	123	123	2.186096940684603	1234
20130815	123	123	123	16.529252857636024	1234
20130815	123	123	123	8.76122015008815	1234
20130815	123	123	123	12.532651991612102	1234
20130815	123	123	123	6.303507006167239	1234
20130815	123	123	123	6.208776194260537	1234
20130815	123	123	123	12.596149437594885	1234