time startPrice highestPrice lowestPrice endPrice transactionCount
20130815	123	123	123	16.81193474843607	1234
20130815	123	123	123	8.080100039849851	1234
20130815	123	123	123	1.3821633299388147	1234
20130815	123	123	123	19.783672860046508	1234
20130815	123	123	123	1.4704779786894173	1234
20130815	123	123	123	4.343428225511474	1234
20130815	123	123	123	4.685891875888368	1234
20130815	123	123	123	16.7322586494036	1234
20130815	123	123	123	15.086291401017363	1234
20130815	123	123	123	10.560542033897677	1234
20130815	123	123	123	15.340381749996066	1234
20130815	123	123	123	6.030258451691997	1234
20130815	123	123	123	13.006375510963583	1234
20130815	123	123	123	0.8776063122308164	1234
20130815	123	123	123	18.034204248916474	1234
20130815	123	123	123	13.888206827278049	1234
20130815	123	123	123	3.086647026014673	1234
20130815	123	123	123	12.69247004144329	1234
20130815	123	123	123	17.373953501061695	1234
20130815	123	123	123	16.90974385945965	1234
20130815	123	123	123	190.43824065818072	1234
20130815	123	123	123	207.71481937749874	1234
20130815	123	123	123	235.46371778025082	1234
20130815	123	123	123	247.67355000608484	1234
20130815	123	123	123	257.61586121990393	1234
20130815	123	123	123	265.00948376878705	1234
20130815	123	123	123	256.42857142857144	1234
20130815	123	123	123	235.28571428571428	1234
20130815	123	123	123	201.86504178867892	1234
20130815	123	123	123	197.44664122209593	1234
20130815	123	123	123	270.4806721723121	1234
20130815	123	123	123	336.4887236092637	1234
20130815	123	123	123	408.8338568683696	1234
20130815	123	123	123	471.11371632912534	1234
20130815	123	123	123	535.4101004906191	1234
20130815	123	123	123	608.3132808076579	1234
20130815	123	123	123	660.8362995093967	1234
20130815	123	123	123	590.1970464853418	1234
20130815	123	123	123	523.521965543923	1234
20130815	123	123	123	443.7651797832565	1234
20130815	123	123	123	388.8566985799813	1234
20130815	123	123	123	308.5050736871435	1234
20130815	123	123	123	246.7712022363892	1234
20130815	123	123	123	192.02799691071647	1234
20130815	123	123	123	253.11098211030867	1234
20130815	123	123	123	261.3668111691297	1234
20130815	123	123	123	248.79377636095012	1234
20130815	123	123	123	229.4491724252722	1234
20130815	123	123	123	215.89845158713172	1234
20130815	123	123	123	190.0	1234
20130815	123	123	123	1.8633792953449757	1234
20130815	123	123	123	17.296727738140977	1234
20130815	123	123	123	2.7290185960800395	1234
20130815	123	123	123	7.1691117820411225	1234
20130815	123	123	123	9.830498982491893	1234
20130815	123	123	123	7.6187841754667325	1234
20130815	123	123	123	7.245997859440896	1234
20130815	123	123	123	19.367982779144995	1234
20130815	123	123	123	8.142680412185989	1234
20130815	123	123	123	5.724778386560141	1234
20130815	123	123	123	1.56558252303435	1234
20130815	123	123	123	0.0820039484239099	1234
20130815	123	123	123	4.396221416184465	1234
20130815	123	123	123	2.5975149691067756	1234
20130815	123	123	123	8.419281185982253	1234
20130815	123	123	123	1.783201063577029	1234
20130815	123	123	123	6.0967036083238835	1234
20130815	123	123	123	3.201818298423309	1234
20130815	123	123	123	5.5528848544804426	1234
20130815	123	123	123	7.62519605637026	1234