time startPrice highestPrice lowestPrice endPrice transactionCount
20130815	123	123	123	15.9444826414339	1234
20130815	123	123	123	5.167127443697817	1234
20130815	123	123	123	2.536577262253805	1234
20130815	123	123	123	4.362044137173031	1234
20130815	123	123	123	3.703393019737582	1234
20130815	123	123	123	7.776753565329573	1234
20130815	123	123	123	7.015338261079734	1234
20130815	123	123	123	8.939077620895347	1234
20130815	123	123	123	11.150532707906788	1234
20130815	123	123	123	1.2847269558519048	1234
20130815	123	123	123	3.2383906757146708	1234
20130815	123	123	123	12.676691167452862	1234
20130815	123	123	123	9.099871674513748	1234
20130815	123	123	123	1.4167249020276196	1234
20130815	123	123	123	6.777624531814428	1234
20130815	123	123	123	1.6902416933522835	1234
20130815	123	123	123	16.992725989015756	1234
20130815	123	123	123	10.272142475141253	1234
20130815	123	123	123	0.8469337299089141	1234
20130815	123	123	123	4.3979346609449	1234
20130815	123	123	123	191.64873939340674	1234
20130815	123	123	123	223.0	1234
20130815	123	123	123	235.39595061074897	1234
20130815	123	123	123	245.0	1234
20130815	123	123	123	267.0	1234
20130815	123	123	123	241.95406049946646	1234
20130815	123	123	123	223.36941184923472	1234
20130815	123	123	123	211.35423953410418	1234
20130815	123	123	123	201.625147407248	1234
20130815	123	123	123	211.7122493907395	1234
20130815	123	123	123	272.4004043278077	1234
20130815	123	123	123	337.26689239286907	1234
20130815	123	123	123	423.12292047504195	1234
20130815	123	123	123	533.1245856954893	1234
20130815	123	123	123	597.5592054571551	1234
20130815	123	123	123	655.9433466614481	1234
20130815	123	123	123	593.7609595887336	1234
20130815	123	123	123	517.1505478402432	1234
20130815	123	123	123	453.0171375974769	1234
20130815	123	123	123	385.963892495018	1234
20130815	123	123	123	313.90667007585074	1234
20130815	123	123	123	259.2857142857142	1234
20130815	123	123	123	192.83937260425233	1234
20130815	123	123	123	204.03615366295278	1234
20130815	123	123	123	217.71307784416078	1234
20130815	123	123	123	253.14702346438548	1234
20130815	123	123	123	261.6272788522715	1234
20130815	123	123	123	239.60333044653242	1234
20130815	123	123	123	226.86299475891644	1234
20130815	123	123	123	190.0	1234
20130815	123	123	123	9.91732359758583	1234
20130815	123	123	123	17.210335742709436	1234
20130815	123	123	123	1.8834174357072442	1234
20130815	123	123	123	19.177094044645752	1234
20130815	123	123	123	6.317473175894566	1234
20130815	123	123	123	16.204318725351005	1234
20130815	123	123	123	10.901000807183234	1234
20130815	123	123	123	5.517003095942734	1234
20130815	123	123	123	14.06184700308981	1234
20130815	123	123	123	14.23283880062803	1234
20130815	123	123	123	2.125877869402848	1234
20130815	123	123	123	11.217753472198886	1234
20130815	123	123	123	19.127420162106382	1234
20130815	123	123	123	6.395039356971406	1234
20130815	123	123	123	7.317699593605774	1234
20130815	123	123	123	2.110321662121648	1234
20130815	123	123	123	13.35763724569233	1234
20130815	123	123	123	5.170188865098608	1234
20130815	123	123	123	16.69997466905129	1234
20130815	123	123	123	15.323879686226176	1234