time startPrice highestPrice lowestPrice endPrice transactionCount
20130815	123	123	123	14.184130232842307	1234
20130815	123	123	123	0.8232623242963211	1234
20130815	123	123	123	17.495061783906145	1234
20130815	123	123	123	11.908484946365547	1234
20130815	123	123	123	10.934994133010246	1234
20130815	123	123	123	3.2993161697885864	1234
20130815	123	123	123	13.69435101221354	1234
20130815	123	123	123	2.213914190113868	1234
20130815	123	123	123	5.695540445807157	1234
20130815	123	123	123	1.0268633263081894	1234
20130815	123	123	123	1.7383501752353658	1234
20130815	123	123	123	13.619280411672513	1234
20130815	123	123	123	5.579632681542708	1234
20130815	123	123	123	8.479756521195043	1234
20130815	123	123	123	11.874068840966892	1234
20130815	123	123	123	13.459745168515651	1234
20130815	123	123	123	4.089651789867039	1234
20130815	123	123	123	5.025922984295221	1234
20130815	123	123	123	3.730837317803397	1234
20130815	123	123	123	14.325396149690302	1234
20130815	123	123	123	194.46462026184236	1234
20130815	123	123	123	223.24373846396708	1234
20130815	123	123	123	256.0850426807985	1234
20130815	123	123	123	266.4772674437594	1234
20130815	123	123	123	254.68801706748212	1234
20130815	123	123	123	241.85329898887895	1234
20130815	123	123	123	224.19086108635656	1234
20130815	123	123	123	203.57142857142853	1234
20130815	123	123	123	211.30010966263157	1234
20130815	123	123	123	260.1428571428571	1234
20130815	123	123	123	328.4729129534549	1234
20130815	123	123	123	396.08735650093223	1234
20130815	123	123	123	461.57142857142844	1234
20130815	123	123	123	528.7142857142856	1234
20130815	123	123	123	596.3590351484912	1234
20130815	123	123	123	635.6675529066406	1234
20130815	123	123	123	524.8417748109565	1234
20130815	123	123	123	460.1190893461893	1234
20130815	123	123	123	391.7907667625733	1234
20130815	123	123	123	312.2847156710715	1234
20130815	123	123	123	259.2857142857142	1234
20130815	123	123	123	193.02966785195855	1234
20130815	123	123	123	214.50968914588435	1234
20130815	123	123	123	263.0	1234
20130815	123	123	123	250.26290146068126	1234
20130815	123	123	123	241.86733096178608	1234
20130815	123	123	123	229.29473858674734	1234
20130815	123	123	123	208.51682697379908	1234
20130815	123	123	123	199.30804818447464	1234
20130815	123	123	123	190.0	1234
20130815	123	123	123	2.661131818552571	1234
20130815	123	123	123	5.125659923878628	1234
20130815	123	123	123	8.534736067886804	1234
20130815	123	123	123	9.260775947392508	1234
20130815	123	123	123	1.1557748979089744	1234
20130815	123	123	123	15.971510093070687	1234
20130815	123	123	123	3.1281560795888197	1234
20130815	123	123	123	7.646039169380183	1234
20130815	123	123	123	4.896236285568478	1234
20130815	123	123	123	18.937514702723423	1234
20130815	123	123	123	15.97576898216013	1234
20130815	123	123	123	14.856052984602481	1234
20130815	123	123	123	19.918090354140375	1234
20130815	123	123	123	9.818920381340579	1234
20130815	123	123	123	9.732709917186348	1234
20130815	123	123	123	10.219533203706456	1234
20130815	123	123	123	17.82142454280409	1234
20130815	123	123	123	2.0816998757000005	1234
20130815	123	123	123	4.970313870714024	1234
20130815	123	123	123	9.85109794143316	1234