time startPrice highestPrice lowestPrice endPrice transactionCount
20130815	123	123	123	6.151599539336489	1234
20130815	123	123	123	19.14266968822523	1234
20130815	123	123	123	15.42176836001522	1234
20130815	123	123	123	3.6603039851149277	1234
20130815	123	123	123	0.7116912767698125	1234
20130815	123	123	123	2.567392772736772	1234
20130815	123	123	123	3.9779562123507373	1234
20130815	123	123	123	15.855216789191202	1234
20130815	123	123	123	9.983290020883926	1234
20130815	123	123	123	8.951970813377033	1234
20130815	123	123	123	14.764401534823953	1234
20130815	123	123	123	0.8930125342006545	1234
20130815	123	123	123	2.906697567930787	1234
20130815	123	123	123	14.681770536845367	1234
20130815	123	123	123	9.788444492161865	1234
20130815	123	123	123	13.095436252537272	1234
20130815	123	123	123	11.056874668213467	1234
20130815	123	123	123	19.502517417986166	1234
20130815	123	123	123	15.590517303114346	1234
20130815	123	123	123	11.341072725958675	1234
20130815	123	123	123	192.19022994264287	1234
20130815	123	123	123	203.20975432479406	1234
20130815	123	123	123	213.1172526193019	1234
20130815	123	123	123	226.98696121841664	1234
20130815	123	123	123	249.14477423279138	1234
20130815	123	123	123	261.3071723665417	1234
20130815	123	123	123	235.28571428571428	1234
20130815	123	123	123	220.3976611891386	1234
20130815	123	123	123	203.1336841667984	1234
20130815	123	123	123	197.9795079230539	1234
20130815	123	123	123	265.37342651101477	1234
20130815	123	123	123	333.65623225855774	1234
20130815	123	123	123	399.9081958436963	1234
20130815	123	123	123	466.0851537556492	1234
20130815	123	123	123	541.5646257369052	1234
20130815	123	123	123	612.0104455527804	1234
20130815	123	123	123	650.0658126825044	1234
20130815	123	123	123	593.8952137943027	1234
20130815	123	123	123	504.5190308972955	1234
20130815	123	123	123	382.56883760812605	1234
20130815	123	123	123	324.2139363028228	1234
20130815	123	123	123	247.48544575180492	1234
20130815	123	123	123	194.72903807662738	1234
20130815	123	123	123	213.47720862858682	1234
20130815	123	123	123	224.42655932498397	1234
20130815	123	123	123	252.94018034321525	1234
20130815	123	123	123	263.0	1234
20130815	123	123	123	240.0871847860945	1234
20130815	123	123	123	227.31914592994312	1234
20130815	123	123	123	190.0	1234
20130815	123	123	123	16.042682231318604	1234
20130815	123	123	123	19.24525701352803	1234
20130815	123	123	123	19.020087528570073	1234
20130815	123	123	123	15.704504934868487	1234
20130815	123	123	123	16.61012011609996	1234
20130815	123	123	123	9.707495407359856	1234
20130815	123	123	123	14.224693927167104	1234
20130815	123	123	123	6.987791623808595	1234
20130815	123	123	123	3.785134600980622	1234
20130815	123	123	123	15.988003736891299	1234
20130815	123	123	123	3.650537663729325	1234
20130815	123	123	123	7.045270654151967	1234
20130815	123	123	123	10.2236006604378	1234
20130815	123	123	123	3.936049258956975	1234
20130815	123	123	123	13.997620935239494	1234
20130815	123	123	123	12.978470166513379	1234
20130815	123	123	123	3.3931084784796783	1234
20130815	123	123	123	3.364105987718098	1234
20130815	123	123	123	1.8419579812841458	1234
20130815	123	123	123	14.078682365785031	1234