time startPrice highestPrice lowestPrice endPrice transactionCount
20130815	123	123	123	14.903827997479858	1234
20130815	123	123	123	8.021608241437963	1234
20130815	123	123	123	14.477719818427598	1234
20130815	123	123	123	1.6046696858899279	1234
20130815	123	123	123	18.592764905072446	1234
20130815	123	123	123	19.0825348017932	1234
20130815	123	123	123	10.632487201643206	1234
20130815	123	123	123	18.796753425954446	1234
20130815	123	123	123	3.2938996293829104	1234
20130815	123	123	123	10.679365450940194	1234
20130815	123	123	123	6.400669744885854	1234
20130815	123	123	123	4.6990143055545985	1234
20130815	123	123	123	4.337931990435	1234
20130815	123	123	123	12.889574508174695	1234
20130815	123	123	123	17.786349332645838	1234
20130815	123	123	123	10.729481864145573	1234
20130815	123	123	123	11.929407682723035	1234
20130815	123	123	123	1.583719608669143	1234
20130815	123	123	123	13.539968655712576	1234
20130815	123	123	123	6.226803744182366	1234
20130815	123	123	123	194.59133660602876	1234
20130815	123	123	123	213.51483196286813	1234
20130815	123	123	123	223.14116814198755	1234
20130815	123	123	123	247.6468151696518	1234
20130815	123	123	123	257.73208200084	1234
20130815	123	123	123	265.3290991465582	1234
20130815	123	123	123	253.20984288920292	1234
20130815	123	123	123	234.8049582009984	1234
20130815	123	123	123	221.24448646966712	1234
20130815	123	123	123	196.6286838484874	1234
20130815	123	123	123	275.98554996646664	1234
20130815	123	123	123	339.93626491363904	1234
20130815	123	123	123	407.5816801624266	1234
20130815	123	123	123	478.6953086358154	1234
20130815	123	123	123	537.9640239767342	1234
20130815	123	123	123	598.9397831744978	1234
20130815	123	123	123	652.4452747239156	1234
20130815	123	123	123	592.6230846312377	1234
20130815	123	123	123	521.4783672179435	1234
20130815	123	123	123	442.9440058163252	1234
20130815	123	123	123	384.8791356783988	1234
20130815	123	123	123	326.5691374499221	1234
20130815	123	123	123	255.33801418363413	1234
20130815	123	123	123	192.29532070366454	1234
20130815	123	123	123	204.6916089497529	1234
20130815	123	123	123	215.5889523568423	1234
20130815	123	123	123	244.52432885063175	1234
20130815	123	123	123	253.8928695074956	1234
20130815	123	123	123	253.43650030259312	1234
20130815	123	123	123	190.0	1234
20130815	123	123	123	5.776717480207343	1234
20130815	123	123	123	1.1222516042535169	1234
20130815	123	123	123	5.907954314914832	1234
20130815	123	123	123	19.942844060539958	1234
20130815	123	123	123	16.611154101304948	1234
20130815	123	123	123	6.3896552935688256	1234
20130815	123	123	123	15.366427368510543	1234
20130815	123	123	123	9.132189821672	1234
20130815	123	123	123	13.477471184494462	1234
20130815	123	123	123	5.885280190948654	1234
20130815	123	123	123	11.434340052685581	1234
20130815	123	123	123	0.31144875337169475	1234
20130815	123	123	123	11.010422477093343	1234
20130815	123	123	123	7.453501422310311	1234
20130815	123	123	123	7.305905901689589	1234
20130815	123	123	123	18.436991974866093	1234
20130815	123	123	123	11.868793783328934	1234
20130815	123	123	123	18.724137945811318	1234
20130815	123	123	123	17.311724402189753	1234
20130815	123	123	123	14.550580694121837	1234