time startPrice highestPrice lowestPrice endPrice transactionCount
20130815	123	123	123	13.733677393215949	1234
20130815	123	123	123	1.5095618420807821	1234
20130815	123	123	123	11.429131076261797	1234
20130815	123	123	123	5.3948876439542754	1234
20130815	123	123	123	18.16595539007223	1234
20130815	123	123	123	15.503366039630532	1234
20130815	123	123	123	5.5472233372355095	1234
20130815	123	123	123	10.596795603202933	1234
20130815	123	123	123	0.07293084075572498	1234
20130815	123	123	123	3.5346127960440077	1234
20130815	123	123	123	5.822253849414594	1234
20130815	123	123	123	18.352057265281275	1234
20130815	123	123	123	8.809973009436131	1234
20130815	123	123	123	0.8784911789871219	1234
20130815	123	123	123	12.74684322736529	1234
20130815	123	123	123	2.7372372981939552	1234
20130815	123	123	123	13.405676270063662	1234
20130815	123	123	123	1.4486029673504386	1234
20130815	123	123	123	14.861880954031502	1234
20130815	123	123	123	17.835018188567606	1234
20130815	123	123	123	199.68704599520925	1234
20130815	123	123	123	236.2541573044159	1234
20130815	123	123	123	246.89937457049527	1234
20130815	123	123	123	267.0	1234
20130815	123	123	123	234.03187219438294	1234
20130815	123	123	123	212.3351103969832	1234
20130815	123	123	123	202.5661820515898	1234
20130815	123	123	123	277.84338386852863	1234
20130815	123	123	123	327.2857142857142	1234
20130815	123	123	123	409.62116729055435	1234
20130815	123	123	123	461.57142857142844	1234
20130815	123	123	123	543.1920895638386	1234
20130815	123	123	123	609.4305133807297	1234
20130815	123	123	123	657.9142925949984	1234
20130815	123	123	123	585.0638649416062	1234
20130815	123	123	123	519.653768328861	1234
20130815	123	123	123	458.0738646646123	1234
20130815	123	123	123	376.93150752807367	1234
20130815	123	123	123	312.6611923514192	1234
20130815	123	123	123	245.02102448821486	1234
20130815	123	123	123	197.73252376732864	1234
20130815	123	123	123	224.66900239794523	1234
20130815	123	123	123	234.80942099807993	1234
20130815	123	123	123	244.91210043521002	1234
20130815	123	123	123	252.85714285714283	1234
20130815	123	123	123	261.23018063777073	1234
20130815	123	123	123	239.25235170326945	1234
20130815	123	123	123	217.10072689382997	1234
20130815	123	123	123	198.03465006520534	1234
20130815	123	123	123	190.0	1234
20130815	123	123	123	12.746173617869076	1234
20130815	123	123	123	12.73967472633833	1234
20130815	123	123	123	14.837684150734152	1234
20130815	123	123	123	17.768474493486284	1234
20130815	123	123	123	10.669745913674264	1234
20130815	123	123	123	16.712827937867456	1234
20130815	123	123	123	12.46282746667632	1234
20130815	123	123	123	15.683580401466546	1234
20130815	123	123	123	8.096362140528488	1234
20130815	123	123	123	8.772446099877948	1234
20130815	123	123	123	1.7531698372003768	1234
20130815	123	123	123	13.057510966161685	1234
20130815	123	123	123	13.398818691428447	1234
20130815	123	123	123	10.596978983051244	1234
20130815	123	123	123	8.788135318717718	1234
20130815	123	123	123	7.136079824589356	1234
20130815	123	123	123	6.929167614841729	1234
20130815	123	123	123	6.824285247244046	1234
20130815	123	123	123	1.9008340312634076	1234
20130815	123	123	123	1.3544450394411034	1234