time startPrice highestPrice lowestPrice endPrice transactionCount
20130815	123	123	123	4.635338380873697	1234
20130815	123	123	123	11.203614401126105	1234
20130815	123	123	123	2.0431859954837828	1234
20130815	123	123	123	6.515062961141571	1234
20130815	123	123	123	13.568641056171941	1234
20130815	123	123	123	5.43656530202049	1234
20130815	123	123	123	0.039531384642021994	1234
20130815	123	123	123	9.079338160846547	1234
20130815	123	123	123	8.941223350207006	1234
20130815	123	123	123	3.7567864379339455	1234
20130815	123	123	123	10.523903154364012	1234
20130815	123	123	123	0.7504414152665406	1234
20130815	123	123	123	10.082278065119883	1234
20130815	123	123	123	7.459954579105704	1234
20130815	123	123	123	5.619285742802256	1234
20130815	123	123	123	8.806209274031776	1234
20130815	123	123	123	6.942630148061671	1234
20130815	123	123	123	18.98654580596715	1234
20130815	123	123	123	10.01891065715247	1234
20130815	123	123	123	16.601704039492166	1234
20130815	123	123	123	190.0	1234
20130815	123	123	123	233.9328508688308	1234
20130815	123	123	123	265.0158448886252	1234
20130815	123	123	123	241.0829283815928	1234
20130815	123	123	123	214.1428571428571	1234
20130815	123	123	123	197.8083139338461	1234
20130815	123	123	123	266.7623894049947	1234
20130815	123	123	123	341.2363161207137	1234
20130815	123	123	123	399.19286821516494	1234
20130815	123	123	123	464.6697482229277	1234
20130815	123	123	123	528.9758261391104	1234
20130815	123	123	123	662.1652080929244	1234
20130815	123	123	123	593.0639930565999	1234
20130815	123	123	123	515.8672638163314	1234
20130815	123	123	123	450.00496691638637	1234
20130815	123	123	123	388.5430705112337	1234
20130815	123	123	123	315.03754294959026	1234
20130815	123	123	123	193.0286980553197	1234
20130815	123	123	123	203.35291514011794	1234
20130815	123	123	123	212.5810471236191	1234
20130815	123	123	123	225.63067880516508	1234
20130815	123	123	123	243.7889125825029	1234
20130815	123	123	123	255.08145745458805	1234
20130815	123	123	123	262.2408033408653	1234
20130815	123	123	123	251.00617724398847	1234
20130815	123	123	123	241.91269543852877	1234
20130815	123	123	123	229.12533813281067	1234
20130815	123	123	123	219.90929602316572	1234
20130815	123	123	123	207.65711238029374	1234
20130815	123	123	123	190.0	1234
20130815	123	123	123	13.83183176890144	1234
20130815	123	123	123	5.023652726438121	1234
20130815	123	123	123	11.077958440593193	1234
20130815	123	123	123	11.702776198357238	1234
20130815	123	123	123	9.11779610932978	1234
20130815	123	123	123	9.785195538519172	1234
20130815	123	123	123	14.326116308942217	1234
20130815	123	123	123	0.6021386742715484	1234
20130815	123	123	123	17.310487121971697	1234
20130815	123	123	123	1.7914488646497406	1234
20130815	123	123	123	14.660391343638434	1234
20130815	123	123	123	11.317387094941154	1234
20130815	123	123	123	16.533199871916583	1234
20130815	123	123	123	18.58209396188315	1234
20130815	123	123	123	0.3721101020445472	1234
20130815	123	123	123	19.09618163529714	1234
20130815	123	123	123	6.592004484070511	1234
20130815	123	123	123	5.535271805875272	1234
20130815	123	123	123	9.681568911204618	1234
20130815	123	123	123	5.004603282355569	1234