time startPrice highestPrice lowestPrice endPrice transactionCount
20130815	123	123	123	1.8701835426197766	1234
20130815	123	123	123	0.9649207621001654	1234
20130815	123	123	123	18.27054218985608	1234
20130815	123	123	123	0.5593623470891407	1234
20130815	123	123	123	10.193608649837856	1234
20130815	123	123	123	17.79722820847376	1234
20130815	123	123	123	17.6669319759089	1234
20130815	123	123	123	10.080763495018417	1234
20130815	123	123	123	17.25360246497956	1234
20130815	123	123	123	16.921862773326446	1234
20130815	123	123	123	9.946907513646616	1234
20130815	123	123	123	5.562948229651465	1234
20130815	123	123	123	9.363061124658445	1234
20130815	123	123	123	2.845315900405083	1234
20130815	123	123	123	6.318286920894307	1234
20130815	123	123	123	13.255723306161668	1234
20130815	123	123	123	15.287013512452772	1234
20130815	123	123	123	2.0023475024411153	1234
20130815	123	123	123	11.009000974724614	1234
20130815	123	123	123	6.879159536946171	1234
20130815	123	123	123	198.22434276346254	1234
20130815	123	123	123	292.3254773109077	1234
20130815	123	123	123	332.28571428571433	1234
20130815	123	123	123	430.5943347807545	1234
20130815	123	123	123	484.56501536697414	1234
20130815	123	123	123	507.0834897059241	1234
20130815	123	123	123	435.31105630503646	1234
20130815	123	123	123	405.963544470045	1234
20130815	123	123	123	359.3693510929428	1234
20130815	123	123	123	318.0133953282273	1234
20130815	123	123	123	380.132108780305	1234
20130815	123	123	123	408.9163017913503	1234
20130815	123	123	123	500.15341706481865	1234
20130815	123	123	123	527.9143431115094	1234
20130815	123	123	123	497.5173155923292	1234
20130815	123	123	123	442.6326695317072	1234
20130815	123	123	123	409.68190168943806	1234
20130815	123	123	123	328.5485757715578	1234
20130815	123	123	123	386.948293416199	1234
20130815	123	123	123	438.710362193279	1234
20130815	123	123	123	471.659917944354	1234
20130815	123	123	123	498.1641614616562	1234
20130815	123	123	123	507.5020486579387	1234
20130815	123	123	123	467.64935469858756	1234
20130815	123	123	123	427.51512068441014	1234
20130815	123	123	123	380.68844134735656	1234
20130815	123	123	123	334.1428571428571	1234
20130815	123	123	123	283.19976619776696	1234
20130815	123	123	123	232.1290434286008	1234
20130815	123	123	123	194.0	1234
20130815	123	123	123	3.1019317023305093	1234
20130815	123	123	123	6.561503965192427	1234
20130815	123	123	123	6.711846667530672	1234
20130815	123	123	123	11.63602722207754	1234
20130815	123	123	123	17.078858826285703	1234
20130815	123	123	123	1.7183487753191962	1234
20130815	123	123	123	14.804341167729508	1234
20130815	123	123	123	3.8777789626831183	1234
20130815	123	123	123	11.28530986694754	1234
20130815	123	123	123	8.50828053919265	1234
20130815	123	123	123	15.251520376762176	1234
20130815	123	123	123	5.809466621413055	1234
20130815	123	123	123	1.932918583620138	1234
20130815	123	123	123	4.0340697497692	1234
20130815	123	123	123	16.744045383394074	1234
20130815	123	123	123	17.294740203317097	1234
20130815	123	123	123	11.454838670809215	1234
20130815	123	123	123	1.4915406657519514	1234
20130815	123	123	123	8.893518941754898	1234
20130815	123	123	123	10.122875111607321	1234