time startPrice highestPrice lowestPrice endPrice transactionCount
20130815	123	123	123	6.736393503628692	1234
20130815	123	123	123	11.607681114007715	1234
20130815	123	123	123	10.649567282723183	1234
20130815	123	123	123	5.531670271397518	1234
20130815	123	123	123	14.924866738969477	1234
20130815	123	123	123	10.73787777426791	1234
20130815	123	123	123	17.649255598208015	1234
20130815	123	123	123	16.086005555094683	1234
20130815	123	123	123	11.607364766750152	1234
20130815	123	123	123	6.951026273570903	1234
20130815	123	123	123	1.0879143512306588	1234
20130815	123	123	123	18.206307827898268	1234
20130815	123	123	123	7.966577966996404	1234
20130815	123	123	123	0.8018696269392889	1234
20130815	123	123	123	15.687276378893953	1234
20130815	123	123	123	9.523871325956094	1234
20130815	123	123	123	18.10501791730036	1234
20130815	123	123	123	18.66152827613389	1234
20130815	123	123	123	8.495778384151826	1234
20130815	123	123	123	4.700913696475695	1234
20130815	123	123	123	188.89878225189292	1234
20130815	123	123	123	243.90012531731182	1234
20130815	123	123	123	291.0592503507743	1234
20130815	123	123	123	387.8322288285879	1234
20130815	123	123	123	431.0487006013236	1234
20130815	123	123	123	487.9407651565497	1234
20130815	123	123	123	521.074119656114	1234
20130815	123	123	123	489.41606432836306	1234
20130815	123	123	123	461.6315228744151	1234
20130815	123	123	123	436.0	1234
20130815	123	123	123	371.6779085084173	1234
20130815	123	123	123	346.0	1234
20130815	123	123	123	318.27719551139387	1234
20130815	123	123	123	351.0756810850581	1234
20130815	123	123	123	384.3991428931407	1234
20130815	123	123	123	477.81457137475434	1234
20130815	123	123	123	526.771641472306	1234
20130815	123	123	123	468.2815184510262	1234
20130815	123	123	123	393.9732772152491	1234
20130815	123	123	123	334.67509354046956	1234
20130815	123	123	123	410.14285714285717	1234
20130815	123	123	123	468.16604777174865	1234
20130815	123	123	123	514.7682642452164	1234
20130815	123	123	123	472.1637648947608	1234
20130815	123	123	123	423.3027832991226	1234
20130815	123	123	123	370.62813540513764	1234
20130815	123	123	123	326.88626538575545	1234
20130815	123	123	123	286.8158573011937	1234
20130815	123	123	123	240.42245828993916	1234
20130815	123	123	123	194.0	1234
20130815	123	123	123	12.08951401481422	1234
20130815	123	123	123	10.049818108175002	1234
20130815	123	123	123	13.26080809647501	1234
20130815	123	123	123	11.224814306107628	1234
20130815	123	123	123	11.349854308796454	1234
20130815	123	123	123	18.764120896242396	1234
20130815	123	123	123	12.629039623524534	1234
20130815	123	123	123	7.043652847268049	1234
20130815	123	123	123	11.134330987371246	1234
20130815	123	123	123	0.6569942723102717	1234
20130815	123	123	123	19.215494738323628	1234
20130815	123	123	123	3.3737306688313695	1234
20130815	123	123	123	6.306978821274654	1234
20130815	123	123	123	7.027959734126892	1234
20130815	123	123	123	18.4765236312387	1234
20130815	123	123	123	14.93554823674351	1234
20130815	123	123	123	13.978330372632009	1234
20130815	123	123	123	9.33321666899097	1234
20130815	123	123	123	3.8414053136344495	1234
20130815	123	123	123	19.425489521229252	1234