time startPrice highestPrice lowestPrice endPrice transactionCount
20130815	123	123	123	9.04119050962455	1234
20130815	123	123	123	13.039426543956939	1234
20130815	123	123	123	3.794906864778429	1234
20130815	123	123	123	1.8530301599076382	1234
20130815	123	123	123	18.909772702065716	1234
20130815	123	123	123	9.845159821782445	1234
20130815	123	123	123	10.175622076148533	1234
20130815	123	123	123	14.784709620769625	1234
20130815	123	123	123	13.354188342796927	1234
20130815	123	123	123	3.975277674755031	1234
20130815	123	123	123	17.18978247715234	1234
20130815	123	123	123	6.576873065368181	1234
20130815	123	123	123	1.8120206085929125	1234
20130815	123	123	123	7.618647482056438	1234
20130815	123	123	123	10.594114889358512	1234
20130815	123	123	123	2.961725566619149	1234
20130815	123	123	123	10.904583379026878	1234
20130815	123	123	123	7.097633871082348	1234
20130815	123	123	123	8.597048883018847	1234
20130815	123	123	123	14.828664218282796	1234
20130815	123	123	123	187.0	1234
20130815	123	123	123	238.84872672922876	1234
20130815	123	123	123	283.8571428571429	1234
20130815	123	123	123	404.16503495437803	1234
20130815	123	123	123	520.2898175604248	1234
20130815	123	123	123	478.1933801220802	1234
20130815	123	123	123	400.27967885439944	1234
20130815	123	123	123	376.0	1234
20130815	123	123	123	317.831769765636	1234
20130815	123	123	123	351.6409989573219	1234
20130815	123	123	123	381.9803832939567	1234
20130815	123	123	123	442.0938169019716	1234
20130815	123	123	123	474.0866228007056	1234
20130815	123	123	123	502.76474713296227	1234
20130815	123	123	123	529.7947014953909	1234
20130815	123	123	123	493.10943364501134	1234
20130815	123	123	123	435.1125998814159	1234
20130815	123	123	123	414.0	1234
20130815	123	123	123	355.4925352239112	1234
20130815	123	123	123	330.3688374881657	1234
20130815	123	123	123	384.25496351184705	1234
20130815	123	123	123	413.713415126756	1234
20130815	123	123	123	460.04798327555335	1234
20130815	123	123	123	519.1970718125386	1234
20130815	123	123	123	469.6458046712332	1234
20130815	123	123	123	427.57142857142856	1234
20130815	123	123	123	329.0861353390071	1234
20130815	123	123	123	279.7320631263037	1234
20130815	123	123	123	236.2012512155072	1234
20130815	123	123	123	194.0	1234
20130815	123	123	123	14.729113249862696	1234
20130815	123	123	123	5.31005131752333	1234
20130815	123	123	123	13.406642188813489	1234
20130815	123	123	123	7.1908995347625915	1234
20130815	123	123	123	14.646218548468582	1234
20130815	123	123	123	9.034564370245244	1234
20130815	123	123	123	3.880511373733182	1234
20130815	123	123	123	5.00557546411442	1234
20130815	123	123	123	13.65597411158544	1234
20130815	123	123	123	14.967344491558858	1234
20130815	123	123	123	6.959049358095801	1234
20130815	123	123	123	16.443710967008663	1234
20130815	123	123	123	14.538069243428865	1234
20130815	123	123	123	6.971052874671515	1234
20130815	123	123	123	9.957727535678607	1234
20130815	123	123	123	5.632051202739417	1234
20130815	123	123	123	0.6384622454404854	1234
20130815	123	123	123	6.255513812094254	1234
20130815	123	123	123	15.813830763168781	1234
20130815	123	123	123	18.93970839488919	1234