time startPrice highestPrice lowestPrice endPrice transactionCount
20130815	123	123	123	4.286567770545215	1234
20130815	123	123	123	16.157805243899944	1234
20130815	123	123	123	0.36022393283814624	1234
20130815	123	123	123	4.262026873521441	1234
20130815	123	123	123	5.805415356362507	1234
20130815	123	123	123	1.3385622165913547	1234
20130815	123	123	123	18.968623226336863	1234
20130815	123	123	123	6.05141114479067	1234
20130815	123	123	123	6.391599340096166	1234
20130815	123	123	123	18.29118642231716	1234
20130815	123	123	123	9.190979271032303	1234
20130815	123	123	123	2.206977564571111	1234
20130815	123	123	123	6.529830022030538	1234
20130815	123	123	123	11.12628652830743	1234
20130815	123	123	123	17.678181841478477	1234
20130815	123	123	123	13.986799238528825	1234
20130815	123	123	123	9.98607842031674	1234
20130815	123	123	123	10.505755922438038	1234
20130815	123	123	123	19.436016869304815	1234
20130815	123	123	123	12.308491560963546	1234
20130815	123	123	123	194.56444129113245	1234
20130815	123	123	123	244.96210045157287	1234
20130815	123	123	123	287.74751845234414	1234
20130815	123	123	123	341.0790393938362	1234
20130815	123	123	123	381.4407562974702	1234
20130815	123	123	123	445.57023344387767	1234
20130815	123	123	123	523.6563046393898	1234
20130815	123	123	123	454.66698032291237	1234
20130815	123	123	123	403.9161804064434	1234
20130815	123	123	123	339.93399384868815	1234
20130815	123	123	123	316.12019774752963	1234
20130815	123	123	123	349.0521510615007	1234
20130815	123	123	123	411.75883907431	1234
20130815	123	123	123	449.9470986642871	1234
20130815	123	123	123	504.64317214986204	1234
20130815	123	123	123	518.2784973431284	1234
20130815	123	123	123	414.0	1234
20130815	123	123	123	378.28648244867685	1234
20130815	123	123	123	356.0	1234
20130815	123	123	123	332.92848343556574	1234
20130815	123	123	123	418.0370070103088	1234
20130815	123	123	123	473.6718717744227	1234
20130815	123	123	123	520.8803491726161	1234
20130815	123	123	123	464.63416510058175	1234
20130815	123	123	123	427.210804983659	1234
20130815	123	123	123	371.31860109624046	1234
20130815	123	123	123	322.8252513125962	1234
20130815	123	123	123	282.0747549106043	1234
20130815	123	123	123	236.35160049483633	1234
20130815	123	123	123	194.0	1234
20130815	123	123	123	9.258878574178922	1234
20130815	123	123	123	15.115601210030444	1234
20130815	123	123	123	6.6580513028037895	1234
20130815	123	123	123	11.148927490379902	1234
20130815	123	123	123	19.572521906289797	1234
20130815	123	123	123	17.273459332619158	1234
20130815	123	123	123	16.51575829832837	1234
20130815	123	123	123	1.9710398266175155	1234
20130815	123	123	123	10.060206902803436	1234
20130815	123	123	123	19.78079746573147	1234
20130815	123	123	123	6.016835382071008	1234
20130815	123	123	123	4.891218971953055	1234
20130815	123	123	123	8.617256853956295	1234
20130815	123	123	123	3.493056463788453	1234
20130815	123	123	123	10.18721016616243	1234
20130815	123	123	123	17.476572873778643	1234
20130815	123	123	123	10.361532613384338	1234
20130815	123	123	123	8.069285766963246	1234
20130815	123	123	123	3.6017597641486576	1234
20130815	123	123	123	7.862129317020687	1234