time startPrice highestPrice lowestPrice endPrice transactionCount
20130815	123	123	123	8.577444258695712	1234
20130815	123	123	123	5.476083330009853	1234
20130815	123	123	123	1.956190393041135	1234
20130815	123	123	123	8.277612726301822	1234
20130815	123	123	123	1.3385789952775484	1234
20130815	123	123	123	3.1291736211478627	1234
20130815	123	123	123	6.563794500651808	1234
20130815	123	123	123	8.732874385638025	1234
20130815	123	123	123	8.887521819863531	1234
20130815	123	123	123	13.810919990245281	1234
20130815	123	123	123	11.744064184054292	1234
20130815	123	123	123	17.017589933339014	1234
20130815	123	123	123	7.218734958351892	1234
20130815	123	123	123	6.603989987955292	1234
20130815	123	123	123	0.5457421156720699	1234
20130815	123	123	123	9.899103215570594	1234
20130815	123	123	123	11.910976161807348	1234
20130815	123	123	123	12.23066801657218	1234
20130815	123	123	123	2.273266210808933	1234
20130815	123	123	123	6.94135481365632	1234
20130815	123	123	123	187.0	1234
20130815	123	123	123	289.8829763884904	1234
20130815	123	123	123	339.5175065484716	1234
20130815	123	123	123	392.51938526323084	1234
20130815	123	123	123	447.03355191170266	1234
20130815	123	123	123	519.5978995197943	1234
20130815	123	123	123	460.57006117391774	1234
20130815	123	123	123	429.408876765855	1234
20130815	123	123	123	398.73734510692657	1234
20130815	123	123	123	370.4107499421357	1234
20130815	123	123	123	343.7141608113276	1234
20130815	123	123	123	316.0	1234
20130815	123	123	123	346.91597807841447	1234
20130815	123	123	123	385.62336410440264	1234
20130815	123	123	123	411.2163184600034	1234
20130815	123	123	123	474.8216807629178	1234
20130815	123	123	123	499.42857142857133	1234
20130815	123	123	123	529.7430110381074	1234
20130815	123	123	123	486.2834325336183	1234
20130815	123	123	123	431.3278700850873	1234
20130815	123	123	123	353.2255058070329	1234
20130815	123	123	123	328.06337919713076	1234
20130815	123	123	123	387.4155135014028	1234
20130815	123	123	123	422.11386232110783	1234
20130815	123	123	123	473.6754448350082	1234
20130815	123	123	123	515.8522354010826	1234
20130815	123	123	123	377.03482590834216	1234
20130815	123	123	123	318.6588372289316	1234
20130815	123	123	123	232.18584958351062	1234
20130815	123	123	123	194.0	1234
20130815	123	123	123	5.028834138655256	1234
20130815	123	123	123	9.397849661828996	1234
20130815	123	123	123	5.651362632962957	1234
20130815	123	123	123	7.893588052338501	1234
20130815	123	123	123	19.776361731948906	1234
20130815	123	123	123	0.47326527499357285	1234
20130815	123	123	123	19.707858929721873	1234
20130815	123	123	123	19.134710888196985	1234
20130815	123	123	123	18.46493339938923	1234
20130815	123	123	123	9.579475327741235	1234
20130815	123	123	123	18.024738424469465	1234
20130815	123	123	123	16.488369231534094	1234
20130815	123	123	123	18.439496872843588	1234
20130815	123	123	123	9.805472247464744	1234
20130815	123	123	123	1.4019966434457576	1234
20130815	123	123	123	18.149584753411645	1234
20130815	123	123	123	5.314415103408459	1234
20130815	123	123	123	10.473992650136354	1234
20130815	123	123	123	8.99838684753785	1234
20130815	123	123	123	8.514576258513696	1234