time startPrice highestPrice lowestPrice endPrice transactionCount
20130815	123	123	123	1.1083551918669743	1234
20130815	123	123	123	10.72159387737119	1234
20130815	123	123	123	16.686681635829473	1234
20130815	123	123	123	9.160921487105945	1234
20130815	123	123	123	9.49408482118216	1234
20130815	123	123	123	1.898668466617095	1234
20130815	123	123	123	13.789222764422268	1234
20130815	123	123	123	8.532236410746638	1234
20130815	123	123	123	6.575037723676182	1234
20130815	123	123	123	7.692594015724444	1234
20130815	123	123	123	7.155451264918479	1234
20130815	123	123	123	12.001108869927693	1234
20130815	123	123	123	15.639654099722858	1234
20130815	123	123	123	10.246976902272973	1234
20130815	123	123	123	1.2202619377091106	1234
20130815	123	123	123	18.789990643039157	1234
20130815	123	123	123	12.864426892576901	1234
20130815	123	123	123	15.359858966004488	1234
20130815	123	123	123	3.667902359755084	1234
20130815	123	123	123	6.514769029105089	1234
20130815	123	123	123	190.63046854516466	1234
20130815	123	123	123	241.95699400166848	1234
20130815	123	123	123	297.56366515775005	1234
20130815	123	123	123	393.6699267065752	1234
20130815	123	123	123	477.57142857142867	1234
20130815	123	123	123	525.1265057728226	1234
20130815	123	123	123	462.6821653354215	1234
20130815	123	123	123	418.6742454216136	1234
20130815	123	123	123	344.20616000922877	1234
20130815	123	123	123	322.15697158338224	1234
20130815	123	123	123	362.79950452506995	1234
20130815	123	123	123	411.69064318554894	1234
20130815	123	123	123	438.83837168542965	1234
20130815	123	123	123	470.8794702848199	1234
20130815	123	123	123	505.93582544015163	1234
20130815	123	123	123	524.2164052889291	1234
20130815	123	123	123	458.8604254895594	1234
20130815	123	123	123	413.2865401339392	1234
20130815	123	123	123	334.0506759847481	1234
20130815	123	123	123	354.7142857142857	1234
20130815	123	123	123	387.33988959113657	1234
20130815	123	123	123	411.5512413666063	1234
20130815	123	123	123	500.1031257260747	1234
20130815	123	123	123	521.0	1234
20130815	123	123	123	465.5542810189399	1234
20130815	123	123	123	420.2803911442861	1234
20130815	123	123	123	377.73425991999846	1234
20130815	123	123	123	276.3905308726479	1234
20130815	123	123	123	238.33671278684162	1234
20130815	123	123	123	194.0	1234
20130815	123	123	123	13.98812150784348	1234
20130815	123	123	123	13.026750388211477	1234
20130815	123	123	123	16.363023023024684	1234
20130815	123	123	123	16.18032476841202	1234
20130815	123	123	123	11.21977919031935	1234
20130815	123	123	123	11.01727904162485	1234
20130815	123	123	123	0.8761650489911155	1234
20130815	123	123	123	11.359912903997444	1234
20130815	123	123	123	10.044196052461292	1234
20130815	123	123	123	15.236072246633467	1234
20130815	123	123	123	3.980279240119733	1234
20130815	123	123	123	0.16250163219748037	1234
20130815	123	123	123	15.92061748227403	1234
20130815	123	123	123	15.481757988333719	1234
20130815	123	123	123	9.13938538980405	1234
20130815	123	123	123	6.267963038943545	1234
20130815	123	123	123	6.827391182063636	1234
20130815	123	123	123	10.706259534864222	1234
20130815	123	123	123	16.280033232207977	1234
20130815	123	123	123	13.610819252008511	1234