time startPrice highestPrice lowestPrice endPrice transactionCount
20130815	123	123	123	9.308586015013207	1234
20130815	123	123	123	13.359449288283248	1234
20130815	123	123	123	2.647570298319597	1234
20130815	123	123	123	6.928119168316618	1234
20130815	123	123	123	7.00023777900626	1234
20130815	123	123	123	2.0837481492478083	1234
20130815	123	123	123	13.959276254800494	1234
20130815	123	123	123	8.672231887269087	1234
20130815	123	123	123	3.920277920899682	1234
20130815	123	123	123	7.730627150876488	1234
20130815	123	123	123	2.9992736182868174	1234
20130815	123	123	123	8.088518102550935	1234
20130815	123	123	123	19.22932838589216	1234
20130815	123	123	123	13.528338882962052	1234
20130815	123	123	123	5.249783047240941	1234
20130815	123	123	123	14.741449565875069	1234
20130815	123	123	123	18.555588757470268	1234
20130815	123	123	123	10.789865741744194	1234
20130815	123	123	123	1.1823400106132875	1234
20130815	123	123	123	8.587932084774732	1234
20130815	123	123	123	190.45303935553721	1234
20130815	123	123	123	235.42857142857144	1234
20130815	123	123	123	288.10954422134637	1234
20130815	123	123	123	335.20530163976343	1234
20130815	123	123	123	388.683464689654	1234
20130815	123	123	123	526.0	1234
20130815	123	123	123	494.08011659529916	1234
20130815	123	123	123	465.4609226276023	1234
20130815	123	123	123	424.8560417244281	1234
20130815	123	123	123	344.4999720059315	1234
20130815	123	123	123	328.6144710772746	1234
20130815	123	123	123	382.30786631671197	1234
20130815	123	123	123	414.0122050740817	1234
20130815	123	123	123	444.8019240897324	1234
20130815	123	123	123	480.52999342272574	1234
20130815	123	123	123	526.457193495836	1234
20130815	123	123	123	500.086823554678	1234
20130815	123	123	123	408.6718724719229	1234
20130815	123	123	123	354.731244002856	1234
20130815	123	123	123	336.2463476665489	1234
20130815	123	123	123	413.96149664898144	1234
20130815	123	123	123	440.64029986759823	1234
20130815	123	123	123	495.8281740574717	1234
20130815	123	123	123	514.1546025425889	1234
20130815	123	123	123	468.728003806371	1234
20130815	123	123	123	422.5436599124855	1234
20130815	123	123	123	332.8488076717823	1234
20130815	123	123	123	278.03796740320047	1234
20130815	123	123	123	229.8066841509637	1234
20130815	123	123	123	194.0	1234
20130815	123	123	123	19.422182363738663	1234
20130815	123	123	123	16.542213743014766	1234
20130815	123	123	123	2.066240000212336	1234
20130815	123	123	123	13.232218437107818	1234
20130815	123	123	123	19.332602417576897	1234
20130815	123	123	123	14.992541160025842	1234
20130815	123	123	123	0.9598025780292718	1234
20130815	123	123	123	1.3944278776029706	1234
20130815	123	123	123	13.13108215699206	1234
20130815	123	123	123	16.65986930741363	1234
20130815	123	123	123	2.4641666736476453	1234
20130815	123	123	123	2.524930567520658	1234
20130815	123	123	123	9.086736135910044	1234
20130815	123	123	123	16.36438396449185	1234
20130815	123	123	123	7.963859496800392	1234
20130815	123	123	123	2.672628896395528	1234
20130815	123	123	123	1.6073592883533783	1234
20130815	123	123	123	9.254628963953873	1234
20130815	123	123	123	11.847916791052533	1234
20130815	123	123	123	7.515941125768235	1234