time startPrice highestPrice lowestPrice endPrice transactionCount
20130815	123	123	123	2.247475142560411	1234
20130815	123	123	123	4.58846358503747	1234
20130815	123	123	123	10.644319021858058	1234
20130815	123	123	123	6.729854264176078	1234
20130815	123	123	123	1.3665555521207629	1234
20130815	123	123	123	18.151528410398797	1234
20130815	123	123	123	13.571281128358217	1234
20130815	123	123	123	10.893766716662654	1234
20130815	123	123	123	15.612303055889047	1234
20130815	123	123	123	6.437621164046017	1234
20130815	123	123	123	15.524698005098331	1234
20130815	123	123	123	8.410607486049248	1234
20130815	123	123	123	15.250850839630237	1234
20130815	123	123	123	18.23492870031942	1234
20130815	123	123	123	13.58770141253062	1234
20130815	123	123	123	14.646925005198536	1234
20130815	123	123	123	2.821543780891118	1234
20130815	123	123	123	2.4348491079509516	1234
20130815	123	123	123	19.082739618278993	1234
20130815	123	123	123	6.616786390601391	1234
20130815	123	123	123	192.04884012399637	1234
20130815	123	123	123	248.2999137558815	1234
20130815	123	123	123	285.16671992297745	1234
20130815	123	123	123	339.19089045217527	1234
20130815	123	123	123	386.80654270183845	1234
20130815	123	123	123	443.6661286455923	1234
20130815	123	123	123	517.9544297380353	1234
20130815	123	123	123	425.5690942472578	1234
20130815	123	123	123	373.10266361082313	1234
20130815	123	123	123	343.1004359270561	1234
20130815	123	123	123	316.0	1234
20130815	123	123	123	381.5500001308425	1234
20130815	123	123	123	418.2772636816226	1234
20130815	123	123	123	499.42857142857133	1234
20130815	123	123	123	526.6251418886492	1234
20130815	123	123	123	495.21256047089315	1234
20130815	123	123	123	467.70787745507783	1234
20130815	123	123	123	442.07828380163176	1234
20130815	123	123	123	348.74289426754007	1234
20130815	123	123	123	327.2024740907027	1234
20130815	123	123	123	358.89476346261677	1234
20130815	123	123	123	493.28571428571433	1234
20130815	123	123	123	509.0093133158322	1234
20130815	123	123	123	466.2721681653368	1234
20130815	123	123	123	421.15346352909455	1234
20130815	123	123	123	379.1851491416858	1234
20130815	123	123	123	327.5184209247698	1234
20130815	123	123	123	287.4285714285714	1234
20130815	123	123	123	240.64035256291461	1234
20130815	123	123	123	194.0	1234
20130815	123	123	123	7.555069101157028	1234
20130815	123	123	123	6.099820273129626	1234
20130815	123	123	123	12.0827201166194	1234
20130815	123	123	123	8.926201264870839	1234
20130815	123	123	123	11.014142092012694	1234
20130815	123	123	123	0.6355676533311838	1234
20130815	123	123	123	14.200675834265164	1234
20130815	123	123	123	11.979986559567632	1234
20130815	123	123	123	12.136062392671255	1234
20130815	123	123	123	13.959006108059333	1234
20130815	123	123	123	19.800162697390185	1234
20130815	123	123	123	1.445819718986685	1234
20130815	123	123	123	12.68850019272297	1234
20130815	123	123	123	3.9163149015860066	1234
20130815	123	123	123	18.913137262602454	1234
20130815	123	123	123	8.146017903715599	1234
20130815	123	123	123	2.6068916861392077	1234
20130815	123	123	123	16.19398088912861	1234
20130815	123	123	123	13.921585213462892	1234
20130815	123	123	123	18.348351124474622	1234