time startPrice highestPrice lowestPrice endPrice transactionCount
20130815	123	123	123	19.075758014238613	1234
20130815	123	123	123	11.92805468197131	1234
20130815	123	123	123	14.699420380218163	1234
20130815	123	123	123	7.337757961453722	1234
20130815	123	123	123	13.354323929415665	1234
20130815	123	123	123	16.621882178801314	1234
20130815	123	123	123	8.114760621510769	1234
20130815	123	123	123	14.010708319210401	1234
20130815	123	123	123	19.126474962128675	1234
20130815	123	123	123	12.637817203955397	1234
20130815	123	123	123	18.3852600570176	1234
20130815	123	123	123	3.3661002484291425	1234
20130815	123	123	123	7.110934283162694	1234
20130815	123	123	123	12.181892014398626	1234
20130815	123	123	123	4.043277014919251	1234
20130815	123	123	123	6.475263234351649	1234
20130815	123	123	123	12.226067476205548	1234
20130815	123	123	123	4.000536472689231	1234
20130815	123	123	123	15.461183633301228	1234
20130815	123	123	123	14.415292298031579	1234
20130815	123	123	123	205.8745242459194	1234
20130815	123	123	123	286.1508596790928	1234
20130815	123	123	123	338.32528264131713	1234
20130815	123	123	123	385.2951221094087	1234
20130815	123	123	123	435.7447554056751	1234
20130815	123	123	123	483.1951694156235	1234
20130815	123	123	123	521.6642920740612	1234
20130815	123	123	123	489.2150941053584	1234
20130815	123	123	123	466.0	1234
20130815	123	123	123	374.1356634916924	1234
20130815	123	123	123	340.40200069572995	1234
20130815	123	123	123	320.61524962055097	1234
20130815	123	123	123	353.00418685052585	1234
20130815	123	123	123	389.95292850874887	1234
20130815	123	123	123	438.2857142857142	1234
20130815	123	123	123	481.1192335853864	1234
20130815	123	123	123	529.507456165724	1234
20130815	123	123	123	494.41510362382814	1234
20130815	123	123	123	403.87308384746564	1234
20130815	123	123	123	351.2361613335635	1234
20130815	123	123	123	327.2560197279478	1234
20130815	123	123	123	383.87946643210364	1234
20130815	123	123	123	416.01700335004165	1234
20130815	123	123	123	440.3425681634204	1234
20130815	123	123	123	493.7331606766346	1234
20130815	123	123	123	512.435743699828	1234
20130815	123	123	123	453.64400329261554	1234
20130815	123	123	123	334.1428571428571	1234
20130815	123	123	123	287.4285714285714	1234
20130815	123	123	123	194.0	1234
20130815	123	123	123	13.313760740252738	1234
20130815	123	123	123	11.266788523815075	1234
20130815	123	123	123	5.351240400152455	1234
20130815	123	123	123	14.182612997351761	1234
20130815	123	123	123	6.5358050423965945	1234
20130815	123	123	123	6.690796813308664	1234
20130815	123	123	123	2.005662454176047	1234
20130815	123	123	123	7.21932676611059	1234
20130815	123	123	123	1.8330426553167922	1234
20130815	123	123	123	9.894289568703678	1234
20130815	123	123	123	16.005027102284306	1234
20130815	123	123	123	1.0705244332493025	1234
20130815	123	123	123	13.419564396215453	1234
20130815	123	123	123	8.201961634704691	1234
20130815	123	123	123	13.017704995693382	1234
20130815	123	123	123	13.616540931958465	1234
20130815	123	123	123	2.491286008571203	1234
20130815	123	123	123	8.741019425600483	1234
20130815	123	123	123	2.832522988562123	1234
20130815	123	123	123	18.874902940629624	1234