time startPrice highestPrice lowestPrice endPrice transactionCount
20130815	123	123	123	0.3725325162460358	1234
20130815	123	123	123	8.969842990713328	1234
20130815	123	123	123	13.112850430535179	1234
20130815	123	123	123	4.281229611688346	1234
20130815	123	123	123	10.864132878270018	1234
20130815	123	123	123	8.853630312135632	1234
20130815	123	123	123	11.24334938180007	1234
20130815	123	123	123	11.72595509598545	1234
20130815	123	123	123	9.682065005104846	1234
20130815	123	123	123	13.504304838969778	1234
20130815	123	123	123	12.421733447923188	1234
20130815	123	123	123	17.68860437253351	1234
20130815	123	123	123	3.0460329113884477	1234
20130815	123	123	123	10.085982264819105	1234
20130815	123	123	123	7.066387890831121	1234
20130815	123	123	123	11.846828331894894	1234
20130815	123	123	123	17.818361618767714	1234
20130815	123	123	123	17.840564353314388	1234
20130815	123	123	123	19.575597790206245	1234
20130815	123	123	123	1.678704229792407	1234
20130815	123	123	123	198.23797734101757	1234
20130815	123	123	123	247.1158570188633	1234
20130815	123	123	123	290.6712205137221	1234
20130815	123	123	123	335.96073811004936	1234
20130815	123	123	123	384.6038812647762	1234
20130815	123	123	123	435.62566198320985	1234
20130815	123	123	123	487.24948997261424	1234
20130815	123	123	123	519.4743168448376	1234
20130815	123	123	123	465.42922218208196	1234
20130815	123	123	123	434.01187856043344	1234
20130815	123	123	123	398.79448082198206	1234
20130815	123	123	123	316.0	1234
20130815	123	123	123	377.1428571428571	1234
20130815	123	123	123	410.32109585282177	1234
20130815	123	123	123	449.07741730072786	1234
20130815	123	123	123	502.05486495738694	1234
20130815	123	123	123	524.0690242238246	1234
20130815	123	123	123	468.7034314711626	1234
20130815	123	123	123	425.0777307004261	1234
20130815	123	123	123	348.65574405968965	1234
20130815	123	123	123	327.12381871487287	1234
20130815	123	123	123	442.6361009412812	1234
20130815	123	123	123	499.3954480758401	1234
20130815	123	123	123	514.7178406016537	1234
20130815	123	123	123	467.56686928537533	1234
20130815	123	123	123	426.02408496587617	1234
20130815	123	123	123	377.855460626912	1234
20130815	123	123	123	324.0684263916437	1234
20130815	123	123	123	280.2595768283092	1234
20130815	123	123	123	194.0	1234
20130815	123	123	123	2.5514993021674193	1234
20130815	123	123	123	13.4309956810964	1234
20130815	123	123	123	11.856367083142468	1234
20130815	123	123	123	10.517183129972619	1234
20130815	123	123	123	6.341324368822063	1234
20130815	123	123	123	8.755394562676653	1234
20130815	123	123	123	1.7345461048898048	1234
20130815	123	123	123	14.28421415415774	1234
20130815	123	123	123	19.017143692549855	1234
20130815	123	123	123	11.037358165159826	1234
20130815	123	123	123	7.365034078349861	1234
20130815	123	123	123	8.438357348553918	1234
20130815	123	123	123	10.281290310660802	1234
20130815	123	123	123	3.611017242187342	1234
20130815	123	123	123	3.155373010604281	1234
20130815	123	123	123	18.09548039316388	1234
20130815	123	123	123	5.118276205332226	1234
20130815	123	123	123	5.057704422919467	1234
20130815	123	123	123	2.7355601728790657	1234
20130815	123	123	123	6.332918812073734	1234