time startPrice highestPrice lowestPrice endPrice transactionCount
20130815	123	123	123	1.666724694567252	1234
20130815	123	123	123	3.5050907982827773	1234
20130815	123	123	123	15.430142644950088	1234
20130815	123	123	123	10.086594160375327	1234
20130815	123	123	123	16.44912049585497	1234
20130815	123	123	123	6.150900837574378	1234
20130815	123	123	123	19.56350544646568	1234
20130815	123	123	123	4.792042954363156	1234
20130815	123	123	123	6.332619349628992	1234
20130815	123	123	123	1.084047906576786	1234
20130815	123	123	123	4.409646997126746	1234
20130815	123	123	123	6.190238043968979	1234
20130815	123	123	123	12.371151217250091	1234
20130815	123	123	123	11.261140407386318	1234
20130815	123	123	123	18.08322953612911	1234
20130815	123	123	123	8.364406797563094	1234
20130815	123	123	123	4.2388907428627505	1234
20130815	123	123	123	14.581194749289041	1234
20130815	123	123	123	19.396118401815727	1234
20130815	123	123	123	17.313338404118333	1234
20130815	123	123	123	195.54837293612118	1234
20130815	123	123	123	239.69384320325776	1234
20130815	123	123	123	293.6778539008217	1234
20130815	123	123	123	343.66945285562844	1234
20130815	123	123	123	398.84026756277007	1234
20130815	123	123	123	482.132366351312	1234
20130815	123	123	123	511.4952711569631	1234
20130815	123	123	123	436.0	1234
20130815	123	123	123	395.1205379794219	1234
20130815	123	123	123	321.24459403122296	1234
20130815	123	123	123	353.6574232580601	1234
20130815	123	123	123	377.1428571428571	1234
20130815	123	123	123	439.7231098429237	1234
20130815	123	123	123	519.7612106870329	1234
20130815	123	123	123	470.55982873658706	1234
20130815	123	123	123	434.67482214455146	1234
20130815	123	123	123	377.92717483606856	1234
20130815	123	123	123	355.38163323727696	1234
20130815	123	123	123	334.16836668591424	1234
20130815	123	123	123	362.0325173044583	1234
20130815	123	123	123	382.42857142857144	1234
20130815	123	123	123	421.3244352536833	1234
20130815	123	123	123	470.15886204676667	1234
20130815	123	123	123	505.2777470414741	1234
20130815	123	123	123	417.76985144940215	1234
20130815	123	123	123	372.0485882539111	1234
20130815	123	123	123	332.2625711907579	1234
20130815	123	123	123	287.4285714285714	1234
20130815	123	123	123	236.7611421732721	1234
20130815	123	123	123	194.0	1234
20130815	123	123	123	12.639872603367731	1234
20130815	123	123	123	9.262575227436292	1234
20130815	123	123	123	11.153468346396844	1234
20130815	123	123	123	18.767910512939377	1234
20130815	123	123	123	4.097386909976917	1234
20130815	123	123	123	1.3331443273765897	1234
20130815	123	123	123	5.151181630023627	1234
20130815	123	123	123	10.169468152596735	1234
20130815	123	123	123	7.0837273681059765	1234
20130815	123	123	123	14.15610564033688	1234
20130815	123	123	123	12.298204227885385	1234
20130815	123	123	123	10.336056282204133	1234
20130815	123	123	123	16.28289128998344	1234
20130815	123	123	123	2.2773071096850495	1234
20130815	123	123	123	9.431648014776355	1234
20130815	123	123	123	15.518291024355104	1234
20130815	123	123	123	5.235867568368404	1234
20130815	123	123	123	4.868053664279978	1234
20130815	123	123	123	8.162271316708228	1234
20130815	123	123	123	6.3474318897723965	1234