time startPrice highestPrice lowestPrice endPrice transactionCount
20130815	123	123	123	10.124013481957233	1234
20130815	123	123	123	18.184714983347245	1234
20130815	123	123	123	15.738143997631163	1234
20130815	123	123	123	2.383142000324383	1234
20130815	123	123	123	7.129192028908388	1234
20130815	123	123	123	6.05979100929567	1234
20130815	123	123	123	8.783846266607075	1234
20130815	123	123	123	17.422020113376327	1234
20130815	123	123	123	13.602331670270896	1234
20130815	123	123	123	14.29753528846707	1234
20130815	123	123	123	3.834840016849108	1234
20130815	123	123	123	8.589425028674231	1234
20130815	123	123	123	14.799461620795766	1234
20130815	123	123	123	15.306661767950756	1234
20130815	123	123	123	19.102113210967595	1234
20130815	123	123	123	1.2873069612255228	1234
20130815	123	123	123	8.777515973296504	1234
20130815	123	123	123	5.401030377286064	1234
20130815	123	123	123	16.68881989049217	1234
20130815	123	123	123	4.90888153059511	1234
20130815	123	123	123	194.8991370420556	1234
20130815	123	123	123	242.54966740688613	1234
20130815	123	123	123	292.71633909600035	1234
20130815	123	123	123	334.4113317121347	1234
20130815	123	123	123	394.0526331205797	1234
20130815	123	123	123	479.8234112934361	1234
20130815	123	123	123	521.7545479577625	1234
20130815	123	123	123	494.6776623796869	1234
20130815	123	123	123	434.3746142731283	1234
20130815	123	123	123	406.0	1234
20130815	123	123	123	342.29840346803087	1234
20130815	123	123	123	317.53617873360963	1234
20130815	123	123	123	354.0674490149488	1234
20130815	123	123	123	420.62655978431906	1234
20130815	123	123	123	475.53205952035245	1234
20130815	123	123	123	529.9132193554103	1234
20130815	123	123	123	470.85517570977544	1234
20130815	123	123	123	408.7684745293672	1234
20130815	123	123	123	356.0	1234
20130815	123	123	123	330.51620954997895	1234
20130815	123	123	123	362.0872874727849	1234
20130815	123	123	123	385.59102211190725	1234
20130815	123	123	123	410.4323046010022	1234
20130815	123	123	123	451.9052344434642	1234
20130815	123	123	123	518.0037741698648	1234
20130815	123	123	123	464.61681574486806	1234
20130815	123	123	123	424.97519731598015	1234
20130815	123	123	123	286.43416917016407	1234
20130815	123	123	123	233.4223025535095	1234
20130815	123	123	123	194.0	1234
20130815	123	123	123	3.868991599174596	1234
20130815	123	123	123	8.50975382304502	1234
20130815	123	123	123	13.779166886415616	1234
20130815	123	123	123	4.965494788992009	1234
20130815	123	123	123	0.5297914598624032	1234
20130815	123	123	123	14.433378254208861	1234
20130815	123	123	123	19.104107911724796	1234
20130815	123	123	123	17.921485467097227	1234
20130815	123	123	123	9.997392692548113	1234
20130815	123	123	123	16.60767725676559	1234
20130815	123	123	123	17.20888209607757	1234
20130815	123	123	123	17.927109294853828	1234
20130815	123	123	123	1.2784986087800942	1234
20130815	123	123	123	7.949897377648707	1234
20130815	123	123	123	2.4419432787288375	1234
20130815	123	123	123	11.06536182479713	1234
20130815	123	123	123	12.692375769077156	1234
20130815	123	123	123	17.600559011312964	1234
20130815	123	123	123	19.604368758897138	1234
20130815	123	123	123	19.779340659486618	1234