time startPrice highestPrice lowestPrice endPrice transactionCount
20130815	123	123	123	10.435624580543445	1234
20130815	123	123	123	3.374332359440353	1234
20130815	123	123	123	9.681069454843847	1234
20130815	123	123	123	14.082649798171103	1234
20130815	123	123	123	17.97199498246827	1234
20130815	123	123	123	6.5212755234863025	1234
20130815	123	123	123	6.189162572352494	1234
20130815	123	123	123	6.862505780470974	1234
20130815	123	123	123	3.979872631957948	1234
20130815	123	123	123	18.374490716479624	1234
20130815	123	123	123	8.03083423360386	1234
20130815	123	123	123	4.979565842377703	1234
20130815	123	123	123	3.578941951540826	1234
20130815	123	123	123	5.719252447869687	1234
20130815	123	123	123	19.06093915586561	1234
20130815	123	123	123	6.224899180226162	1234
20130815	123	123	123	17.686076439388344	1234
20130815	123	123	123	1.8422274877381328	1234
20130815	123	123	123	13.522099296764127	1234
20130815	123	123	123	10.657341335346702	1234
20130815	123	123	123	188.63724632795544	1234
20130815	123	123	123	243.86020963497336	1234
20130815	123	123	123	295.9466718110638	1234
20130815	123	123	123	340.03471816558374	1234
20130815	123	123	123	389.96167956122	1234
20130815	123	123	123	440.0924998136022	1234
20130815	123	123	123	480.12731671868517	1234
20130815	123	123	123	526.0	1234
20130815	123	123	123	426.86553489327895	1234
20130815	123	123	123	346.0	1234
20130815	123	123	123	322.68602982899677	1234
20130815	123	123	123	350.56373939505795	1234
20130815	123	123	123	392.23760551537015	1234
20130815	123	123	123	472.6782919273407	1234
20130815	123	123	123	499.42857142857133	1234
20130815	123	123	123	526.2154878430543	1234
20130815	123	123	123	435.7256511370005	1234
20130815	123	123	123	414.0	1234
20130815	123	123	123	379.96511565070284	1234
20130815	123	123	123	356.0	1234
20130815	123	123	123	331.14794121788947	1234
20130815	123	123	123	388.16782980957686	1234
20130815	123	123	123	410.14285714285717	1234
20130815	123	123	123	452.49658690131906	1234
20130815	123	123	123	509.7750259733687	1234
20130815	123	123	123	461.80792038069376	1234
20130815	123	123	123	416.2335628348079	1234
20130815	123	123	123	333.59710600208217	1234
20130815	123	123	123	240.71428571428567	1234
20130815	123	123	123	194.0	1234
20130815	123	123	123	11.871259548250357	1234
20130815	123	123	123	11.309429886286576	1234
20130815	123	123	123	13.049056888801378	1234
20130815	123	123	123	10.95213890409871	1234
20130815	123	123	123	19.246117034914498	1234
20130815	123	123	123	1.654750172240227	1234
20130815	123	123	123	0.3475443927816979	1234
20130815	123	123	123	0.34162607297567593	1234
20130815	123	123	123	6.111255871092858	1234
20130815	123	123	123	7.2921678161224435	1234
20130815	123	123	123	8.986761745720502	1234
20130815	123	123	123	3.3145508207963847	1234
20130815	123	123	123	9.420642258374537	1234
20130815	123	123	123	5.828033272497164	1234
20130815	123	123	123	19.38907493299826	1234
20130815	123	123	123	1.9164723309826348	1234
20130815	123	123	123	11.078271651848448	1234
20130815	123	123	123	12.438103083033917	1234
20130815	123	123	123	17.370090304581055	1234
20130815	123	123	123	18.794400738755037	1234