time startPrice highestPrice lowestPrice endPrice transactionCount
20130815	123	123	123	16.509903871999565	1234
20130815	123	123	123	1.024974335115878	1234
20130815	123	123	123	0.9272786280650713	1234
20130815	123	123	123	15.362736348827877	1234
20130815	123	123	123	1.241404515616773	1234
20130815	123	123	123	18.764343989932392	1234
20130815	123	123	123	10.72826721456451	1234
20130815	123	123	123	2.6899998868110853	1234
20130815	123	123	123	12.536259188030714	1234
20130815	123	123	123	10.016110575226879	1234
20130815	123	123	123	5.274599295791884	1234
20130815	123	123	123	19.540325082731457	1234
20130815	123	123	123	2.4938446883093923	1234
20130815	123	123	123	4.789424343592743	1234
20130815	123	123	123	16.14318781105104	1234
20130815	123	123	123	12.831706429800327	1234
20130815	123	123	123	8.880563029263897	1234
20130815	123	123	123	7.706106232109846	1234
20130815	123	123	123	16.857275568775098	1234
20130815	123	123	123	10.322189865629653	1234
20130815	123	123	123	199.958383837696	1234
20130815	123	123	123	247.06158320420911	1234
20130815	123	123	123	297.76949909981147	1234
20130815	123	123	123	387.4272643627248	1234
20130815	123	123	123	433.4146298432125	1234
20130815	123	123	123	477.57142857142867	1234
20130815	123	123	123	522.1754903346717	1234
20130815	123	123	123	492.0716035665701	1234
20130815	123	123	123	460.8673042599454	1234
20130815	123	123	123	433.5155608992616	1234
20130815	123	123	123	367.6130536149881	1234
20130815	123	123	123	322.84774278548724	1234
20130815	123	123	123	380.16021863149524	1234
20130815	123	123	123	413.03303145452253	1234
20130815	123	123	123	438.2857142857142	1234
20130815	123	123	123	473.8195492279966	1234
20130815	123	123	123	504.9051229856639	1234
20130815	123	123	123	377.8132159531216	1234
20130815	123	123	123	355.0887363210169	1234
20130815	123	123	123	332.26188992013084	1234
20130815	123	123	123	354.7142857142857	1234
20130815	123	123	123	388.41854128869903	1234
20130815	123	123	123	456.89320820630707	1234
20130815	123	123	123	517.5346838245235	1234
20130815	123	123	123	458.8592354890127	1234
20130815	123	123	123	369.0168335320869	1234
20130815	123	123	123	332.0605311538014	1234
20130815	123	123	123	285.85211854918913	1234
20130815	123	123	123	231.96918356322684	1234
20130815	123	123	123	194.0	1234
20130815	123	123	123	4.2559162901275815	1234
20130815	123	123	123	12.746636974750542	1234
20130815	123	123	123	4.698300001545221	1234
20130815	123	123	123	2.9736697846500193	1234
20130815	123	123	123	19.241063533383063	1234
20130815	123	123	123	7.692362874332033	1234
20130815	123	123	123	2.9349493800273296	1234
20130815	123	123	123	19.13867356461783	1234
20130815	123	123	123	14.046664343343915	1234
20130815	123	123	123	9.592654193092736	1234
20130815	123	123	123	4.549125843936412	1234
20130815	123	123	123	8.002381470219188	1234
20130815	123	123	123	15.208881133431733	1234
20130815	123	123	123	19.949031770550725	1234
20130815	123	123	123	1.6830581738843886	1234
20130815	123	123	123	9.887917143739294	1234
20130815	123	123	123	2.9394068402875617	1234
20130815	123	123	123	6.296559781151945	1234
20130815	123	123	123	3.801339310627889	1234
20130815	123	123	123	11.83372361219578	1234