time startPrice highestPrice lowestPrice endPrice transactionCount
20130815	123	123	123	14.98550099947154	1234
20130815	123	123	123	9.939860031760388	1234
20130815	123	123	123	2.0884946333262677	1234
20130815	123	123	123	15.87018913287697	1234
20130815	123	123	123	3.5916509495419624	1234
20130815	123	123	123	16.551872673100345	1234
20130815	123	123	123	14.2497468218174	1234
20130815	123	123	123	16.65957840109724	1234
20130815	123	123	123	3.576448710510376	1234
20130815	123	123	123	18.040714804885347	1234
20130815	123	123	123	2.244487319157913	1234
20130815	123	123	123	0.05246993108922515	1234
20130815	123	123	123	6.355112330866872	1234
20130815	123	123	123	13.397854713752936	1234
20130815	123	123	123	3.4185339235072987	1234
20130815	123	123	123	15.618136402190345	1234
20130815	123	123	123	9.493825558690105	1234
20130815	123	123	123	18.429770025786606	1234
20130815	123	123	123	18.794754514500962	1234
20130815	123	123	123	18.62782951756985	1234
20130815	123	123	123	190.39222657760067	1234
20130815	123	123	123	284.5452372622256	1234
20130815	123	123	123	341.99891088693744	1234
20130815	123	123	123	405.22996699531296	1234
20130815	123	123	123	482.0233518277539	1234
20130815	123	123	123	522.4122824931706	1234
20130815	123	123	123	494.7916404299423	1234
20130815	123	123	123	450.4901751026004	1234
20130815	123	123	123	370.80529771557775	1234
20130815	123	123	123	340.32897561073673	1234
20130815	123	123	123	316.82972669807907	1234
20130815	123	123	123	382.5923031070107	1234
20130815	123	123	123	433.10807866209416	1234
20130815	123	123	123	528.4605991693529	1234
20130815	123	123	123	496.9387636277349	1234
20130815	123	123	123	467.2314736690479	1234
20130815	123	123	123	438.8718403712021	1234
20130815	123	123	123	414.0	1234
20130815	123	123	123	349.69334728428026	1234
20130815	123	123	123	332.43987661678074	1234
20130815	123	123	123	354.7142857142857	1234
20130815	123	123	123	440.0545314919116	1234
20130815	123	123	123	470.2254486615825	1234
20130815	123	123	123	521.0	1234
20130815	123	123	123	472.7112631578085	1234
20130815	123	123	123	427.57142857142856	1234
20130815	123	123	123	376.24758437646454	1234
20130815	123	123	123	277.7378531425216	1234
20130815	123	123	123	240.71428571428567	1234
20130815	123	123	123	194.0	1234
20130815	123	123	123	14.88423806283808	1234
20130815	123	123	123	14.553274719733814	1234
20130815	123	123	123	16.374147265393265	1234
20130815	123	123	123	1.1889830785747435	1234
20130815	123	123	123	5.151018808833068	1234
20130815	123	123	123	8.672563665114899	1234
20130815	123	123	123	7.206413338393707	1234
20130815	123	123	123	14.068374311626247	1234
20130815	123	123	123	6.120218274043037	1234
20130815	123	123	123	5.115142208865304	1234
20130815	123	123	123	18.395665330429676	1234
20130815	123	123	123	0.6599213385568303	1234
20130815	123	123	123	14.758229304362349	1234
20130815	123	123	123	16.71710115263521	1234
20130815	123	123	123	19.10145979255329	1234
20130815	123	123	123	3.4785993694655626	1234
20130815	123	123	123	9.198174900097849	1234
20130815	123	123	123	18.886462835275925	1234
20130815	123	123	123	3.114855956321545	1234
20130815	123	123	123	3.112712640504456	1234