time startPrice highestPrice lowestPrice endPrice transactionCount
20130815	123	123	123	0.3025618856644141	1234
20130815	123	123	123	17.836626334387784	1234
20130815	123	123	123	14.73375092982749	1234
20130815	123	123	123	9.74256524143303	1234
20130815	123	123	123	12.668099752024888	1234
20130815	123	123	123	2.1702006469818147	1234
20130815	123	123	123	3.4312656620937187	1234
20130815	123	123	123	8.134339988139557	1234
20130815	123	123	123	17.060587568282273	1234
20130815	123	123	123	15.606810992309102	1234
20130815	123	123	123	7.2054818452784986	1234
20130815	123	123	123	18.443777018037938	1234
20130815	123	123	123	15.974821557459087	1234
20130815	123	123	123	7.886732216836925	1234
20130815	123	123	123	14.518373424820155	1234
20130815	123	123	123	17.215036860844513	1234
20130815	123	123	123	9.34650079175281	1234
20130815	123	123	123	10.745497422310478	1234
20130815	123	123	123	0.3762946029128855	1234
20130815	123	123	123	5.635894342444477	1234
20130815	123	123	123	187.0	1234
20130815	123	123	123	380.7142857142858	1234
20130815	123	123	123	430.5280260992138	1234
20130815	123	123	123	480.2490197177943	1234
20130815	123	123	123	523.8574507355887	1234
20130815	123	123	123	465.76893973564717	1234
20130815	123	123	123	429.5302647536439	1234
20130815	123	123	123	400.97086687612114	1234
20130815	123	123	123	371.62838082541253	1234
20130815	123	123	123	338.1098243424057	1234
20130815	123	123	123	337.9312953684362	1234
20130815	123	123	123	410.78041546563054	1234
20130815	123	123	123	438.2857142857142	1234
20130815	123	123	123	476.0682823400556	1234
20130815	123	123	123	528.6997091285504	1234
20130815	123	123	123	495.2263870540323	1234
20130815	123	123	123	470.0741496652548	1234
20130815	123	123	123	431.84905718376694	1234
20130815	123	123	123	373.22638388036194	1234
20130815	123	123	123	328.1066742489256	1234
20130815	123	123	123	361.6013345160806	1234
20130815	123	123	123	382.42857142857144	1234
20130815	123	123	123	437.8571428571429	1234
20130815	123	123	123	466.28972381783893	1234
20130815	123	123	123	520.5464446131234	1234
20130815	123	123	123	467.2310929561452	1234
20130815	123	123	123	411.3844483159404	1234
20130815	123	123	123	329.5429095814993	1234
20130815	123	123	123	273.7122871895671	1234
20130815	123	123	123	194.0	1234
20130815	123	123	123	18.400134710481048	1234
20130815	123	123	123	6.342904083302825	1234
20130815	123	123	123	13.373931900677224	1234
20130815	123	123	123	15.411209850830971	1234
20130815	123	123	123	2.198998700686494	1234
20130815	123	123	123	6.643112548063965	1234
20130815	123	123	123	7.418137510114715	1234
20130815	123	123	123	6.542395877192386	1234
20130815	123	123	123	3.6702073411964653	1234
20130815	123	123	123	3.9808357083868695	1234
20130815	123	123	123	4.367624821432152	1234
20130815	123	123	123	15.851375998991646	1234
20130815	123	123	123	9.710003831752203	1234
20130815	123	123	123	5.411879572831337	1234
20130815	123	123	123	1.9690000808786912	1234
20130815	123	123	123	0.26332536369693127	1234
20130815	123	123	123	3.431403676034226	1234
20130815	123	123	123	6.4345768560021295	1234
20130815	123	123	123	5.239165199658298	1234
20130815	123	123	123	4.663247518667086	1234