time startPrice highestPrice lowestPrice endPrice transactionCount
20130815	123	123	123	5.611827498791355	1234
20130815	123	123	123	15.88208841961616	1234
20130815	123	123	123	17.576471145124685	1234
20130815	123	123	123	9.317158239983819	1234
20130815	123	123	123	8.534614685475773	1234
20130815	123	123	123	6.640736218205148	1234
20130815	123	123	123	12.55770137329312	1234
20130815	123	123	123	2.2518865749162265	1234
20130815	123	123	123	4.78172854460886	1234
20130815	123	123	123	17.791170194415727	1234
20130815	123	123	123	8.961124399470936	1234
20130815	123	123	123	4.585949277623971	1234
20130815	123	123	123	7.752148007916375	1234
20130815	123	123	123	12.157113595089491	1234
20130815	123	123	123	13.576623051099656	1234
20130815	123	123	123	5.1807761741800835	1234
20130815	123	123	123	8.840950131181689	1234
20130815	123	123	123	4.154378694512253	1234
20130815	123	123	123	5.288852170815899	1234
20130815	123	123	123	19.32886831767942	1234
20130815	123	123	123	188.23139646562615	1234
20130815	123	123	123	242.43359219953913	1234
20130815	123	123	123	288.95011554224016	1234
20130815	123	123	123	338.91741332701656	1234
20130815	123	123	123	385.7275878392824	1234
20130815	123	123	123	429.1428571428572	1234
20130815	123	123	123	522.2965395699312	1234
20130815	123	123	123	495.74949930887556	1234
20130815	123	123	123	404.06658081619213	1234
20130815	123	123	123	341.25241947263845	1234
20130815	123	123	123	316.0	1234
20130815	123	123	123	348.52570778686675	1234
20130815	123	123	123	380.3052722658191	1234
20130815	123	123	123	408.57468085900064	1234
20130815	123	123	123	439.4578000534316	1234
20130815	123	123	123	477.1374177086574	1234
20130815	123	123	123	528.03451778264	1234
20130815	123	123	123	493.6381646707279	1234
20130815	123	123	123	410.44191470889257	1234
20130815	123	123	123	331.86893514472325	1234
20130815	123	123	123	359.6830305514572	1234
20130815	123	123	123	382.59607543166095	1234
20130815	123	123	123	410.72313374582694	1234
20130815	123	123	123	472.17307038268984	1234
20130815	123	123	123	517.2364539468141	1234
20130815	123	123	123	445.65953745696544	1234
20130815	123	123	123	325.02377460958485	1234
20130815	123	123	123	284.8249657635559	1234
20130815	123	123	123	232.92557602503283	1234
20130815	123	123	123	194.0	1234
20130815	123	123	123	14.30616925060759	1234
20130815	123	123	123	3.725392053764063	1234
20130815	123	123	123	4.341796762134697	1234
20130815	123	123	123	12.557110285862397	1234
20130815	123	123	123	4.84258877315511	1234
20130815	123	123	123	14.237518441391286	1234
20130815	123	123	123	15.116230417726262	1234
20130815	123	123	123	16.30189633449075	1234
20130815	123	123	123	13.541777464691883	1234
20130815	123	123	123	9.736410475691237	1234
20130815	123	123	123	10.062283954128661	1234
20130815	123	123	123	1.950821366130262	1234
20130815	123	123	123	10.749732850804063	1234
20130815	123	123	123	14.308909026908482	1234
20130815	123	123	123	15.573863083589622	1234
20130815	123	123	123	9.921469805550544	1234
20130815	123	123	123	2.7905044625436326	1234
20130815	123	123	123	14.298283691086537	1234
20130815	123	123	123	9.361196318192334	1234
20130815	123	123	123	1.2486177255787978	1234