time startPrice highestPrice lowestPrice endPrice transactionCount
20130815	123	123	123	15.665628923049812	1234
20130815	123	123	123	12.49591757104598	1234
20130815	123	123	123	14.989252023421844	1234
20130815	123	123	123	12.124995601861045	1234
20130815	123	123	123	10.267769456073157	1234
20130815	123	123	123	17.43771361199915	1234
20130815	123	123	123	8.679383565385606	1234
20130815	123	123	123	14.25029041644974	1234
20130815	123	123	123	7.029363697011426	1234
20130815	123	123	123	17.68810855653	1234
20130815	123	123	123	12.788804767917068	1234
20130815	123	123	123	19.3355013423822	1234
20130815	123	123	123	19.33356631768116	1234
20130815	123	123	123	9.758969527485888	1234
20130815	123	123	123	18.244279298995504	1234
20130815	123	123	123	10.636044214975742	1234
20130815	123	123	123	7.5354419772473875	1234
20130815	123	123	123	9.793755523188143	1234
20130815	123	123	123	0.8462722370054743	1234
20130815	123	123	123	1.1918043816713175	1234
20130815	123	123	123	188.06706478614868	1234
20130815	123	123	123	240.6094315738506	1234
20130815	123	123	123	292.5421673334188	1234
20130815	123	123	123	382.52084017303866	1234
20130815	123	123	123	439.7952012237412	1234
20130815	123	123	123	522.0163350680814	1234
20130815	123	123	123	492.4176701141173	1234
20130815	123	123	123	465.2001108264522	1234
20130815	123	123	123	434.23225914507367	1234
20130815	123	123	123	404.01696781934896	1234
20130815	123	123	123	338.65953037819867	1234
20130815	123	123	123	334.52589200546186	1234
20130815	123	123	123	407.71428571428567	1234
20130815	123	123	123	529.4741883277378	1234
20130815	123	123	123	472.0	1234
20130815	123	123	123	436.29625642900646	1234
20130815	123	123	123	414.0	1234
20130815	123	123	123	348.7179733825271	1234
20130815	123	123	123	332.4754141779766	1234
20130815	123	123	123	355.4640140295676	1234
20130815	123	123	123	448.5747342668701	1234
20130815	123	123	123	499.78710779188367	1234
20130815	123	123	123	516.1965202148975	1234
20130815	123	123	123	464.8766255152986	1234
20130815	123	123	123	420.14713358149845	1234
20130815	123	123	123	377.283382678099	1234
20130815	123	123	123	331.96169576122014	1234
20130815	123	123	123	275.700051113162	1234
20130815	123	123	123	229.69413724872385	1234
20130815	123	123	123	194.0	1234
20130815	123	123	123	11.155096599707715	1234
20130815	123	123	123	2.014414247125207	1234
20130815	123	123	123	15.992230245711754	1234
20130815	123	123	123	5.112174359058392	1234
20130815	123	123	123	7.2555228635570685	1234
20130815	123	123	123	9.42430365615099	1234
20130815	123	123	123	5.722569215343347	1234
20130815	123	123	123	8.888425990829425	1234
20130815	123	123	123	1.6610354065894284	1234
20130815	123	123	123	4.697448749803861	1234
20130815	123	123	123	2.3331502808881455	1234
20130815	123	123	123	12.392225870706962	1234
20130815	123	123	123	13.754223136028124	1234
20130815	123	123	123	7.797703153460203	1234
20130815	123	123	123	7.192549807345929	1234
20130815	123	123	123	10.644893661747082	1234
20130815	123	123	123	15.296353711528743	1234
20130815	123	123	123	16.10967951495903	1234
20130815	123	123	123	13.421953656899618	1234
20130815	123	123	123	9.492775156392565	1234