time startPrice highestPrice lowestPrice endPrice transactionCount
20130815	123	123	123	11.812293247323298	1234
20130815	123	123	123	11.966703635627677	1234
20130815	123	123	123	1.41694990473757	1234
20130815	123	123	123	17.60224638233969	1234
20130815	123	123	123	19.338102580700514	1234
20130815	123	123	123	6.820551594910209	1234
20130815	123	123	123	3.8024583496606335	1234
20130815	123	123	123	4.565849905171142	1234
20130815	123	123	123	18.40985161759996	1234
20130815	123	123	123	1.1535748026490222	1234
20130815	123	123	123	8.073932348488423	1234
20130815	123	123	123	18.067026582045614	1234
20130815	123	123	123	13.187810803270438	1234
20130815	123	123	123	15.146563049396601	1234
20130815	123	123	123	1.7426056872759088	1234
20130815	123	123	123	4.132901540444429	1234
20130815	123	123	123	12.03828323839799	1234
20130815	123	123	123	2.549035327881577	1234
20130815	123	123	123	4.663859114978459	1234
20130815	123	123	123	12.30632672151437	1234
20130815	123	123	123	193.8362994857081	1234
20130815	123	123	123	241.20363319000307	1234
20130815	123	123	123	283.8571428571429	1234
20130815	123	123	123	335.4710315698205	1234
20130815	123	123	123	388.2509583695419	1234
20130815	123	123	123	444.4723708365484	1234
20130815	123	123	123	525.5988063857809	1234
20130815	123	123	123	494.48909378246486	1234
20130815	123	123	123	461.8052202129217	1234
20130815	123	123	123	428.26409539547166	1234
20130815	123	123	123	343.95330832006226	1234
20130815	123	123	123	316.0	1234
20130815	123	123	123	470.8433135809164	1234
20130815	123	123	123	500.38906605788156	1234
20130815	123	123	123	526.9884424021681	1234
20130815	123	123	123	488.67533798316816	1234
20130815	123	123	123	440.71137784056947	1234
20130815	123	123	123	408.39900717994243	1234
20130815	123	123	123	380.8297985494429	1234
20130815	123	123	123	354.8878194705136	1234
20130815	123	123	123	327.0	1234
20130815	123	123	123	422.3308675211628	1234
20130815	123	123	123	469.4859881524979	1234
20130815	123	123	123	497.41683015628945	1234
20130815	123	123	123	517.362954485263	1234
20130815	123	123	123	474.2857142857143	1234
20130815	123	123	123	375.7113170884929	1234
20130815	123	123	123	318.0004958510119	1234
20130815	123	123	123	227.90154116368757	1234
20130815	123	123	123	194.0	1234
20130815	123	123	123	1.2949575234200505	1234
20130815	123	123	123	18.437887506190517	1234
20130815	123	123	123	9.580426659801278	1234
20130815	123	123	123	17.04711576950125	1234
20130815	123	123	123	3.298237776758468	1234
20130815	123	123	123	7.774549396000379	1234
20130815	123	123	123	10.69876732805124	1234
20130815	123	123	123	7.507778277881001	1234
20130815	123	123	123	12.477799466118437	1234
20130815	123	123	123	19.175327601038386	1234
20130815	123	123	123	5.401745485320914	1234
20130815	123	123	123	5.576942752315817	1234
20130815	123	123	123	4.825673926168481	1234
20130815	123	123	123	4.4228862130923225	1234
20130815	123	123	123	16.09530127227285	1234
20130815	123	123	123	1.0094386459042992	1234
20130815	123	123	123	3.3141696918304797	1234
20130815	123	123	123	10.985102911867145	1234
20130815	123	123	123	16.70632663199459	1234
20130815	123	123	123	2.0127886405848305	1234