time startPrice highestPrice lowestPrice endPrice transactionCount
20130815	123	123	123	14.991424316103794	1234
20130815	123	123	123	7.909906149307919	1234
20130815	123	123	123	14.42602049915347	1234
20130815	123	123	123	3.863523225837795	1234
20130815	123	123	123	4.1277270317097265	1234
20130815	123	123	123	17.386868937465735	1234
20130815	123	123	123	11.198493863363431	1234
20130815	123	123	123	1.807217671221868	1234
20130815	123	123	123	5.284901994063269	1234
20130815	123	123	123	11.627767660366272	1234
20130815	123	123	123	0.677535331540633	1234
20130815	123	123	123	1.2216525785977117	1234
20130815	123	123	123	1.9101242602507007	1234
20130815	123	123	123	2.2892385999721387	1234
20130815	123	123	123	0.38180848863347716	1234
20130815	123	123	123	19.808359575140393	1234
20130815	123	123	123	11.538888833273287	1234
20130815	123	123	123	10.894113378811259	1234
20130815	123	123	123	12.91667064447019	1234
20130815	123	123	123	17.67498828368208	1234
20130815	123	123	123	192.88561411704643	1234
20130815	123	123	123	242.3717538685222	1234
20130815	123	123	123	291.58814442526176	1234
20130815	123	123	123	341.4608921120018	1234
20130815	123	123	123	384.4707061749605	1234
20130815	123	123	123	438.8049259737731	1234
20130815	123	123	123	478.8883845886552	1234
20130815	123	123	123	525.801837124578	1234
20130815	123	123	123	476.0274723062116	1234
20130815	123	123	123	398.74366758379597	1234
20130815	123	123	123	373.2424154296409	1234
20130815	123	123	123	343.58725081884	1234
20130815	123	123	123	324.3636877429179	1234
20130815	123	123	123	401.8381369988719	1234
20130815	123	123	123	526.6696423026019	1234
20130815	123	123	123	499.9806178431772	1234
20130815	123	123	123	469.921586638382	1234
20130815	123	123	123	404.97349274380946	1234
20130815	123	123	123	351.5919761189957	1234
20130815	123	123	123	331.95248839302195	1234
20130815	123	123	123	364.616949450814	1234
20130815	123	123	123	418.53702812316834	1234
20130815	123	123	123	468.6757873704127	1234
20130815	123	123	123	495.10124021289687	1234
20130815	123	123	123	510.6392645350626	1234
20130815	123	123	123	377.90100869321105	1234
20130815	123	123	123	325.3651676139517	1234
20130815	123	123	123	287.33347565864057	1234
20130815	123	123	123	240.71428571428567	1234
20130815	123	123	123	194.0	1234
20130815	123	123	123	12.564484100588436	1234
20130815	123	123	123	3.2236688616481968	1234
20130815	123	123	123	5.077257149163302	1234
20130815	123	123	123	0.8047159863447861	1234
20130815	123	123	123	13.967074895285041	1234
20130815	123	123	123	11.080657909177166	1234
20130815	123	123	123	10.072617835457311	1234
20130815	123	123	123	2.1286746675897383	1234
20130815	123	123	123	17.08016272954505	1234
20130815	123	123	123	13.650290984697298	1234
20130815	123	123	123	18.28655356774525	1234
20130815	123	123	123	12.907081765355828	1234
20130815	123	123	123	10.054205794157303	1234
20130815	123	123	123	16.79961683007431	1234
20130815	123	123	123	13.88533460858137	1234
20130815	123	123	123	16.050543891452186	1234
20130815	123	123	123	12.884223677654855	1234
20130815	123	123	123	5.394047688182935	1234
20130815	123	123	123	2.102015695138424	1234
20130815	123	123	123	12.563789710236094	1234