time startPrice highestPrice lowestPrice endPrice transactionCount
20130815	123	123	123	11.895154639452157	1234
20130815	123	123	123	11.924892097381761	1234
20130815	123	123	123	4.87405801057605	1234
20130815	123	123	123	2.754659849502059	1234
20130815	123	123	123	5.586825657345678	1234
20130815	123	123	123	17.874605972544998	1234
20130815	123	123	123	8.380133251580801	1234
20130815	123	123	123	5.608526343022793	1234
20130815	123	123	123	2.913784821281047	1234
20130815	123	123	123	10.846630190992874	1234
20130815	123	123	123	10.247728240827856	1234
20130815	123	123	123	8.306891071684246	1234
20130815	123	123	123	7.8848689366647	1234
20130815	123	123	123	14.874251758369109	1234
20130815	123	123	123	4.190063709209932	1234
20130815	123	123	123	11.342139039262936	1234
20130815	123	123	123	6.830616579451247	1234
20130815	123	123	123	3.318674162503299	1234
20130815	123	123	123	12.000356892440324	1234
20130815	123	123	123	12.266699814303848	1234
20130815	123	123	123	201.3571414938324	1234
20130815	123	123	123	287.2683632173018	1234
20130815	123	123	123	391.50139841526874	1234
20130815	123	123	123	479.9609366563486	1234
20130815	123	123	123	522.9816293544976	1234
20130815	123	123	123	496.0	1234
20130815	123	123	123	463.8625985911812	1234
20130815	123	123	123	433.9813496025901	1234
20130815	123	123	123	401.61046363011644	1234
20130815	123	123	123	344.1070438182603	1234
20130815	123	123	123	316.0	1234
20130815	123	123	123	354.2388635481167	1234
20130815	123	123	123	390.11363499501255	1234
20130815	123	123	123	445.60575433077014	1234
20130815	123	123	123	499.42857142857133	1234
20130815	123	123	123	523.5752685952043	1234
20130815	123	123	123	435.9300841531398	1234
20130815	123	123	123	413.827943134574	1234
20130815	123	123	123	384.8875761515467	1234
20130815	123	123	123	329.4046459029749	1234
20130815	123	123	123	370.9455506709302	1234
20130815	123	123	123	438.61281431786585	1234
20130815	123	123	123	470.9955180431956	1234
20130815	123	123	123	497.1702493317299	1234
20130815	123	123	123	520.3491343136844	1234
20130815	123	123	123	471.12027081140207	1234
20130815	123	123	123	371.2981178278422	1234
20130815	123	123	123	325.24040515312794	1234
20130815	123	123	123	229.63718312806006	1234
20130815	123	123	123	194.0	1234
20130815	123	123	123	17.155048437290347	1234
20130815	123	123	123	16.110584886172436	1234
20130815	123	123	123	16.07093070713381	1234
20130815	123	123	123	2.8644309849206517	1234
20130815	123	123	123	12.822693989780745	1234
20130815	123	123	123	16.429144024353516	1234
20130815	123	123	123	12.65666339192154	1234
20130815	123	123	123	9.995574084895358	1234
20130815	123	123	123	19.916438976160237	1234
20130815	123	123	123	6.115890076879729	1234
20130815	123	123	123	13.681242367506524	1234
20130815	123	123	123	3.016284670179108	1234
20130815	123	123	123	13.433795380453065	1234
20130815	123	123	123	1.4843251514423117	1234
20130815	123	123	123	3.0292177331317816	1234
20130815	123	123	123	5.84951655665471	1234
20130815	123	123	123	9.946228505784704	1234
20130815	123	123	123	4.174225829363247	1234
20130815	123	123	123	7.03637954683251	1234
20130815	123	123	123	7.584827921572293	1234