time startPrice highestPrice lowestPrice endPrice transactionCount
20130815	123	123	123	2.0932366828322913	1234
20130815	123	123	123	8.140349281248369	1234
20130815	123	123	123	13.819424150118536	1234
20130815	123	123	123	12.682406367741144	1234
20130815	123	123	123	12.544945785647778	1234
20130815	123	123	123	9.271204898380855	1234
20130815	123	123	123	12.939946413735257	1234
20130815	123	123	123	16.332017591943302	1234
20130815	123	123	123	16.051164877479785	1234
20130815	123	123	123	19.400461125709988	1234
20130815	123	123	123	6.5492528132892724	1234
20130815	123	123	123	19.085927060641318	1234
20130815	123	123	123	1.328792536041854	1234
20130815	123	123	123	5.8721802501048925	1234
20130815	123	123	123	6.029789932878282	1234
20130815	123	123	123	7.502843486811381	1234
20130815	123	123	123	7.163967570494066	1234
20130815	123	123	123	15.05052790552365	1234
20130815	123	123	123	3.0200049211831037	1234
20130815	123	123	123	16.747553646690374	1234
20130815	123	123	123	198.9109060649296	1234
20130815	123	123	123	289.91612583888997	1234
20130815	123	123	123	341.6153368524705	1234
20130815	123	123	123	391.84746703148664	1234
20130815	123	123	123	442.7900383122954	1234
20130815	123	123	123	485.17306581195857	1234
20130815	123	123	123	523.8837153045472	1234
20130815	123	123	123	490.9507229249534	1234
20130815	123	123	123	466.0	1234
20130815	123	123	123	400.7911350644914	1234
20130815	123	123	123	318.2042652221145	1234
20130815	123	123	123	411.53124750355954	1234
20130815	123	123	123	444.2743848832159	1234
20130815	123	123	123	475.9852051742085	1234
20130815	123	123	123	524.6193112177384	1234
20130815	123	123	123	469.65955484039705	1234
20130815	123	123	123	441.462475034501	1234
20130815	123	123	123	408.4947934667262	1234
20130815	123	123	123	348.0980524853545	1234
20130815	123	123	123	328.9895725680377	1234
20130815	123	123	123	360.43740564099517	1234
20130815	123	123	123	382.729319580819	1234
20130815	123	123	123	416.8176942144325	1234
20130815	123	123	123	478.2435327333323	1234
20130815	123	123	123	510.4895753537215	1234
20130815	123	123	123	425.39432204101024	1234
20130815	123	123	123	375.8143229809107	1234
20130815	123	123	123	324.30948982145253	1234
20130815	123	123	123	269.1733504406382	1234
20130815	123	123	123	194.0	1234
20130815	123	123	123	16.09591060716107	1234
20130815	123	123	123	13.50188231149363	1234
20130815	123	123	123	3.483552862932646	1234
20130815	123	123	123	18.78475904579707	1234
20130815	123	123	123	14.742015867732592	1234
20130815	123	123	123	8.119985166254388	1234
20130815	123	123	123	4.987451142885702	1234
20130815	123	123	123	2.4044453793857823	1234
20130815	123	123	123	5.15445993057048	1234
20130815	123	123	123	5.233807944096995	1234
20130815	123	123	123	2.9173224350918736	1234
20130815	123	123	123	10.596968382573245	1234
20130815	123	123	123	13.18061124701142	1234
20130815	123	123	123	4.85108988311401	1234
20130815	123	123	123	13.252411069027145	1234
20130815	123	123	123	9.721834965835722	1234
20130815	123	123	123	7.006564905231896	1234
20130815	123	123	123	12.928778113664805	1234
20130815	123	123	123	17.04258370227492	1234
20130815	123	123	123	14.464920276477233	1234