time startPrice highestPrice lowestPrice endPrice transactionCount
20130815	123	123	123	9.871898209577507	1234
20130815	123	123	123	4.897067407900084	1234
20130815	123	123	123	3.2624042671622733	1234
20130815	123	123	123	19.948143488961144	1234
20130815	123	123	123	7.843495122993273	1234
20130815	123	123	123	10.423295683428629	1234
20130815	123	123	123	15.301382590070602	1234
20130815	123	123	123	15.460605462004349	1234
20130815	123	123	123	19.834228746048463	1234
20130815	123	123	123	8.275432506096207	1234
20130815	123	123	123	2.392170553435564	1234
20130815	123	123	123	19.701379708806364	1234
20130815	123	123	123	13.409797082939681	1234
20130815	123	123	123	15.975502553023038	1234
20130815	123	123	123	3.312230042893749	1234
20130815	123	123	123	15.067723519519326	1234
20130815	123	123	123	10.213996735560276	1234
20130815	123	123	123	13.666393916455066	1234
20130815	123	123	123	13.119105471912745	1234
20130815	123	123	123	16.747075387084397	1234
20130815	123	123	123	190.63310998347438	1234
20130815	123	123	123	235.42857142857144	1234
20130815	123	123	123	287.51842372008963	1234
20130815	123	123	123	352.78241162760554	1234
20130815	123	123	123	434.87785842700924	1234
20130815	123	123	123	486.4854409353699	1234
20130815	123	123	123	524.4943058557961	1234
20130815	123	123	123	466.0	1234
20130815	123	123	123	432.9428472601593	1234
20130815	123	123	123	397.65074467394754	1234
20130815	123	123	123	370.13484104784465	1234
20130815	123	123	123	341.1800656228846	1234
20130815	123	123	123	337.84025103518684	1234
20130815	123	123	123	453.24028593442716	1234
20130815	123	123	123	505.5785924643984	1234
20130815	123	123	123	516.7876230781486	1234
20130815	123	123	123	454.2074013164985	1234
20130815	123	123	123	379.44448991411736	1234
20130815	123	123	123	349.6417224016721	1234
20130815	123	123	123	329.6592027884869	1234
20130815	123	123	123	437.8571428571429	1234
20130815	123	123	123	466.2861722212663	1234
20130815	123	123	123	499.1956316785536	1234
20130815	123	123	123	519.5505318234206	1234
20130815	123	123	123	472.80886076101115	1234
20130815	123	123	123	424.9459180339245	1234
20130815	123	123	123	379.1898530777283	1234
20130815	123	123	123	277.57665274909243	1234
20130815	123	123	123	240.71428571428567	1234
20130815	123	123	123	194.0	1234
20130815	123	123	123	6.278230537289653	1234
20130815	123	123	123	2.70821159072427	1234
20130815	123	123	123	6.184174632429807	1234
20130815	123	123	123	11.40619267058443	1234
20130815	123	123	123	2.3218844416205076	1234
20130815	123	123	123	9.92665961563767	1234
20130815	123	123	123	1.8786958446827295	1234
20130815	123	123	123	4.264552989557046	1234
20130815	123	123	123	18.121324600481262	1234
20130815	123	123	123	14.740621355715	1234
20130815	123	123	123	3.3278116794165435	1234
20130815	123	123	123	12.25771350105026	1234
20130815	123	123	123	16.60730653924552	1234
20130815	123	123	123	2.5093951467816744	1234
20130815	123	123	123	11.542681203032771	1234
20130815	123	123	123	19.92209143462697	1234
20130815	123	123	123	0.5576184762733494	1234
20130815	123	123	123	4.178320132781186	1234
20130815	123	123	123	4.76045571263545	1234
20130815	123	123	123	14.183420360716042	1234