time startPrice highestPrice lowestPrice endPrice transactionCount
20130815	123	123	123	18.8690694334368	1234
20130815	123	123	123	0.11086618152986727	1234
20130815	123	123	123	4.0386446490717525	1234
20130815	123	123	123	19.731342723115638	1234
20130815	123	123	123	5.932258468949825	1234
20130815	123	123	123	16.304558771508454	1234
20130815	123	123	123	19.63400674847948	1234
20130815	123	123	123	19.941565571619705	1234
20130815	123	123	123	16.90621972114617	1234
20130815	123	123	123	0.3276029479278497	1234
20130815	123	123	123	1.6236692611969739	1234
20130815	123	123	123	0.24707836389334048	1234
20130815	123	123	123	17.400264962946494	1234
20130815	123	123	123	13.976814268993326	1234
20130815	123	123	123	16.021991012627122	1234
20130815	123	123	123	16.174740575777086	1234
20130815	123	123	123	13.1185008280621	1234
20130815	123	123	123	13.672906758988411	1234
20130815	123	123	123	10.716320532576473	1234
20130815	123	123	123	18.634171540451806	1234
20130815	123	123	123	196.56606545931163	1234
20130815	123	123	123	259.1923967979787	1234
20130815	123	123	123	337.05065410274665	1234
20130815	123	123	123	390.49788750944674	1234
20130815	123	123	123	486.2370394436522	1234
20130815	123	123	123	520.666204440114	1234
20130815	123	123	123	461.39592179339934	1234
20130815	123	123	123	406.0	1234
20130815	123	123	123	374.9829699821779	1234
20130815	123	123	123	341.19990804112075	1234
20130815	123	123	123	316.0	1234
20130815	123	123	123	351.39477153016185	1234
20130815	123	123	123	391.6767648007026	1234
20130815	123	123	123	470.5847600677806	1234
20130815	123	123	123	500.76381759084614	1234
20130815	123	123	123	521.3705917265328	1234
20130815	123	123	123	440.2038593711176	1234
20130815	123	123	123	410.67158093124687	1234
20130815	123	123	123	355.42824795637466	1234
20130815	123	123	123	327.0	1234
20130815	123	123	123	419.5549532838917	1234
20130815	123	123	123	467.6137930022261	1234
20130815	123	123	123	496.70106667592427	1234
20130815	123	123	123	518.6060173554654	1234
20130815	123	123	123	452.5293886624672	1234
20130815	123	123	123	374.859055911735	1234
20130815	123	123	123	323.08651822958916	1234
20130815	123	123	123	276.5818492552079	1234
20130815	123	123	123	237.06210906376384	1234
20130815	123	123	123	194.0	1234
20130815	123	123	123	10.876014714796975	1234
20130815	123	123	123	12.339510380063825	1234
20130815	123	123	123	6.7934751210821425	1234
20130815	123	123	123	12.738304166119828	1234
20130815	123	123	123	19.123743073183366	1234
20130815	123	123	123	11.930551310528582	1234
20130815	123	123	123	7.759002784432365	1234
20130815	123	123	123	0.8834489806343604	1234
20130815	123	123	123	0.06759806977518101	1234
20130815	123	123	123	14.653482662773179	1234
20130815	123	123	123	13.197684592678833	1234
20130815	123	123	123	1.7398677048607891	1234
20130815	123	123	123	3.2994550120465016	1234
20130815	123	123	123	3.299132252983039	1234
20130815	123	123	123	1.5682744221084333	1234
20130815	123	123	123	11.979642232962709	1234
20130815	123	123	123	14.314632477775486	1234
20130815	123	123	123	14.077215668097756	1234
20130815	123	123	123	0.5949940274373322	1234
20130815	123	123	123	13.3693979862183	1234