time startPrice highestPrice lowestPrice endPrice transactionCount
20130815	123	123	123	16.54356542163972	1234
20130815	123	123	123	8.34617520430035	1234
20130815	123	123	123	9.634394588056576	1234
20130815	123	123	123	8.840769035523424	1234
20130815	123	123	123	4.175772086643866	1234
20130815	123	123	123	17.79651827464726	1234
20130815	123	123	123	11.886245690974322	1234
20130815	123	123	123	10.004028480578198	1234
20130815	123	123	123	11.59496921487273	1234
20130815	123	123	123	13.9755165159594	1234
20130815	123	123	123	3.999796863532148	1234
20130815	123	123	123	13.630842014568785	1234
20130815	123	123	123	18.50198131839735	1234
20130815	123	123	123	6.003620913156791	1234
20130815	123	123	123	0.419932409019228	1234
20130815	123	123	123	11.035262552671574	1234
20130815	123	123	123	9.410224686872484	1234
20130815	123	123	123	0.5447670251250258	1234
20130815	123	123	123	8.154075178963323	1234
20130815	123	123	123	6.563376691595224	1234
20130815	123	123	123	194.95302973002725	1234
20130815	123	123	123	244.4729594861905	1234
20130815	123	123	123	290.7418828608926	1234
20130815	123	123	123	387.98155828332614	1234
20130815	123	123	123	431.9277488955764	1234
20130815	123	123	123	480.0413513992949	1234
20130815	123	123	123	526.0	1234
20130815	123	123	123	430.67848324908385	1234
20130815	123	123	123	397.4454864227788	1234
20130815	123	123	123	319.91557965507064	1234
20130815	123	123	123	383.13507487943366	1234
20130815	123	123	123	417.41976944792304	1234
20130815	123	123	123	471.8189336356102	1234
20130815	123	123	123	507.1471525726596	1234
20130815	123	123	123	525.4828616730532	1234
20130815	123	123	123	493.56476631474686	1234
20130815	123	123	123	468.63719724894406	1234
20130815	123	123	123	406.20922930462626	1234
20130815	123	123	123	333.8703705901421	1234
20130815	123	123	123	356.2816384954445	1234
20130815	123	123	123	382.42857142857144	1234
20130815	123	123	123	438.06425984767475	1234
20130815	123	123	123	466.4693582358645	1234
20130815	123	123	123	514.5938848838009	1234
20130815	123	123	123	471.7709184202616	1234
20130815	123	123	123	426.6973424293765	1234
20130815	123	123	123	378.2773711300674	1234
20130815	123	123	123	325.0723583023992	1234
20130815	123	123	123	267.59523391601317	1234
20130815	123	123	123	194.0	1234
20130815	123	123	123	15.258964058930635	1234
20130815	123	123	123	14.894036473739884	1234
20130815	123	123	123	9.14740331274194	1234
20130815	123	123	123	1.296825023560766	1234
20130815	123	123	123	7.040142991002241	1234
20130815	123	123	123	6.226384425426083	1234
20130815	123	123	123	11.883855913438964	1234
20130815	123	123	123	3.481648861889284	1234
20130815	123	123	123	12.430601114529303	1234
20130815	123	123	123	10.210157913649518	1234
20130815	123	123	123	0.1676377933368478	1234
20130815	123	123	123	4.9897211411635585	1234
20130815	123	123	123	9.253538498270837	1234
20130815	123	123	123	9.552427679739377	1234
20130815	123	123	123	10.184468736784439	1234
20130815	123	123	123	3.2957911046838917	1234
20130815	123	123	123	18.050101473129793	1234
20130815	123	123	123	11.031434042937853	1234
20130815	123	123	123	5.711347658283614	1234
20130815	123	123	123	9.253953303460738	1234