time startPrice highestPrice lowestPrice endPrice transactionCount
20130815	123	123	123	7.984970867308232	1234
20130815	123	123	123	11.20663324648627	1234
20130815	123	123	123	18.521068500918197	1234
20130815	123	123	123	16.770567364657424	1234
20130815	123	123	123	11.019050055049885	1234
20130815	123	123	123	0.5546462026417798	1234
20130815	123	123	123	14.724291896971645	1234
20130815	123	123	123	14.163098020039218	1234
20130815	123	123	123	17.084170273772713	1234
20130815	123	123	123	6.481550009976607	1234
20130815	123	123	123	19.247845191187192	1234
20130815	123	123	123	1.9711460598956099	1234
20130815	123	123	123	3.4491678731464925	1234
20130815	123	123	123	19.354691493846122	1234
20130815	123	123	123	12.010716297295431	1234
20130815	123	123	123	2.495096816432525	1234
20130815	123	123	123	15.70144157604422	1234
20130815	123	123	123	10.505119766144205	1234
20130815	123	123	123	0.37919007504444435	1234
20130815	123	123	123	18.947427096623713	1234
20130815	123	123	123	191.76557344573962	1234
20130815	123	123	123	252.45927457337993	1234
20130815	123	123	123	349.3098520004603	1234
20130815	123	123	123	444.703352396496	1234
20130815	123	123	123	520.606593204253	1234
20130815	123	123	123	434.9923244728787	1234
20130815	123	123	123	365.54354368428886	1234
20130815	123	123	123	318.0763526089982	1234
20130815	123	123	123	350.35785056478534	1234
20130815	123	123	123	414.13068171680004	1234
20130815	123	123	123	468.8571428571428	1234
20130815	123	123	123	501.88867531571395	1234
20130815	123	123	123	524.3168761852509	1234
20130815	123	123	123	500.25551722860314	1234
20130815	123	123	123	466.2485296187841	1234
20130815	123	123	123	438.28408234499886	1234
20130815	123	123	123	407.51000033832594	1234
20130815	123	123	123	379.27970503474415	1234
20130815	123	123	123	350.9145521763314	1234
20130815	123	123	123	329.8873801013999	1234
20130815	123	123	123	354.94658179162536	1234
20130815	123	123	123	392.7416755190047	1234
20130815	123	123	123	438.6694720482277	1234
20130815	123	123	123	468.83199322871366	1234
20130815	123	123	123	511.9228844859126	1234
20130815	123	123	123	470.463947116342	1234
20130815	123	123	123	414.9173158202811	1234
20130815	123	123	123	378.7801693709477	1234
20130815	123	123	123	321.8096942277717	1234
20130815	123	123	123	194.0	1234
20130815	123	123	123	6.209579856104082	1234
20130815	123	123	123	8.873600057844026	1234
20130815	123	123	123	4.54377297849021	1234
20130815	123	123	123	18.7106688117464	1234
20130815	123	123	123	0.34174051090288593	1234
20130815	123	123	123	6.747376116794454	1234
20130815	123	123	123	9.739096826816017	1234
20130815	123	123	123	13.125387244374021	1234
20130815	123	123	123	15.1816108022661	1234
20130815	123	123	123	11.54141479223011	1234
20130815	123	123	123	7.011505851980068	1234
20130815	123	123	123	16.865430952107992	1234
20130815	123	123	123	18.31579644085751	1234
20130815	123	123	123	7.941150249358621	1234
20130815	123	123	123	7.383577518699687	1234
20130815	123	123	123	10.133480368944781	1234
20130815	123	123	123	2.7235259728039174	1234
20130815	123	123	123	12.712027561238193	1234
20130815	123	123	123	13.034348072035318	1234
20130815	123	123	123	7.710711719370602	1234