time startPrice highestPrice lowestPrice endPrice transactionCount
20130815	123	123	123	6.597619844987737	1234
20130815	123	123	123	15.652743208043622	1234
20130815	123	123	123	2.858323528184241	1234
20130815	123	123	123	6.873056787552456	1234
20130815	123	123	123	1.6338106727744073	1234
20130815	123	123	123	10.783017195622255	1234
20130815	123	123	123	19.29792412838538	1234
20130815	123	123	123	3.020749828492413	1234
20130815	123	123	123	8.973560651336388	1234
20130815	123	123	123	3.6234586947734693	1234
20130815	123	123	123	4.072379554187629	1234
20130815	123	123	123	9.218754401390887	1234
20130815	123	123	123	9.243316306432705	1234
20130815	123	123	123	1.5568217754574043	1234
20130815	123	123	123	6.522417831393068	1234
20130815	123	123	123	9.437905213684356	1234
20130815	123	123	123	16.889921043305115	1234
20130815	123	123	123	2.8175847087405104	1234
20130815	123	123	123	2.5113721406199274	1234
20130815	123	123	123	11.759716191045475	1234
20130815	123	123	123	205.049408687553	1234
20130815	123	123	123	292.7880188281648	1234
20130815	123	123	123	336.89936491631306	1234
20130815	123	123	123	386.0797126814268	1234
20130815	123	123	123	431.44253651009336	1234
20130815	123	123	123	477.6238063873036	1234
20130815	123	123	123	521.7766824587441	1234
20130815	123	123	123	494.953153991763	1234
20130815	123	123	123	456.6104213723753	1234
20130815	123	123	123	342.35599809266796	1234
20130815	123	123	123	323.8919535784677	1234
20130815	123	123	123	354.66913953714203	1234
20130815	123	123	123	382.15204288376185	1234
20130815	123	123	123	407.95369841246907	1234
20130815	123	123	123	442.7899592959222	1234
20130815	123	123	123	504.584975059359	1234
20130815	123	123	123	502.92400503673997	1234
20130815	123	123	123	385.0	1234
20130815	123	123	123	338.35833842617205	1234
20130815	123	123	123	386.05399528174746	1234
20130815	123	123	123	411.50157832858054	1234
20130815	123	123	123	439.58946001201997	1234
20130815	123	123	123	468.81073623585405	1234
20130815	123	123	123	495.7020764930491	1234
20130815	123	123	123	510.27909030203944	1234
20130815	123	123	123	464.0858517834206	1234
20130815	123	123	123	414.4996008709709	1234
20130815	123	123	123	326.14521314585414	1234
20130815	123	123	123	287.4285714285714	1234
20130815	123	123	123	194.0	1234
20130815	123	123	123	4.8749682375437615	1234
20130815	123	123	123	0.6920162134370433	1234
20130815	123	123	123	11.356710301555982	1234
20130815	123	123	123	4.6528750147330715	1234
20130815	123	123	123	5.280429848950976	1234
20130815	123	123	123	11.26333935963564	1234
20130815	123	123	123	0.43584008425040954	1234
20130815	123	123	123	5.1911292750810585	1234
20130815	123	123	123	13.731437793619518	1234
20130815	123	123	123	13.882281989163234	1234
20130815	123	123	123	2.9599610698767287	1234
20130815	123	123	123	0.12138591330011828	1234
20130815	123	123	123	19.624143024351742	1234
20130815	123	123	123	2.1566032663885704	1234
20130815	123	123	123	8.804272171113773	1234
20130815	123	123	123	2.116609371013416	1234
20130815	123	123	123	3.8535918014326964	1234
20130815	123	123	123	2.491445272949606	1234
20130815	123	123	123	18.30237103168984	1234
20130815	123	123	123	5.598900219798397	1234