time startPrice highestPrice lowestPrice endPrice transactionCount
20130815	123	123	123	13.700237922752809	1234
20130815	123	123	123	11.073037509304356	1234
20130815	123	123	123	15.171583429269944	1234
20130815	123	123	123	12.46985375587357	1234
20130815	123	123	123	5.4764351361667085	1234
20130815	123	123	123	15.915215803731497	1234
20130815	123	123	123	3.660718568659742	1234
20130815	123	123	123	2.373536231744271	1234
20130815	123	123	123	6.396962048851003	1234
20130815	123	123	123	1.036553138048375	1234
20130815	123	123	123	14.33047422669923	1234
20130815	123	123	123	3.248728178846092	1234
20130815	123	123	123	6.823304171743434	1234
20130815	123	123	123	8.40342158691479	1234
20130815	123	123	123	5.689708528944073	1234
20130815	123	123	123	14.084972553721258	1234
20130815	123	123	123	11.140223062239142	1234
20130815	123	123	123	14.00568732756815	1234
20130815	123	123	123	18.041636237872943	1234
20130815	123	123	123	19.70443210465026	1234
20130815	123	123	123	187.0	1234
20130815	123	123	123	290.4729099098353	1234
20130815	123	123	123	338.48645924263644	1234
20130815	123	123	123	429.5225583070704	1234
20130815	123	123	123	479.5657045634913	1234
20130815	123	123	123	517.8101037165086	1234
20130815	123	123	123	464.6335711351111	1234
20130815	123	123	123	392.1251447367867	1234
20130815	123	123	123	321.7389333489005	1234
20130815	123	123	123	352.95463207748276	1234
20130815	123	123	123	526.7181429457202	1234
20130815	123	123	123	496.6704627299729	1234
20130815	123	123	123	468.4070470655411	1234
20130815	123	123	123	441.10084214479264	1234
20130815	123	123	123	402.6497708377607	1234
20130815	123	123	123	351.30703607228475	1234
20130815	123	123	123	331.8703527807936	1234
20130815	123	123	123	355.6099736281822	1234
20130815	123	123	123	387.18141920325496	1234
20130815	123	123	123	443.63041800106015	1234
20130815	123	123	123	468.8384081549661	1234
20130815	123	123	123	499.68237154216	1234
20130815	123	123	123	519.2313576963991	1234
20130815	123	123	123	464.7594349604615	1234
20130815	123	123	123	421.6431748097891	1234
20130815	123	123	123	375.0355148282506	1234
20130815	123	123	123	324.22827100595833	1234
20130815	123	123	123	282.49268768367943	1234
20130815	123	123	123	236.77555018560443	1234
20130815	123	123	123	194.0	1234
20130815	123	123	123	13.714262703262907	1234
20130815	123	123	123	11.023264889134715	1234
20130815	123	123	123	16.095408345548414	1234
20130815	123	123	123	4.361187422417432	1234
20130815	123	123	123	4.780861046240625	1234
20130815	123	123	123	12.73282953380952	1234
20130815	123	123	123	19.109137107413407	1234
20130815	123	123	123	16.660597178947526	1234
20130815	123	123	123	4.283143713466062	1234
20130815	123	123	123	6.6396800922441095	1234
20130815	123	123	123	6.050338704255688	1234
20130815	123	123	123	15.887212151348045	1234
20130815	123	123	123	9.51749713350582	1234
20130815	123	123	123	3.683012378638526	1234
20130815	123	123	123	11.404282928812021	1234
20130815	123	123	123	15.005531587102592	1234
20130815	123	123	123	15.898060314682334	1234
20130815	123	123	123	9.351157312295104	1234
20130815	123	123	123	11.030273834835786	1234
20130815	123	123	123	1.3986628095152387	1234