time startPrice highestPrice lowestPrice endPrice transactionCount
20130815	123	123	123	15.948314887777524	1234
20130815	123	123	123	16.803101134288923	1234
20130815	123	123	123	18.376975085825617	1234
20130815	123	123	123	5.353906633972489	1234
20130815	123	123	123	12.474569628789226	1234
20130815	123	123	123	2.248336701466438	1234
20130815	123	123	123	5.2785997748080575	1234
20130815	123	123	123	4.4226332064416525	1234
20130815	123	123	123	2.272119308399052	1234
20130815	123	123	123	19.22190109739675	1234
20130815	123	123	123	13.900132293030758	1234
20130815	123	123	123	6.971704501085454	1234
20130815	123	123	123	7.423054327265812	1234
20130815	123	123	123	18.695369065913667	1234
20130815	123	123	123	8.961826723114207	1234
20130815	123	123	123	16.455373518782928	1234
20130815	123	123	123	15.605210347696357	1234
20130815	123	123	123	1.2917796660925518	1234
20130815	123	123	123	0.5138446607537017	1234
20130815	123	123	123	19.400303573501198	1234
20130815	123	123	123	192.5173786074803	1234
20130815	123	123	123	248.6682675743259	1234
20130815	123	123	123	291.8894109351845	1234
20130815	123	123	123	341.4376853833271	1234
20130815	123	123	123	382.37899236260847	1234
20130815	123	123	123	438.979598982035	1234
20130815	123	123	123	487.82453474540193	1234
20130815	123	123	123	525.8384688531308	1234
20130815	123	123	123	435.0761415557463	1234
20130815	123	123	123	376.0	1234
20130815	123	123	123	342.5850222862481	1234
20130815	123	123	123	316.0	1234
20130815	123	123	123	471.36420219242564	1234
20130815	123	123	123	501.17962922888006	1234
20130815	123	123	123	527.6534964536835	1234
20130815	123	123	123	493.5594033630512	1234
20130815	123	123	123	464.29454967194175	1234
20130815	123	123	123	406.271051277185	1234
20130815	123	123	123	355.7570170962335	1234
20130815	123	123	123	332.724161886049	1234
20130815	123	123	123	364.3422339742857	1234
20130815	123	123	123	412.97905076745207	1234
20130815	123	123	123	444.2885847357325	1234
20130815	123	123	123	470.4493421714847	1234
20130815	123	123	123	521.0	1234
20130815	123	123	123	376.99338338136886	1234
20130815	123	123	123	333.3686632401894	1234
20130815	123	123	123	286.68179217391946	1234
20130815	123	123	123	240.71428571428567	1234
20130815	123	123	123	194.0	1234
20130815	123	123	123	3.5248070292020506	1234
20130815	123	123	123	19.025566835669704	1234
20130815	123	123	123	4.604243714440843	1234
20130815	123	123	123	19.342165104758934	1234
20130815	123	123	123	1.6961591420890687	1234
20130815	123	123	123	6.970640826614685	1234
20130815	123	123	123	2.4671859921969252	1234
20130815	123	123	123	7.1530898186337595	1234
20130815	123	123	123	0.8571412965625003	1234
20130815	123	123	123	14.232232620952413	1234
20130815	123	123	123	4.232956284994636	1234
20130815	123	123	123	1.9891075663241864	1234
20130815	123	123	123	0.6411447951038562	1234
20130815	123	123	123	8.461386639760171	1234
20130815	123	123	123	3.805907036026046	1234
20130815	123	123	123	14.762477039857348	1234
20130815	123	123	123	7.083283242673383	1234
20130815	123	123	123	3.639280798755411	1234
20130815	123	123	123	7.825977293231661	1234
20130815	123	123	123	4.344592255025446	1234