time startPrice highestPrice lowestPrice endPrice transactionCount
20130815	123	123	123	8.98241191270477	1234
20130815	123	123	123	12.328623875339328	1234
20130815	123	123	123	0.7188492328778673	1234
20130815	123	123	123	12.24809903626769	1234
20130815	123	123	123	4.731172140028854	1234
20130815	123	123	123	6.100533965141032	1234
20130815	123	123	123	6.988920181188696	1234
20130815	123	123	123	9.933015231892504	1234
20130815	123	123	123	12.985034820573844	1234
20130815	123	123	123	6.429324759069493	1234
20130815	123	123	123	14.097852537708405	1234
20130815	123	123	123	15.980462242758778	1234
20130815	123	123	123	9.082789682088189	1234
20130815	123	123	123	0.26796987833601404	1234
20130815	123	123	123	19.066375761912507	1234
20130815	123	123	123	11.485412770714605	1234
20130815	123	123	123	5.09530369780718	1234
20130815	123	123	123	2.5445078272450905	1234
20130815	123	123	123	16.646258186732794	1234
20130815	123	123	123	9.633585025336233	1234
20130815	123	123	123	194.46750068972267	1234
20130815	123	123	123	260.10946864735865	1234
20130815	123	123	123	336.69079445772877	1234
20130815	123	123	123	393.7265795985575	1234
20130815	123	123	123	526.0	1234
20130815	123	123	123	459.1210004814508	1234
20130815	123	123	123	432.0043704491645	1234
20130815	123	123	123	404.7934303646362	1234
20130815	123	123	123	375.0813176162911	1234
20130815	123	123	123	321.951051630624	1234
20130815	123	123	123	351.19420387371366	1234
20130815	123	123	123	377.5082783070427	1234
20130815	123	123	123	416.6054231951004	1234
20130815	123	123	123	472.54531271204513	1234
20130815	123	123	123	501.8912733604668	1234
20130815	123	123	123	524.4565160052051	1234
20130815	123	123	123	497.1149118622756	1234
20130815	123	123	123	399.56664813237603	1234
20130815	123	123	123	330.9230465434527	1234
20130815	123	123	123	411.57026966643514	1234
20130815	123	123	123	443.03728247507763	1234
20130815	123	123	123	467.2598641195052	1234
20130815	123	123	123	499.53475103536437	1234
20130815	123	123	123	517.6784675902859	1234
20130815	123	123	123	469.02192643847434	1234
20130815	123	123	123	424.30702189067256	1234
20130815	123	123	123	370.4066703225491	1234
20130815	123	123	123	284.77710927444565	1234
20130815	123	123	123	239.4411649819451	1234
20130815	123	123	123	194.0	1234
20130815	123	123	123	15.985517924816078	1234
20130815	123	123	123	6.305601344964722	1234
20130815	123	123	123	15.650224192391295	1234
20130815	123	123	123	8.671548546783253	1234
20130815	123	123	123	8.687773797797556	1234
20130815	123	123	123	12.87613519345431	1234
20130815	123	123	123	18.030602758948465	1234
20130815	123	123	123	10.261825528890402	1234
20130815	123	123	123	2.207671447587063	1234
20130815	123	123	123	11.72296320907844	1234
20130815	123	123	123	19.520804506599866	1234
20130815	123	123	123	2.7646195940475438	1234
20130815	123	123	123	17.175676521860154	1234
20130815	123	123	123	14.57420250834299	1234
20130815	123	123	123	1.298237854157327	1234
20130815	123	123	123	16.663575485897116	1234
20130815	123	123	123	9.244743043633958	1234
20130815	123	123	123	13.833739507579153	1234
20130815	123	123	123	8.396820084579993	1234
20130815	123	123	123	7.653755808287245	1234