time startPrice highestPrice lowestPrice endPrice transactionCount
20130815	123	123	123	0.09595732299630733	1234
20130815	123	123	123	0.40321561300458386	1234
20130815	123	123	123	2.8057334972077363	1234
20130815	123	123	123	11.63534554105254	1234
20130815	123	123	123	19.30625339360979	1234
20130815	123	123	123	6.91951254842569	1234
20130815	123	123	123	11.130388455381791	1234
20130815	123	123	123	17.756365988242123	1234
20130815	123	123	123	15.359171805142784	1234
20130815	123	123	123	7.47967871256439	1234
20130815	123	123	123	1.4062186953435618	1234
20130815	123	123	123	5.606096912532987	1234
20130815	123	123	123	19.155769553948133	1234
20130815	123	123	123	11.461936413977543	1234
20130815	123	123	123	17.30338962834765	1234
20130815	123	123	123	9.763458812115232	1234
20130815	123	123	123	14.597310777343617	1234
20130815	123	123	123	18.287465936364764	1234
20130815	123	123	123	18.6535806263666	1234
20130815	123	123	123	1.6076299540681926	1234
20130815	123	123	123	194.22229638086452	1234
20130815	123	123	123	244.93872398701077	1234
20130815	123	123	123	294.675343665049	1234
20130815	123	123	123	338.44758519068444	1234
20130815	123	123	123	380.8584665356629	1234
20130815	123	123	123	436.4809541935361	1234
20130815	123	123	123	485.11869269978325	1234
20130815	123	123	123	526.0	1234
20130815	123	123	123	487.27497605956376	1234
20130815	123	123	123	431.73344042760436	1234
20130815	123	123	123	321.8807029232655	1234
20130815	123	123	123	355.4559529837995	1234
20130815	123	123	123	413.5076232706548	1234
20130815	123	123	123	471.48973761273584	1234
20130815	123	123	123	502.04984685725776	1234
20130815	123	123	123	530.0	1234
20130815	123	123	123	466.6252697737124	1234
20130815	123	123	123	434.90287614175753	1234
20130815	123	123	123	411.61017879696595	1234
20130815	123	123	123	385.0	1234
20130815	123	123	123	332.0405269116071	1234
20130815	123	123	123	355.18834073462585	1234
20130815	123	123	123	397.75554142258545	1234
20130815	123	123	123	449.50778149447916	1234
20130815	123	123	123	511.78261577774293	1234
20130815	123	123	123	461.87636620643246	1234
20130815	123	123	123	376.800526887873	1234
20130815	123	123	123	315.2800768225038	1234
20130815	123	123	123	236.0678740009971	1234
20130815	123	123	123	194.0	1234
20130815	123	123	123	6.826601252329818	1234
20130815	123	123	123	14.327001065203183	1234
20130815	123	123	123	1.277860250118077	1234
20130815	123	123	123	4.359417357066309	1234
20130815	123	123	123	11.231669358055257	1234
20130815	123	123	123	1.4653108522873493	1234
20130815	123	123	123	5.082100750156375	1234
20130815	123	123	123	1.1065033589641726	1234
20130815	123	123	123	4.4770584952003345	1234
20130815	123	123	123	9.238242177958888	1234
20130815	123	123	123	3.023075103605275	1234
20130815	123	123	123	3.205755005972779	1234
20130815	123	123	123	0.41001204264697666	1234
20130815	123	123	123	18.570273650979857	1234
20130815	123	123	123	5.442922371895613	1234
20130815	123	123	123	15.38156747571275	1234
20130815	123	123	123	0.8958783149195537	1234
20130815	123	123	123	11.878821345325015	1234
20130815	123	123	123	11.789190362714372	1234
20130815	123	123	123	3.3899926707508143	1234