time startPrice highestPrice lowestPrice endPrice transactionCount
20130815	123	123	123	13.30271721659296	1234
20130815	123	123	123	19.674684941216974	1234
20130815	123	123	123	12.873207163261775	1234
20130815	123	123	123	16.27461784400964	1234
20130815	123	123	123	19.71208420050212	1234
20130815	123	123	123	11.037045200363963	1234
20130815	123	123	123	11.462239687265804	1234
20130815	123	123	123	18.166419412195992	1234
20130815	123	123	123	13.54336541019757	1234
20130815	123	123	123	12.55463735673352	1234
20130815	123	123	123	11.256482931711728	1234
20130815	123	123	123	4.7216195015149065	1234
20130815	123	123	123	4.980359696905001	1234
20130815	123	123	123	7.501636646270063	1234
20130815	123	123	123	14.657166840879816	1234
20130815	123	123	123	0.4449647584385463	1234
20130815	123	123	123	12.515069698756944	1234
20130815	123	123	123	17.50842136862466	1234
20130815	123	123	123	7.523842162246304	1234
20130815	123	123	123	5.137331054704777	1234
20130815	123	123	123	194.97217169004196	1234
20130815	123	123	123	283.8571428571429	1234
20130815	123	123	123	384.3501674241697	1234
20130815	123	123	123	437.68403536761895	1234
20130815	123	123	123	477.57142857142867	1234
20130815	123	123	123	522.2506491818723	1234
20130815	123	123	123	466.0	1234
20130815	123	123	123	423.9931789003175	1234
20130815	123	123	123	373.82753139469935	1234
20130815	123	123	123	340.90231379799286	1234
20130815	123	123	123	316.0	1234
20130815	123	123	123	359.87036995405504	1234
20130815	123	123	123	438.2857142857142	1234
20130815	123	123	123	480.65070978655194	1234
20130815	123	123	123	530.0	1234
20130815	123	123	123	498.1677681409515	1234
20130815	123	123	123	469.63138889087736	1234
20130815	123	123	123	440.6490859805626	1234
20130815	123	123	123	407.31503204529037	1234
20130815	123	123	123	332.20136743977184	1234
20130815	123	123	123	382.42857142857144	1234
20130815	123	123	123	432.5479016536855	1234
20130815	123	123	123	498.23957047763685	1234
20130815	123	123	123	519.7706031179479	1234
20130815	123	123	123	451.402953618401	1234
20130815	123	123	123	372.7260589424055	1234
20130815	123	123	123	325.63173802770825	1234
20130815	123	123	123	286.48404776116973	1234
20130815	123	123	123	240.71428571428567	1234
20130815	123	123	123	194.0	1234
20130815	123	123	123	19.88315142885495	1234
20130815	123	123	123	9.28380326842231	1234
20130815	123	123	123	17.6713510262959	1234
20130815	123	123	123	2.0626704651520478	1234
20130815	123	123	123	4.717522845502127	1234
20130815	123	123	123	10.230253092528049	1234
20130815	123	123	123	13.195605491183489	1234
20130815	123	123	123	9.908152720730126	1234
20130815	123	123	123	16.08382485172492	1234
20130815	123	123	123	14.20273006933423	1234
20130815	123	123	123	13.504774630455895	1234
20130815	123	123	123	14.641638829842023	1234
20130815	123	123	123	18.393469646251862	1234
20130815	123	123	123	3.5250082877788924	1234
20130815	123	123	123	6.576989644086271	1234
20130815	123	123	123	15.046387283964911	1234
20130815	123	123	123	5.147025302583614	1234
20130815	123	123	123	8.865670004995376	1234
20130815	123	123	123	2.2352190983057896	1234
20130815	123	123	123	14.013683525499008	1234