time startPrice highestPrice lowestPrice endPrice transactionCount
20130815	123	123	123	15.60622616597784	1234
20130815	123	123	123	12.727902357587377	1234
20130815	123	123	123	3.2723149567528953	1234
20130815	123	123	123	10.57693759629318	1234
20130815	123	123	123	4.070986594144841	1234
20130815	123	123	123	4.52768012962421	1234
20130815	123	123	123	5.533800521874197	1234
20130815	123	123	123	11.507089744164382	1234
20130815	123	123	123	3.0680313463737763	1234
20130815	123	123	123	11.020954829333183	1234
20130815	123	123	123	12.02567364439955	1234
20130815	123	123	123	17.91884904418014	1234
20130815	123	123	123	17.3767946651222	1234
20130815	123	123	123	2.6177129975710822	1234
20130815	123	123	123	7.474815313238235	1234
20130815	123	123	123	18.195711515947146	1234
20130815	123	123	123	13.998307840785936	1234
20130815	123	123	123	19.77336635330132	1234
20130815	123	123	123	4.345861158385129	1234
20130815	123	123	123	13.201197623915458	1234
20130815	123	123	123	188.40115386175324	1234
20130815	123	123	123	236.69707287037699	1234
20130815	123	123	123	284.13885514765747	1234
20130815	123	123	123	338.3394577329326	1234
20130815	123	123	123	389.66932268171973	1234
20130815	123	123	123	440.22834137138034	1234
20130815	123	123	123	486.79636680997925	1234
20130815	123	123	123	511.1242760199	1234
20130815	123	123	123	458.5297834125716	1234
20130815	123	123	123	411.5262203120108	1234
20130815	123	123	123	343.73413599646693	1234
20130815	123	123	123	318.34166296058095	1234
20130815	123	123	123	362.9282132635887	1234
20130815	123	123	123	451.98484016172193	1234
20130815	123	123	123	527.7415435129993	1234
20130815	123	123	123	469.51146634125973	1234
20130815	123	123	123	443.0	1234
20130815	123	123	123	375.1800822043078	1234
20130815	123	123	123	342.750444814215	1234
20130815	123	123	123	415.53974503283206	1234
20130815	123	123	123	450.5422790685569	1234
20130815	123	123	123	494.9167482474655	1234
20130815	123	123	123	517.4950728449057	1234
20130815	123	123	123	474.2383723701529	1234
20130815	123	123	123	427.0096079885747	1234
20130815	123	123	123	380.85714285714283	1234
20130815	123	123	123	333.08193466088903	1234
20130815	123	123	123	276.06123773224573	1234
20130815	123	123	123	234.2507747667384	1234
20130815	123	123	123	194.0	1234
20130815	123	123	123	12.754548250238514	1234
20130815	123	123	123	14.010566625094935	1234
20130815	123	123	123	9.728020786376565	1234
20130815	123	123	123	3.407855637207715	1234
20130815	123	123	123	8.829341376199162	1234
20130815	123	123	123	13.164824752231898	1234
20130815	123	123	123	8.660822838313786	1234
20130815	123	123	123	5.755743458038878	1234
20130815	123	123	123	4.375437452381843	1234
20130815	123	123	123	8.002983874324634	1234
20130815	123	123	123	6.111307719904097	1234
20130815	123	123	123	16.617956509379283	1234
20130815	123	123	123	15.394440662455777	1234
20130815	123	123	123	0.9768699811862303	1234
20130815	123	123	123	19.209718729435266	1234
20130815	123	123	123	13.676543078044821	1234
20130815	123	123	123	14.803276423694447	1234
20130815	123	123	123	12.112740275221793	1234
20130815	123	123	123	16.370291696232723	1234
20130815	123	123	123	6.562936443092839	1234