92.0	180.71677531176516
95.72596709146897	181.65049088091067
99.60958201533037	189.54991749617773
99.70565440681061	194.10262940534918
103.9013437317942	207.23376169997832
103.96646701832006	217.19394216922478
109.95051896109021	236.14863432909226
109.96972147192231	238.64939432177187
113.80221778002998	235.3931779100205
114.24546865618845	268.7865459422079
120.52287390012408	268.3952223091656
128.3702694429367	294.8041409609007
128.38412779869014	297.29106309439516
132.72667302866157	303.16788770455526
136.80799976503565	318.79518670829077
136.8083331677118	329.98156574512166
144.69327819669132	353.440042534731
144.72841283897893	375.8784624051706
161.59678099573355	372.548025951725
161.645269130087	373.20102391664835
177.26578344601108	396.6301843174172
177.35096336074278	389.9230769230768
190.405834671168	396.17326998359925
195.2149343063571	402.23076923076906
195.48396104294932	414.05923011842094
196.2575271087484	421.6196961325984
198.74473353673622	427.86249229143624
218.41742428409805	429.1878094512203
218.61006134025897	433.6632544146965
219.47414841206452	444.5129251106821
234.73586137439588	452.4142361629164
240.44678443419116	457.90575481940186
240.78027153003504	461.31887927672784
242.4709372448373	472.9398146225272
257.53360248569106	487.13918630581776
275.74752407015006	492.83153551017904
285.52185819651663	504.9665336144189
285.6938599501341	500.8797418918025
287.7903869601015	507.5769230769231
288.26759583988024	489.2902927256148
294.9168484938243	474.23343305864347
307.2456377666916	470.54674001731763
309.11100576966066	469.20589829731415
309.1200338051745	458.67358129399304
309.52643036067076	447.4198260979601
314.25227211466137	451.79661873087696
314.32833679107733	438.01685165308936
320.0875345992709	433.30998949957706
320.09405766916774	426.553821637726
320.1273076978984	420.7315913295729
320.22998142278124	402.8544763181807
321.1737269054538	397.3645365304275
330.744109639613	400.42742963804744
332.7497310484233	398.8333803437442
332.75438774054794	391.12402118932914
335.95635609304657	388.26923076923117
336.00734978268565	382.84615384615427
337.4652725405912	372.4805596674238
338.01231626469826	377.8179502574226
347.4345524544217	382.0
347.5847644586324	387.3881976955155
353.68568820128394	421.648407095301
361.51943502126255	421.3053063214891
362.12937278799615	419.7945403493612
369.83084369411677	426.2923256633792
369.9427208890967	430.59602203351056
375.77023513157	435.85109006607837
375.8298262895011	440.3572901671334
377.3094325069931	456.34773210277126
387.02578039073285	455.89980988448036
387.026645655681	462.53984155291926
389.06607151636825	467.9229774616357
397.56733507931335	481.14643555152713
403.0622850069559	482.73037609899865
403.2363820704761	496.2772637907123
404.03350761992937	493.67512586517427
411.1853678785809	501.03805034736115
411.1972597359625	502.0
412.25348618284215	492.0376782845223
426.6062374170341	489.0569867473949
426.6837447540457	472.1295160843884
427.3039822290681	472.4347251844053
429.09654782908177	465.33533239432387
450.290279932359	458.7701073399287
450.5067020096076	452.7489159540131
452.46565471277677	438.7799549356452
462.7189682802703	431.97440482937805
485.0375449012407	424.6398857227803
491.30331535444424	422.26767833068726
491.3170746850636	406.0677991377983
491.7978676043067	413.42005085803106
505.7872820271435	408.07140906635044
505.8276712583619	376.67834423838076
525.5474058776776	389.4615384615379
525.5721530567719	379.1989805340979
543.2065160795412	354.91726688171724
543.2247934936959	348.6272123172238
547.572066645517	347.3840807020001
549.6326189762759	340.60900363506556
549.759478401704	333.9666653527402
554.6142537151943	317.153545408247
555.0393996129884	307.992511005508
556.5706645405071	290.258923492883
566.2617539901828	285.17749160591035
568.9391479526155	283.22203248488563
568.9818086784247	274.21365195089726
569.314319616777	257.0465355460411
575.7886021499107	252.4777610122624
578.422226849338	249.5439822490523
578.4498981904583	231.1301162154778
578.7223275131147	237.026327711182
585.2508898653049	221.9705090440131
587.145215605856	219.45009844621947
587.2638664777245	202.71247331408478
587.6445832293685	194.94155397943857
594.2897720066618	191.92099531377204
597.2271348452288	172.67147891417312
597.2303988863498	180.29903481593362
601.8861143384569	169.24990340186875
602.0	168.0