92.0	164.08558111391503
95.46144120446915	191.47434629648575
101.52844347914927	193.90218230374145
101.60294489869239	203.79178773913992
106.15280575814728	205.30769230769232
106.19154859129438	225.61458744693275
106.7287778905741	224.62722798217135
111.88094073656887	227.46153846153848
111.99181261832196	240.26300233314635
116.13539182294245	252.63372433182442
120.02113391641784	257.3932189988689
120.09554068177037	274.85757910523864
124.35425044322395	282.14437138511016
126.4629412317685	280.15591005128726
128.14823244508938	286.53846153846143
128.1739283759553	304.65027395085133
134.5386838493459	319.29450064571904
134.57598438574087	321.37166825789694
138.50138277710147	339.8902813783571
144.67346166301928	356.45072053484375
144.71001971029227	359.0634013982822
155.9415232295642	370.8332638046005
167.34500220812888	371.80188434016765
167.36503390489088	383.54693131381595
179.1478186287787	392.12046461566456
179.1480245694167	389.9230769230768
179.47805726633086	403.79725248518673
196.16616566966485	404.8521791770138
201.3722795628324	412.52617996444457
201.38184741771295	418.4588893878944
212.31710410259132	422.90212562513966
252.14161877692595	470.91963537789366
252.47840430348614	469.9230769230765
252.5734908037259	480.5894463777189
254.94948918685128	490.27272262026787
255.66008943202897	489.46272439739676
258.9811520916423	495.4305835761702
266.10908164313565	505.3844021195822
291.3504265177075	509.61298545245313
294.32528438434946	511.1421642792063
294.3967460094234	507.5769230769231
298.06590623941895	500.94016379950875
298.18071674787944	493.9904742405808
301.76751717561393	488.1939621230294
301.79730469360794	481.967483055325
302.32151748703217	472.66574144032626
309.01232699861885	461.372589199055
310.75980662323786	455.68749443595783
310.85118823684724	458.51558739364884
314.17950348766396	445.78163716555787
314.301629105468	445.32742672212794
314.75461003497605	434.5358878583833
319.8268000102957	424.3733374107646
325.19434780756757	417.9156416559302
325.29413804377714	408.37765548579694
328.82299392773865	398.4339958917287
329.0481443924817	397.7414212730114
330.83469114527026	385.364747999643
337.9183218572929	355.5040825597347
342.29930631362447	372.0
345.4203336623784	391.02318405055433
345.4320885638172	386.4416209278969
351.06739483006754	390.1337863067285
351.07037473762205	414.89920120957396
353.05421271376525	412.1604113800348
353.4723034124112	410.61133549691135
364.75044831784163	428.34147004234177
370.0520527805366	422.2619079967453
370.0736137382703	427.55802842231935
378.2788357387443	442.3182599619875
378.312946188579	454.54850973502903
380.23023593317083	461.5235144659297
383.00046922899844	465.2597395359739
395.3702999738444	472.9824062312997
395.372871197226	484.6860460575159
400.9224462554326	494.0016240460471
405.5620841901959	487.61224078016454
405.70975842145293	493.0910350202386
411.5364131952694	500.67877296107804
411.62836133685715	477.4916690636656
414.5271711598206	485.1220007781801
419.6500214708434	481.53846153846143
441.3608728963155	462.9181914963692
450.96397808658253	462.65935117933805
451.17044857944177	459.3056547912594
460.63245361353466	453.0556183560891
460.7594173157609	441.10387623546876
461.2866213366585	440.4386242266536
467.29907750131196	427.29505363397834
470.90338973142065	414.6824128556491
476.6610137043006	418.6287301752488
500.46477897858506	408.93517073940313
510.5235307507046	402.92863322492406
510.66669699685247	396.601362140137
521.0215923180816	373.50537599473046
530.4442996809466	375.22365551271537
534.4302419542116	373.3468542796298
534.5085538596434	363.851362276967
534.8959963465753	368.4503808987458
545.1499751696573	352.48237290871157
551.9588180485657	319.81801321408363
551.9623718363314	308.7865660110195
552.4612432234684	313.5082119505012
561.3947571765623	297.5426656733744
564.1854936634296	285.56274041535636
564.2559094690369	287.77389311622017
564.4486763309402	278.60876599241084
565.0190428077262	268.54366114853843
567.0806917149491	267.4463504409168
576.0681992015399	260.76923076923083
576.0831326458041	244.27118566823358
580.8435300387251	241.734245094413
580.8550777858826	234.1771480402137
585.1563051924326	228.1987752543276
590.2202946305767	213.7110464508735
590.2309402168678	193.79607696127468
590.3194452685185	187.5764505977302
597.2479388624164	182.34940902152456
601.4714490901781	154.87557619997386
602.0	168.0