92.0	161.518990959509
95.6775476750428	174.15606738258563
95.7130847609404	180.01518160317494
99.66154860503737	197.54263293553598
99.71992798215338	190.62522243927364
103.7664351504058	198.42428841924493
103.90269778017704	207.20619604877365
107.75504360182816	216.23264475261595
107.83455059990249	229.745371697245
108.55246569918772	235.05059780785885
116.24908157941061	242.23076923076925
116.30182149344351	261.2704056336149
116.57432702129739	261.50509276598484
122.12528681975509	270.70843883528835
123.94844917432223	284.96698015870373
123.98405244788017	287.73824673233537
128.6815823362011	293.68991538608776
128.68201089581524	298.394034554439
129.19754896554454	306.75985168766374
129.29394564037963	314.57226139186116
136.5099121290862	316.4603759483505
138.61820847401535	323.59355927785367
138.6565023195519	344.643104382017
142.65508406258763	343.7928736547682
142.6551044824147	346.0154221739645
160.83396244400083	367.59676996381
161.17798233139408	371.6341578313438
172.90686751032288	385.7175889346881
173.0595538562071	403.6653591005748
195.82569151349293	412.06425641101504
195.91377832066541	438.85498333499675
218.95046499624706	429.9437103955569
223.24296915527427	441.0371407050004
223.33441599011496	440.09274083456967
234.2436991592166	445.5953480472293
258.4720586348193	473.25238975975435
258.50970241889013	476.63928117986774
259.54701755555845	482.2307692307688
259.86073471447065	494.8189306407665
261.2900564241781	507.22091969277193
286.0254526987251	506.90478849456116
286.2390246102296	513.6534683590523
294.6816616604251	506.55263188785574
296.17856729996373	505.8928658276145
296.2130589459489	501.4445443713365
302.0174175443538	484.65880257461686
302.02256782964116	475.7337731708885
308.8963322631544	453.64031847289095
309.27670035063824	444.73510960169074
316.10534368066203	439.65173320708544
316.4569856124524	421.262573029943
316.8560700638339	431.6538461538464
321.86010261581976	410.5980967963423
322.2942853849344	406.62704263329726
330.87999090943634	404.5384615384619
334.47897019238167	393.599191389682
334.50072147258015	381.0022745860457
334.8750594816108	378.6704201757629
339.92813953063404	377.42307692307736
339.94510114751625	376.59662349518857
340.21459544998925	380.38712315062384
347.6551639462634	384.4670373862157
347.7466424628407	392.17831202592004
348.8216574742113	392.0
356.5227517563519	405.8824088952326
356.5412290105722	403.2845485630753
357.2185173742306	417.6237267789753
364.69691705177553	416.251639090483
364.7091741820127	424.20100381900704
364.83949501742524	428.315189891089
370.49338657294254	444.2586485668745
386.8144823861339	467.4280038474792
391.71270102422346	465.42989138892466
391.87490228396945	474.70385273136463
398.03697757543273	473.30661690317464
398.0742851168135	483.8742628983307
398.86654420008074	482.0
406.42021805488645	492.66733086075754
406.43365120556587	494.48163514352825
407.07542247985674	500.76550198419085
420.7527882937362	492.7677822287948
420.9647841672234	490.145981499941
422.9059145010766	480.0146692300007
435.3309735230872	481.53846153846143
435.48419191726447	464.7611801291665
446.4371246373863	464.2961063584514
446.4528347707653	463.46529024589404
455.40779849653296	459.78350846198845
455.67382566514175	452.2442022422188
465.39665846468733	448.2662985601926
465.4260070666897	401.825306288781
469.45845010240237	422.9659855677778
495.8533708484136	420.15384615384573
500.76510055830903	412.7342948260719
500.8217621269567	400.6000656440079
502.5089470843155	391.95087753303926
515.934749696372	389.6548358395702
516.005329928584	390.86002249132997
524.9259495202105	376.59301905729876
525.2154654429788	376.9847232118647
535.8981178654244	378.9288302340778
543.2848614222762	359.0698514914657
545.0800336846776	346.22739623902334
545.2386652289792	344.4590315254952
547.3960977564626	324.0897677529207
557.392626982572	314.1386658257855
557.3932110219142	314.8846153846154
564.1482574502628	252.77524932802606
578.4312984714587	243.56825547067047
580.1540267755926	245.30769230769238
580.1820290456355	233.08796679710832
585.3472365517757	227.76759694175252
585.3985182215449	216.92197598115604
585.610817237251	204.89775464361117
592.4813376536694	200.86929926754073
592.50731707036	187.05070787895252
592.8852495487548	182.06793739460284
598.9545342050092	174.86426207104088
601.7089440413602	167.4892780487011
602.0	168.0