92.0	177.17610564009945
92.48117269248914	168.93859689633578
98.0844838800486	175.76923076923077
103.86569724112879	197.92307692307693
103.87255690712868	206.42336388091906
107.8005924687942	214.9657342782975
107.83244402652986	257.76171983803806
109.76048575945613	251.0163988496351
116.43484299321842	257.6697325563802
116.43990966976608	256.07328931689517
122.3840764353412	266.708079171957
122.44014057195102	276.9798428595513
122.81004448706457	282.1928476618049
128.60536554225433	296.34138327894226
128.63169439206723	296.0797425062191
129.33028749772984	328.37572759602153
132.55043071821686	330.8461538461536
142.6183113255009	342.99494657276546
144.55493229334942	364.7436789073195
144.70185886089186	361.47716256424826
145.8317320794997	369.5828118059311
148.92534630942808	371.70071771016916
153.2160479328716	371.81424463577576
173.23306052982454	377.67694374651154
173.24900745378102	392.73139262843875
176.63411944332307	396.9011630224523
196.11421849302025	405.4822134950426
196.1522116291953	411.6271519289679
207.2658958452863	427.08490144150835
235.35852460953194	445.5287715278869
240.26926918322033	454.7427762367885
240.43340183455794	468.5300748151469
251.78457650598736	467.3980033596567
251.80912957211805	473.70641644511716
264.03923359590715	480.9383484025591
274.482941130627	496.8470801214463
274.73024550814245	500.05444084663213
275.66366055488066	500.69230769230717
278.861662053884	506.8461538461533
279.0831129058233	502.217187606632
296.03369855163135	456.76068129941314
305.2030991793442	476.3593594102231
305.22801395268016	471.26810213937046
309.20273793620805	461.80644665114954
310.8222037004752	460.0167903907371
310.8633597296036	449.71481982779306
314.6402177072132	453.04598179861915
314.6525695744988	445.75605796566396
315.052186425549	442.5000000000002
320.08504183074086	435.0512747391684
320.088298907443	427.90354339437795
323.2799538091919	422.1878523694171
323.3804480130737	418.1743003259194
327.13178807545006	415.3846153846157
327.1731699735334	408.83231982365095
327.751636649184	400.39852598777264
332.1866849816493	372.1243146617328
335.8156070840835	387.0226800445691
335.9593097667789	379.6843002514596
341.90338858115604	380.9840315008808
341.9977732561361	383.6517396803061
347.5469068656684	384.9507216601084
347.68465403950836	394.39193933357103
353.5985002214132	397.6985552116093
353.62962616130494	411.0838343815618
354.7092539956093	411.80724353104483
367.3929936329888	418.1257998034365
370.19857037464385	431.65785613299073
370.2701798134919	459.36192422681796
383.7440092306311	447.71765790018236
383.91415850944963	465.8333564649645
391.803903452474	462.8484933446932
391.831344380873	474.40982255275657
397.466664397721	478.3673366679345
397.5506336640367	484.4234289317668
398.22900928113853	492.5804688316064
406.29360251732265	487.0
406.3340781499703	494.1412254533116
407.1202856141753	497.68302288550024
416.8698207977819	495.9080252089907
425.3294810371873	483.3743764121169
425.51087683358736	484.5609617533328
446.19411179871844	464.7590522518873
450.2789521864825	462.8381072332419
450.7477401662653	460.9850336418616
460.95556712435143	454.35027502786636
461.0569019233808	448.0807435496635
462.27083569248816	435.1609873588153
467.9943618573325	426.5557382226696
485.9829139801243	428.0808475499987
486.0808069664583	420.9464102751939
489.12046087765555	401.1783898305306
511.13407204903444	401.6039602746207
515.670092912666	397.4631559191233
515.7595920440998	389.9997612759526
526.0810377387005	380.9596869197918
526.0843339554841	358.52432324689664
540.7423939419646	369.8044739725209
540.7850130212715	355.1963501879315
545.4384527096901	359.0331425067712
545.4727573706452	341.59175351311217
552.1596437239388	337.1146115843901
552.3020818142671	330.34615384615387
557.4146891759797	317.2418751092531
557.4165588808482	275.3178927453141
566.8028767064148	285.7656350879134
566.8028907101694	279.35024375924263
567.5447169293186	263.37628275899385
570.2766063012402	254.3507469825092
577.9832136503449	245.53942399920746
583.1729460580757	225.42841331064585
583.1834498042597	218.38778658949985
587.1946325114393	218.91351469436836
587.374049041106	214.38461538461547
591.9386587084368	205.38350013819652
592.1628790162019	191.97838396635186
597.2850901232564	176.72172999087346
599.1279679728656	163.80243659623707
599.1756259013596	172.4874434293628
602.0	168.0