92.0	167.89705580875983
92.81957908648661	177.3911249279463
99.5622516423765	183.15384615384616
99.64182598544609	195.2092580173327
103.56299610526712	206.05629509839486
103.65870238035693	205.30769230769232
107.69496344638404	213.27659107988185
108.1242326648115	230.1522892806974
114.04027048588051	243.72328705332362
115.85096288248813	246.93673980608523
115.92480395180182	259.13741964851386
120.3352471538678	260.8526882373352
122.14173350011666	264.38461538461536
122.25808613109228	275.52932179613344
126.53955598622053	284.0715222127678
126.54484957369596	301.16209833060844
130.2571062859159	296.111565635398
130.3308762505543	308.03815656416066
130.59041197332166	308.6923076923075
131.0984150408747	328.790670034577
133.02847667498293	333.8303866068709
142.80086322271976	364.0406450535056
149.68475402160195	357.845220473718
149.69221385652563	361.0723734569808
161.4911557197371	400.17496868603905
177.5500953328941	383.76923076923066
178.0465760800948	390.80596195351836
195.7910585796095	407.74826346188894
200.3641278856727	414.3368690227215
200.6370593941934	422.9791481254193
202.5126411434448	421.09096838597077
218.03329977889948	434.5712809209241
218.23156328860136	442.019412003242
219.25504633478457	447.84173598987013
221.5411598362455	454.4255192831401
241.5204239461658	452.6045906547331
241.6019528593396	463.08106564993363
251.57426550981404	470.8472986769489
251.78670104776387	484.64421506509296
263.5219900326442	479.4055102192221
281.293907563952	494.53846153846104
281.30371547511334	510.2511845006118
281.51666440896236	512.5558849902465
283.13438712799217	511.68295331449133
296.44351555459633	504.30910675341397
298.1467592393361	501.80409901075603
298.1649002008547	464.1841405096826
308.92151003072195	467.6596930202362
309.0154834411614	461.09872461612764
309.03462018037465	451.6069893080446
310.04032760935706	452.18555494138417
316.22114405621625	440.18407377449466
317.90591201068423	429.7303850134713
317.9135311380085	433.1466352312582
321.4807950544813	427.82723362632754
321.5579213320446	414.14291265203457
325.2764967544881	414.5634770714874
325.3235708226626	399.7372232614497
330.8505357836302	404.5384615384619
330.87077856065963	396.8530226755043
334.4875500733149	393.1059887018061
334.51696872297754	380.7855347815908
338.1370262106172	371.68495242723964
338.13889107004667	368.8775518570021
338.35418875161434	375.8516274401177
339.66935087434445	383.4776216245994
351.0594481757841	397.1311721629506
351.0618869107113	397.60865830358176
355.73891109206744	399.0050583986916
355.97270308275165	406.513861269942
362.1351558230159	414.25939474577746
362.1351673326385	423.5277662284128
363.4573993160084	423.344806045735
372.9405761438175	427.0
372.9730297341922	436.009175802552
374.9535830528408	448.05423352388146
386.68736016482876	452.0
386.71099056344207	461.67878644227704
392.2599143325746	465.53666794830764
392.3669713955138	473.205298684594
400.4840309725179	485.485057783524
400.607182821073	485.5944505358751
416.2282308368871	500.63445743092075
420.4559736052163	493.925442024341
420.51685843484677	488.3287051272772
431.4244632404695	486.39965191283017
431.53962132246653	476.4541900957125
432.5586469085784	470.49394827673655
438.4317138884799	454.94635158406743
460.7203359716029	455.9615384615382
470.26977540477105	438.0435382840055
470.3974702304411	440.6153846153843
480.1514856086932	435.49999999999966
495.7485864036679	410.4461701870746
495.8111251046737	406.97637086708653
504.6489148540691	404.4836816816442
506.101311515336	387.78995708570756
525.3920722945836	383.23295338603407
525.5792065898903	366.8559898499669
542.8060429565219	365.1040744810269
542.8668135712644	350.4912398605554
550.1714406710298	339.6921489724831
550.1995229952897	338.0769230769231
550.9678519238439	330.34615384615387
557.1539796385892	319.59318355225383
557.2274173000711	312.2381180442522
561.5413234641368	296.4435858704572
566.1588205789388	278.5438054641181
566.1981993119897	269.9031324560481
571.4352691244466	264.53167398135275
582.8774191570286	234.41724931257303
582.9082268740582	220.85355393223492
583.7959942583743	221.38002953919218
590.031452541155	214.38461538461547
590.1005687176815	201.87868493784646
590.413896952093	193.31822707477107
596.9577455342459	177.24752161274824
599.1609777854505	183.46153846153857
599.3177826388622	171.97587815432536
602.0	168.0