92.0	161.0
95.4532071701149	171.55376138963928
95.55190152891969	183.15384615384616
101.57053423897511	192.24866326340262
101.6623535353012	197.92307692307693
105.78832473342442	205.30769230769232
105.84374355027938	212.6923076923077
110.33775909972569	244.45773443484308
120.1680872582819	263.15875198039527
120.22693801915973	286.19814832317815
126.13517230389485	292.3209806418417
126.1694963695974	287.6899829843176
126.6812386374647	301.16490787417706
132.11651712652733	336.08001388605317
132.30272448608932	316.07692307692287
138.48014056627034	336.5827988019671
140.67630672494974	339.20905230324576
140.72415968695395	340.07064322845576
144.45497758477612	352.94447748178925
155.4834574655999	362.4804409790793
155.51009983677517	366.4866597961767
167.57158334653764	404.627990828563
189.29938267824147	396.0769230769229
189.51443426911297	411.00297609143564
200.4837561475958	438.75336290089393
200.8301634701527	421.85329202012593
201.49253284790777	426.8461538461536
224.06049300399062	435.9677552775305
224.22723495814006	445.00197373432553
240.51544549173371	454.232799788606
240.70151892839857	459.5971921140852
251.75058898802462	475.098437093644
252.12835068055787	470.7927019877477
253.29611143273024	483.3745933465967
269.31013400429015	485.81891685020184
275.10692869475696	488.3846153846149
275.16517635699347	495.0590923182677
275.43784492199916	515.1453076494017
278.397554161627	508.40745967809346
294.789617196877	491.9061245066669
298.1106664566592	497.60267158827696
298.1897548841256	496.5705951947771
298.8096129668901	485.8846153846155
307.2813511744224	472.7801920244351
307.33602245798943	464.34534873748987
308.4018619027417	445.71337895199827
308.4154130577462	451.8901144948176
316.4757811247268	445.0799249047131
316.47827242142733	431.4589805067492
319.91861359041906	432.291771810429
319.98297516403613	431.6538461538464
323.1817361840779	426.0785236163642
323.2544944054997	404.219874846697
324.38881700775045	398.8320737488216
330.8300330683129	401.69436008863414
334.4884216623452	388.51308075454904
334.5082701643999	366.39835706219276
342.472152465418	375.39804121848715
342.55098327102814	378.2636342684196
343.04932497745773	386.65379268100475
345.3028543402152	393.99572461889386
356.2075406319227	402.80012568629445
361.2497343263731	407.0
361.39426951798043	412.0
372.71364309919335	427.0
372.71740910674436	433.0804189309728
373.5598509427094	445.8266851287628
381.51446136566153	454.11726000846954
381.5161990243441	455.2060033069065
382.21018428432353	455.0590254058384
383.73236888522484	461.6411325483733
392.3031118292415	472.6893538833618
402.91148913260304	486.6800766279147
403.17070371463114	493.3115368392777
409.0569431490101	494.9885125695239
409.0972775580086	500.9267305587836
409.24379199307845	500.52282139064226
420.9828735417138	493.68104864865825
421.0762407361547	491.7692307692307
422.2716653330383	472.4893469236537
441.60302952195997	472.8808730334075
441.60493655003677	470.39245908695807
442.8283856964484	466.1923076923075
446.9126262570306	454.6431821480108
471.08184967430265	443.1851539690576
471.14649159203594	440.6153846153843
480.6882686622957	426.1439178218345
480.87878120714436	430.3768687195592
490.48353593116656	425.2692307692304
505.80580653027073	406.9953704683249
505.8717984759806	404.8076923076918
506.97173586607903	397.71209086969793
520.8120867218848	390.4690273398941
520.8829304447787	389.4615384615379
522.5693291688243	373.80147585825364
539.9694522986183	373.1248781316231
542.776839509127	354.38079297805996
542.8083978163243	361.2692307692308
547.96592755362	353.53846153846155
547.9695405745176	342.9071367554273
551.9805456126937	333.56712603379697
552.5213328418872	317.5485960232232
559.243896613841	314.592901801372
561.3708538858585	295.52808160735503
561.4212696953222	285.53884344009936
566.7254437196967	291.69230769230774
566.7359444284649	264.69329890502877
567.0181926234858	268.50000000000006
575.8940196960461	247.85757670643724
575.9359016279585	249.46518488718638
580.5884321619815	239.41241016565002
582.6381099432635	233.46894687667822
582.7688936847798	218.2765389590083
590.2358366417204	204.97049396714328
590.23996407463	202.75635908697913
590.457898829019	188.37839927142463
591.7917358849403	183.02991424696125
599.5711424952946	170.95524103244526
599.5717770031746	155.8932692020582
602.0	168.0