92.0	168.6745037915511
92.56109500116959	179.27766911830878
100.1507262233852	185.2621179072842
101.94724953794828	192.81085865497366
101.9679346710725	202.8062973972809
102.20869917699578	205.30769230769232
103.09015478415238	222.25297052116494
109.85143323590427	228.7942548486075
111.94162180797434	239.8295502401758
111.96411562035378	265.1584533569889
113.73486128413153	249.61538461538464
120.2856514122051	267.0949030330749
122.45257679147011	270.9950282985291
122.49349909607331	277.05760101084167
126.26090851264989	289.66676759760924
126.37663257688173	286.87537374767726
126.93320178411385	302.16277395921173
132.6757842169386	332.89865169106827
138.81676419219	337.17812277636017
138.8264532643461	333.5533452341932
138.9552775540939	350.71069492387244
140.61986788496384	363.6578814463572
155.0430071462226	382.9145890851412
167.45192716786522	378.8361650051543
167.46397258131216	382.33436865420725
168.2962113816234	387.2852653601579
183.25683518004254	393.7835255674555
183.59467846643878	443.1590608402461
207.15314415045376	415.2283593254944
207.15790950841267	431.4661566146936
209.30606793553162	446.9524124728372
229.72762600128218	444.0419010928796
229.8234846988427	451.40918229967116
230.6218060070241	455.66741199593
246.42759252336208	474.40387121628265
246.47093003545905	468.47652871240524
248.56611234299868	482.87309490968
262.92441024248996	504.7343801331923
265.35346606343563	503.24929080242737
268.57328989450707	504.35929852964705
269.25803375833897	507.6066564624151
294.4169006212975	506.8085258479138
296.3746507971854	506.646891286741
296.6853787475692	494.74537172851683
298.27792001041314	485.41940685893985
305.11578139205704	480.46153846153857
305.95866385030007	463.93125478164035
310.9276510440754	457.31178201543264
310.9299725535037	453.484868223102
311.3691312108893	452.7267803692425
316.1574631349238	446.5120761325123
316.24944374510017	436.8698456243699
323.209828095803	421.4889368784122
323.2888324498277	412.23139607173295
327.31482366236605	413.21438060451567
327.3206529189633	406.4894839113471
327.63558459469374	402.58558677955756
332.2796004657261	399.11261177702687
332.29412568664634	390.73131065348593
332.64871735410594	385.20017917588535
337.7040613815533	376.31849898822117
339.921987224176	365.7660996283875
339.9295109657308	373.82134030099417
341.70042136769183	392.4818725546449
350.42180385906374	403.64401145424995
352.0681991072354	410.2292613847011
361.9524782863438	413.90084638854313
361.985725214483	419.3679885253691
367.09241595248346	418.4064905344523
367.1681701301509	422.0
372.9082731880243	429.98122152471603
378.696898234055	441.1493242728813
378.7080572175042	444.25530977507213
384.21002529795066	459.8443254684669
384.2266329739091	456.6820247984385
389.53599724331366	458.6736052553934
389.8286860132917	477.02779297049483
400.3992434911633	482.41689200271134
403.1061825639949	486.24194285378064
403.1098954382967	488.9317002517202
403.96775110244414	498.36970449357193
411.52973974738507	506.83985087403136
411.685370688047	502.0
421.72516292862	493.2903621202559
421.7697763843136	479.3521397664514
422.3711723433781	479.8680531184879
436.03331896003635	474.4095958542036
436.5766524479034	464.17075401946
450.61840078705933	461.61630938340795
450.96613444903016	461.07692307692287
459.15449689060154	438.4270789151403
481.12831581623567	434.35201755521956
481.23375718226015	390.7589255258932
500.84758447196094	406.9979230785554
501.70314966596527	395.51573981802096
505.3040605979222	390.02105606674206
524.7127148510602	386.4568513991462
535.312728683131	376.9413443174622
535.4095764553529	373.63143755340445
543.1013301410562	369.0
545.1926899575631	360.5445745262032
545.2642002168044	341.7647375742594
552.7049422041348	338.0769230769231
554.3081603951666	322.97059054559946
554.3221458424443	295.5836835000439
556.0991191469496	295.91181881549386
558.0315876280783	299.42307692307696
566.1320642947649	284.0268369694836
566.3172386730525	273.98098372202014
566.379956304271	268.7966687279667
573.5619491986364	268.50000000000006
578.3513148342597	238.09994434765312
578.4115918184576	238.15132590283255
583.1683511971745	237.57692307692315
592.0277036609409	205.9542362187103
592.0758884844485	196.69545759252858
596.7564046108973	184.6828334972672
599.1944562937744	174.6075625000606
599.2458299673339	157.7735160630486
602.0	168.0