92.0	175.75010865793496
95.63263860577422	250.8345970120019
108.27161177096136	227.80610190385792
111.7072277303021	232.27376167894596
111.90273684200609	241.84984875932207
112.6082746603014	246.1927130440452
118.22878752296884	279.1897598931467
122.53354096864015	278.0368793530267
126.13378143461956	279.1538461538461
126.24779772486113	299.6546588637251
126.59883935816396	310.3560399524284
126.61406266175001	310.262954437977
128.46692106248025	309.8981392077499
136.22646658587982	335.639916050712
140.6652299669828	338.0805990374894
140.73707914807687	355.0603557646727
141.20548645455136	361.87955788337763
154.951181016529	364.8866599018278
155.0314768530614	384.8434404482266
172.48982674428007	377.6153846153845
172.6285016621975	386.65992095443096
174.44681923588573	394.14411123250676
189.37901759573742	404.98453030529697
206.44822289559636	418.6257021064178
206.69663536349594	420.69230769230745
208.62441347672544	426.8461538461536
229.8105869810314	441.6284986714975
229.92458773110442	448.3993409474827
231.61379875352563	451.4615384615381
246.72006282258997	472.8359907603771
246.92142578592828	464.8798064200305
258.7293512152295	479.05389952570687
269.98596479828984	485.4098997657079
270.0079528000154	499.65205180195596
270.3175475544237	504.9124133861032
271.264694386641	505.81350834652966
271.58197458720275	514.6168186000314
273.8696475466703	513.0
276.85350074672306	499.78708182631635
297.955479894011	502.1538461538462
298.1030088158605	491.371013801537
299.26798278717524	478.59316385426126
300.50583943404746	477.97631645905943
306.9699818190477	474.1562416594143
310.75111068223794	464.19230769230785
310.8579345672272	448.22581725012736
311.81420444959855	447.02049221720546
311.8217270345997	439.82067651688817
311.87468951635105	434.36074827167556
312.48802958952285	428.4007846375117
323.1369525580395	414.50207280525274
328.8821431409244	407.81919402214044
328.95232942676057	402.0211410981064
332.5075902832994	399.115384615385
339.7729426448787	369.5000579834613
339.83519179685715	372.0
345.10601272443284	377.6911534444373
345.24203980707415	390.59697913014145
345.8385818762795	391.7940233442808
353.8373843232127	394.8034815836135
353.8389398105344	400.90034774629237
359.234326934686	403.36962073984967
359.26417096165017	425.1456237240399
360.72694646530374	425.8161197766866
370.03742654075523	423.91679304528327
370.1389430957941	436.11212648902745
375.3303439978382	434.8332117232719
375.4153071166753	437.0
381.39763310279324	444.5869780569748
381.4239153598902	456.28486371594795
386.8443487855105	463.2059485389897
389.0307177169329	460.76986451174696
389.0701430977844	462.3745151941969
395.19825097447824	477.60994067650415
395.2467455905064	475.6793843212962
398.5061739707165	487.29962779104227
408.43005388768256	493.5769209290276
408.55240913261594	497.0
409.5884963652765	498.4852648085186
410.1501784066694	496.263017724712
425.77390373911135	490.74311994119756
425.9527474641419	486.6538461538461
435.21325108501264	470.5782466629246
446.46300137705634	466.7417298752377
446.508928462223	466.1923076923075
455.59281710427126	457.19104202483885
455.94546528741023	448.31445297708046
462.63195410296265	432.58360816275206
486.25676696698315	429.9545153416546
491.33035727572684	423.41290750389504
491.33258916043593	413.565680279707
500.8864259502214	411.87913551008063
506.1677148109697	402.12166519451733
506.19524723354755	393.4795176758252
514.9620551562004	396.8216451489299
515.157185737324	394.5769230769225
526.0433437356002	385.0317928393398
526.0600470975926	380.9151317382116
526.3734413706886	379.2307692307686
539.7985894347806	372.2789648145778
542.8780401550644	365.4990475764234
542.9258445199567	358.04508024744166
547.5414373840892	296.6057180238522
559.4845369733408	313.5556005731507
559.5309049869218	300.7024547847129
564.4483477983079	278.8198835313701
568.735055230537	281.4717509992411
568.7878474247312	257.501178188036
575.8958090070191	252.55585519433262
580.220575757364	237.8131742578713
580.241236301836	233.04597424767067
584.9247682813491	216.08754866563072
584.9445155078213	209.65597599757893
585.0491391303171	211.22734340263338
592.4033369295196	198.74738828516163
594.8608771640265	192.45275567173488
594.8779516402458	189.42413924147658
595.5037822736903	174.85119350207592
601.7279988776843	166.44862038245304
602.0	168.0