92.0	174.24138124490065
98.044839007264	180.64134381069235
99.55809938229234	185.09184890385038
99.64011759018655	203.80218241795308
103.93202478336187	215.71257549982178
103.99722128448806	223.39206278255236
109.80116860535075	223.7822051460789
110.46931446915465	244.28049404141422
111.50861035702074	247.35639746364203
118.40581113902202	252.8989023339385
120.21446106969381	258.01479408075704
120.23478959816907	264.38461538461536
120.38231977872837	272.52135030298206
120.79938858619684	285.8510667352752
122.4907755768122	301.05672416165964
130.3295395271851	293.99127326322133
132.63920970662826	304.26833404863044
132.6494675216575	316.07259708774427
136.4876194121838	375.63579161303534
144.8123950738673	346.0466635314848
144.8452897220438	353.0
155.74091665019102	397.09823564084513
156.70638612098298	379.83999484358316
158.0295153803165	387.44224737145424
183.2138898469544	399.8463000595117
189.72779023172208	403.4950771066658
194.98027213149956	403.6823623805203
195.03219732375317	413.9231941868837
196.4633475874284	425.2666232443065
213.19545470912578	422.80861437547424
223.92413082380705	455.9756693259872
225.06066204305634	469.68072051639405
232.51263290245655	461.73294276582527
232.8779074492733	465.10595113610145
258.4709881687151	472.4468486438056
262.85638506960674	476.29656836939876
263.49531307267017	489.6728135765809
280.5044717334716	498.19272312213957
280.51302026164893	509.6604893698437
280.7202971527748	508.70374176519834
294.6218926629119	504.6986527495797
294.66829636505656	494.88542683401425
300.1783516718549	491.80208971893614
300.18287116378076	477.0920569651149
300.60656386478604	485.54043704914363
305.4472385239883	480.0522071009101
305.45946763911223	465.01470986722234
311.0761556425917	458.15128689547595
311.0762785640583	451.7697793727864
315.94258188009485	447.92307692307713
316.81277359188533	406.36225383324984
325.4921855648675	416.8967530180017
326.7775965083275	409.7855059913629
326.7948445161339	403.0042529939138
327.0583899529769	391.64964180276587
329.6180800979871	388.63684008166905
329.8220056197275	376.4440642704109
338.06194237608815	374.13908569422745
338.06653880138754	374.23620378896175
342.1113337510361	373.4365796798405
348.16227562442606	390.17341839081064
348.1888141971598	391.51115186223547
353.16142753615924	392.0
353.1758328924434	405.39404007726364
361.4774297663025	407.0
361.52620962343076	419.94406401745783
362.2026215637667	419.5081620372679
363.89066754161917	433.2942100540732
372.550088030532	431.33421302387035
372.7045720914287	432.0
373.7986658937003	437.9593996507214
381.4748692752724	442.1654709805962
381.5061008482388	452.9869608240121
389.6577611151784	467.80440597018554
389.66223679795274	462.0
397.33883053147457	472.1356152667041
397.86448980954776	492.2502447646201
406.4434961257318	501.7659300054623
411.11812650965214	498.9727640553891
411.34274029068007	473.9945326841875
412.83617791410853	491.0878865638034
430.24759964625906	486.6538461538461
430.7178552048992	466.65952183320894
455.0070049971757	457.5743406824669
455.7068995498037	450.8461538461536
460.87506452506625	438.3093673049101
480.20379927434664	428.6969914377494
485.5692594920638	428.4645882718062
485.7631416820601	405.5168985251946
487.5687790940766	406.75750466664084
505.0440519474192	409.38984127767526
505.2515366306091	404.8076923076918
530.8642346392547	377.0597768518452
530.878669862328	364.87193389359766
531.5069838064378	371.38877836462814
531.6024002377017	356.6890310619818
532.9781383805652	352.91023187004066
547.7837726806729	351.66768893510545
550.0838885126445	345.5496427286094
550.145403475201	338.0769230769231
550.7444190373333	321.2832565936857
552.0112864339679	312.1198494604469
559.066980711827	308.9921958795368
559.0987886553349	298.3943355905169
559.3424532534411	297.58226568700064
566.6118631761693	286.01601822152605
566.6290214614917	283.2600285310681
566.7907677680195	258.4781509468527
573.394963690427	268.50000000000006
573.4228285923466	258.857955428246
573.7028891071568	242.73617188409264
580.8774005830974	232.05269116996323
582.6468802767112	232.53191958335512
582.7590871727454	222.34174351629196
587.690695400721	206.31756839933885
587.7180686992957	203.9807993975448
594.9403020090192	197.82868569028037
599.2047877300419	182.24486453685418
599.3369292035317	171.59151209953313
602.0	168.0