92.0	171.35527416826721
92.50935871954661	168.5062487335373
93.52550387286912	177.69576932929303
99.7879254374894	223.6096135706845
105.94139326477419	214.6195355585942
105.95883229013016	216.3029888652306
106.06322045403222	224.45233112576122
106.09859650560811	234.84476174521302
113.77854532158118	253.00399837253175
118.140234895875	255.82022501833768
118.23120589163405	274.30885066921553
118.50577230584388	268.6899936144606
120.18918679749929	283.86313746209134
121.6446520700393	295.886854537744
130.10202648442228	305.9828896098935
132.76835595924763	326.8490122004714
140.31722660582952	332.6199555530121
140.4347760548721	370.4933957504544
155.64710479275482	363.22034438751825
155.7739876098022	366.45382161659865
156.26928889756906	371.4615384615384
159.66293281546137	387.92786269035975
160.83582886914866	392.0533017882931
183.28072701957024	394.08364923093256
183.64083351124128	396.7809131385554
185.84103078707676	402.30058867278564
200.06759766164373	412.3176519060758
200.29170251815435	420.6948529335013
212.39506463623636	451.3605214639014
234.95198635473938	449.34298814219085
235.12441290564294	456.80647324753386
247.19646339782142	462.01942592743376
247.1969693081162	467.6330093482644
248.43324440751402	503.2754132860536
258.54963606242876	488.3846153846149
281.10881525472877	503.1273213355412
287.2198449086277	503.9112640968577
287.2224402377263	512.7723888179082
287.41498658215977	509.2192622776374
296.3105789681137	467.64543442943744
301.6675408145639	477.9644252456197
301.71401241570385	485.8846153846155
305.23527221079	471.03213339116894
309.1683027744047	462.20683168522214
309.1877835087494	454.7751935553356
310.170880111077	453.34615384615404
316.2233991397379	447.92307692307713
316.244489640817	439.4630071037332
316.3589345726951	424.34872933601366
321.92290492783604	425.7539791853736
323.177042407916	418.5042516583801
323.2690779831095	419.6605104301984
329.04206066148583	399.6898861682896
332.42599733662735	395.6079263038929
332.48484958338054	382.87363043463205
336.341793288612	377.6057495988582
336.3554241052001	372.2789339468123
336.5637637110864	373.0852679042084
342.44622054451304	408.89973467499186
350.5699030397466	390.35000975372117
350.64845661624565	394.4332801337042
356.4254401312401	402.9064849874493
356.4475131954084	407.02981664432906
356.7912985437014	430.4513022658538
359.2582585735434	417.12451145465184
370.1113099368525	431.42189296306566
372.38663800293625	433.9552830350242
372.6235927687928	444.95144192150485
380.90236666973806	442.8891842718442
380.97924311961583	448.372698197283
387.0380735119431	457.7238542955386
387.0425810919258	457.93870845293094
392.2317811623105	467.1112643151864
395.1862282024846	475.8880620868451
395.2347743391659	472.18254655434225
403.3250276122473	487.2677788483029
405.5456186261929	487.0
405.8481105843789	492.0
416.06998832450313	494.3080296144334
436.53356790303184	477.82274057067434
436.5610930610072	471.18097127047645
445.19149222771046	471.30769230769215
445.33046859238027	465.88655242504154
447.31506103004796	448.9657384996505
461.36302153387135	455.0053397592482
461.4955293090622	438.23602489607435
463.1685304229467	437.3021173431947
463.18015462020264	434.06391776822466
468.79986610464806	430.1875352699465
470.46578357519144	417.41912401460706
496.0329702620103	412.364660744
496.0700174624017	409.59120647098626
497.2556075787847	402.63243113380486
515.0190019967248	393.4428117130165
515.3398152033154	389.6722426492781
526.0997356120382	383.3636113455553
529.7753214060831	378.673389072647
530.1820974104971	375.13655614850035
539.9081747703212	365.8201731802304
540.0613421965253	364.5540327211775
545.0174890620724	347.13529071537835
552.2936525714631	332.1647743389593
552.4018450524673	322.94422912918964
559.6437427610659	303.4478549076418
559.6647727273513	288.64266692446466
564.1043288896482	287.77792661439594
564.1123353645478	291.69230769230774
564.7721547005035	283.9615384615385
571.0797465990455	275.27867200666157
573.3982837383475	268.0386159514527
573.5439021683926	258.61744099505165
578.3075911207993	240.7553722480755
585.1584171792126	213.5235956193384
585.2258982670123	222.05776616030917
585.958173944703	200.91575838941446
592.5461678635168	190.66589630901217
596.7829010089125	177.2869201329469
596.7995106661223	176.40732163008985
601.6222438281169	170.46224810316778
602.0	168.0