92.0	164.8712704677954
92.64951649558543	172.61810693673948
97.95419787746056	193.6712838973871
102.08690539736426	196.25047091240233
102.11415101261682	209.08939097015138
106.02872339166338	208.2868839528986
106.07888666364195	215.83071810729953
110.21263600290929	235.98918926554234
110.22463537600686	230.38001413100486
114.07795996994459	242.31439793462675
114.12977881566654	243.61795666195633
114.76111927457863	249.61538461538464
119.9117255445425	257.0
120.04856319571748	278.8801243151026
120.71584925756625	287.194824987631
120.86206403733873	288.18993706105334
122.11490637140642	304.83889279234637
130.4401537540224	302.58263930069813
130.48479419548934	301.30769230769215
134.7224141663424	338.7260672889264
140.6385594235621	359.14058784513907
140.90882751513058	359.6642360060355
141.97328452990445	364.02914129084314
154.53976138290346	367.27978281319173
160.99269893261834	367.4100600773636
161.1942331480965	376.99363153675097
183.84683983604185	394.8803046411615
183.98244022029832	401.29843528475124
185.42915941103843	403.8936972839511
201.48208410206726	410.68113952676816
207.03693827880525	418.1289106541915
207.20490376507257	429.70641348795465
218.95207596557498	431.85364361166
224.07847416288706	439.49481007054226
224.20644567014864	439.15384615384585
235.89865993504372	445.307692307692
235.93656505608547	458.7801781396024
274.4610559732581	488.3846153846149
274.6705748512035	507.4473426077023
274.6860379237126	506.8460777251513
292.4536853875574	510.83345195451534
292.6223436631329	506.60402710926036
296.34671905658627	501.0329808150491
296.3963035106564	498.0506409294812
297.045840554107	495.73050342951893
301.8926568895205	474.0397821280769
305.5689653917518	476.5354844177455
305.5767318064172	453.82327283084123
312.64689177064685	458.76923076923094
312.7147600176928	452.8447390368556
313.5502958250683	439.71401632122894
319.75812708111704	436.9307811565447
321.80801120355625	431.1744819206769
321.83533851205055	400.3625072310092
328.9401631129592	408.4234285180708
328.96081379011736	403.4819736364839
332.29176708145553	398.57031342943935
332.5090031653368	385.5165406339487
333.2614164479785	371.60681577975475
339.8330819337958	371.1196414640432
339.84121797662283	377.7569390377626
340.1321704840863	387.11430398755357
350.79123319875146	397.9947187006218
351.092334676526	405.5610840444798
359.261152169657	404.16459020401356
361.5289031389182	413.5127106573403
361.5838462869835	416.6528148673976
367.63059916148273	417.0
375.1809734972309	444.5178445540343
375.22560442730924	439.1381933704313
376.3184550874359	445.6036753485435
376.36128792950285	454.6420905709259
378.90553273248065	462.6081369781821
392.0436160381163	466.0925135802942
394.54390437958983	467.0
394.6229793650795	479.04510495187105
395.33343864058105	480.7604411653102
403.28906047842287	482.346560335855
403.4006495743748	487.0
411.8746908638759	503.50868140043247
411.8926379263314	496.6936417424741
413.4803285439206	496.58898032172516
426.6426350109916	487.0456259417461
426.7032978868829	485.5375235571748
427.20086604714794	474.97524883378225
440.95105420752174	473.28177953172224
441.06505520196004	457.97197589236544
456.2747643442374	452.45042397863597
456.29419094825494	455.61710662309264
456.4747831744022	438.989867838044
457.168127886551	435.50488723296013
461.1854336947403	434.99924540505
486.25219111934575	430.0054391916314
490.241974324729	409.2481497313963
490.6530014188376	389.02876140010363
495.81455275389686	402.9706358018325
515.4574265134681	398.20094624930516
515.4765930172356	394.3990434699193
524.8385015843656	385.84249841853847
526.4802736674275	378.57667819126436
540.1250446471848	344.3578836125361
542.1563915477177	314.40080131766723
547.0197685674408	325.0722354016001
557.2728117946932	322.07193487675016
561.4273683849482	301.4567853574482
561.4322982999224	285.1240612230021
566.5437342058729	285.9793668363792
566.5997134694825	272.84909795618677
567.1630789562595	268.62162502834144
573.3125619776231	260.2913501294296
573.4358425527352	246.27893914284573
578.0205627902247	245.24274926211402
578.1662595039115	207.88705621123853
587.843863361508	216.99902244081417
587.8605459385777	214.38461538461547
588.0487882950531	206.36400964199186
588.9598412041767	181.9494692265854
598.9917786390481	181.0621870662763
601.6835802989297	170.18302003583935
602.0	168.0