92.0	172.54977154034745
92.62146346127277	171.35628332132683
97.64675310657509	182.96016390096582
100.01943069316548	191.1670293179951
100.02088481342939	197.6377321666823
104.14718607809174	206.0455490567383
104.16667474279392	218.51200598661953
108.21363502424452	231.85573419805522
108.22300976983625	228.46819307954917
111.80285784805746	233.93399596936734
111.92529138522815	234.97031451597522
112.53217041940573	254.29031537507544
118.05204826327416	251.1792935150245
118.14666181122597	264.8886395132014
124.275019218621	271.7692307692307
124.2984787320844	279.9112519007165
124.9914840367428	286.53846153846143
130.23871717722616	296.14272371188076
132.5443562218697	309.1589335182957
132.56230473892384	311.0162850988994
136.37514312248783	329.36456152814606
136.46765033966216	328.2938659386152
140.48369336104022	335.60711190384734
140.558807205954	352.22472472521946
142.24916154975932	367.69731861432376
161.95944224682628	377.222404324713
167.1455923983355	380.6467481064825
167.2529932046329	380.180744581863
183.750453294732	389.9230769230768
184.45169020191412	412.22957937655445
187.69249974517948	409.65976653584005
206.57739237825808	423.249287204318
206.64442083170633	423.8100823729702
217.47465758438474	439.6340074248283
217.79736726957682	444.7740051595298
220.0946114728477	440.16744433594283
241.50034694341636	451.4615384615381
253.14277103127876	471.7418376438163
253.14499044984575	470.7040428854877
254.92942490998854	481.6534182839297
269.52385000819123	487.7921369586703
269.67831220079586	500.9073294781249
280.8715109709337	497.4877123791891
281.16869625151026	510.7961990053717
294.4174384766061	503.7241637389074
294.52098636044144	505.2751853208682
298.0039025231816	486.82640438738787
303.32223085384163	483.5654902022134
303.33668334721773	473.80872634846554
303.9180405559159	473.993850105362
308.88461534612065	462.48525368169805
312.68919289303	455.40355284726417
312.74702083104086	441.55769997778583
316.13632612330986	437.8427526422994
316.1603827880734	432.997765383144
319.7812753637129	435.11987615650384
319.80144432110114	425.4849072647668
323.427173456639	410.43742773531756
328.93837453921225	400.31952842348505
329.000790357455	393.2466193747946
334.30302754148966	390.18275520317763
336.27825287777904	382.04676266291597
336.30284851148366	382.84615384615427
342.6078014493908	392.18442326491953
350.6261349738174	387.7816393394832
350.67577467427753	395.27037086344075
351.51295670493806	398.282071378652
358.8100516475128	406.2035454459835
358.8535508069985	418.2498388828163
359.48935286652676	415.51605920292616
366.86152842162227	425.78751064092324
367.44140805630644	442.13407966670286
378.20685202890485	437.0
381.22363768577253	445.7836940732689
381.2456951101935	477.53133603776183
392.35894437597153	462.6175202481735
392.4081083269474	470.1903767163615
392.4094545881548	472.0
400.6909914989802	481.1784793185564
403.1605551842614	484.55535947570075
403.2244223207494	494.6624167350102
411.20534640487244	497.0
411.2792441945342	502.0
411.2875716498653	492.09508671099894
425.7489857301138	489.94214259433465
425.8855345629318	483.5501094613224
445.73482137535535	470.9967238730677
445.92744753784734	464.14055703192776
447.1174879854366	458.3832437379696
461.03300031129703	455.9615384615382
470.52985857122786	440.6200908808087
470.5670917912176	381.4381081696911
495.9443616333357	415.339259368176
500.5379383089283	413.1182426147588
500.7067299921818	407.042925480442
502.5374663845161	404.58335901488886
515.6659417288326	385.5869623294798
535.3586374947101	376.1684427073904
535.3695964171949	374.11538461538396
542.5802938239469	369.0
548.0354654865388	353.53846153846155
548.0354886330879	345.8076923076923
548.1767784502076	336.3883114857394
548.9888287994204	323.76395517287824
557.0895440556372	322.61538461538464
559.4855234082194	306.3597044513607
559.5180918738473	277.66342186388823
561.2432740202298	265.20416055698036
561.795603717061	262.3747185418415
565.6945609577327	258.5228621372684
565.9044204408816	250.90684782989138
580.4444821168997	245.30769230769238
587.6158718604675	218.3183237319769
587.6790968261525	207.99653868823788
592.0628141441006	196.68751708168554
592.1019635241598	198.92307692307702
592.2144916061799	177.51007865124154
593.0682771475055	177.57213804771064
601.8200477163208	167.084083973851
602.0	168.0