92.0	166.0500045324532
95.67483870165708	178.73152990365952
95.67624710627534	185.02658833337537
96.04636828639548	192.78027857459688
102.17872472658901	193.59472394337925
102.18150884999544	207.39509300686638
107.87735677582542	221.6613301916137
107.93124026902105	227.77560529173144
112.35233810928874	227.64671998961379
116.25794946622277	257.5060428156293
116.30345586311718	260.47133614615905
120.35506181141768	258.46492559803096
120.37519192732519	276.661401688266
124.4142645382409	278.253852157467
128.65625617194087	289.1327997565023
128.66479715988388	306.80577196315056
132.59355653779602	309.25057554575943
132.63564003190427	315.8456378917123
133.0878998945671	321.68083083860915
136.69074289780568	351.290167783855
150.22494973953968	358.7868459092838
150.2353716697773	369.2084195060257
160.2214085708748	374.8278916318859
160.25945997181105	380.1853487940354
178.6488029699258	387.49610555018825
178.66774881973097	392.41984302404757
178.71352146430334	397.295744580899
195.3039205812301	408.16672138005833
195.3084326109398	425.220174269825
207.05447113666452	415.65281290632436
207.17322117067465	426.1284787810444
224.29763527776927	449.10452246200106
234.5056000806949	445.307692307692
234.79553701955422	456.3546485847645
235.50527709758833	473.3808335958191
240.23245026543856	475.00664384574975
263.01180489660635	498.7806050769218
274.8856390074201	491.0094123763678
275.0288963180468	497.4837834379232
279.29751102755796	517.2329852443854
294.64860675715465	508.286627761531
294.652346086291	490.4232607204613
295.22641210522244	490.7115978164931
301.6380378467061	488.00926193333635
301.70051608639267	472.20046724162023
301.8802508131929	475.38421906308037
302.5590375956885	475.03846153846166
308.93194729318526	467.7921548962239
308.9614003722516	459.77899405634037
309.59462633949494	454.1937553458582
314.51419253469186	436.6668895951355
317.73935021333176	438.0305292023515
317.81305264035404	414.03347371306234
323.701052196235	426.2307692307695
323.7061123217291	415.9555935730481
323.9436422093792	403.74704389326587
329.1269195463144	406.860544740754
329.1328560479134	399.42251247282974
329.4402781134823	397.3061178106036
334.05564647899496	382.97718120562547
338.10384971559296	371.78909563250545
338.13331581009186	377.42307692307736
338.2766249670643	372.0
339.4814815275014	377.2699566816176
348.27187492773595	385.65913113850405
350.45418611208333	389.1330147645365
350.5903357058812	392.0
351.10495641722434	408.01273435198743
352.7615636034243	402.0
361.2515349135223	469.10544401780334
378.1193620461408	440.36307642107903
378.1288811625055	451.9554971828928
386.19173526707635	454.7741906113584
386.4395680480856	457.4180989273374
390.5444104488522	484.79955426638435
403.27368107390987	482.0
403.3023902197521	488.6096906476803
416.68473498569296	498.8696434699092
420.7320937529175	490.9724841781369
421.06477416086346	489.83363451994904
422.95130279018457	477.4018685696753
441.2700946619666	472.19552538342793
441.3023469822189	471.30769230769215
450.3601060135934	459.2148186764132
450.47326478042504	456.6181808983179
460.09320417284874	451.1126214388055
465.032601272705	445.2812900686575
465.34848564562435	442.734495449158
474.91970003809706	431.33795603340536
475.3326820434531	428.4259378317483
478.95425957545706	425.2692307692304
495.51221801812596	418.03432621678354
500.80693473250227	413.9105144422706
500.8588521958933	407.4359311920542
501.4932131137381	401.6420467190744
504.3849633244568	397.5396942858519
504.87701797215385	387.18080543697096
525.485571032733	385.3608182098629
540.6468031445465	370.4684236176094
542.9977310844278	368.9337700922233
543.0836015491516	340.4297242940541
543.1067067838468	353.53846153846155
544.246395112085	343.21535892983525
552.533232618996	321.589863884674
559.6918366146352	310.3020475892227
559.6997217750506	295.2823672462278
563.8088625661003	285.2277431412694
563.8493666476963	283.3500798950136
564.5587343217187	268.51905797340424
566.8271356114892	268.50000000000006
575.6399839794154	256.50887585574327
578.1417405328986	239.0266691011673
578.256480037782	241.68083858241
583.095213679365	208.25286136004652
590.2576017969525	213.58931836145405
590.2578937956397	200.90113046452524
594.4318409399979	191.9058768787942
594.5497149556847	191.1923076923078
595.4368385676081	172.83605702273908
602.0	168.0