92.0	161.0
92.04544829810477	175.44906900606725
92.70594544858325	188.2790689603411
94.17024103346823	188.5856196217405
94.34031714456256	197.69184773173546
104.05429998231465	238.17744282009483
110.07650729002137	227.73822473303557
110.24904557641129	247.33612233004786
116.34087111771815	257.72759100225306
120.06744729195982	269.40196425381396
120.15541092528768	273.0963302664692
124.35426148439804	282.1355091881637
124.37229340205596	286.25159620515217
128.4861740729522	303.4459166347926
130.54443250565186	301.8439023565624
132.12595590340496	311.7545670211617
132.28248430326215	310.5573148325641
136.50611243648473	320.1681470459231
136.59455373857077	336.18684343203495
137.60815080517997	355.79159816145216
167.0770006936448	388.57964991533237
167.26059679640377	383.7162700236322
190.21905012751185	397.7797578254732
190.32233911327643	410.1670038772128
206.01665544879523	415.05572684171256
212.25163843031302	420.91823936516965
212.3738641261964	431.94058213084185
223.8019368015127	442.92120570892126
224.02880759931858	439.15384615384585
235.6035482795184	445.307692307692
246.23513646858288	461.81319510276023
246.5024607448233	464.9149215693404
257.08234200820897	488.83717352538383
280.14612964777825	499.0192576239212
280.54592791985266	514.1945141547366
284.83185664329676	510.9433530149089
296.49770172885974	507.5769230769231
296.5300063011219	482.02491844695965
303.36300814212797	482.2979372534364
303.43229905394344	478.43364226561715
303.65578285201013	470.7367576384439
304.25572058734457	468.8759750551334
310.5678986065878	462.6407781098715
310.5894780122484	458.76923076923094
311.17357095567286	443.69534561480646
315.94063558448505	437.9748308049731
316.08726622111647	436.7574233723492
319.6163081350787	433.61800956855944
319.74026229338546	423.15935005712544
320.1123434335016	418.6752409854955
325.0324527768513	410.46160406586495
332.53698224606205	398.2495775282387
332.6069564343081	383.1730504462328
333.20386900240436	387.10522730014145
335.74633285887154	380.8146373851511
337.882869101176	386.4948425966537
350.94442438005234	391.0794849912682
353.47890124171374	397.63215486998416
353.5525831327869	406.2332347704519
358.7223128131578	413.84171106120147
358.7521177270674	415.2344941675904
364.81101787057014	412.7626858773574
364.84682729220305	426.1145190468343
370.4352159206297	427.03651905981064
375.67102491443273	432.0
375.7087408305398	440.5257195080293
376.0765691571199	450.3490737105976
386.8553219703229	454.2881059120625
389.06642021979377	459.4655697049298
389.20271212933915	463.43688843829415
389.9457436779261	472.0137473707477
390.19241681696604	484.0578088890674
396.21828647363594	488.3553575162589
397.04078203888656	499.1190303594258
403.6108861855108	494.70433929927276
421.8222795980065	489.08680575835683
426.30204576138266	490.3265947907407
426.41578461861315	476.9895200433885
426.9108904111371	474.251096564282
441.00967881387186	465.34591892920344
441.22446185581543	460.94537010025834
451.48468181407713	462.8935059427905
455.0698502335066	456.73361791725665
455.50036085444157	444.0819284187737
457.03101899072396	441.0223083821095
459.85627789100283	438.27930373507934
474.96939783542217	435.1898190878741
476.2856980203374	430.384615384615
490.2240128775519	419.34662845036155
490.49690550823817	413.33436019354866
490.53892266628424	413.90775323484
493.87928711298804	404.891177791073
510.0596316260905	402.5891662827818
510.2286631638766	399.5669649432116
510.79633456407805	391.00796823132185
525.8813603286725	384.23804254782664
525.8995633083678	377.9149103263541
527.311851351112	377.6395566857952
540.463792329006	374.11538461538396
540.8790817474854	360.19787558841574
547.5604295425363	343.41373514773545
547.6425096746208	345.8076923076923
552.5328249512695	338.0769230769231
554.3471596659292	304.5751902120406
554.4409554742031	308.35409803310233
555.7743530146324	298.9191344369789
564.304427600845	297.68614336680537
566.5060153486878	291.6457688730588
566.5465135069581	275.23573525416623
573.2344412604288	263.82833403320205
575.9498742991592	252.1577580147177
575.9937527586771	238.3640273282239
576.1677876064575	245.15523196232022
582.631208859492	199.94018267195943
589.875663819114	214.38461538461547
589.9221488210761	188.70389176309112
597.1345004285841	191.1923076923078
597.1682543394503	176.19999940530985
601.2928500428503	174.89106407159474
602.0	168.0