92.0	167.70949125808238
92.30349129194705	170.14964372326415
100.00981076728327	195.36600832917176
100.0128659555458	194.0032957060042
100.09640637781715	218.63231108052227
105.82276730324487	210.23456466264483
105.90427353380896	216.91968919517174
106.31276147035203	220.0769230769231
106.34274509820396	237.69817815645402
106.7906527831882	240.58570357592922
109.12809728490325	245.80299333361066
118.39881038064375	256.8267444406738
120.02443068864622	260.52227025846423
120.41800107065941	271.7692307692307
126.34442973373949	279.1538461538461
126.38221430739063	286.53846153846143
127.17668290711967	313.40113239883453
129.36770086852943	325.15911205640333
129.66992539052646	334.26379482367054
140.85047183174086	330.8461538461536
140.87161681416362	338.23076923076894
141.40648526009414	352.83809698385767
149.01603249046232	353.38585743619547
149.94491203493726	380.8905908769194
152.8515459088827	384.1943367226368
172.4878818476204	382.09489290740174
172.73357529994442	391.90790815132743
177.4947047177514	402.74772179919324
200.32773856832407	420.47879059376595
200.4433854277505	417.5852073896323
202.08033935746633	424.99722014742224
202.18144604973662	436.10556829784434
222.85319866195752	438.6805669301828
223.23255574017762	443.5111539229004
235.7941518708598	469.4153188220176
251.91425359168065	467.6724296983468
252.29745134559857	472.5633492275192
264.06663991641307	486.1854366370429
264.09500938283435	487.1404412735021
264.35530264346846	494.38601218465976
281.33471149152433	500.78667042292915
294.6182499914857	512.7697380485353
294.61982154422566	503.3282858898337
295.1181447898162	495.4074241740016
299.83497841056044	495.2466571709055
299.86117806267043	488.1926335615186
303.51164175360776	475.95419132124715
303.55535143884987	474.20268751940733
307.43907653886924	470.4659864662843
309.137848228966	464.8609028321596
309.14154003456065	464.19230769230785
314.18303507428874	434.91849410283777
314.9938632035441	437.0329256471373
321.7727451698894	424.03069973439347
321.81516577463276	423.59932051202435
322.16038641286184	418.60612967138866
323.11570874062585	414.21046441604636
328.74748227925284	407.51945627058177
328.75626586077925	399.90011555985313
330.3912867231569	388.0485980729858
330.45887472668426	378.75895812411187
339.85827905920763	369.0291956168967
339.8588652936191	374.6640871563816
345.09805140042397	378.8963613178373
345.232341454761	390.8357671738522
346.9611789437632	396.33444806929623
353.57200261433326	411.0130662373017
364.8044337600371	413.57576175090213
364.83903880763984	420.75660360222093
365.29923450000194	423.9224605583117
366.75816758425367	433.29135791623565
375.55608398380156	441.37004911877625
375.60010620250256	448.9861331118649
383.5158518761164	453.40602000777403
383.5461276048311	452.0
394.78883555377814	467.0
395.6022509432687	494.09491052715254
405.7182163170993	492.51320866577834
408.8279970212309	495.96064190327695
409.80389511370845	491.2067961823784
425.28943810958367	489.9610350064244
430.2395967580266	482.128057697636
430.40331785471403	475.7375701777993
440.82345285125626	476.4230769230768
440.99200606369135	459.53001624853516
451.37388415071723	466.1923076923075
451.8383551744102	455.7281345528478
466.35367146591	448.8079099730021
470.40343804696965	441.68052005113583
470.5155620823071	439.84301289183634
479.83151720169394	435.49999999999966
480.4115214988979	418.47611224260766
495.9716391654812	420.15384615384573
510.8719753793489	394.73771135420384
510.8987584005373	394.1295156827686
512.011440049922	392.15144848815714
514.5684881435858	381.47760622628226
530.3390734177549	383.5445036530573
540.7871663141492	363.7205544970045
544.9714620927292	352.83956293828413
545.0361218134968	340.7059036864469
550.2812065086068	336.5386716595089
550.2888048076379	319.1765308166699
551.892175283937	308.416639340481
552.2069111977721	313.9809141164216
554.35249784095	297.4128575466541
564.4483519210011	295.1299556759685
564.449904455347	290.14847586809185
564.7442763533728	280.80135919944473
571.4089201566401	276.2237573546627
571.413470776285	242.1572747541108
578.4337911913495	247.33748852235175
578.4651985801653	244.9418356911076
583.0790124903153	224.19457240025488
585.1122703235117	229.02808862193626
585.1328433845151	165.31339344063113
597.2310717541209	190.97330027026135
597.2469267808452	179.1327755729809
597.3699179967733	169.77455179693843
602.0	168.0