92.0	161.0
92.50609007219201	173.33618880817065
98.02525156398548	175.76923076923077
98.0294033407061	204.84744786714617
99.68687712714284	215.57087889778134
101.81715702684356	221.85048728117738
105.23034730518192	239.3859887661566
116.4590959373273	252.1494561574617
120.13831433849442	258.51567946040177
120.23312079851279	286.85304298395306
120.74226725664072	295.82595549955977
123.2422923055126	300.82815129875377
132.60810993823634	337.4263259029819
136.29531647590613	317.3606003759548
136.34076058630623	331.6179024350002
140.32102721665547	330.8461538461536
140.54938389731763	351.1654266445186
141.03244186273673	356.19447056079025
143.11416373685486	364.4562300991233
160.48992118141973	369.48365088843093
160.59973477894658	372.54232292448205
172.85764736921251	381.25223376171107
172.98228869732725	386.5659643907769
174.731708353743	402.6843025378702
176.3701266460225	418.96064267130015
201.709626828966	419.2741767795138
212.5073850817722	425.3628868531769
212.71473679002182	435.236095094416
223.5846837783126	474.47049740263424
247.34976391407454	465.05730672846806
247.3651331307929	477.7667334015423
249.4336909811006	479.97597508938895
269.6639589821272	482.86059703777187
275.65533266195615	488.3846153846149
275.6601458654196	508.01088043446555
279.0339375498758	511.0670614407606
294.4918124607264	506.1967109144373
296.4619965838846	501.97145317763807
296.46721288641606	496.1661996196256
299.87236288764683	493.67793302369404
299.8820769016512	482.25679892672537
300.05367444435365	484.00540963533734
305.3548805695833	465.8267140086939
309.17063676202883	469.42842595185334
309.1765318758028	464.19230769230785
312.488210494815	458.1427732351196
312.5358259178087	449.27247079599744
316.071208995851	442.10248627578443
316.191739158666	421.50971440575216
323.36784160584153	422.96240694307147
323.4300215238687	411.64401297499387
329.1079557274595	409.9615384615388
329.1228807497756	391.11438164914733
329.2147900809805	397.8624520175519
334.5731092496173	384.868806379261
336.057742501294	388.26923076923117
336.111580758488	381.163126515874
339.6103318464737	376.75020293408113
339.6595528097691	384.5855746176313
344.9470714158724	382.08122940633103
344.9914889833873	391.82196952348914
346.04683773013835	396.9943719049801
356.54285635598677	398.0181984831046
361.91786948329116	417.9291097703379
361.9825250486943	419.9632013553006
362.12039069577486	430.10841094312235
364.0492585058083	439.33863926877035
366.78830288802595	438.1633725439812
381.3957371581198	461.5196089615871
386.3803777328668	454.1129254432283
386.4844379891317	461.26603215599346
392.13612071686646	473.02142601047984
392.143252517673	481.0316401670946
394.2118216050914	488.2987389522635
403.33322234757463	485.22001414684473
411.6805565161722	502.4422334196831
411.7812096244527	501.2702239824109
412.47167268475033	496.88461538461536
430.6493038274063	481.4441852566672
430.70752911167915	479.594216272288
431.4358454473957	465.3086988697468
446.03296241709916	471.30769230769215
446.18383681926105	463.547990042082
455.3611705346456	460.71653677755984
455.4755793162583	455.9615384615382
457.50310978342253	450.8461538461536
471.3117763349053	434.86253160882956
471.3969333155279	435.49999999999966
477.01166985850995	423.4033179873326
495.04623460185877	417.5255196728216
495.1673093729671	399.0271860312549
509.79016592262116	401.6493248412462
509.89550199923775	396.64992797209686
530.2222406384402	378.63142394351314
530.3635417980829	378.31562941877274
531.6263261625395	371.88270946745644
543.1849330041398	358.2683066508048
543.2586109427451	341.48254958860946
550.2431851258186	329.07212335061826
550.2649877666865	331.005108662816
550.5420517147054	328.17352269118163
550.6175733613971	322.61538461538464
559.2468945998082	306.3076368000429
561.4739357048006	303.2191841025488
561.5692760226648	297.70482671898634
562.3449676705046	283.0696025589731
568.7221986154047	283.9615384615385
568.7539853762781	233.12817205580643
572.0737531629371	244.77685960645553
580.4057092869606	236.64580123169327
580.5501184077663	236.92624220802327
585.2898933540416	220.09340752893664
585.3264081738935	208.85260497024186
585.999168268512	214.11945979269635
592.5287542039499	197.13184886913007
592.544981397616	191.60998471051846
592.5851670146857	186.58944270884004
599.3560083849844	178.58544978811372
601.3112125631901	172.85823486730072
602.0	168.0