92.0	162.38604618574507
92.14313143962084	171.04742715024477
97.98758249521217	175.76923076923077
101.88174199934109	192.06981020851376
101.88718381200212	216.10203429800507
102.4523080518248	208.0012584259869
107.92011521673463	222.11093727569965
108.17875561034964	258.7010763827623
110.94366020665771	264.46932595884
120.14480435333793	258.895876927053
126.02450502316621	291.8367701538995
126.22804790104291	298.4273853007967
132.25409414204464	307.09556472952727
132.30167812752424	315.08856944742985
136.4490604540044	333.4494855099318
140.87210210269498	335.4972772894315
140.88115442277893	346.9681681116476
141.21352029066318	349.57357687560096
149.29502936027757	358.97359487552336
149.38635231567662	368.0802757720864
160.62588644034398	375.26376927897047
160.88330879234266	380.96625783325726
172.53567636980404	397.7068779845382
184.74177544469424	400.9543805675778
189.14521589773744	404.7473015953728
189.5365053854901	411.78673257340904
191.27515229780423	408.3846153846152
206.38825238608248	414.5384615384613
206.52519276811157	430.41570225362005
224.50450646355387	438.9608077868155
224.5435140769614	449.38833036570395
225.3721031128775	458.52596940001206
228.84164351772588	457.58798516928823
247.35368870134198	465.3005246706271
247.38339903269807	463.7692307692304
258.30031410670387	478.1586580185094
262.96486652751594	477.8812176899677
263.1660724360553	490.150050517624
265.0148754624186	511.9759545823811
272.3133331096522	510.7144090256458
294.3400499104521	512.7553329482151
294.3819898818077	493.22945174672026
294.6944509053719	492.4535195940793
294.70074728805776	495.8162007193338
294.7225787475011	491.3076923076924
303.3926029164448	485.8527002614351
305.20938266920257	467.5637572935916
305.40348655926505	463.6915016059942
306.8472956436637	457.315564702521
314.1266660039894	447.20127064959354
316.45548720757733	443.30460492269526
317.7938588174273	442.3935668732946
318.14149022890115	428.20946625279413
318.2026476001741	419.2240636567047
325.1401193861927	420.2704506405817
325.21464571398195	410.59036939471105
328.64344256282993	407.78608793743956
328.7515137903607	404.5384615384619
329.1807323959966	398.7953367972456
330.1393985469993	388.8514913395022
335.78862788958514	355.5265025379553
342.31694218133305	374.19355140318464
342.3352445662429	379.6422458693502
342.84372568891126	405.39497132150495
345.3331567906243	393.8157864830468
356.42578510766793	400.3463850198193
358.97999121932753	402.0
359.0291808070551	410.9919267684425
364.83184706105743	419.5245543922642
364.850167082376	422.1250836035546
369.8152429861354	422.6482096971635
369.85722802383856	429.23110582811074
378.6161646644643	442.50618695171204
381.37585619142743	451.5416869590268
381.3894095980847	458.2931393145499
395.1851715366626	476.3833158310273
397.40544158013506	475.7337903795117
397.6414490739438	485.01960492001837
416.7051279942078	486.74150680214393
430.550583902363	480.5144451339828
431.7023477786311	468.6725988990695
446.5456148070725	470.18939241060036
450.0482549559514	458.51817563337113
450.22398906125704	459.1516224288181
461.47022255778865	453.5171773237458
461.4985983662635	443.7758597282421
469.9223079898726	441.7879860532742
470.2749998193274	436.0531812223054
491.3829532647697	412.1340495700645
491.38307060922983	419.27485402615537
492.00434943666943	403.31726934509913
506.055768381262	409.6381825651986
515.6870524320449	396.01978317753725
515.8019645122745	394.5769230769225
516.2804718000851	379.6894631843803
535.6999155995737	377.00315034496
535.7317358588754	372.4374187955659
542.8933518018293	363.11888650237506
542.9857225991653	361.2692307692308
547.6268473576213	339.53177461986184
547.7030320092757	336.06982092872676
554.9731230254989	330.34615384615387
554.985023904157	322.61538461538464
555.5144345816266	312.48254033487046
561.8883479054915	307.074546342431
563.7411215304271	290.9266535984554
563.9366570189833	290.0019600477584
568.9696409574925	282.8017882056288
569.0146155902405	268.63033496483445
573.1997732967884	258.9304301026341
573.3485160876332	254.53009379177246
574.9135485505501	244.78922305276475
583.1550328787521	218.66957654357662
589.8531937892803	203.59513669776166
589.8595918724417	199.6911362509361
590.4958254792971	189.53921672189736
590.5786486319278	190.43774827074276
598.9587419715311	175.96481484340222
601.524029606018	174.40667437655105
602.0	168.0