92.0	168.79515666216108
92.11983912082867	185.94683851035396
92.51293097317703	177.1753087105412
93.61953020269176	193.7403645963285
95.76849424016378	194.68905537584376
103.66424072247874	197.92307692307693
110.30458796147029	225.42671567639056
110.31194835418049	228.3510421428062
116.35412947580687	246.94886937958708
116.37984363195487	251.37421571829498
122.19307597961216	270.68959132886135
122.4565860115191	283.87938754634865
128.43325005905064	297.2243672206628
128.60046981610753	301.30769230769215
128.84364804811366	313.3527695444848
131.31314678465046	324.3116255770164
140.52341042006537	342.55103942491945
140.60016413537184	344.3617057172898
144.95547550825538	348.6469299875296
144.9602926774228	353.03813959318325
146.28469471890472	376.16342197021135
167.56909724177973	371.4615384615384
167.57523465474074	382.7950739194279
168.48216662789858	387.9498854547544
183.39887784917642	397.8459927412338
184.46023513668328	405.67407441139346
201.7567995529571	423.6258608162358
207.0565109007727	421.91398437384174
207.212126003905	422.843634004155
207.99540775040236	426.8461538461536
212.62329376516465	466.4001243025673
221.99418734938297	456.8406650700461
246.8096874880466	486.3639244210119
262.8728313868796	476.6594928955506
262.95898828851244	485.07704565451763
274.7308386124505	491.95972640225693
280.4007732976119	503.011549314586
280.5429853569944	505.4486307476142
291.5202668407542	521.1682398553585
291.9584416744525	500.0950661727637
292.0391406171117	502.1538461538462
299.87660198508	496.7307692307693
299.97093131143663	488.16975431949726
300.396499792261	478.71409686064067
301.5242685550067	480.09272015303765
307.1496537278318	473.7782947982256
307.23567591786855	455.6653428510428
314.51383961082513	448.32450764334675
314.52722930793203	442.07805612161275
318.2883665012153	437.29525497261824
319.85349991342235	432.38628614865604
319.9149816651215	430.63701877754676
325.52147998373647	420.8076923076926
325.52387256855576	402.8937158093591
325.79217592879706	404.0649921302985
326.5443863588287	399.115384615385
334.19069731970563	381.39827342995886
337.6186343111075	375.7442091680865
337.64969380755826	377.42307692307736
338.39805856946697	378.357230885762
347.99277371765817	393.0699796944135
348.0432003394475	399.7979766708227
351.46349648691006	403.8895395340706
361.8164630856938	412.69434544814766
361.9153065417757	417.67648285172635
362.6333677345017	417.0
369.7124017332033	427.7297403344245
369.86321924808425	450.85310180987256
371.5263588107302	438.65716409372436
380.88439672754015	448.40975690982225
380.91125510893545	459.68914400315487
381.51702472559913	459.7625576212846
384.28140437735976	469.38521753566016
397.82156156218025	484.4529747317478
400.28842121939357	485.83355303626143
400.52618918965703	490.5311338361211
408.7772743862558	496.4160981033874
408.9202025380155	500.5622968232013
415.9194324003407	498.4353521410905
420.97943206326073	477.6524944537653
421.3912529729316	486.13025044794273
436.29106888890783	475.5265827757997
436.401635309399	471.4851469182995
446.00088803594133	465.67553893891545
446.22805678417774	466.1923076923075
456.4809127736971	455.1814349172125
461.20394957937805	452.9977883016562
461.2937888480647	447.47324721110994
470.65365290833347	441.2539914224216
470.7032178325474	435.3808586500416
480.0975650085623	391.6172801882394
505.5781141973986	406.3348411966413
509.68081371062016	383.11019644820067
511.4409928123489	383.17060427310474
513.7871954575272	384.34615384615324
540.7647607704258	365.6480920466622
540.8417387635751	350.76271514356506
545.1621931589126	358.6095788317534
545.2802070328763	333.871441928442
545.694147089429	330.3704833693033
546.9468272819256	335.03146953195386
547.2946367980956	321.23906062588264
557.2176283207434	321.2449673427862
557.244578901179	296.1142037136574
563.847762480486	297.60724074893903
563.9307150661375	282.6806160384474
564.833948425225	275.8694134385496
571.0340454769091	274.7894685911832
571.1286870375326	263.0884048502168
575.9452894284133	250.493972700248
580.560934055298	238.77081567831888
580.632259172164	231.7852957247401
585.281403945424	221.35239211729677
589.7763581514944	214.38461538461547
589.8916896133886	206.34357168734206
590.4093786210143	197.8555170994747
590.5851679443132	190.5988156792149
591.905067528025	175.2056127876019
601.5478881257703	174.67404468264462
602.0	168.0