92.0	175.63874460281087
92.28997582214296	168.3846153846154
93.29988916687392	181.0274589726365
99.85533595240189	183.9764385729945
99.88485484439745	198.73192714444139
100.61701645508619	197.92307692307693
105.61023923384974	219.54197077872368
105.69119038150598	225.21760479799678
110.22260415658914	220.64395947255554
110.24739922463117	232.89447573521846
110.46353155736732	247.8082829616682
116.14422924650718	258.6248778206696
116.15708673758012	249.61538461538464
116.68633880257703	283.76851539413724
118.40926117082819	294.6879142828562
122.08833984293557	286.53846153846143
122.70016907677385	303.28972923556006
132.63601669206548	310.42109199834874
132.65630537982346	313.7998493920219
136.84171637511233	325.0483941130832
144.57149887283288	353.9683343987433
150.39485666823413	356.1432081378644
150.43599709011366	368.3173509073001
152.1901379251844	370.1722049121078
166.17208061868988	373.2980868180178
189.06285933548833	399.36124390712166
189.27228203095547	416.3499267084209
189.9772848976244	426.12302332796105
197.2304665569235	426.93605359258333
223.4797364109356	437.16980779626266
223.59534130595964	442.7201254313332
241.27898366131294	451.4615384615381
241.35356544425693	465.38230481496265
242.7026735311028	474.6559763176834
263.76225388374	477.08662843874845
263.9029576101344	494.424618136625
265.6979230841811	493.9719549134217
281.4666204067098	499.0422257010398
281.51096668866035	500.69230769230717
291.80195532687253	509.10710657243027
294.3683896661438	508.09767807153133
294.42016205089936	505.2087177790907
298.31972279336554	500.5710356355738
300.0135593095368	481.9505888158091
300.0183975678551	489.46312234038135
303.7870132736095	479.8076968178659
303.7983804097888	473.9869751607822
307.06565840531766	468.6669713302376
309.1337713646993	464.4266611861904
309.1346585256309	457.4323303060457
314.33490868181553	449.9404350893745
314.38694674552914	439.9749633518979
314.80629111154957	436.18008769714197
321.6889944306732	431.6538461538464
329.0431383790542	409.9615384615388
329.0620857875139	398.6773662829286
329.57767356295477	392.2695783948344
334.1365260358299	383.07051710788295
334.27823332932763	369.5406213045342
336.174839967241	372.18259224124387
344.8188173390471	398.08012309168686
353.4510805558811	394.479362719065
353.484833542498	415.5223101764758
361.67051571225653	409.7581304011766
361.7845889901539	421.3638757542134
362.4621771611586	419.1508688915948
370.1070723799297	436.5676729220942
370.32194358625486	432.0
372.8476165674029	451.116166742822
386.6917280216748	452.7677720799206
389.0530235064862	457.66969553574734
389.13978155050904	463.75572591726956
389.49280218831774	487.9189924177741
390.91725484883943	483.32622093423527
402.88028009025277	486.7525032312664
402.92192061552936	494.90944412723866
403.6716841085118	495.83513681589585
411.293203684881	497.0633811917212
411.4005765431071	494.99030033619147
426.4808713026816	491.56709073260623
426.4870592923666	478.78948776383635
428.43609613019976	475.6025844321891
446.36305949533437	471.30769230769215
461.27462198581986	452.19890358020484
461.365357169115	446.4917457476276
469.9181792198498	445.73076923076894
470.443387773977	428.058088189958
490.74855012814777	416.68945016619284
490.88435719608316	412.111840858298
499.6755496477573	391.6488191040236
500.12060072590447	403.7783147221397
502.08282250350567	398.8103941362011
520.5013112001623	385.6563189806938
530.0185183645648	362.33331680667555
530.5191208024072	369.0712019410906
542.6697364126877	369.0
542.6747463896738	339.2799011284183
542.7504566100406	341.72240643233516
544.467047579467	342.82996075074277
552.0068463196022	335.4301559177903
554.4243552515235	325.4447562400646
554.4930276250143	319.6788472561046
554.7367144236283	299.2865819904342
561.9062508896341	301.91733209740613
569.002491750285	274.60340451405915
569.0136227066272	264.0152914158342
569.1603921830299	257.437747205947
575.6011370439708	255.79108429831936
575.759964420898	253.03182091285976
580.5313427603786	231.4306148154705
582.4565903116373	230.97159921496592
582.5596619533513	212.7854357380115
583.0263989729019	205.6772021408836
589.9454373122028	212.87681376080553
590.0490858373565	204.04631955154068
590.0526198890834	188.96534882331036
596.6346995835729	191.1923076923078
599.6353549303514	175.72456518155235
601.2560087872496	162.32797868234937
602.0	168.0