92.0	179.3644949097262
93.17341776384625	177.81522655017483
99.9710769963279	186.83765032956407
105.70356012056729	223.83863139884573
105.8534087553489	213.378014955697
110.05915435296932	361.52158872655014
126.59373175630036	279.1538461538461
128.42029720649845	287.72618395546715
128.48170128889512	299.43552951584445
128.83329921900136	304.05769091863056
134.64189227033518	310.23302219214474
136.43351639820386	326.66323450693363
136.4539149088934	327.0167752055084
136.8692632625406	343.6987754700699
144.84333960039382	357.4485955601133
144.86008960661454	360.31181087020593
145.16562237939397	359.15384615384613
146.50736059711795	367.5847527815592
165.89970926892218	376.14483977715304
166.094533866922	390.11787363672477
169.44430353879423	389.9230769230768
170.08287505091675	396.0769230769229
176.64492820653055	408.1556923453695
200.6488294557242	408.93729791114623
200.89378977170546	427.45666499487885
201.99541560306474	429.9852288805411
207.9695979696703	433.04639004445386
208.56268671562532	440.15636988844096
219.76740854225494	456.4827895712985
247.16684989336204	465.82113976781613
247.25622161440864	474.21809274538543
249.130595142959	476.8615045578048
264.53613614203067	476.9191430761333
264.5362949769458	489.8771639727893
265.62788956624894	495.0375147129281
268.4122170259432	501.4897533796141
286.9975469265622	503.94178642799926
291.3638994649187	510.4506116478603
291.6265711360142	484.0792777994114
292.265244672718	502.1538461538462
293.06328909599915	486.17186239139585
301.69932216010505	491.3076923076924
305.4460935556319	476.4267783336169
305.4520863821273	470.72019290556
305.6578947458752	458.4565489724334
310.8077675304589	456.0677490420266
317.8007637731724	438.23346529900203
317.927647188452	437.0769230769233
318.56589951477616	428.6859559796236
323.2639899912811	415.53228699006803
323.27939977249974	412.02706028496624
329.09589611323827	403.537044462894
329.0970373696979	401.59294389286026
329.67346195190345	391.26524335074333
329.8607010216323	390.1898136117883
336.0650671266109	381.10089758913756
337.98389313569214	379.4040868813626
338.0649141039289	372.99261528742613
344.6495871713645	378.4908003365134
344.7591131093545	388.3900202203585
344.79403964987847	388.1250139706397
353.5331431024581	394.7122010945543
356.1821301097017	397.99272760357485
356.2207934509721	404.42272206223004
357.1127026593842	414.5291359298701
367.2161010717087	427.75986637502774
369.7882573355016	425.919182167599
369.96556975989046	435.60874600844
375.62509504753257	437.97298591139037
383.6709341321777	447.432509171018
383.76131830365364	454.2417743938597
389.5408091696786	465.85294057174076
390.03159003623387	490.3149724031493
393.4350986862105	488.2416732503863
409.1547932944455	502.33152613006683
409.17675013962656	503.51870884736
409.85317898836615	502.0
413.3593506534011	481.4168644987144
436.58516563369335	473.86962446117843
446.5400173724088	471.24127308442365
446.5486409520824	462.58991439432396
455.67377836999975	457.04528769703586
455.691202509307	447.68166701637193
466.45567007053535	450.8461538461536
466.4859622122041	434.0270890056652
467.60420446072607	440.6153846153843
480.18777433459746	416.8270781500769
505.5544572609642	408.2174032934446
505.74767095736536	400.8029999089327
514.9292521995343	398.93241045673807
515.2214553606839	385.0575476006717
524.6580793100037	383.48680151635256
525.0416795382343	377.95626661245774
535.83544854597	376.77815089570385
543.1334173196674	369.0
547.6075119154386	351.5420409782359
547.6824168654418	341.8585560311174
548.2024738442127	332.6975983590324
549.4607387577261	325.11719965114224
549.8669370134959	310.9275389044859
559.5268853345369	314.8846153846154
559.5817292606276	302.9094422553406
563.757053642419	288.16075429047834
563.9778718321231	291.2414271753745
569.0550611030067	283.65622296201457
569.0876927592905	271.98897832195405
573.2523668948721	257.38408672635
573.4187413861648	258.8377316584673
574.1107866561748	249.86436912100666
580.5239962329664	237.2399152057088
583.0118011913337	233.79494922521798
583.0200528653644	226.69134132167122
587.4117793379569	215.02477937999663
589.597857660342	203.87729058056792
589.7217689075246	200.5950727367831
594.8982616642028	191.3866817063693
597.0056746089797	188.2576335670692
597.1039504841921	175.14625098205337
597.5845310471024	163.2992312293105
602.0	168.0