92.0	170.62626777515473
95.86459343188709	168.3846153846154
100.08319549785239	187.7998015891213
101.51857164918219	196.83327491487626
101.70773381306762	222.33062694322027
104.55863426669113	232.29331590369566
111.91606113542538	234.5104899835393
114.2597618859219	243.24106285533495
114.31025347255874	258.4849736481934
115.89273754480723	271.87263221817017
122.31801860579799	274.2965603694408
122.37157676753505	273.31985270598994
122.56676027120766	279.1538461538461
128.41254412715824	291.44679146841656
128.4561174900348	300.2859876814791
132.38211457277333	358.990184384591
138.52266039326665	323.4615384615382
142.42356645220167	353.10536307728296
142.5167176487948	347.6539134799791
143.12898920367792	355.8479620520525
144.63528513181376	365.453318183088
161.88637359080374	367.2812366834822
161.92804023560808	373.00675763899363
162.26881258247084	383.7342192733635
177.55527642475357	388.10776995104726
184.08029725510556	389.971630293086
184.27192886195357	398.5913902818128
195.53743221310788	402.23076923076906
195.65133382410423	430.5042081367891
197.8333894467144	424.8346703223268
217.61961249104235	459.2240469878458
245.68387517750404	457.61538461538424
246.1464095197431	468.61660764154556
258.568614426657	479.82992400341965
258.6464986995577	486.24032442273693
260.4312103257691	487.68607301555596
274.8353013297893	494.9582339570481
275.76411419807386	505.45677313343566
292.66552881545425	506.9823486960229
294.3662870765607	509.2461500563072
296.19098225763923	497.5470697551539
296.2338711779448	488.7884691524332
299.7666721223341	493.1803906999198
301.5174540543399	484.93594985314104
301.68151566356704	482.56727867488365
305.14302537132454	480.46153846153857
305.1503208641345	468.0824231660291
305.63154560918065	469.61538461538476
310.6583130209778	449.962810751
314.20295747046083	448.49960961251617
314.2109020532615	436.91797051533933
314.5142477159939	434.2271955291224
321.8135539629367	420.7798323030211
321.84963819575023	424.9971025796084
326.9915694955113	413.63293882035634
327.0041229899348	398.39073743424296
327.20728769230533	404.5384615384619
332.4280785981292	393.6933386188316
338.04907652904063	377.649715011485
338.0532987224656	369.3312335865028
338.58366377268663	372.7454451194601
345.3300164024104	377.87385904495915
345.3945852720373	391.07772203999826
353.4469759557559	404.6029766011144
353.5845812721853	414.5045760110583
361.87543322843925	407.76368966489343
364.51394472715907	416.60281013060455
364.6225251774689	426.4963501916459
369.76767114668644	432.46994995811826
370.3141427554901	458.13280341723583
381.1347407847977	452.66087830804923
381.2583227501203	469.1212808894942
382.7840316471125	458.39281965427955
391.7794328942986	462.0
391.8512976064345	467.0480545060526
392.56064648391896	482.5145522568102
403.3613971264037	484.1778918977163
403.45855886495326	493.2869463972206
403.4730300970964	502.57126465376996
416.39532104558765	492.95991008264156
420.8409752834543	496.0207709495958
421.10266807502245	491.2137341274079
422.98280164876184	486.3019110122211
436.68928605297816	475.67075907221204
436.7200683276439	476.4230769230768
437.9558836754432	467.4140898692893
456.26359369526426	452.43133524622573
456.2703921167293	446.88457399157926
456.3877613181429	448.28678698985044
460.9214702142192	433.3819130657708
486.4023480185944	429.12734582875373
489.76275774119586	421.24148598179556
490.3024059073635	408.11513993281324
521.0246442307184	393.62379973467176
521.0343578610899	381.23300088016595
521.1301714130446	379.5563739636221
535.4511242546278	374.02814796525877
536.2985276441435	343.63325903877535
540.7443588925754	340.24473085527717
552.2681343702717	326.49876596838186
554.7704555788778	315.03643932421033
554.8456338270769	315.4734614704469
555.0392207118414	298.0116035184771
556.4184996696322	302.11507234203657
556.8896359750236	295.2372354995688
566.4242959852788	284.46859602596436
566.5184389061388	283.9615384615385
571.3695580815565	275.79704991032906
571.4071059302854	256.4827584043579
576.1890721144155	260.76923076923083
578.2666489180497	244.61261199848326
578.2789057946513	237.28165811628298
582.6018793946608	231.35433801505647
582.8794963858468	209.357482833673
589.8162842748023	205.09043254539228
590.0518267727344	185.4728157221933
596.888416511088	173.2996399126548
599.2552620065635	176.1404893821907
599.3273747389416	174.44069254475983
602.0	168.0