92.0	161.0
95.74286074458536	168.3846153846154
95.8523022256805	180.468712486483
99.68328293067393	196.12269489581297
99.71265634577809	200.69579670680798
104.06299827289313	211.03123762590542
107.9737641776033	212.6923076923077
107.98923148498979	222.80107633366828
111.84568653609539	266.23625468314106
112.17058036510103	253.6972900113361
118.09229387051145	256.9020196339209
126.54949681164533	280.6858121368393
128.23038444229985	288.40894987196975
128.57690540471657	307.75102107058206
134.350378938237	311.829216349859
134.4162319368007	321.61393662849133
134.58595538734275	330.29118466905857
135.62184411726662	350.05371325109525
136.519026155928	345.6153846153843
138.83719239170844	353.0
145.980193624103	365.30769230769226
146.08603251969015	380.73039682631736
147.23510623379607	377.87680900157636
178.08724200291672	394.3144227095633
178.24249612450853	391.0432794087672
188.84518279033531	396.88536115693967
200.5450070642397	409.32221338157575
200.7145035159695	424.3742441984127
212.25398194093054	427.2506476144769
222.8658623981486	432.9999999999997
223.99147032812115	447.3351197326529
224.2572322088512	460.85838117517335
246.50729824722006	467.70672814590984
246.75826352057456	464.6445685987672
247.36695249720523	476.83249382582557
264.1583697589829	481.92526579487014
264.17251585384895	498.4252560157904
280.99802213192544	498.7367243142868
281.1510826806265	505.74284000736264
283.18335675744544	517.6998905106958
294.5030666966295	504.5318121114215
294.58594226845264	501.3178620230769
298.2632364302304	496.1725843648453
298.2645952076408	489.3337503194874
301.9482837094707	486.43327928216985
305.4601940434223	478.06705231688227
305.53480900098384	460.48308834727465
305.8741025713206	457.2660189711989
307.5075264612432	449.25475618134175
316.25411360143374	442.7985826084153
316.3352809213973	427.89804757439197
316.9228191996404	434.0137911387698
321.7610325891219	424.9189185871421
323.17536781893983	426.2307692307695
323.2617476453817	417.56799272184776
327.2676072905953	409.56827144414854
327.2868146346875	407.41593947257564
327.4522627312641	398.55488259211097
332.60765828664415	393.06718348639663
334.5202310085358	391.9094261648487
334.5233685435947	388.26923076923117
339.90080757272926	372.0197174197513
339.9066904575502	383.4053584670353
351.05752440402387	391.83673403563245
352.99646963213036	392.0
353.02080922064806	400.4628085665915
358.9432766114698	403.4778626636417
358.94737826100794	407.0854197607641
367.3921809536342	424.9229072712436
367.4121373448346	432.54101095831436
367.82553508879323	427.0
368.94246289668285	437.1528668648658
378.4982501296167	443.07002834098654
381.3295389234852	446.82816939774875
381.3860179369839	447.36187162814605
386.9305249537092	470.9875584105895
391.94268826669264	465.4677601474719
392.02019687836673	472.19993589579127
403.1633148856788	495.01655698071346
405.6286139083202	489.07261766013903
405.77412352378445	494.24736029554623
416.8561745882455	497.1911963960063
416.86360848762183	487.0617681407965
417.36195595523174	483.33999141599065
423.981285872255	478.95504401872074
440.61918967442585	468.76089891910823
440.68909944263	469.0666124141484
451.690751226531	452.5002829792931
480.6722673861493	435.49999999999966
480.8996643728851	419.99141528827016
481.8921162393208	423.5699356251699
495.9909691241411	409.0376131481669
495.9946621397479	409.16816468380745
506.07450014767426	402.1909802102917
506.1390293760025	402.0337433015757
515.2965040941225	395.6489837630028
515.3410124520983	377.2340779897321
516.0953378779476	382.1205888678509
535.9756188048326	378.3630555302467
535.9883061175858	370.0186421573092
539.2738410007971	361.2692307692308
547.741287512149	353.53846153846155
550.3397750623235	338.99381086195547
550.3407012222664	332.12399890522073
557.0235874672403	317.47795402924464
557.1456844914942	312.01741073740203
557.1757360073941	293.95237978012506
563.8983564023202	294.14793687176314
566.7287165709348	289.9021819171661
566.7511747963988	282.46931520648593
570.9293389399172	270.859189937686
571.1014830119889	266.800593351704
575.7607523557632	187.60892827969855
589.9242800544092	193.47655803615498
590.0009428304829	206.09846837077683
590.6949240676389	193.12789852106516
590.8730114307075	188.46158163075725
592.4944692891684	181.9672264588834
592.8947351546766	168.38807376559768
602.0	168.0