92.0	169.75586708364534
95.74038895251746	168.3846153846154
95.81480330314656	175.76923076923077
96.03498462668682	188.59997806082652
102.0207791767815	203.74034962442136
102.06559107606873	200.00392043949097
102.44694410872755	217.7213818862307
107.65522100888552	228.09433364713772
107.74802006604212	237.32260944040507
108.35148162663648	246.8348563218414
109.6059934161093	252.16217866849627
116.36811703515325	276.4592655156981
124.08076200851714	274.46565014736336
124.19781925437043	286.80249689770966
124.73758465460608	302.9032543343076
130.43061606658225	293.9230769230768
140.85526885718383	341.3394897930944
140.87149501591722	350.924094718597
141.1746788257382	347.1711078058002
148.902962612197	356.46700292984804
149.2588796433965	373.007658853108
160.60472319887873	374.37514120810323
161.11858862472945	383.9539208155879
162.22111045479204	395.4070288883619
165.2820817216667	394.88717873946194
190.49290025003899	398.3912316974645
190.50349022650195	415.1482986722476
201.53535574592178	411.6389821687965
201.53754449411912	420.8003823833371
218.0121485030126	429.56358228589005
218.06122760662925	449.4209384879506
229.2178608587366	441.88235354122963
229.52632796918064	450.8958928108676
229.54161141178378	454.2545871719151
231.0904102499016	460.5144063071226
252.33369073487006	477.7574620769881
263.89247978109444	480.5636559935567
263.9348618410203	497.782041000178
275.4091071718014	502.01578801300394
275.4137242950616	510.5080459134699
275.67459814262884	506.9015898054675
277.1632588239983	521.8828650506457
294.2285223043813	513.0
298.2753339020726	502.1538461538462
298.31783507393106	495.28586825947906
301.7984126535187	491.3076923076924
301.8136001921545	474.4485434042398
301.9633434177503	475.73708805548216
302.9497708350398	474.1694258916703
308.8892061170933	456.34346395679177
308.9088521676111	460.2245434762195
312.71317441886583	455.58408897574515
312.73858778030825	443.15107161212165
316.4439261264508	445.7129467855278
318.15280820131164	428.0813407724552
318.19014770564036	395.867936932811
327.2119222830103	410.6794133097254
327.2558259257977	409.9615384615388
330.67604765695046	401.8312246583161
330.74319710022314	387.03612915124427
336.24843130151754	388.26923076923117
336.29169601385337	381.720859419374
342.62770398200973	374.21700456047523
345.06355166875744	377.0
345.14312152649023	390.0242114621078
346.0870565429687	399.9898504841972
353.3653734934141	397.8491263822491
353.4890149985517	405.82919777697646
359.1283277765812	405.67383935814223
361.3398165601328	407.0
361.412971664641	413.8000357873209
367.07757417692494	417.0
367.1656156388419	429.9617673982347
375.12732644224434	434.95831279153157
375.38237232865123	464.9789247583609
387.0656127856991	462.3616563056835
395.1906748419354	469.96694872457806
395.24913910364006	474.2994349634847
400.3187436456448	477.0
400.5069989461464	484.9227080174146
401.31558839428715	490.5805850347206
408.9602498179178	492.66711740463984
411.73233947885467	503.91186641341517
411.742558664672	493.6951000505806
420.9929763371394	492.54806069491013
421.2957223228576	489.6766452762376
441.5616420316771	475.95366239862193
445.43363557156573	470.45310380397166
445.69826637142637	463.9591202688871
456.2787846807065	461.07692307692287
485.86150054591957	419.83302696842486
485.9769532196851	421.88898435829054
489.9467119334207	403.1008243990915
490.4992798669546	408.7005859005687
510.560427421146	378.5496183190268
520.0597211962735	391.5566707570097
520.3663711356064	377.30520820748967
524.7434551307754	370.8099002707527
540.8147437975259	370.2444827879974
540.8272855228557	369.0
547.3750761405836	341.7905850372457
547.5539487521451	323.0580683749178
554.5616013531971	320.82428267125283
554.9283356639305	302.9812454071829
561.7372881118268	302.85764064550193
561.8554075094341	299.42307692307696
566.4483154535118	288.67644081760193
573.7368573612484	259.7191448582016
573.7439216008455	253.06260345017563
574.1952671682135	243.46079673904157
580.4876074421594	241.11300923517084
582.6553072683779	224.70406892955094
582.6926232972121	213.47682368843618
589.9673509443307	212.82286552129673
589.9815898456734	200.67536749150165
590.2265225086	181.11283334331506
591.3794702844634	186.2788871442956
599.593127318556	172.3131096373214
599.6106293240075	163.5461848711682
602.0	168.0