92.0	165.5443732560418
92.14282764075008	176.72843041871374
98.08463039516683	183.11661139768083
98.09319293578467	183.15384615384616
103.74216378380908	204.5965785152791
103.77689561866171	211.49369786808114
108.03024576924534	304.99435107530053
120.09400942541544	259.0981521617977
120.20592507909126	295.8161491982499
122.23341696801677	297.2271029425157
122.2575809765533	299.5452419598561
122.75309334383319	302.04649652434017
134.19720917410777	308.6923076923075
136.3566927078377	325.8714658292929
136.470300080493	331.8553781864947
136.83874082135011	333.87710216118904
150.16699330054627	355.96357937558673
150.25150294617265	362.0508066044263
167.7330589639798	376.01219399868125
167.74087615840187	390.31072669818883
189.27537608656712	396.0769230769229
189.82293473427532	408.9821310128117
206.4524648209547	420.07113554059475
212.16504268724535	424.4066825100375
212.26200081096093	431.6842261820718
223.14681840695204	435.7678283021395
223.63041220807574	448.13879277412997
235.23953376299795	452.8745369935933
235.37449912414232	464.28192989604395
252.83140995541356	464.39680284253785
252.8940919780554	469.9230769230765
254.357366831976	479.9233358487573
269.6029033872716	487.98414197320807
275.13266859957247	497.53814560381846
275.3960304131049	495.25210857192445
292.96332906719175	507.0896851628284
292.97233035632337	506.5175954586639
296.48518712230003	507.1385951230148
300.0392033697907	496.7307692307693
300.0965487585035	491.06544207079156
303.28947801802406	481.2356001473398
303.37208903505996	479.48636594139003
303.94395976545377	467.9936048455826
310.9914159357203	457.3939324765955
311.0098189819645	448.1964746306544
311.2998420265102	447.77144492930745
316.09342941063096	436.89412859908253
316.1434433940763	418.5537414160746
317.08138035330643	420.3738344717837
323.51512489936647	426.2307692307695
323.52899425094193	420.8076923076926
323.6674247181551	413.55056309685443
324.8811476261741	409.9615384615388
330.74278322540556	402.58920999151604
334.1190332891656	393.4584879304626
334.1208218576036	386.2339054693145
334.6757834045572	381.4412001816965
339.75977171969663	377.42307692307736
339.8219844671257	395.84703957845204
340.91384733596016	389.8684253779927
340.9496968311159	397.24466074739877
352.9480021446781	397.2718171985294
356.0571759872706	400.2204106858764
356.10503375544465	409.1399450060632
361.4087066034581	410.9829352099385
361.4515656480314	415.91356528024437
363.69698976787816	434.70370461025897
375.4908907893949	432.4371445067802
381.1259986631446	447.5789571951451
381.22450648014586	459.95014306941346
392.1457024940969	464.25849432390737
392.8010802854054	487.20371936247324
395.55330789104784	483.2073242846697
405.62853111956537	489.05979387874066
405.67145587949636	492.0
416.1721896903778	501.436874676474
416.2752144966772	496.88461538461536
426.0546606429837	483.77786933399176
426.3896057953581	480.1372231897712
426.7867390247297	468.23511957312206
445.41882641507243	470.38618587594743
445.47552809619634	460.7803873620199
456.64665954083085	451.6350523668148
456.64727036346613	455.94871698511207
458.0171973281006	446.4024528966829
470.6181419846139	445.73076923076894
470.83779855715306	425.5805808557269
485.4214925829291	414.17518854161443
486.5223247399228	415.39862182052974
501.12980589117586	407.28155939870607
501.14526051295474	409.0591963660785
502.9297295707774	399.69230769230717
520.7024643514309	385.20844707406025
520.7678115066082	389.1529332538981
529.4666782211036	383.02073155032116
529.5081542084213	376.7780233124601
530.2642460520799	373.655625935577
542.5984708871791	347.04275632501424
543.0246531670713	349.52417761362653
544.4934865311468	345.8076923076923
552.6803696895323	335.7088553098412
552.6890343491413	324.03237015168077
552.8146710704125	322.41402810051034
559.6472996713843	314.8846153846154
561.7915863815124	307.1538461538462
561.8633220333342	281.82369194461575
568.4228736349282	281.1466722817303
568.4728074955165	269.0922405622814
568.967579330262	267.6073934535603
575.8141618669043	259.1845961061782
578.5326563688704	253.0384615384616
578.5341617134196	244.8334267649305
578.5522229957948	225.3085924387104
585.3423092505261	212.77498377942408
585.4143187214138	220.00987752904422
590.1651465944967	211.1496606889339
590.1663049844963	202.89704482524016
599.3356908090824	174.03518207651663
599.4310057160875	164.87843215369662
602.0	168.0