92.0	177.74972467885863
98.0151235340087	190.75387866596742
98.0390261440322	187.25497831844552
98.60366051155899	191.66214568043637
104.00513536863814	199.85599088427136
104.01638911690463	214.68811301087555
104.21034918370502	215.25583024112905
104.64151271650987	227.39940220721476
111.9445942530648	239.8718291295327
113.91700383124011	240.3176726141404
114.01323309731046	242.23076923076925
114.6295465239843	249.61538461538464
120.2877334490877	257.0
120.3712469805665	272.70872183543554
124.55537687727033	287.9905594996002
126.36542121273155	298.33221917171124
126.44091313816853	297.8941016754267
130.20955264565316	296.17635583820123
132.48482504756086	306.98648049362464
132.48554256121847	308.6923076923075
138.2510316603425	333.2916315700635
138.294413427604	338.4459322249537
142.89964191394327	343.5078382388778
144.506593268137	347.7263600553888
144.56645512881153	354.40812228380094
147.3401501063372	371.94974297679084
166.00929804600926	379.4837030851097
178.75856903123722	384.2653123173127
178.7971279132194	407.8574157703005
195.7317875383642	405.2327587293913
200.693336880501	413.78891082231115
201.02268500004422	425.1628108622177
213.05719832351159	423.3683321851607
213.0871615730453	432.47241908159475
214.05457309105256	432.9999999999997
228.8456773591949	454.77457616832584
228.97564478418727	448.6407636577637
240.5993240379313	454.387259978813
246.24005118494492	463.9387704738754
246.44690590929042	465.393719822381
258.7849759709296	479.8915784962802
263.4078972482805	476.07692307692264
263.6184454346738	482.2307692307688
281.50934143194735	510.014875514942
294.5815103899901	506.82762026670997
294.58757713888485	504.6583631433929
298.05558550147424	492.5508146644805
298.1302602165776	488.44644344363587
307.16470633701255	467.0465617168728
307.1856074492016	464.0052938342688
307.3797214757003	448.02094938595457
314.59125535872363	446.3021938226883
314.5918358242681	442.1476614360451
314.7017430727851	439.14851479493785
319.87693248131114	436.19217274468343
319.9529334171253	423.34059641130676
320.7827793884374	415.6153004471793
327.1119786005454	410.6728393849088
328.841338411097	406.748968140854
328.8495708896998	399.20332091021567
329.2164937829246	394.4685814679908
334.28211975357203	383.9394689410484
337.61443705594394	378.7856140415025
337.775030127551	376.66953265755956
342.13968425388714	372.0
352.93979364322354	397.66761019709503
353.070817065609	398.37909437800437
354.17500346106976	404.6637994900713
361.608430023124	411.4181252867311
364.7413335731721	413.09022584532187
364.799834785398	424.3726649263042
372.49363110485814	430.6886263173846
372.7038909679324	440.5488888392916
378.75581874197684	444.23919137245673
381.5354926926699	447.55689003601213
381.5362944706939	450.5061068900309
389.1659553057943	457.0
389.3229186298804	471.0192977434245
397.4595274551965	472.95516351242054
400.7615003572226	480.4443076485622
400.8034128269678	486.16955177029087
408.85858836968487	492.1327124937177
408.9796108339025	497.2694596248598
409.94011743859653	491.632581742088
411.88625533400545	495.76258587705894
425.8982389074247	486.8044179952642
425.96920177321556	444.5855648313215
455.65393898698477	461.06474535338003
455.76715359616355	445.7040336785923
456.9678517776763	445.39622275731483
470.96970430307863	442.29722301501033
475.2767523075274	438.56987781645046
475.3746202115846	403.199222921368
510.9939094547637	404.12366162869614
511.02813368631803	395.8043185935275
511.4918322402935	391.2170414081462
525.6348291536509	378.5406281021446
525.9689275127081	366.1509426287865
529.3056403320013	371.29891094927024
543.0767205053301	363.82045635872635
554.37906398524	322.60673387213285
554.3887518705192	304.77521907291174
559.6611998849584	312.4173124237675
559.6864813335573	264.39701970216004
568.941835732727	275.4259669085654
568.9915378051287	267.4151000043296
573.6052132803425	265.4203071235885
573.6247219200991	260.76923076923083
577.9337724023612	245.24839238082762
578.0982314500211	234.19467211565717
583.0344440115082	237.57692307692315
583.0809464752582	220.5215326595171
583.8203840476401	219.76463009965647
590.099887577979	210.19806700677867
590.1327969572889	202.69466043468208
590.3864186787406	194.68005820635506
590.3932825455071	174.42177463853812
591.1343877793441	182.7705077655314
601.9285386687	169.32928690815186
602.0	168.0