92.0	163.64765743470576
95.73604978227864	183.02412356663734
99.66537844065007	190.50431624335175
99.69994888285551	190.53846153846155
99.79053849499793	200.1894461842489
105.9136192027501	205.69296247367873
106.01620292998432	212.6923076923077
110.28253679144805	222.13032704899592
110.28873216515247	239.4324790449992
110.97970810132138	246.84236634879647
118.15832696129507	255.66225547552273
118.17086907779606	267.494757991649
122.17012050302695	264.38461538461536
128.50938126938075	287.4681288770736
128.52624267595306	293.9230769230768
128.8106851782137	303.9217080178008
134.50776999696083	316.1402546280513
134.57309734232464	345.031364791651
140.87873393582507	350.5702691408267
144.46309696533905	360.7667978609957
144.5042186265193	355.20413110758216
145.0906407780229	361.7985286096581
161.4875417838457	370.16072183343255
161.63154699645338	372.51887641640116
171.70945290493114	381.6507099048642
171.8142864334862	384.20515256752
173.55095854293404	396.0769230769229
176.2546701038	402.23076923076906
200.4604001634467	425.67504924471507
229.95475232097147	442.808758918463
230.00994072553172	445.307692307692
241.6270818603759	451.6232474807936
245.5891592732288	464.530804403314
246.11772466588664	472.10169580062046
248.03617596099406	472.92693715172373
264.4724388731217	484.79668197288856
269.9314137351916	482.2307692307688
270.01972721544223	488.41711598464116
270.48453484142306	507.15630509531377
287.2673793548108	519.6052181008198
294.47222945788417	512.6528857763128
294.47233949224426	497.5793614116031
295.52273792213254	484.27928391042974
303.38503283403674	480.7706991038209
303.4350624110632	465.1110268405125
304.3737456448169	461.9612786081874
312.65006376576264	458.76923076923094
314.61912678050277	453.34615384615404
314.6259949487787	440.51555094630686
320.10902748445466	437.0769230769233
334.4701211874815	393.2506822643996
334.4812080721474	381.1459696272148
334.98465245179756	379.20886975094976
339.7608174235446	373.88197121847065
339.793145370134	374.46704550095757
340.13484073418846	378.8938704037874
340.2162456831151	387.8799759862036
345.029619101034	392.0
355.73662718216445	402.52119542657755
355.77850010403444	403.4822651835183
361.9131557671663	408.0037528029152
361.9726152982818	413.305074857458
367.35805165809614	424.7994179723375
367.4615635546748	427.56146549805015
372.4674637501594	430.20853429799485
375.07832054484084	434.54958884323486
375.31453121534497	438.1936685245924
381.2541383722973	447.7783542863249
381.3438011800673	454.4245719714309
381.8275846169603	458.44519497275223
389.54424162776763	481.2810804576202
397.93182123447775	473.23710614647314
400.3232526275659	477.35021942244424
400.33404598031996	485.3625431196674
400.6862399201784	498.39697608718114
408.8776983619978	503.5895422522756
408.9651941825603	497.35902192272886
409.78257976925744	501.7779079351379
420.7337231087775	496.63040325993023
420.7600239672449	487.6572314055509
430.44706504289013	481.84329698252714
430.7483741658808	458.76816066663173
446.12502238796964	469.2428517892137
446.29588834686564	456.3058117120213
447.9831896104834	456.2901449069785
461.48952693284673	455.5889819878886
461.5282348945601	447.4884993129999
471.3257108242215	419.3010297026435
471.52693642896133	424.4784053093301
486.15505745236254	407.0089116219594
505.9932793259369	407.42593030823696
506.00957306815667	399.74143396138174
506.3008450862887	395.00435384901436
507.10651760308446	394.5769230769225
530.8896609463973	384.161375747276
530.937132208295	376.6672897676941
531.903101904959	363.9475366959402
543.0298989407173	364.93012749928556
547.7641231878923	347.1826597530522
547.7652065189268	342.6888431809562
547.9882456830608	326.33305009926676
554.9039160755035	322.3724043305747
554.9493496849102	292.117264572901
561.7409537213122	293.3118076919889
561.7864891234927	299.42307692307696
562.0336865690897	291.56853172289266
562.7677295337577	267.7452448592528
571.1463008489396	259.3795760955092
573.7910120931216	254.2136993250029
575.585834823941	260.0907970404978
575.7709449009429	236.1994480766272
580.3883781903521	237.2524532890394
580.3934798419056	232.6895085010749
585.1918178218929	228.89506640267766
589.8198309249832	202.78325191632092
589.8240290953505	199.84757469285304
590.4704158813664	198.92307692307702
597.1473785996685	188.86601183904853
601.9600731928855	175.73076923076934
602.0	168.0