92.0	167.4721792666498
95.56011886008648	171.54227186494833
105.78687130128796	227.01522285292748
106.19379781256697	226.67747403394304
111.98629027621364	233.1174835938187
112.02091632365959	238.50524707469262
116.25001898874976	250.8893983018816
118.25236763505866	249.61538461538464
118.30266594204068	261.0219617610964
122.49800929485694	279.85976557931866
122.5037963391479	271.7692307692307
126.54122685104227	287.28519157408596
126.57236260193461	291.5343489860591
130.1462170436989	304.9200779526786
134.38842752649205	308.6923076923075
134.48416860727994	322.6363066848024
138.32996847010415	331.5154209216664
138.46923199987583	333.62069786655786
142.31865507289132	340.4923092081234
142.45944697236465	345.6153846153843
161.1555474524008	365.30769230769226
161.34653854512374	383.1098573919355
163.4529724997262	379.6408175977948
178.71773877267643	391.9506761449991
178.72529635600037	392.8181788972345
190.12519721398883	413.6139005558616
201.48055894073468	419.7536069161732
201.7147518372041	420.69230769230745
202.54839405343765	433.7006199290597
224.25317514104162	457.880088997559
241.11920191066326	454.4481038929461
241.31069151509968	457.61538461538424
243.31994920053702	471.67804037405165
257.1477817042233	472.8614937025653
269.5609994754886	498.02824798304266
269.7286317778747	488.9031148768037
270.94258821657485	511.8754488553001
274.4059438083732	510.9616726251707
274.5568117559051	512.5001813954382
277.7771095102319	498.4064476076763
288.78799255697726	495.3565140121953
301.5123162217979	482.02291537511906
301.6059123339069	485.53740741103576
305.44340091266326	480.46153846153857
309.06491063840156	461.30121462475375
309.099637626773	458.6276085226869
314.1692048792882	450.0847781937816
314.3013255643824	447.60151196375796
314.9184717427653	442.5000000000002
317.7537016978423	426.2307692307695
325.1510817371107	413.06199135075457
328.9316549557276	405.31012257102634
328.9921785985653	403.6591155419039
330.83439625785195	386.4514110138275
337.93798273120615	376.8185239789332
339.62050789936944	374.32343029638105
339.6703178621908	376.51366946099057
344.97589551882504	385.23087838011514
347.4896880025116	387.45507011558817
347.49578287256696	419.7366966353711
359.1843721556532	404.7453714207388
364.3666730285356	416.07046670961904
364.3820606342432	425.9803278222026
369.7509463837964	423.5635877824078
369.7543847891596	434.48479815841193
375.42105533619383	434.2505986708954
375.5752499812648	441.6773624125629
376.0918073269274	445.6176307255331
383.84765352136503	448.17742268417015
383.8497226999091	459.6789808154916
389.3473958884444	467.97377431855364
389.50309255902766	469.6536023163949
390.10707211220335	467.91015756709595
391.7921789750054	478.94769452360055
400.01140530349926	482.735893303882
406.1617483370504	487.74055491282064
406.23905641911637	492.0137224814167
411.8641558493071	498.997216037179
411.896457736081	488.93842251401605
413.2969925575081	489.0607042592349
415.1131244827653	480.1374265594968
435.6637259477608	475.06858975978525
435.67891323323147	447.5113116954316
439.8078160192036	463.47228144854944
455.7804783603015	448.88079825540416
456.0613667635064	453.0105959555638
457.54573135998135	436.7859781638918
475.9369015173245	433.27506098024423
480.17816853540376	429.2642509875954
480.36307813641093	424.34917068205453
482.05448819466653	424.8510021154769
496.2634956856043	416.7346498311316
496.2890681596287	402.96476508530384
504.9792638835881	408.64108978957717
505.05202279103503	395.4252128472059
505.55368566784284	396.9299423689408
510.3619089860658	384.38571506350655
529.9320905743577	384.34615384615324
535.6367222985305	378.95880524125334
543.2476719669287	346.8467662384375
543.2941196370983	348.2644880683523
549.6201881228999	345.8076923076923
557.3046562294617	311.6758051794426
557.3322194775105	308.21462873640917
558.7938566651349	290.4637238720697
568.3925398666337	280.0164230541609
568.6143313071677	276.2307692307693
573.3568921352509	264.11208261363385
573.4681996951534	259.52863286632584
573.9144770057087	253.0384615384616
580.2871732680287	245.30769230769238
580.4437356731521	193.83252948708827
587.6754465875563	220.1001150335248
587.7256398826713	198.83648143356686
588.5210746569911	196.8927565117442
594.6619174757375	190.36985681376564
596.937284774066	173.39239731897194
597.0035802336939	171.43122515794198
601.2288492512299	171.3420822385661
602.0	168.0