92.0	164.7254973872366
92.15251385053247	168.3846153846154
97.86381641079363	181.1527609044783
100.05032945008263	202.99403488662452
100.05879034005312	190.53846153846155
104.03115734214092	213.62022507334112
104.05134913050208	213.50679674118467
109.98176495949663	226.38613887132365
110.06468517386095	227.46153846153848
116.15980966185442	242.49827086569738
116.17605827011434	251.73295300936633
120.3496055438115	273.9368113322278
122.07930053338332	274.6132577338447
122.23382876233393	287.4921645153311
128.66398233402512	286.73519996996475
128.6748582239579	307.92189170049863
129.26219401293073	312.7082148595188
136.44364258366343	329.4236205306481
136.48450844959441	325.5991359933
137.2820091346278	347.28655983163225
144.3662926765825	369.57964146449876
144.60093876273314	367.52393926039497
167.19446406062818	376.9843060555207
167.3286380499868	398.7002868265492
170.96865155382613	393.7132661427013
189.3466185498649	396.0769230769229
189.7266917764763	419.6075635354092
207.33091028623326	419.24477046012555
207.3559517355781	430.4091598083497
217.78461039361878	428.2303120285739
217.89629359825227	433.70346565694626
241.1113071055632	455.53324856975286
241.28761725665697	457.8535130296137
243.0987604701041	474.8962927490363
258.0895393683576	474.9145755308712
262.6831980049548	476.07692307692264
263.0908883281284	499.0500331175174
275.0782499790132	488.3846153846149
286.5447023696475	506.1661697039989
286.71425432973456	512.6000596902571
294.76394658966314	506.50556426195004
298.36606366421853	500.08706317691593
298.37531324003163	483.4617964847384
303.6900418138932	485.8846153846155
303.7408746026198	476.0905592135376
307.34383816258907	467.426413215766
307.3651892474319	469.61538461538476
307.8124239473424	454.82410698312634
312.76991548004634	456.5925619028254
312.7787460175741	446.0530476548394
312.91107638633434	438.95272624924723
313.734433654606	438.0774745459317
319.8294259079338	424.02598319177616
319.90146468149027	426.0746365345809
320.33693456254537	415.6593692047805
325.32451131257324	405.27703555684343
330.9242927064848	402.13704167534667
330.93600347286576	399.115384615385
334.02032205331057	392.3596563742379
334.02235274357463	374.90574057797846
334.8928931463712	377.42307692307736
342.73918736622034	380.14717271894466
347.7797467148502	382.0
347.7917746729258	390.9440637530412
347.9463790862209	398.06190821754933
356.0954249296618	407.32474858773867
356.1706842083645	410.2239811278662
357.190575748219	409.7973409877224
364.2047363611977	424.36051529635085
366.3840182851661	427.0
375.71433515882165	432.0
375.8041093667992	437.8801442092369
376.5084742538843	442.0
383.4985743897419	449.34638140760165
383.5842725824249	456.04822094178854
395.0916533578046	478.5261738867167
400.30308616693776	477.0715933838313
400.4853775004551	490.27395032839695
408.8761440644119	494.49941485395334
408.94598398706097	498.05712415408254
416.86631326538605	501.875867467057
416.88158544802207	494.6835977984079
425.55050312154975	486.25922245008127
425.98979823250386	481.24715427297923
429.2411416026334	467.5422221675021
429.615721405285	469.18029099756
433.22412334021516	449.9539187093745
439.67413941504253	447.82109547776423
439.877020473292	444.1684987717882
476.0276415235363	425.0819814037652
484.8454209809983	424.12366129263967
486.82266260463814	415.4523878371442
500.4839302903201	413.2434960184334
500.68524618277854	405.49258440982436
509.6488141184776	401.9614755417519
510.0480614589761	388.07847082359774
535.7624443783484	371.0143556621168
543.0407269164222	360.23495529580936
543.1383376189617	348.4511637818411
543.7081564272378	349.75492436581777
550.2657659804919	323.5154833442701
550.2948154703549	337.3660787028409
550.477714554985	312.85533824618375
550.4917959710511	313.6587495132469
550.8767776814265	311.220713131733
561.3374554123258	299.23339821605094
564.456039824521	288.62352055209533
569.0216292106875	278.3401858337848
569.0625060297525	276.18874197838056
573.5569285584234	248.16210940019602
573.87021042003	248.40442844444073
582.9314378052459	222.13671580004888
582.9829513162257	213.54559029715693
583.7866682133268	213.3821708071985
589.9854670653617	209.46151007738317
592.0227702645201	206.65384615384625
592.1482397824382	183.93630095042136
597.2594836337158	168.7993525607351
601.6979485507443	169.92777455200223
602.0	168.0