96.0	249.0
100.07392152393251	282.8735796885412
104.52656946407029	274.77300974375225
104.55255798376864	296.79889221329427
104.79644587584157	287.576856888975
110.988701334875	300.3700846695861
113.39477302779264	309.5337281308392
115.02470863859354	307.76923076923094
115.3399419443812	325.5648457024879
116.34056970835508	344.3607613301136
124.0998615643774	339.0448199965116
124.18463059927896	357.42804131870054
124.62032531861136	351.84615384615415
124.62336761371256	375.14853912472347
126.32123507294709	372.82020417487695
134.9445253722486	373.88461538461576
137.64984918402433	381.2307692307696
139.28253789871806	404.5650924685572
139.2874769399195	395.92307692307736
141.2376329609587	416.7730989255144
148.16596315973186	422.29800622363314
148.2052612848124	431.3914324877557
152.52716427624233	434.5949595317456
152.65323759396838	437.419329509041
157.59669608625578	437.09712480364055
158.5552317065193	433.38174819298007
173.58189117661635	424.4893063798198
173.58940155875362	422.80300426571796
178.60702177392224	420.708089218498
181.020002293724	414.40619683146093
181.0831457251918	415.3136316541104
186.08040086186466	410.5360857070498
186.18635062763207	412.92988284192114
191.45620459793653	408.7783292402699
193.7115761369582	408.1715049694218
193.72546077562174	401.2418912285579
195.84598392695173	402.1320961607889
204.48632670168362	399.4165415860183
204.5008973600528	398.4615384615381
211.65504908965147	392.759163065857
211.70428607372975	384.8312999649546
222.1973087366504	414.15061743327453
237.17823968817788	423.11153568049355
237.19361033738997	425.03846153846166
237.86560152812655	435.65118598183204
244.21248711517808	447.67587270136806
244.32560876904745	449.45961647200375
244.589186359231	455.6289706798751
245.1628523514874	464.4192920778369
256.3465787804281	467.46680374267754
256.37098181365184	470.1368141912109
256.6523749128187	484.72395873083923
262.49337014421536	501.65422868944563
263.37753191108357	505.2114576812008
265.518839170417	519.5177269518256
278.9741796897017	517.9822547670507
278.9871690047243	521.246143175087
279.0744568788982	528.6764359744133
285.9183661994278	531.0
290.5340121851634	516.6628659935022
290.55376690362345	504.2583701583376
290.91902697411496	502.1313792483413
299.33360791147027	492.30364182519884
301.2174221053481	488.45844141075906
301.32947178332665	484.8387488680554
305.88194029423136	471.9656646470082
305.9938962710691	475.6153846153845
310.548089879626	460.88485315170965
317.38853289697073	441.9558845012462
319.25987392009085	446.85439682623473
319.2645114796287	439.5445871975914
324.0202193119173	436.4159633934095
325.67470238067176	431.2669561442476
325.92002839115895	420.23076923076906
332.9258083278279	414.6923076923075
332.9378704514566	409.15384615384596
337.47326503089903	393.1646030935173
339.53263144939973	388.08488130345336
339.56797991458865	392.29181969848196
343.6105664356498	389.42656375824384
346.45585550009537	393.6806304553145
346.50628766351616	397.6747578916163
351.14418530832995	397.3887541311195
351.1633131175914	400.4502695154523
356.2925530605201	399.30769230769226
356.29602868129155	403.21267140983457
356.7418302241824	410.3191458076318
359.1296091152828	410.26548011434954
367.43606023040917	411.6153846153845
372.64752275836713	428.3333317533721
373.4385425574382	424.6509481376
374.15293984271545	430.5816384374716
377.2964998533081	433.1188523843957
389.0817759558265	434.77086090259235
391.9585342363434	436.8506295399071
391.9957109055017	442.9142571140577
396.6427394998128	442.77514888997325
396.6584313217807	458.80729589683807
398.3261826757829	444.8205646928456
408.87798741399683	433.6650169493039
409.0206768213362	424.7436475777059
414.1398109849931	386.1567760132518
428.1182433531875	377.3106619464609
430.1458870476136	382.7189221259401
430.381075033826	365.2971630984758
430.82333659556707	362.0455251373075
432.5095929061469	361.0832903788505
441.11969414518154	354.3336335239871
443.905205311124	333.1160744141629
443.9397641244006	324.80040869929314
449.68228022353196	330.7258709588269
452.25517210570194	314.6537932098195
452.2924089623165	307.10262155733034
457.84562780446555	309.370648559477
457.8456587043162	296.90969968179576
459.5777633114511	289.3846153846149
460.10221917134567	276.1473908150757
462.5530635782255	273.1105872404518
473.621527407914	261.69363877395665
474.0	260.0