96.0	255.71254298932996
96.12397939704027	288.9123431544135
100.76872213341146	299.0429892632687
111.01046509449901	293.0769230769232
111.11028531169886	320.3467881823257
117.76798561166468	323.3417438660101
117.79759924216765	326.3559751378225
117.95054898040708	329.80769230769255
119.06196456462344	339.42216334422307
126.6606871279274	346.8695286628456
128.44235039824144	352.6411559179132
128.58325874113683	377.39159051713756
133.19322111061365	372.1797271373768
134.86838613938065	390.62757208354816
135.05223606397706	382.5104272778873
139.16971510870417	395.31359697700043
139.2731714399036	395.92307692307736
144.04514942298732	408.4249502988025
145.76793219770616	410.6153846153851
145.81661033862946	417.96153846153896
145.9425020618192	425.30769230769283
152.37141585741793	433.83712247420834
154.9107035330172	435.78825650626317
172.8094712774493	420.0257331886645
173.30081543990752	420.2170893852021
174.5230434640103	417.39504438349934
183.74882100446428	415.0684315902962
188.4448084575653	402.86486838386395
196.70271468253222	402.0122539925864
197.02926685300923	395.6679803616299
206.785690873842	396.83488249030523
207.1470134604639	394.3076923076919
217.0775367913337	383.2186266442721
217.84130837403146	390.2200373055305
224.6113010757339	395.4625342976486
224.6171811038517	412.28957379316955
225.3885119576409	408.1845208955745
231.98485544517393	421.3675681278681
232.01742405725903	429.10386115974165
232.69401281524117	427.74587055090944
241.49072669500202	433.8401294469008
247.03228799334784	441.76923076923094
249.03204619358846	448.6699893979424
249.12480585026722	457.8640112738254
249.57678062626502	465.77229897017696
250.98007469560537	472.2419902381002
259.34585524422596	478.43210807852967
259.35774639329924	476.1153156468235
266.4385827654966	487.1990287216639
266.4961184052982	494.9726728160688
266.67101642336576	501.69831428034587
266.6781712739297	505.84391331314555
275.9449578607819	515.5490699234142
276.07145680671533	528.0243931439313
281.255266354794	522.232410034094
281.26209085198053	539.2619760736469
285.9176914029183	530.6339877664864
285.9195216796168	516.4876453921394
289.9756622787462	512.191991710251
290.09103534000985	510.93795258309666
294.8195109090731	503.9504222920236
294.85233373543946	493.4293218738038
299.4174598706785	488.6942904913139
299.4359649070021	482.20015098386904
303.87373568608496	479.8058868925532
303.89083366374734	481.1538461538461
304.2942307437122	474.00003456143145
310.43944803372136	470.076923076923
310.4826816930702	451.38884308760856
317.32762631055317	452.9953501359881
317.357856961246	439.6406820962073
317.6152053201785	434.08271876277274
318.5245209352584	434.54808691395556
325.8188106739627	419.79951806925396
325.9203775428799	420.3793246648706
326.61873657257325	413.00669967108934
328.7979614764306	402.89618833770703
337.53020533007145	401.81316586856985
339.3111022070365	398.07692307692287
339.38305609660387	384.03927010845496
344.27271075106205	393.40787409524665
355.53555383434804	405.56178875644304
355.54023290756845	408.6340841685742
363.3280486974732	408.2632832695205
363.34967697215774	409.3697114020974
364.043428249547	411.85178702480613
372.6625783274398	418.489955225061
372.7038757381256	422.1353460366145
377.22639572358855	422.6708735889496
377.31382466354626	426.64105254962425
381.9639224310596	431.1603397604827
381.9763461150132	436.49863736663286
391.4581962464907	438.04582332839414
392.1448680656822	443.7267760866893
399.1358640074718	449.7515771346698
399.1522792508704	447.5762847760515
403.41138872109275	448.5384615384613
403.52410862499505	435.14023801614144
403.7588138974163	443.65384615384613
411.69007321995036	436.30769230769226
414.45132455494	422.0230549749615
414.4674114575066	413.46126628112313
414.5851092429798	399.0356013289882
414.9168817947393	383.0368036510102
416.63131776342703	381.1433107150239
430.9000592666284	375.41800154311335
435.6607024789933	365.23548009696873
435.8321395772054	360.08931446876204
441.3106069798953	340.90518366864166
441.35346712418885	346.2158716174349
441.8439978980026	340.03826328354836
443.3628675409159	332.64582114334814
452.27909038027985	323.6314997258778
454.7669813204059	311.73557829045063
454.8906719521289	303.77445544365025
459.73205144832076	280.6133691792184
465.79784478641886	282.6286298393225
465.79999630382054	270.0826274315448
466.5896334179066	267.253471596868
474.0	260.0