96.0	267.0211263288953
96.087637016872	262.1601828896705
102.13827129292218	283.38371399953974
102.27475426562056	280.264550033932
103.10542512925163	281.5323095670445
103.36693058785931	297.9059884602745
110.8180351017247	303.4724800588806
115.63282973690511	312.5608884969414
115.64284824056607	330.6020365427736
119.74630514976616	323.1204092712303
119.77167026794925	333.4766211670342
120.57487122063084	348.9209895861847
120.78825709821068	348.14472606076544
121.7233893671671	361.7853942298687
123.673024124139	365.4096740812916
124.24399273674138	379.0213459211334
125.9353107847518	380.34134171096633
137.2801617379468	385.684548613538
139.79268491856075	406.1681533423023
139.8024401673843	399.60420804857466
139.91100351867797	408.95094975268137
145.77575086974906	413.4037615383669
147.95524342016236	417.96153846153896
148.00384532947533	434.6541594908758
148.69592431376762	437.883783810745
155.26619018580521	438.7477971717838
155.3203354245209	437.6926996579019
160.5699742464009	430.5609554064427
175.89886046158713	420.0240879166993
180.74505916859502	416.7086753315908
180.80497546136726	406.3781911271196
201.89770761819835	399.89331190332786
202.57374084717475	386.20461825648687
204.2047993290081	388.4315591431496
216.942710697828	387.5038166834064
219.7935735214091	388.07692307692264
219.81284922779702	393.79975239800825
220.1717455726596	398.3158519133556
229.54543919519395	404.5396838192352
229.61451925653122	419.1552702700376
229.75703634481835	423.36873504864144
230.06168329814085	419.46153846153857
239.041868111004	437.83099347007806
239.18069127985618	438.21706369113963
244.07752676041864	436.8377314286931
244.07945188083076	441.93385808639516
244.9606033631765	447.34615384615404
251.24217377581098	457.5848916278056
251.38635469356163	461.11590890666173
256.39608690546316	480.44256885710286
261.73462350703096	475.2307692307695
263.6390641914106	485.29468990589135
263.6957189788335	486.3846153846157
264.08385541075444	503.5344281673913
271.3596442540164	523.6676671461721
278.6686646458415	518.8029495555495
278.7659552978529	519.8461538461543
279.114728651989	530.62146839379
285.7531503260477	531.0
285.7889213812472	514.4859271164468
292.790671270306	513.9638829218611
292.82792858847665	508.8461538461538
297.26208739705	496.6387652954261
298.9996302289605	490.92329483700485
299.0021414897528	492.23076923076917
303.53788327303437	486.6923076923076
303.54953199674713	481.1538461538461
303.57595002117006	466.0614861100648
310.1213810088538	468.5010456980414
312.37197040662215	464.53846153846143
312.45014013988606	450.7897901254459
317.4033898131797	446.800259401205
317.40439347387326	447.9230769230768
317.68732408500176	438.9295251527881
317.68937464805083	431.5333073984547
326.1047107598618	431.232445709953
332.47381769025657	410.3346432656017
332.5063038557406	409.15384615384596
333.21948730113525	399.50802222992036
339.0358804976019	376.8604364941897
339.3672372102837	391.2263006566227
339.66865247873915	391.4402563099058
348.7241313608267	398.53250102945105
360.82709974484044	404.23076923076917
360.86837820663135	406.6923076923076
361.57567446227034	409.1538461538461
368.0057371418219	412.23941426441723
368.30021882805585	417.67557267442436
374.95630880451847	425.2316040116023
374.9840753457527	427.4791954302677
384.3715116867922	432.01462299937407
386.5834081960942	435.55045563103357
388.0307612877397	442.3530600830082
399.1853626059305	449.5396038450401
399.1857485283951	446.07692307692287
403.5385453099253	453.689643189407
403.5917635218105	445.52985819222147
409.09993944932916	426.6632009832906
409.18459056979395	423.1866458559819
414.161835557743	419.61352512284583
414.3423347179405	411.7979125145589
419.7327615384095	384.9297740987322
424.6863345149965	389.88951855108616
424.8181360194179	392.23076923076906
430.54007204125344	379.68385097128044
430.5911752867544	375.84270802599
431.250482241281	368.40613115572086
438.3268791451982	358.8099681469662
438.4725028086631	355.13445731161045
439.0151287295232	347.20454398493104
439.0481946583039	339.4037434393778
441.1943091347226	328.34207624505603
452.0860176131792	311.9671802706807
454.52157350602704	312.59754646974244
454.58347396395266	304.7898358353003
455.192701213844	287.6984417962994
463.13915332302486	272.32520722815605
470.69121300816505	273.660418574716
470.7337426128483	264.2813837209736
474.0	260.0