96.0	262.41119694505056
102.39863252326963	286.2863200546958
106.90071006110891	284.9382136929964
106.91835025991956	303.9217448003421
111.00746851695152	295.7948614318423
111.06609974751686	300.4230769230771
115.00885101883786	309.4063085527316
115.05586958982686	320.21555624246406
119.62188124029629	326.6017122032187
119.71773791316367	329.80769230769255
124.39874845127254	337.1538461538464
126.10502581486382	361.0067811196575
126.18200092098984	360.11846335525655
130.8236141961937	365.4531882631819
130.86941508510301	367.98847268002606
131.00936546240195	373.88461538461576
131.34455429697476	395.29623599030504
139.17315253449132	394.262228674616
141.3127728899493	412.735331991267
141.4128574425352	408.3729102492419
146.15807538086415	413.1289069000792
150.6582094927142	428.33895862710773
150.69566569311496	433.2404083014515
155.01516475080751	437.55500471190425
157.58647752947303	437.9230769230769
157.68045537559752	433.7132117512083
170.59259201596544	425.39753987774253
171.39260066209718	421.8184347148458
181.29859483726392	416.02516956985556
185.83520087835925	403.3198508330683
199.28739498478956	402.3836212563853
209.34442868593854	393.47417433173086
209.44101559868247	385.5232349752298
216.95990465518844	385.1475559860868
219.26854023364055	395.8319311139977
220.51182276726922	398.41924754332723
229.07859405793707	405.36475739780263
236.6367719715162	421.72423168562193
236.698834644244	426.81419955075415
241.72806871321805	433.0603489540276
241.82647832529216	438.05184462885967
242.3095733787686	444.9947268681114
248.741266410636	452.1304260518441
251.54127353651316	457.2966190709258
251.556950480895	465.21990975918357
252.31229395814535	467.5300450076039
259.148967190224	469.6538461538464
259.179319598426	476.26746507753273
259.5970890563667	485.7775522190103
266.6516753198957	500.0876969613864
266.69024070265283	504.4617181559493
267.2281734411983	502.29746631127483
273.5152766053421	508.1358834165133
273.9560152369566	520.5621897873508
274.64246623867473	525.1769092984998
283.8066908640444	531.1277767382953
285.8493724835168	530.932050475568
285.8791311074765	524.5487340073813
290.3049403509335	510.63611757895063
290.41988126748413	507.978548394032
294.745848143006	501.510222351858
296.72694364771104	503.30769230769226
296.94250046812346	497.55984043109464
301.2340290018586	478.9319156316707
306.2299902753858	477.5981662126034
306.23333559345144	463.2561141095806
310.18991979178094	443.91088834531774
310.61921582777046	457.4911160173408
317.0329601980498	449.8854118878433
319.41676793416843	437.5956021735045
319.4936625176815	437.51140745757516
323.9848636328328	422.66976173936933
328.5667705925637	422.08549773499243
328.5747420338224	416.1450295039537
332.46317459861194	407.91302318700315
332.6525258331769	406.2128285626128
336.87880247558894	403.6153846153844
336.98755922214826	394.9228811485101
341.91896257154036	387.8478172888184
341.9375938179021	387.0
342.48597766971284	389.65770903175434
348.5485116021124	395.24604902431463
360.86351423141883	409.4754630980747
361.198148786701	409.6103199198695
361.3193363184117	414.076923076923
372.3950210465274	422.7566744978047
372.50643498461267	419.6788906352994
374.30483253595844	425.7893937966714
382.3158409218452	429.17765425303196
384.62777001240227	430.1611101517321
384.6511030512936	432.76610370907173
389.1006612082394	444.40480857463325
389.2015275763849	448.7516417649463
392.41333947314354	449.016014395071
403.91831025395726	452.21609747674586
403.93734424851823	450.615928112297
404.23039900413283	437.00704018198684
405.8316827987477	436.30769230769226
407.2798410008424	417.3441835359896
419.8742038332296	408.59494624108993
422.2002913085117	397.8962633836102
422.2808682362699	381.85552897301005
427.9115402545035	386.0379402229996
427.96344144682314	375.12452847938266
428.7259381988929	377.35550837559686
436.14479464142835	362.4718037203619
438.1384136155929	360.95948374331283
441.55664880598755	348.7737647849223
441.5947457287619	333.42279470220296
442.20965680850423	335.6626777538023
449.12866047699106	315.16030046125155
454.3220152530555	317.8519422478093
454.3659480197463	304.78850944271136
459.84454699654714	295.56176677790353
462.4820944158809	291.4128681632952
462.7214080798205	286.39338985424445
468.39019710789535	272.10687956352274
468.46164964890795	261.5042266583089
473.30176902455514	266.7602910967669
474.0	260.0