96.0	252.2706283406
99.97687061731905	256.34615384615387
101.89830632166043	265.51368225766794
102.00486677959425	286.789478011333
106.6701113053373	278.3846153846155
106.67654679714437	297.25130347434714
106.76990467123802	300.07805268573367
113.03381106647456	300.4230769230771
115.61669720910848	311.1337038956861
115.63926229700327	319.0642110851667
116.11388952618326	328.67096906862497
122.20217545782093	342.2825752643028
122.21168872920386	346.3166334397354
122.41280747920248	354.5085546157112
123.30913970381697	352.0025179040093
130.62144572127747	362.5972106080139
133.230438236527	368.9900881910759
134.77520784984688	382.0880203691776
134.9788124436695	381.2307692307696
141.89752481850087	396.0955944103422
143.74240416918988	413.3380073635951
143.81747315243445	416.11821689592375
148.3228287510691	420.53117798187003
148.35014352975136	425.5319718393227
149.06781358739764	445.148522402084
155.12877447265242	439.11652872069044
155.78174923397057	434.91794764111023
162.9402321969404	433.6386555847595
165.09760748172124	430.2742945054905
165.11403958254806	423.14586226550824
178.26601345864063	418.16520387731543
178.30285816023547	418.65425923603294
179.21859422701604	416.4508495644453
185.86616116078244	413.53247847958573
185.97781109653485	409.58868642633445
204.22439666081974	400.5384615384612
206.26892708646722	397.6375644591064
206.39761508976963	394.86128634190254
221.95192684019244	395.883704001029
221.97318121640322	409.5739282466201
223.78147168349685	406.1232999924489
231.86008640062838	412.1214564701194
234.73274072878644	427.4581502738757
234.7344856971859	426.8717804629918
235.2660357896438	427.6347976742856
241.49194568982898	441.64182590547534
241.6210182928333	440.15967799137826
246.44884487198104	449.22017344991735
246.87734890244135	453.4912115920442
253.7618759479439	461.9826243388573
253.83518041970635	469.69453978287305
254.72248122263582	472.75549500266067
261.0299658650935	486.2679218591682
261.29180316386976	487.4614860015376
266.6309061265497	490.5788585033269
266.6390678640038	494.4925091183265
267.37923483638656	497.5384615384619
274.7899589276622	527.2595803885201
286.0934970021548	529.4671048762515
286.1050694910802	508.87439822661383
292.8707191232575	504.0708210562619
299.1964878965476	493.47993103608593
299.2547062683619	492.23076923076917
303.9845306321724	481.69512889108705
305.6830810745977	475.5869715957884
305.7160960076916	470.9778920135295
306.12852024579706	459.6963498537524
307.5716460624079	458.32028484716875
308.04356077045884	454.7097768865708
316.96669829337407	443.84342866582995
321.7713270026469	442.38461538461524
321.78684698418584	435.35574682261074
321.94401176536854	424.5214709052316
323.3137108376811	425.7692307692306
330.5955386396046	411.125914345839
330.6162415638489	411.9793370432057
334.7595326618967	381.2282096965948
339.5725804583116	398.07692307692287
339.60801853128845	391.07185997545554
340.37263476366746	387.8006743714279
346.47681147085103	399.07896814965454
351.07377295620824	400.95968743742367
351.17511239260585	405.07432756036513
363.02122342860355	406.6923076923076
363.07182465407396	415.2605778495741
363.4053111554749	417.5068064902386
369.9172947644367	416.84358261948734
370.32778829504423	418.9999999999999
377.24150812137356	425.00391327382914
379.57104505775305	426.0394639236038
379.71058024327374	429.62035278690286
380.5981065666514	431.0502102082651
386.81923391111053	434.834917522998
391.6334692748556	445.25044169224316
392.01721705461733	443.7160504084472
399.0894030783296	443.6153846153844
403.76061556538923	453.9767389062517
403.7857825257627	450.3918818283034
404.03209207720016	443.5729791840353
404.1899012430323	434.198586415278
414.0625790948867	421.52618338324186
417.103839410779	417.52589447787904
417.1111949590996	409.00524015029896
422.6203362728886	385.9273905552868
430.5207149492799	383.8620699398141
430.5583071676111	365.44613099006096
430.82602058361465	364.34315824695403
431.61096497328975	354.4044153290848
440.91920250922124	352.9806886242263
441.0600692711509	317.4175277251285
442.57434110360947	319.1958463820399
455.1381522186859	302.62132165171846
455.13983637450525	305.86975973369465
459.87760964017474	304.07692307692264
462.8446222004302	296.27796217137995
465.1915241287393	275.6099677883733
465.2338485291841	264.92509148352093
470.688814085024	274.69230769230717
470.7228462552781	265.01130741501856
474.0	260.0