96.0	252.37600036668334
99.95175975671393	278.50411972092536
104.47354559226888	276.6460342920017
104.52038532501571	280.2844821552217
108.73505149259731	286.7915762239474
113.30939707889621	307.28437871110134
113.36457143878366	310.39941499531767
113.36487678565298	332.9453466567892
119.50261334953011	322.4615384615387
119.63339704762285	334.34132944914296
124.04678876591855	339.7963745919619
124.07576934863721	344.7632623861263
124.36005896514214	354.46923515948305
131.06907991571282	359.9528442821133
131.0695876551491	378.93181171033706
135.34747791327288	375.60291878903627
137.4586380867784	399.6868623287931
137.509402071339	397.3715167995839
137.7113254397491	401.43346892841987
140.48635139815076	415.5954111284715
140.9464019370834	421.6097803559684
150.61133052846867	435.67592888435473
150.64803336581483	438.88643470263565
155.50158258032806	433.7218406741829
155.92043860593952	434.13464022028614
163.18805694477112	410.57376292185893
178.00075867084863	411.05456438552085
178.6361660867169	416.2847547985233
186.0007861458605	396.85996250005195
196.37383004416805	404.92988651012325
197.35712268797363	401.63492706301867
204.4325274722825	399.2289208782955
205.47896298357074	393.65241382338337
214.2891384175618	392.23076923076883
216.82567664270155	390.15384615384573
217.36110694727697	390.09959912058036
224.29060164130004	399.5126900783992
224.33949904999932	400.27495491604407
229.31738897270333	407.8962368764887
229.38519140498735	416.6185485831905
231.25243594076156	426.5312656155095
239.34922251673098	427.4947917999872
241.34966145775613	432.53790878865254
241.6124406824738	447.02783821524633
247.05737460623865	446.3161982806722
247.0608545597586	457.81390408686195
251.8531826787769	452.92307692307713
256.8006210371885	472.13885655118617
256.81395635696805	472.21522070676536
261.6561741997573	482.81419226099
261.6750846505326	483.02847561540307
266.7078551432803	489.5481021824343
266.7223108095382	498.86459248751714
266.90840307603685	502.3159515541893
268.5161244972497	514.1505146855864
278.4968693418341	531.0365897528586
283.8497452494447	526.4029648749009
283.89517657077795	523.8325231374607
288.0412252829408	524.1815373423101
288.1486204781672	519.1509416801969
289.5321101192384	505.54511189056467
291.2405489334482	497.9463265205054
291.93290105133667	491.44350094713803
301.45699349711964	492.19062437616435
301.48070214170957	484.2114079045206
302.1313663511607	472.9536139757181
308.51664984122414	469.8503454590579
310.76759341232673	469.74406053529185
310.76804944422304	449.37202197816066
311.0879586033338	448.45742899800086
316.914197615224	449.736351843591
317.0492568385139	443.04688439859956
317.0843072843942	432.196540344928
323.7456615730874	423.67615932696583
324.1131032165162	418.2478134169192
330.31183101121604	417.25439846358796
330.32117970750966	410.9429491574485
334.63931296419963	403.24731154062374
334.7218529486716	400.0837780350691
339.422901109774	376.4538316860293
339.68446222188663	390.8988276276642
346.52152671928525	392.5078312286009
347.08764318645603	394.9769041179608
353.4058990742389	397.2568347641568
353.4090143008985	404.868359097181
353.5751587366714	405.3487443600483
354.17377056847056	407.36637597812063
362.8848510736619	411.52254277662854
367.60169254494787	414.4138925690993
368.3660420280469	422.95820852242355
377.1546920015659	424.01217526031667
377.2809786626597	426.4939261661379
382.0105943899746	427.2547824686607
382.0156912565419	430.65109044597267
382.3550418129004	436.0926371111039
396.6298442548219	443.5651724272599
396.6337255783646	445.56837298781795
396.77073120849366	449.696344812523
406.51480882004006	434.5003669575731
406.5355215804278	433.396386347585
406.9847755305544	429.59797523784084
414.251844634676	424.7727195742335
414.348790035985	400.48281696044904
415.46207214849915	401.8296401389064
417.1606318858151	394.6918430191688
428.0767512821758	377.33916457164486
428.07870462996567	378.380131927487
433.0615068372782	377.5384615384613
438.5113802874495	362.8461538461536
438.6045300807096	341.9227931635679
439.4721512561234	341.46524055002044
446.3973464669534	333.1013231765229
452.2904902449447	325.8454927187596
459.6427409224462	299.98462540363903
459.8101575528298	293.50230728151587
460.41621820280005	281.22785452239293
468.0328795385971	281.48989287166125
468.0520461498982	261.78859609174737
468.5469759331424	263.06380180548865
474.0	260.0