96.0	249.0
96.22237808986046	267.41462044138774
102.53580202243168	268.46733781217074
102.54291782739108	274.87081308333643
106.88415752349141	295.9824942170933
106.89484650065961	286.06288470400574
106.91779232980444	294.0542058805135
112.9200066105845	312.17250835697206
113.03516562245582	308.51611525860994
117.801776912886	320.8867900679199
119.95052015576363	329.9063792228134
119.9924753701231	338.2905762974072
123.9794638389558	339.52708298593103
124.07556980814707	347.97164884818545
124.84614827667443	368.702148783707
131.05381699230867	361.28502273827274
132.57269203838192	377.20046678252993
135.3103834191835	388.0781413895915
135.3233858982996	383.7031690263178
139.7092590258325	396.02894031329464
139.72268271966382	408.1236885694857
140.04556803790803	408.8639054951555
146.09493646195224	412.090255190987
148.1875727407002	427.4527038346306
148.24700715663437	438.22461100567676
149.72219765807264	432.03641041501504
160.721442934314	434.6848862972517
165.73023388720696	427.3702054159762
170.45725652464293	425.8311532725485
170.52966084176748	421.8231918838805
191.07573187495947	408.8229784805573
191.62517465131262	403.41956929476345
201.95103110868385	402.20289069925195
204.41318885506215	398.7055533029143
204.4408417310856	373.8787022485697
219.20229839572607	385.72245204366436
219.2768908464537	389.4480704550506
219.62122623014196	393.57590987124894
227.3263278449225	399.77658161176083
227.34233132725805	409.8491589196542
227.732620085556	416.3009062357485
227.73697414264555	415.6084393108366
236.55416918592593	419.93373251742804
238.90508048010915	425.07584807785423
239.153065944686	430.61538461538476
244.33966852360848	447.76164674066814
244.37146847803803	449.13482832944914
244.4865714486511	454.03224970193446
251.70274776837843	460.6520854766207
251.7384494847476	470.50185845624156
251.8256173318458	464.0769230769233
258.9722512901131	469.6538461538464
261.5586961358661	477.27206770737655
261.6233953438192	488.71412818881373
266.48935753685714	491.1683666134052
269.1184313354684	500.68985026449263
269.1410183089657	501.0137004314564
273.6516066995344	505.8228399596031
273.65591031578913	508.6923076923081
278.97005431294014	516.7543610884406
281.0574728071913	524.4758333795834
281.100807418169	534.1188073711319
282.05881597782695	530.0814062970665
282.97107882874104	524.7065116746234
283.1049472648155	507.5984136728722
286.46693329408	495.0108289117126
286.7333108770802	489.60621331411653
299.37890027379325	495.00102210863827
299.4006215803115	488.3214144072547
299.5365935543925	481.23251522785233
305.7627794362687	477.7754276350859
308.2405003067587	475.6153846153845
308.38079239119185	462.9710848466523
315.0345669747785	414.1068989077693
321.9123553372123	440.95005102748115
321.9157023164642	430.3709097504988
322.47981498966243	421.64440642232455
328.5878663479609	417.40200823733426
332.6349627568667	405.45692306087506
332.70331206661695	409.15384615384596
337.10299018406187	403.5969066761568
337.2312212486707	398.07692307692287
337.981462189516	389.44344667118776
343.6773557151568	387.0
357.94930182161994	411.2923568712109
358.74675961178076	406.90106843395785
365.4844856637766	417.1790921648677
366.2442810217844	422.492808860543
367.82971947416644	419.05076210094825
377.0163542808137	422.29452923264313
377.44480599841484	433.126910301155
378.9086493951394	432.26482211228927
389.09250058451863	436.3764246098627
389.1429774568677	445.7303477134354
390.2679447735638	441.36910041120785
399.1963449272056	443.6153846153844
400.86549455448426	450.48608750404355
401.0131741089606	449.7659259264264
405.847394430513	426.379562341929
406.858623869484	428.9615384615384
408.25473369238443	421.4602221998578
419.66688587658024	411.74833998954296
419.82697331331883	405.8718381253099
420.8006053830876	371.4625503274818
423.91280486475455	379.36152831176895
433.58830123453015	373.13143384126136
433.5950144678602	353.11712804674426
438.9642836274437	359.563868295868
438.9747727185108	348.2849961521688
440.16368003464913	324.1203794688637
449.60595097650764	332.55134389820194
449.63570021987306	313.31772167561786
454.68312092734715	280.06401126948225
459.96928896413584	304.07692307692264
459.9961049484589	291.3688029902501
465.75197511802793	285.7677803151
468.21287912633255	277.75521128518716
468.26553916242943	257.6707573428595
473.13335229376435	256.8632311608611
474.0	260.0