96.0	249.0
100.23338649675831	275.239464651703
104.06321109035746	289.54645180292476
109.10248349961026	286.16066278172156
109.1190226905891	305.71411747162995
109.67704611320549	309.6419222525682
115.52461701932117	319.4130171967657
117.34819072445401	323.7661454835602
117.50080769957006	333.17324917973104
118.04777472953181	337.259802556841
121.42551948961253	351.84615384615415
130.35289596992985	359.6754793754281
130.58732098594837	374.75719281175367
134.8170536800548	390.0449720859274
134.91388441520172	394.2169316292347
135.4957352860235	399.97220322458367
141.80422686966506	401.697441636868
143.81006769778014	404.5461021042256
143.92516779817478	419.22737232586985
144.69656298708617	423.62557601508047
145.00891966249114	430.07687783358307
152.8698287311954	446.1718097018759
152.90458674044183	436.2373313934213
162.67119455495197	431.07394653069485
163.18312191675614	427.0110291799838
165.38121639560757	425.46153846153834
176.00258151098956	422.3098986342526
185.94931257292035	412.43858886777565
186.1010973207356	412.9999999999998
196.40271829040108	395.6726074159763
196.71503077611277	399.24467187272904
198.41635052538103	392.09835880384276
211.97435427347898	393.9008801794281
212.64343996007457	386.16274523478825
221.7703306128484	390.8744034188514
221.8535704741687	391.5769230769231
222.1854376182298	401.7330759674248
223.54507843061742	410.03529873931603
232.01019597114578	411.4016541904346
232.04352811337517	416.45708967397934
232.65881119906246	419.46153846153857
239.09063987771944	437.7892288453744
239.2443035054187	450.76620569571355
246.59628275032975	445.87752122855085
246.6336198484581	452.54813131985827
247.14911546192195	456.1459866552108
253.8731553193673	460.2134819652143
256.81000373081935	468.37565448632455
256.84578775069957	486.7791209253006
263.87599897461104	485.513967133412
263.99171279184156	491.8734776957312
264.54602878642567	505.5031098350277
266.0669940657908	497.84449699941223
266.24338283649024	508.33989878908534
267.8826738654978	509.7453300581102
278.6050429545824	523.1475472382185
278.69197427937894	534.1406853817886
280.1746260725594	531.0
287.9879627036285	524.6701233820057
288.122700787489	512.2292802039203
292.78107583847657	514.060552438117
294.43874309162226	508.8461538461538
294.6257680638828	496.09905032400377
299.2462858015144	497.7692307692307
299.2731085291375	491.826422746042
299.4593373433005	482.3982423866841
300.86916043509837	475.9513268255159
308.4666128547033	457.33637907155975
315.1663112498006	448.8515200338275
317.2234576719691	451.28569962151374
317.2711277816353	435.80106803216063
317.47003657153476	441.5438100539061
318.22982452318513	432.5666811522249
318.42165863312624	416.79322688056163
320.22823823225076	418.84522783834217
330.38729272943453	415.74978179253924
330.4795046239854	403.4497203609344
334.81010471174045	397.8764969366739
339.74160929357924	387.83610921823146
339.74826265543385	391.23469163044075
343.88405462480046	389.7926472123813
351.0440020680963	396.09868136286667
351.0781051332731	397.82336102752225
352.5056120869555	406.37960542033943
360.3666648082068	408.53248283801196
365.5313408266997	416.64031784690593
365.8709517989676	417.2789634571216
372.6326048028338	418.56415437805344
374.73060721082385	424.40498140017735
374.913624587043	427.62363470318905
379.4021789199726	425.54227731049747
379.57751247800053	428.8461538461537
379.95752793411276	431.30769230769215
382.385381314441	436.77688594678943
394.3966530588367	440.82643811043226
398.6394622032627	446.9718191113111
398.94571824090264	448.5547298184916
400.50897007243884	447.3896116711707
408.9468932210184	438.66709578656787
409.0546724922267	423.7422089782774
409.42223596629077	420.13679674005226
417.4245736781068	408.09646613613484
417.42702121426225	395.36132159324904
422.68229385527854	406.9230769230768
422.7040754673763	384.57958336266995
427.47362931389887	377.38859095210205
427.5701156025895	384.25496992278
433.5515975658551	371.43331831491923
433.5600917970148	369.23396564593725
434.28664977972966	362.8461538461536
441.21446213551155	277.20356286378285
452.14082920555177	323.7363772761153
454.28917334258654	308.6294669267582
454.38085193243694	308.21766932782464
455.12323085428375	294.6494648653116
462.9969942897907	291.7705898656731
463.0649353527977	279.87523440308354
463.63069264494305	257.243366022219
465.38336688370987	264.8278760570847
474.0	260.0