96.0	250.27754396306352
100.07302188613266	260.5189643360602
102.53298426561933	269.3370238570299
104.5555360422793	271.76775881611496
104.61727569776771	278.9323595261102
108.9959673320288	285.73076923076934
109.01045108590394	304.9947832853719
109.55136875452847	305.42165105648064
115.48355372090795	318.41364767017234
122.12161475351148	334.6983229088722
122.16583514972262	354.3686847953381
122.36868971769013	348.3888134224324
123.52988256025131	375.4352358693811
124.8075422559172	385.07838066738174
127.19164601952866	375.0459311832739
127.4680215758096	382.48006902899243
139.67655643442856	405.70785444136175
145.8515393130118	417.5518387613875
146.03169231130434	417.96153846153896
150.73565468051882	428.90949127596116
152.84973363531853	432.82007393175525
152.8987966280192	439.5897437763993
168.18405981398814	427.58077913119484
168.27232512131945	426.59134039041584
168.88759035817966	424.3156842078928
176.1144808282458	421.35909566913824
176.13970746803264	420.8572214717401
181.09780774663113	418.1681204299761
181.1262541829213	407.610414220148
193.40738447966538	406.56900149051415
193.4156146243338	402.91028507174366
201.8363135192458	401.782573791139
201.86933833555878	396.9513899684831
202.56633539925355	395.08228914231216
209.0940478829498	391.1705313214739
209.14168173574222	393.1557414368407
209.6060351437662	391.3545877437069
216.9732291378207	382.0436920397947
222.21263649088502	394.323002412156
224.2175271700177	393.3498761285957
224.27034588586838	431.7055581069081
227.0348833942529	414.08769994994435
227.2971529022436	426.37594582637416
239.18911850794615	427.77147371499217
239.2418803716561	431.00557706404015
239.50236532378904	440.058188987604
246.37684140407455	446.7854436645144
246.52938522961574	454.23684024662407
247.0157858807869	455.63340357256914
254.33793216984827	474.6729822351659
278.3627956643661	514.2692307692312
278.4831880793691	531.3797192980826
279.332116853359	525.4230769230774
285.5943109008053	528.2648682912272
285.7347847533321	520.528211823758
286.6003739861071	518.0023190434184
292.80912053143845	514.3846153846154
297.2941764487409	499.26811609234665
297.3236816431223	495.51953604954195
297.4657722264664	489.7357286434404
303.42783286658874	486.6923076923076
303.44416473270564	477.32476072399004
303.70318978507413	470.3030396263233
304.48599853562837	469.8476165968533
306.0024561868702	457.1157589643797
314.62577901681794	457.07103605159494
317.3554900763204	446.6586367980218
319.59179310177166	447.9230769230768
319.6208844233869	436.9024955362612
319.7759046277083	430.9626067166972
325.8604674526693	427.04351569928156
325.89916578518427	423.8224179560489
330.6159803396681	413.7068923171788
334.6044148058148	401.1038088971567
334.67605766118874	394.7682814994101
339.16307847194656	385.1322665078685
339.4814181117999	390.5602188068648
342.28549891968123	396.5595369300334
353.22278333119334	398.84722670263375
353.2277487033669	409.05830109459555
360.55582581851246	406.361496839512
360.6584353502	414.1409962673907
368.1776418353319	417.29991327263883
369.88943578988886	414.2558352263348
370.47288858517237	419.6730879911024
377.74157933172665	422.26848561093055
377.7479410047305	424.46982016318
382.34000474097985	426.7221645299811
382.3944518645213	434.86710324489815
383.7666976453882	434.27057020585823
384.0585859539918	441.2391898539266
396.64152934283277	442.3189792038403
396.70046078564593	444.70968378782806
401.0928903078879	453.0599124398053
401.3021696978387	444.3557652086859
409.34105979578976	437.60848380917156
409.35554767699546	432.53039623527735
409.77403067283115	418.9285414021672
411.12473396220884	417.80390383252177
411.45509719652335	400.3421460333763
412.35431948556845	404.6708827482215
414.11988063657816	393.82090685136035
427.8167547991815	376.74385642418093
430.73166171037695	384.8846153846152
430.75416791019717	374.9517095603121
431.3623693845048	355.38135486559287
438.47892427509305	362.8461538461536
438.56347536032604	350.0809471520645
439.0463423464398	348.0080262757774
446.4601048546186	340.42515772594095
451.78097407271554	317.9908197817963
451.8573993834549	318.559107760635
457.71870093814135	311.4230769230765
457.72963752289724	302.26820920896205
458.1595109891602	293.8195846419343
465.6789229146527	282.8820895129641
465.71477382807257	277.84314259001786
470.82649716047047	274.69230769230717
470.9233375186375	256.6313083808612
474.0	260.0