96.0	249.0
100.24214136272204	265.84357621849796
100.26290215021727	263.69230769230774
104.41556470893121	273.0471654265318
104.4207665909111	282.68942241145834
108.85016659773551	289.5073979860631
108.93592008345293	294.57354870925997
112.9724045333314	314.0310461364814
113.16017824283652	312.66576236584774
113.95971765526231	317.87881691233633
114.10685108778596	328.92297476448573
114.69577874347766	340.174675876599
123.98495164039176	337.7039936473784
126.57346141463428	347.3881640144212
126.61228225327653	356.5802974740076
130.7786441953321	359.9554593511036
133.23079083887757	378.82739239803374
133.24209874508554	379.3444217959978
133.37970549586663	381.8234705545471
133.4570752307481	398.30986749859187
141.47330181018532	425.03499012341115
148.3061840203264	421.6752364861148
148.38451136871765	433.66627867818494
152.76289652805056	435.75535687235765
155.49734028320105	437.52187672620073
155.51944129759872	437.9230769230769
162.89733249555917	430.94486518469233
162.9559544254113	424.3968747987876
173.5528072732182	421.28474543764094
173.5969573218707	417.77464929121476
176.0722735894128	414.93183637307254
184.0163819159673	398.2817506868796
192.80202515969	397.19839586686135
209.33394738179226	395.4681865638763
209.4235344525215	384.66254525571276
211.51046074646774	387.8636333024699
213.98469692647086	392.24667996269153
224.15325741076472	393.0040093641148
229.63755108728006	402.7307692307693
229.6612141921671	412.7204880464476
230.51507295700333	422.992191703572
236.80206928223384	422.01498629302455
239.2104605221194	428.73902125516327
239.30529913992316	431.18876719229274
244.61342453921978	445.1833141982156
249.23365438175057	450.71621169037724
249.25143126112462	455.0418475913874
249.34348524294631	470.7247190849226
251.88065915836222	482.9212270783512
257.09121938493655	490.33507116672286
268.51504159669946	492.40627369972066
270.9238717973433	499.63606168103655
270.96590540797615	504.82160520512775
271.09574818859954	509.02013019844634
278.3428413153903	527.0163095413429
278.50523404913247	519.8461538461543
279.00140936927875	533.1330864595631
280.0141683110124	525.3146826482422
288.04711356898935	519.1320489722767
290.4099144865779	518.7775964785536
290.4648268534749	513.5996054852101
294.83482271554635	504.79445736225614
294.88249138266775	497.15254787415915
299.4064752539532	483.37980687314183
299.42687309082453	483.8345554768175
299.8744775224359	481.12224303048487
299.94130793388035	481.1538461538461
308.07680214318185	475.6153846153845
308.21455634079547	465.96836227577046
308.61956112906654	464.3117709395813
314.68857033490707	458.9999999999999
319.6741544189936	436.2021010741951
323.4124381799714	430.3977091313393
323.5960129963118	426.81664911718167
328.52895845837446	417.72284699874956
328.55747362393186	409.9893989768893
332.4865812222798	408.59178713431913
332.59008068233	404.74249313867824
333.24023957557796	398.5048083299746
339.6364642851434	388.28245501611065
341.9158548062726	392.5384615384613
341.92850218604286	389.6158742182088
350.7668568130252	398.32275931030733
351.12922713319654	403.2834329527174
358.6587462786575	404.1232263045209
358.66411717774866	404.23076923076917
368.1945703043646	413.3329791736198
368.2038411681069	416.4380428034184
374.8517892184435	421.2162199176816
374.8702000884898	431.5631783146957
382.09091264234877	430.89480561228874
382.13190962783307	429.68706382867725
382.64158073038465	431.30769230769215
389.6116926912364	433.93600012103155
389.6330604759972	436.3625878835975
390.40935880579553	439.8479136013237
396.51357423929375	442.98796056214996
405.9083837426589	442.5634121473397
411.66296033814183	430.41693232699924
411.69365129552364	428.9615384615384
412.3967542835396	418.73185953638324
415.2974079230948	386.6292280767503
427.377647582578	382.1326196516216
427.4811281091555	378.7078006834631
433.2813884561225	365.6994363038686
435.46556763798975	364.3705277432553
435.6264445989991	349.31954450017906
435.63080558407967	349.2727509433616
443.8261092038666	340.99891422229683
446.27555955136705	333.51038888318226
446.43722873746464	329.608697997552
447.3059945075391	312.75388110777914
457.36660274059636	298.7493896280524
457.48064721580414	295.8178624109375
457.6984211069885	288.0130210362163
465.2465028467907	288.31403103383036
468.03839544889416	282.03846153846104
468.0748643956164	265.21605392177395
473.99215310428764	261.89512366295975
474.0	260.0