96.0	255.80894103786514
96.49824826738329	274.7283488569085
102.43447686451074	270.60283902455586
102.45857889603084	297.03083653775474
102.5555327631506	297.88056810754813
103.22814190971167	301.2945542515501
103.60313070405662	315.88034108599965
115.3712114435017	313.41803391960894
115.38184625964142	325.5743457504931
115.88266287325703	322.4615384615387
116.98795561640435	329.80769230769255
124.03810243533046	350.5826546795149
124.07054342333952	347.40783440565247
124.76559913785712	359.9669331099225
130.70703625414478	366.5253698736234
139.38804325988457	403.7743660774929
139.53569953825044	408.597021902669
140.14950769765645	403.2692307692312
145.94382643706956	412.3974463245663
146.01889369618706	423.06013310459895
147.07669581144603	434.9899867686076
147.2293506973087	434.4385014088873
160.57125875898868	433.9418824799905
160.5794166687276	433.5236628026912
161.25610154731217	429.1778511910737
162.54500308592677	425.3963532572873
173.1303064255773	418.37052030500513
173.27106738611405	420.2218824485373
174.8041164405141	418.1958435845594
183.38275657677792	414.3258514254895
186.13792087324248	414.1673658481172
186.24879677621726	412.9999999999998
193.84441771329168	407.79589427289324
193.8529524834619	404.61321876604745
194.9603652248763	401.81570033913573
196.7177068085228	399.9199546925277
207.07697026409355	396.40796227800536
207.0852756906392	393.49304060639844
219.90476751374936	382.6131828187456
219.92537928021343	392.9392086176099
224.58702287861576	392.21077395779935
229.19647942303678	410.8829563994193
229.3715799993841	409.329924212748
234.33913985421268	420.80281023346515
234.4158015335463	432.33095616598143
235.6287388141638	432.77225631296415
235.70349720977515	439.75994904022355
237.46960375972213	449.6631317288491
249.50667741344597	456.9829307881291
249.50676239328354	455.9621391277754
253.8631984234776	459.2109938990777
253.91755475560004	464.0769230769233
259.2893019462837	478.62955436717715
261.5894768209449	479.54065723459973
261.616241369962	485.21623267883774
262.0124270446242	505.0643989916738
263.6558199552471	497.8621141643726
273.41243266998225	504.1865487781982
273.65600528523737	517.457112204454
273.6988407638737	514.2692307692312
273.84155221289575	520.0637666201982
274.4935174465882	528.9213484436913
277.28539894946726	529.9267690825133
279.8978162945313	524.7088297455363
289.995839708746	519.9230769230769
290.1831140010313	508.194242680963
290.7904909223082	503.76193500779084
297.264986180691	503.30769230769226
297.28390978334386	497.7692307692307
297.6411463190304	486.5104138555871
303.44121203705413	475.19000313093915
307.9867902460524	475.3461654674851
308.13798528369136	470.076923076923
308.7182064690562	458.8529399872463
309.6186661887205	444.6198497502966
321.24951453230443	429.4352836564094
325.9744631679909	425.89590976126027
326.0445815934074	422.1618397063278
326.40915725587666	420.23076923076906
332.5245391221601	411.13984571898084
336.97482669510435	403.6153846153844
337.10272170946183	397.57238146863386
341.4459111146741	388.32941858615425
341.50475203272373	392.9346164775502
353.79768200882097	399.30769230769226
358.65355751206295	407.2920294953083
363.0257584780716	409.2426918819126
363.0879210781735	414.92113977964357
370.5988442816882	417.4708126036935
370.59919862108364	418.24545580934455
384.78413167686955	434.87677570635555
384.78542309838195	433.50271715334765
389.3222969270408	435.9452402477589
389.375234184153	438.0506917410118
394.36972354976757	440.78466793222725
394.37571231338103	441.3332525245295
394.6778413789729	445.8428421036992
395.83592302363724	452.0076938858324
403.95433240879703	451.7231345243938
403.9640753026419	448.7660609379715
404.0805855928803	433.03125498125985
411.2079891723529	417.3427307941874
422.81460676114574	397.81515061055956
422.81460906782553	391.41276508001926
424.2072892936659	371.81703163909464
428.4813756150941	353.08109908288543
438.8979078624776	362.8461538461536
438.9290905071897	355.4999999999997
439.655923903553	348.15384615384585
440.893152254349	327.0337951655627
449.71089011721114	325.85659732425563
449.7122666852826	322.10649090575464
457.7823771492711	302.3114745679802
457.79155985983914	301.1074384803671
462.7902263078233	296.3957422894129
462.864549493934	288.3628120123465
463.62689297864125	278.80071031352315
465.24438279024173	266.306797225191
473.97799245061515	267.1293642089981
474.0	260.0