96.0	250.58063348242098
100.30753905235665	269.53976531251595
100.33189244384388	268.975287261693
104.41812055292345	271.63133576857797
104.52839025140646	284.37322637326236
104.5699301353754	287.8591350052589
104.84987190781102	301.8575503085972
106.69814517704157	305.65828856977856
115.37400787514765	315.7322663618436
115.44437852753323	325.47294050975745
115.44546281207005	328.91559325610905
122.15164107240497	336.61568650880116
122.15340408161053	339.78761384261344
122.54907057880689	352.9016100199342
125.30121217999	370.7077995197244
127.22828096261745	376.807681581923
137.08624098163406	381.63155211186137
137.1327155605487	391.8319179047675
142.00436143721976	404.2888744036032
142.00565728432548	411.84932397903947
142.33690035196003	414.9414892270536
148.2241387314709	422.33090222679607
150.08950293412263	430.1824897797422
150.12920636178936	444.58000572420633
154.98111372024542	439.7040195898545
154.9968903591404	420.45983437572477
170.39467356453073	424.3511919968009
170.79879155513152	420.3106136302217
172.5475754328289	420.6690328947604
180.98090528134398	418.88753160618387
186.18210912537842	413.8664525902233
186.27256145660817	412.9999999999998
193.93529901643393	405.577199119458
193.94524473032894	398.9411340584026
194.87080563371464	401.3654699178965
203.76825023429873	399.747324903131
207.04648467896573	398.3210485254443
207.05422716580003	391.77263299007143
207.27462712261905	394.3076923076919
214.64273245025637	390.57498223681205
214.65921951076712	386.39423344314116
222.33574749617574	393.2837465237902
222.339037336758	391.5769230769231
227.30930639011743	397.1538461538462
229.09497627052843	417.1489366964337
237.1276541863933	421.305166880331
237.15988058623665	433.41136106517195
242.0787692591122	432.09540228414795
242.0810333468808	448.88376277326097
242.7014585322545	451.22482416357195
251.27025913598425	467.0512176124557
271.54941924314943	501.4879894473097
271.58428870077995	513.6444964742798
271.81817635301394	520.1430809369434
278.3531604066044	522.1324277067635
285.8922885350747	526.5862434102389
290.00911151605544	512.3686216170264
290.15656586293613	505.9510550477322
294.72886708635684	507.76570100118875
294.8048410074728	499.74839629075836
295.04907805703976	493.44893338131664
301.39915601385326	489.90476569479625
301.4824988210029	478.76063433880694
302.0109573078435	480.9326435255555
302.97279925453944	472.2216026269265
310.09208656597536	465.34073848262494
310.13493006772944	462.5194168927448
315.019383251841	454.82599667202527
319.52298413737446	442.8849256873484
319.5561633123593	436.77412923189877
324.01226383501535	432.3449346146868
324.03254858256264	431.30769230769215
330.64252298498394	420.23076923076906
330.6768197257284	411.0595171131381
330.68480101087005	408.6534259701387
331.0498130282658	399.23167340599144
339.35165296297816	397.5735888786118
341.41635342171776	378.5090819497296
341.44793624472743	389.9953872850651
341.8195938372545	389.46153846153845
348.7319039779272	394.4534960003133
358.2773830613822	402.2755259950399
358.31640287968025	409.02859488370063
370.0859266387958	414.9286313673764
370.1462612334728	416.53846153846143
370.4672105140069	421.1119282924246
377.3163560637167	425.4144593950663
386.91751734528196	431.30769230769215
387.12344785062675	438.660525609443
388.22411415046304	444.4191733172649
396.27221840261484	445.4556445265231
401.20171232460615	448.4344810738965
401.21841416376327	448.5384615384613
406.3113119165575	438.6194848566996
408.6793282582385	440.69024771057747
408.8471431477818	426.48407626406913
409.33920855711347	420.894160633712
416.6401391345159	421.6153846153845
416.7671127980098	406.07721465435276
422.7000622684274	406.9230769230768
424.83752203170656	385.0824682340195
424.9491448730498	385.08820713544674
425.9283840112393	374.2956961342999
433.52845183366406	376.11832168067485
433.552792261898	359.1597716199049
434.2401924221492	347.6790896613441
434.29796383088313	350.4573000605431
444.32632334591204	330.97082356014596
444.3321063121245	337.47281587834476
449.34320068318476	330.1595873619384
452.1542529553612	323.7500560151406
452.22589946289264	306.63230378213444
457.0031468184327	310.3130710454648
459.66973511825654	291.8218329509921
459.80212776392136	296.1773404773392
460.29689188474515	277.6405767886498
461.2578569682365	282.03846153846104
461.54043691876035	266.41114750178593
473.40581013063576	267.3461538461533
474.0	260.0