96.0	260.5319410722539
99.9468059742688	258.69620154837924
100.01935518665887	270.9733229217654
104.70482680030271	271.46431084876707
104.71815734841924	292.3209946601201
108.99884724253327	289.8100215985252
111.06840413730788	298.83826833125363
111.14944321399214	301.13291483340623
115.26136382215991	307.76923076923094
115.3439898299095	326.86547662541403
119.79946729381128	328.7474516640686
119.81931781612077	330.5122658050231
120.49550459337546	349.3463001553737
120.80787777342455	352.3913373826122
128.50633187680396	376.3582313523341
135.15997823911164	373.88461538461576
135.17124577037586	392.25134586976174
139.18518799624457	392.2587343488451
139.37292520544608	402.9112473423421
139.826536527097	408.61410727078845
141.03188133369065	410.6153846153851
147.90526223179842	426.4008681043337
150.79175210014336	435.9324584309276
150.79317368760857	441.3579808232647
151.45028304030328	439.2176538972319
151.47875223389636	435.74001064409185
156.39652623508567	429.84849933647934
167.8379217230429	424.7610247125164
167.86318903328353	413.8215291715585
183.48598207389563	413.99457674809366
184.40207606793876	407.5832164359843
184.4592346159659	407.6269278962316
193.41017912719877	407.71175496834144
193.63028990137158	397.91661711053627
206.37579112726246	398.065369259981
206.5506080259672	393.36567300883064
222.23413943077153	393.09593266943824
227.11456759069205	400.7636157414475
227.13750883630567	410.217522005338
231.75961475454793	410.12133790617617
231.78026703750834	413.8846153846155
232.28592875174735	439.9370021540959
234.28345053412636	435.3754735313065
236.70595734135574	442.66362471492164
236.99435783755746	444.9550497743038
249.11516060183473	455.63230151299945
249.21300268557442	452.92307692307713
254.17679835661184	462.18114350681043
254.20872429511653	486.89135600053726
254.7260500664022	475.8408114196265
263.9059231716559	482.81370404143433
263.9920021036525	489.75580194947867
264.01978794565304	520.229430568086
265.6107536352553	508.162980800188
275.9806778819857	517.3298078770275
276.19224312945425	519.6296110440244
281.38168045059524	541.9357375792553
285.782862754775	531.0
285.8454894775876	509.648773304258
286.664305732162	515.6005115391163
292.7775718313139	512.0360510947507
292.8086973807722	507.2069402489474
293.0518590676373	503.30769230769226
294.32270648045125	497.74701327880285
301.8423214222285	488.82853964209755
301.8435019216289	479.04447468207354
305.7560539915096	476.16412229048746
310.14743332596	470.076923076923
310.2908875044134	464.53846153846143
314.53590048439213	455.33607490155197
314.61902168443436	446.15873143411756
314.9412830941437	441.11910615070985
321.6669854117842	433.1719773783288
323.6835601744136	435.461904109805
323.8375976868433	428.86371926662054
324.5066814933101	422.84606944638284
330.47159053338044	420.23076923076906
330.5284644246801	413.0070609380977
334.5751304915953	405.4445587322612
334.5823213899126	403.6153846153844
336.13273136030693	392.40193505403096
343.5942227010057	387.0
344.30964899596347	394.3580236697732
350.8988895691699	397.6068783709899
352.0248920284532	402.7102697089306
360.94279000151874	407.05842330975173
363.07109374173706	407.21916301799655
363.15428441212515	414.07722854690485
367.5464620498632	413.1584051019101
367.67222194149605	423.0668941458387
375.22069286013095	420.44320882180716
377.53100496045636	424.4031534717894
377.57923988242646	428.2663627197522
381.96262664738833	427.4076353311314
382.07198928624143	428.8461538461537
386.685535150217	434.97325937988296
387.10498810226085	437.8982505951327
393.7984818596016	446.9677842709711
406.68082375362746	450.757752061878
406.68271249503925	441.4840837979304
406.7724412859679	436.30769230769226
414.0058134716943	423.19925402347366
414.0313827042324	415.4919575962898
414.46835680259005	413.8848226756266
416.21337258878316	403.03610947863
416.81358927368734	399.5769230769229
428.15184570624905	381.35202594385373
440.81659555033866	347.85793544341385
446.7364904211412	329.74255305556846
446.77114224337424	333.4615384615381
447.47406079343807	323.0301136055225
455.08791002807027	316.26922839122017
455.1081067500057	305.333016962482
460.11110535300463	292.9910399738169
462.54972599048307	292.3193594664705
462.7704380096597	277.04403204414996
462.8762597067184	275.67913069519363
462.9233090281451	262.23022881040214
463.19998467706097	257.74249942885075
474.0	260.0