96.0	251.1822982333453
96.04046953335495	261.9846281873181
102.01259713414058	270.2932098891163
102.12875074248339	280.5059887185503
106.66765512933286	280.3377560252061
106.7279016715041	287.6215026082688
110.7048297131459	299.07722863717305
110.80000414192286	308.61832796065187
111.25869997278753	307.76923076923094
117.68589894320431	324.55785904258704
119.972653506461	331.17427151370526
119.99520821510976	344.1256311395272
123.98366830199372	338.891459537566
124.11722110665791	350.3377150802162
124.72714970710764	358.7126283042647
126.55983089605736	371.4613472299521
135.1022396533726	379.29720941745484
135.13131002574522	383.1844129467059
135.50559670432511	394.640167858239
141.89378875475617	412.98681646217034
146.05957531071502	410.8260220814043
146.12454724875815	420.5770717246269
146.30408210412173	432.28317031114943
147.5562942863353	432.6538461538467
148.07841110756476	439.1960098910883
160.3748124606438	435.5565013502315
162.5368924306076	430.4960811278336
162.555780255918	430.4713658707017
163.62758884674494	426.891525901967
164.06162370141638	421.6975409536439
178.44072136395795	419.9140757856132
178.75680788105396	413.4837144106976
181.23212487219598	408.06408597510057
184.8519714648038	406.0774624491458
198.67891240738382	404.6923076923074
206.68316983926164	396.36322704149234
206.77029535583065	395.7980923749208
211.63693306003472	389.93617633403454
211.80056300985584	392.0462279661249
216.69586865553865	382.2417199596899
217.60836343547768	389.7937260832112
224.84940684932167	396.20939118077007
226.86957872531903	408.28780951940314
226.91076297560207	407.39691425608424
231.70415368709345	412.99051663312343
231.71366588449933	413.8846153846155
233.1406773505023	429.3679636024346
241.94390331019432	430.631913830758
242.00647970009533	442.11959754793145
246.84710590891837	447.1980546836769
246.89225743815712	476.9907870554513
253.72447680829876	460.0122828000187
253.7505055755878	468.55841892150727
254.01627604849543	471.53623629104385
261.81531924880227	475.2307692307695
261.8196215986786	481.662371830032
266.5172476469102	488.04389931867945
266.5437992014295	497.0856757267039
266.7958482573682	501.8962336634882
273.4483653742704	503.6380979568994
273.46809456150316	509.5278969828803
279.02950467732296	517.6867729480882
279.03393126777837	524.7376690839957
283.9637849399903	528.433498451701
283.96900020172416	528.5853425217723
288.27569801835944	523.1765120162848
290.5537298944532	519.9230769230769
290.5849394758497	505.80985878489616
291.10315215038094	508.3832328933405
291.2633340302102	502.56282559407003
291.9510815225277	497.7692244024555
301.6529031723064	447.33763000546884
310.32530365958314	470.0275067326005
310.45396485478506	461.36150332429395
311.02549370394325	457.21859031822817
316.73997088727134	440.8594286587074
319.36940263733084	445.55301709346827
319.38459166889606	438.65740680673275
323.939644099881	422.0073789987842
323.99718660336237	430.73832705177836
328.07334141964276	385.72100210769577
337.5061507630425	395.7830970898773
341.7750703385298	389.70453201985345
341.8041818533161	393.3629761537362
346.33400914783954	391.11799535152124
346.38542158707065	395.15302078703587
347.13442564203274	394.79709133011346
349.9526021330662	399.30769230769226
358.418568276129	401.7692307692307
360.84171130258164	405.6379978019144
360.9004231515361	408.45920755734767
367.55526509088065	414.1116917157646
367.58407044931806	427.0445136185869
384.6435763523541	428.8461538461537
384.6511254908448	431.30769230769215
385.4368278438139	436.32701078664354
393.9710794176881	438.6923076923075
394.58732023015006	453.1245281486092
406.3796999890752	444.0723129171033
406.4272616709815	438.70727678573036
411.5264009052981	436.30769230769226
414.67567534015524	407.93835442780926
424.8763582115581	392.61485974008167
424.9888165460641	391.2236719150785
425.9092886547687	373.48803588759506
433.0551492485778	377.2855467234331
433.1446445298502	370.19230769230745
438.2621560205584	362.8461538461536
441.1635138840318	348.2695031591868
441.17539245564575	343.71068938668606
449.7452182547711	318.56134523981547
449.74628655522014	326.01397275009623
449.7728616201757	318.7692307692304
457.56317299142495	300.68331367771685
462.56197302992524	293.20421346496425
462.7085941533882	285.87466440512884
467.7718702134583	277.6742871779106
467.8575620871216	267.39894946697643
473.477091093927	262.3387619901996
474.0	260.0