96.0	249.0
96.33053207827923	257.5535547830516
102.0752708863086	263.72645050921716
104.13303400369881	286.60090251282276
104.13320427054886	288.6325784929129
108.84174616676498	287.67646471249503
108.87496437494367	294.0121842875631
109.62646690336337	300.4230769230771
115.42313658210372	310.8858967200157
115.4561132263113	316.7313910235603
116.05102873264111	326.67069692885934
122.13722326794755	332.04002501972394
124.4034291517458	348.1797872482777
124.42577518635534	344.8375226153546
125.11749498239976	359.7559869773731
130.47705454084283	360.10788864106985
133.19287525003222	374.01731205950927
133.1969757313908	386.02210299796207
133.82128230168482	390.7225853348588
139.78938747141942	399.6600658748194
139.80229497224255	400.74865859888627
140.08719216985824	409.15286894987304
145.80160172770732	425.0024367563906
145.85879978441693	417.96153846153896
150.19489866425548	433.91627952845647
152.4831083379694	437.0053479626908
152.63515740618442	436.9121540666862
168.4527804675426	428.74932903438736
170.48169425720613	425.1825751348581
171.00962892036296	423.3286493507228
172.21304795872487	419.8908319014879
181.0245024386984	418.12836015508213
181.0245362980222	413.9257635776757
181.85745445931332	415.07692307692287
188.8552810222763	411.6686099681462
188.8724025115007	410.9230769230767
193.72193081670326	403.27265293647895
193.7259270465798	403.5154438645087
201.66375377310231	402.5433837563697
203.9736840045137	396.1677165727885
205.17673499488598	393.22730844379606
214.4387488386163	386.0451168633293
221.66110804894015	399.8894578640352
236.48297323643484	444.734582139625
236.5568916222624	431.1384550214546
244.24943543242736	436.19230769230785
244.30445138610295	445.18468351447007
246.16057696238585	452.92307692307713
254.14165362772755	466.74414418355593
261.3661301030937	479.3812025312396
261.4939202648843	488.24673413277486
266.76579852434804	487.9230385661637
266.76612527399254	491.9615384615388
267.2650155679614	507.0373089493571
268.6817121510365	509.00524561462686
276.43485948439513	517.558762156388
278.738560546904	516.1300214928358
278.79403427164056	523.9018780650362
283.42449625052194	526.672735694452
283.43472593671635	520.5931049492312
288.2099946177892	524.0038395625256
288.26730291901396	519.0117763959166
288.7568641860218	510.05879590952287
295.1483274839102	508.7484860434742
295.1501341831534	496.81885353896104
296.0800785897785	485.97634883048084
296.25097869604303	477.9179491702877
306.1358844907359	470.2152799777604
310.3660021347346	466.4168312247212
310.41982635727237	458.3020971020326
310.80358846029566	458.62771132698356
317.384444513028	449.2517806484561
317.3906561613476	439.6328880108267
317.471232055061	438.57721433114335
317.67396843947864	432.25073519818204
325.8794712204594	418.24137436233667
330.2566050027325	420.0280380388775
330.38195827516563	404.8276141860163
335.103585144034	405.6717049662023
335.1614245256396	375.04787735212176
344.29187657083384	391.01046131377683
353.72865047315867	396.8461538461538
354.0509203993414	404.7289746223558
355.01262387403074	406.73438461828437
365.2652844946757	410.2507245850379
365.35720286218424	411.8591965857254
374.90205198056543	425.0047426454688
375.1684213034044	425.8889216274657
382.0850360406229	427.9471319576946
382.1689025979449	429.83160055995137
389.1021414155146	438.8079872206521
389.14715184671434	441.6291549104124
389.868658899079	439.0531472439339
396.4869996592406	442.7386869955448
396.52409426487947	445.10385272391073
401.400929453441	448.447509591808
403.30898333912756	449.7209035682803
403.4640041824595	427.2206608064978
411.4771961706351	430.8743079661428
411.5677546234352	420.69892478654384
412.0965356180196	417.9671525526691
420.1534064205953	398.62784316361416
422.0503422736091	401.206440899509
422.3044219525329	383.5158492235817
423.4323868230578	382.386169904691
433.51129299270644	376.24560090763316
433.53376354107615	367.29785120988936
433.68142643284585	357.8260163036568
440.8514198317616	348.5615397054666
441.02580943060843	345.1202593204262
446.8156651720205	336.1928034607853
446.89246763402514	332.7818145289416
452.0684255035042	314.3465921254665
452.1725677266427	314.96585256195294
453.7318382883411	291.5090544447848
462.58087182268963	296.7307692307688
468.59551542300846	281.0656498445409
468.6019471100048	269.6347902114271
473.5991097095895	267.1417861121442
474.0	260.0