96.0	249.0
96.2213235291642	257.74605433319834
97.21221025926988	271.56327097187113
97.51445418785052	285.9198082608426
106.68629709572667	280.34772043904803
106.71665109287477	295.7597168620077
107.00750092208276	294.3546728218797
107.0605781750621	314.45242859595356
115.01677076280549	311.6698018288838
117.89384349149674	325.4570155967789
119.71528903467728	339.64481478421004
119.84864826847127	330.02084770443344
124.33835398542331	337.2083798405617
126.68809513680038	345.30215506197675
128.59724761089842	365.61626812610774
128.68417221010534	368.34849673102696
132.56187492148865	371.13635817694745
134.80869501924732	375.4397969080893
134.95642007724715	400.7468910374747
139.45453486265436	393.32561997760445
139.46280706795548	411.13000634144026
140.25521920332753	407.6895141709135
146.29817588790235	417.3035112347489
146.33563755319133	417.96153846153896
150.61032783953368	427.3313011466256
150.61148851934533	445.4762091466124
150.91167411120222	438.17637158622375
157.68915414178477	436.51084252985976
157.69506913345217	430.8437105326717
162.51771161685477	431.60201136633236
162.6967255319625	428.37266155000765
168.347317990805	425.2648925084294
178.42742560978897	395.70109547947186
196.76489755196164	406.7692307692305
201.57886347555933	400.5384615384612
222.3994934338195	398.26630826920064
222.41432243846404	392.6067651877306
226.72687396786932	405.5358258593273
226.89507993756578	402.8180045113375
227.8415540379686	417.57748672161074
234.31196797601783	417.23075063672695
234.34801981702805	421.4634382650507
235.23100718107895	432.5219671235913
235.5884146498866	438.73858293337065
244.31342571525784	444.32133629519484
244.37347331281882	443.0138873036927
244.94208873331726	453.40254729531915
251.4213390886539	462.1511415980179
256.1028665217918	470.07212198591105
256.29887513303316	476.4229007562178
256.31703305096767	479.33756312534547
258.1843102145611	489.0527294562789
261.4715254952635	502.185947396067
273.5231990364398	503.2994227649951
273.69582024889064	519.6211588303981
274.5032765649474	516.639421942376
280.7807961004883	528.1230611078273
280.9790327507663	529.2391347932536
281.81371774260816	529.5810121120936
288.09547605870245	512.8500183782718
290.3414340699717	511.39099587392155
290.37376211105465	513.014189761704
296.81102365461504	502.0690689824285
296.8895398774298	487.5140464938735
301.6653322515308	491.802373990909
303.91637975591476	486.6923076923076
306.1229441708201	481.1538461538461
306.1639654265318	472.19215844631015
306.7783274944963	467.31104055550725
312.39956820876546	462.6498174445294
314.81060424262705	451.66682834744375
314.939582870781	445.83005687355876
321.6218062248089	435.1459516084015
324.00611739013704	428.8609731734424
324.0068460370624	427.7019762953582
324.55099400352157	416.5060816577331
333.00781725780047	411.61155503849193
337.21336597771585	398.3787399021218
337.2618375366196	388.37278686681196
338.02564557258216	388.7178161346795
344.12777548482586	388.87517626767163
344.167747325221	395.20139919135374
344.6591704524876	397.46811942322233
347.14469184362247	408.5673158313472
360.8581682671176	404.23076923076917
370.02994130581067	415.6212101948916
370.04638141668	419.9986927075257
370.3116645932041	420.8669703369499
371.939436762024	422.6973605760835
379.77278585374506	423.9230769230768
379.80663957777506	435.9305999583622
389.3654573601998	435.7690425388896
390.246879982275	441.15384615384596
393.4507574335348	450.4861030883612
406.1701417634883	423.0677859426347
411.553223197712	425.07158117478696
411.57307524858044	413.99214415133434
416.9174494465364	404.14925372496145
419.7496343353006	408.9953895975357
419.8337412707594	406.9230769230768
420.0251690275326	384.6306218576135
427.94329406754673	388.9533427823978
428.02224843983015	384.8846153846152
428.231898198064	369.80631417102563
436.02987996361145	350.2848059353695
438.20112656736393	361.29755910504576
438.24286249395595	354.13080314612495
443.757058631822	348.15384615384585
446.90214363512143	338.9499320921033
446.93415951089344	325.85232171456255
452.45686117361447	318.61511568952324
452.45745512713194	317.2903233750631
452.97910193404664	310.2455420809372
459.96970853112936	301.8992948428864
460.07865398202307	288.5549653556973
465.66281128303166	271.67543324915476
468.4132904037858	281.16768076679523
468.44859321059124	274.69230769230717
469.1192839629766	258.0925494776126
474.0	260.0