96.0	255.29115073578419
100.19880166457722	267.63606580932907
100.21079793161847	266.8023647100898
104.51096378973524	286.47306040592593
108.99088607300173	298.83676752905296
109.03700618460121	298.7854857763219
112.98891047134313	307.3588677085375
112.99649230161953	308.354157427213
113.37283374285373	326.1956583210724
119.62235253033228	326.85673764873314
119.7685539823599	337.4528978622988
124.28581822621328	352.4336419374229
130.54161594430954	367.54638342423925
130.6631634770568	366.5384615384619
134.9853527765487	434.84149148345216
145.94875949659456	425.2388705506569
145.9921114473122	418.1617880713876
150.57997355591317	425.9115265798635
152.3095783633143	438.83365037800377
152.37750645261298	439.762317123875
157.6486818917443	436.50434979274587
157.74440765926065	433.04217616394675
159.1460898948191	429.5640613816454
167.9375338221205	426.4158255617653
168.10282195778706	420.6216701298494
175.72433914730837	419.54465415303025
176.13954555582492	411.4617917442357
189.00104722026632	411.64087225002055
189.0260813325989	407.0304492756499
194.16300513293933	403.03515421654504
194.17284261844884	404.7074615818574
194.6012173401956	402.1433643716018
201.7690426087403	401.8946830616497
201.79691165646335	400.5384615384612
221.843204491775	386.0
229.44979409063544	412.00544686024335
229.52417005618233	413.34841036310513
234.65810491175236	413.8846153846155
234.69358971112212	421.8761212068201
241.97577924483286	430.61538461538476
244.1377393629427	438.802749220412
244.23668194167067	444.46974443775014
249.22023798183739	485.4622437918511
256.8345841802528	470.0983182573677
259.0098013474903	475.63211888385433
259.0223573041163	475.2307692307695
263.6204518620571	483.7142967515366
263.7599793765137	497.11970995253324
268.8914347898137	492.46910865612216
268.91182911239247	511.3342931554939
276.3781040475486	510.02600227221023
276.43951614766536	515.0564445884162
276.6693445152398	532.6238431241233
278.14135899711897	533.0968767295552
278.43625105537546	529.3512502174545
279.6826923471792	520.1551478358698
290.41840287554004	514.6408336532982
290.4940196279054	514.3846153846154
294.72370821968633	507.0030971465118
294.8283823713545	498.81196161949913
299.3983062277814	493.1555475085254
299.4309991816647	481.8020837513819
299.74182221628394	480.2497883199785
300.4473417890756	479.1088559455121
300.60174341524777	475.002169679792
310.0735536141099	461.6196181698587
310.2875671827124	464.53846153846143
314.79125854094036	450.5701182404712
314.7976185851814	453.3605853879879
315.3304221010038	447.9230769230768
316.7252238046901	432.0634769450137
323.6258795706123	436.8461538461537
326.0205955825113	430.6803681435214
326.1275201272754	425.7692307692306
326.743862453926	420.23076923076906
332.7937535857235	400.90444105058737
339.34433897763756	396.43175009817077
339.34775010645944	380.8603945111997
344.2178710267714	388.4547360530212
344.25789936839976	389.46153846153845
345.23781894565633	394.5582963855995
353.2394942916391	403.3935668470789
358.5740471886071	402.58491792318915
358.60682197034424	407.7031450894572
359.2292911593546	421.2156479182374
363.39086840928627	417.93022941500607
372.29788712694017	416.96011872261465
372.5003933942979	418.9999999999999
377.1939612994168	421.4704312266514
377.43306849905184	427.1997895601563
384.52192376018513	433.0057239610581
391.5280029186654	440.07625671353964
392.2516965285446	443.8906833056482
394.5282495219455	451.9294012879087
406.2691112647584	448.88413030783767
406.3702186168564	438.8520572578473
412.00269357276153	422.2792637184915
413.9902583117452	416.1370499771416
417.44554138526576	418.63265957758097
417.44666690854234	410.3368096539864
417.7201081555326	402.6202129413417
418.58640160849455	388.053406565991
420.2241376353248	373.01450438013524
430.44097059327555	381.2550650685003
430.4570252188731	367.2795268715353
435.4990121355303	368.93287129738906
435.53182551195664	353.16164681802377
441.0409654006543	349.9465313630522
446.9176652844718	340.807692307692
446.9232985888477	324.1070366993903
447.35248080290387	326.0493820939346
454.5042601279764	312.2511525953562
454.6707626262773	302.6200494707931
455.25445218131057	289.61234824263397
463.21554909290523	294.7478062863238
463.2184617215253	289.3846153846149
463.5187022332929	272.947539435739
464.13894336201184	274.69230769230717
466.4983469993107	255.36641787708513
474.0	260.0