96.0	254.42031914887815
96.24259977339622	262.04389152232926
102.10071736169436	271.9387001541618
104.60534297321068	274.01663331081477
104.63428754027262	289.13486087744934
105.16990284932858	290.5763272021476
105.41861472728762	304.0930756314649
107.54406140598294	316.5020459281769
107.69936009881256	322.3392567288395
120.02429813825462	356.1824287635553
124.26312098055796	337.18619318935896
124.32839393465264	350.4600210644842
128.46607987798248	355.69878263309863
128.46764771557812	379.4415330203185
133.19034178854412	375.54229443486486
133.2136410875155	377.34356119768864
133.83481153841058	382.7623912674627
139.3402917595522	396.7594348637502
139.3493753206859	413.15321660148845
143.75178459526137	409.5578839097312
143.85927131119195	410.6153846153851
148.26223475327356	425.7830842932374
148.3571797078031	425.30769230769283
155.12656888240298	438.3866340955521
163.22219743066393	424.9457405724816
165.14307668918676	424.2665344867572
175.56488848485725	414.9761845207541
176.14579266098178	418.283070039596
191.63054215001722	395.4608050660046
198.7865892412296	396.81335289836795
214.35984440438517	387.6820440942328
214.4990433311533	388.07692307692264
215.14843659210106	397.60821084081806
224.1370702360623	393.24134941074516
227.37441115807238	401.1845272573199
227.3748209527026	408.4316471672168
231.5019945537645	414.103778908676
231.51100079616867	418.6225523859311
231.85307280323963	419.46153846153857
239.34430310609167	436.02214941938945
242.12509204907843	434.310171392627
242.12707667324196	440.31836126889993
242.91348265150182	448.5404637825548
245.60380358977153	452.92307692307713
254.26765846776956	459.2950042009622
254.30977110049275	468.12762330256163
259.10807425323014	475.6885270045255
259.19832157137927	488.683166495901
263.9620175307476	492.55174628228104
263.9710179537123	490.03997678929176
268.55130481631215	503.6068465230331
268.7225995853267	499.20441379883414
274.05913566805003	506.00539424475915
274.06848187309134	509.4481354243199
279.04902696852844	515.2292565335842
279.05590221448335	527.342313656149
279.210687393784	535.2789936324475
279.6434620931211	531.0
287.7832115447522	522.9257413107773
290.66401863264247	514.5287184287105
292.68821264100717	510.12386853011964
292.7132599127223	506.31533636089824
293.0499842115935	489.8213869016319
294.94221004549854	487.46361369171
303.45446479913466	477.0872360083562
310.22253481085863	469.75336799727773
310.32286977752875	455.73014341703333
314.81379560015216	450.5097620778472
314.8890543485037	441.50905857788644
315.2511999439908	447.8979718547931
321.6482902758728	442.38461538461524
321.71913783369706	432.81100628394483
326.29102664631296	429.97298267840915
326.3052710402581	420.23076923076906
332.62520351742603	408.7737541583656
332.7119122192954	405.4672637686386
337.51349993646613	397.76087450809655
337.5167215633524	388.29406017996945
337.55988785505906	388.2764539897668
344.28196224991956	395.0827150579917
344.28756545834375	397.9135972286608
351.40130712303664	399.7331589988223
353.6067456843655	397.07320588727447
353.65450550064645	403.34195410168496
358.47430227479856	413.7302208694907
358.572798647083	406.6923076923076
359.6693942909277	412.4480769591602
370.17499403348427	416.3173291638185
372.4306604385845	429.8879315830289
372.9733322883269	424.62469130636015
382.40619031023874	427.5995035069796
382.81191182840695	433.7692307692306
392.0482381634958	436.7017270368907
392.0521585355448	441.1894102138205
401.1753090176722	446.33091994383057
403.41841267552786	446.11432680305546
409.013837022104	439.7088154002903
409.0663075417222	424.5117154849524
409.1936603552164	418.4119243127998
417.11683172059696	416.0285726735483
417.136649966007	400.2467520653621
417.4034750291164	401.6779384129573
424.6880614738503	399.5769230769229
424.83170388967574	386.2728979770889
425.6272728288826	376.17621935314867
427.291930726401	374.60117697736433
435.7204624968373	365.6299388405071
438.49507409394164	358.93487181475274
438.5896350605653	352.3099614573803
439.60782189064105	347.5010212838897
446.9913345175419	331.46291162169825
448.9302260295241	315.70088255190694
449.4100777267116	318.7692307692304
457.3569621981833	306.3975631644524
462.5248222010231	291.68914978306304
462.66689033894363	285.02374511501455
463.270874187498	273.7868413904154
464.72735841356683	273.37683499238454
473.3637891107542	266.903570478974
474.0	260.0