96.0	250.27211118620752
100.0006859141669	256.34615384615387
102.04433400975043	265.7488265573703
102.06601693011845	276.21111911103907
102.41186791693711	288.24891410650275
103.51386570311324	301.60841484152667
105.60489421076554	301.11255417259116
106.65202370324288	317.0094131843817
109.5738216438481	331.3939853973255
119.49642792598905	329.5700240056925
119.58437324508955	344.29957328757376
124.22572377778822	354.0231260303076
124.27364365081472	345.76098629749447
130.96596010941707	364.28274952897937
132.60272854621704	370.0562352346849
132.6474720803132	386.0923608123661
139.79748930097506	388.5769230769235
139.80009448074054	411.06124951048184
143.85311185811912	409.1096270382429
143.95901479051702	420.65926640022616
144.65616291965583	425.72436614334725
144.86915460739226	435.31034334137246
146.53787570149177	450.800475394612
146.97105687690836	440.0
157.375583714468	432.8297135680038
158.54318092356806	432.53427384626303
168.18439340456226	426.7340734345257
168.39330355067864	417.7685883057701
183.5480695891119	415.4102700036204
183.79337548685976	408.89736564587474
187.8318016341334	400.0235434995633
201.14202173571186	393.6303967322486
211.77179680926076	382.93707161364944
212.50166536707786	387.2878351271663
221.80926426955088	386.0
221.81195889847893	400.1399644756984
222.6284650485808	398.5088198994697
229.64313923585408	407.2392726265838
231.63110952174137	420.1096962209254
231.77927674372324	420.02571607914217
232.74974110275377	425.971012660364
241.73387480163095	441.57504072752596
249.28325789606404	448.1948235278923
249.34088597772634	458.2099152590607
250.64028394332365	469.1950358987307
250.65367704240964	482.879320638708
261.04660724289124	482.9369510794265
261.35345335669666	488.3907652298058
262.7508321066663	496.9958834268055
271.685846903311	497.84452148815683
271.68788578848967	514.1898579033494
276.0574112478052	515.340563389154
276.2354337998625	515.3409675734007
280.9740757818123	524.3210871462132
281.02812759855897	534.8850438931719
285.8004417079959	519.6091654360268
285.82693923738003	523.3701405827111
290.3893968424658	519.8382590386631
290.4647710357451	508.54707203069194
290.7516137092642	508.6250695101774
296.9470806112946	491.509671240502
299.4086040473141	489.853246303599
299.44814467453074	485.17440804542605
300.2035586220817	485.3884890261499
305.7323337394169	478.2411278488455
305.8526225590483	465.26074550909397
310.16650955301964	459.5207802259432
310.3635930622577	457.59245703872574
311.4566404217853	453.46153846153834
311.58906658039706	440.4016836762381
321.81932758389604	442.38461538461524
321.8436404053988	433.4214403995318
326.34396285024354	424.6048088259782
326.3560097302654	415.02919699843676
330.6870451690584	412.0802723391597
332.5346256809213	410.2094456776059
332.71220537023265	403.95313167218063
333.1827189780421	396.10298888004695
333.18776964562255	398.07692307692287
334.4328904053309	382.313695953124
344.3597458058908	390.2287235733493
344.36307321998214	389.8012034368561
344.73833667800983	391.9230769230769
351.1483140873886	395.55289591816717
355.6279729494753	404.3176737749732
355.69439318950594	413.42679403494446
367.9817882946915	411.64037856004876
368.0072083750345	414.076923076923
368.98525598412624	421.4102006549981
371.6439342030459	426.61944823555035
382.34811129326994	428.9197771571598
382.3667736777998	431.88284743209294
386.6432187474648	431.8101568133318
386.7135351464623	436.81892658217384
391.96383238232585	436.23076923076906
391.99323067822877	440.83915222699295
392.45180582775305	451.00192192416336
405.83483157439935	450.17066476879813
409.3766694731223	439.6378132989202
409.3770679646943	435.4011662881337
410.0935934393116	416.7125829730976
416.86433586496264	405.93958592795286
419.4325945369735	407.7454891549152
419.5557127303685	399.5380654586444
424.84571012027664	387.8168092996069
430.40877008170446	375.737141672051
430.54789795693864	357.63764640299195
438.6216414386281	350.6427253650943
438.6246238346305	351.342097961925
439.1447261900269	341.94881963831614
446.80486204198024	340.2884341797908
452.32706885360886	316.9654624477179
452.3280777348841	311.7413421038153
452.43010381326144	303.1179740419879
455.9235850404238	290.7213695252094
456.0130406851929	289.3846153846149
456.20666572421936	281.29290201657886
456.9774508322194	270.46289301607834
473.36421361596024	260.1188620082799
474.0	260.0