96.0	257.69255905304715
96.57824835560781	256.34615384615387
102.05985330933925	276.555861066141
104.54894405748205	271.0384615384616
104.57119323918072	306.10322250752984
105.9397632068724	298.6409779175042
113.39645859757061	300.4230769230771
113.41870917016062	327.69786232830523
113.55537601713604	321.36142727567125
119.47674569306172	323.3147545293586
119.64768033773099	332.86359506089093
126.64713675748949	350.76969059343105
126.65671620590767	360.3763829832735
127.15891518501009	373.18543616167767
132.94935458802385	370.78916146900843
133.2102523311904	389.74202957461955
139.1555663042229	406.34482118118996
139.19177353786455	405.1479247600878
144.09768269834467	412.85240214061645
145.84581451621324	418.7065655725713
146.0369151265244	431.6498030426936
146.04507601330934	434.69779979712706
152.91281608077344	438.9137860811198
152.93487884780845	436.4477503214619
158.0930248697109	433.80005655497024
158.19351626466937	433.7692307692307
167.89301439349808	427.1329985425274
168.32955604373413	419.18502100257757
169.8714348818734	419.12627583463006
181.31392110432606	419.23076923076906
186.89197485790515	406.7459306589629
196.50951422415397	404.78292521951767
201.31958463325847	401.8190041248528
203.05490863521902	393.204845400489
211.90052951179473	391.65926811165554
216.70511730265858	385.21964117865934
217.74441787196088	386.10315477333916
217.93721063443218	398.82664056155767
226.99697100789587	407.5786886707152
227.07871456685993	413.285918086866
227.07878360470613	413.98034534642034
234.63255503724005	417.94052634077764
234.66097462365647	429.1335466525161
234.93000085147497	428.3567328467053
241.54551653362344	432.30867675409655
241.60610092316077	437.1696376644553
241.96382933298364	447.9103615817393
248.82472532444638	459.0951128263734
248.88088425319083	452.92307692307713
254.4528810126318	462.83013914625616
256.24862351667264	489.49561882218165
256.50392978306905	479.34789101585994
263.66574852203877	482.677706629501
268.82192185925635	496.4757826074352
268.9239351262193	500.6584023639168
274.1512046947565	507.46583485003015
276.29996559703676	510.15390411821187
276.3619315998786	522.7174364417948
281.3721005036999	523.4276808055783
283.25021277637137	527.3922856488113
283.49550138328857	526.5923766889968
288.39177818251113	518.9032637464882
288.3988656782393	517.4730906045504
288.67231399259856	512.2248425214167
294.5755924150923	501.2288038971272
294.6917501065273	500.6546742867727
296.28513249705605	480.9841987209074
303.87480690656076	486.6923076923076
306.22140980439946	472.5246838324137
306.22795954122506	473.3956881014567
310.4881326823294	470.076923076923
310.52748681459605	455.0105910202687
314.72355921339675	436.77591238101553
319.56435443634854	438.32892862049243
319.56607296346596	429.98167086763624
320.2882203021801	432.80852761136526
320.52711602567217	427.8004908954005
327.91579583645597	425.7692307692306
328.05562909389494	414.96102799226645
332.4565520852313	408.2055958141004
332.56392230619394	408.3731231667979
337.5037745052199	392.4908771429596
337.5069204985891	395.17806321336815
341.54986935542934	392.5384615384613
341.5674853059462	390.29513917865296
346.4536401201872	393.6906793739829
348.10485951629107	397.4340365331473
349.9926203889784	401.3751200960208
358.4956674649357	402.35586704291205
360.30301915063274	408.6498649857571
360.41324622729377	410.72433934798505
367.99122350539864	427.1864921981217
379.4292972185219	424.0294405940444
379.6272787354555	426.416874282616
384.58033293317754	428.8461538461537
384.60210593495754	436.89261878091725
385.66311447787444	440.64627945203256
394.4553513308121	442.59358825700394
396.23294417642245	441.7611690503255
396.34149713832704	446.843989675817
406.65985732624426	427.6039060728828
416.7328302972262	419.25756201087523
416.8149621107125	406.06539843035074
422.6365035577575	394.3560545271072
422.65253693503996	391.41115914208865
423.36599540354575	391.6902339553096
430.25582715207537	384.8846153846152
430.31092913432656	368.9383454782469
435.575200769411	367.53135343804644
435.57575893928254	348.43633831223275
441.5547743315786	353.8567829457774
441.5815560891701	338.4005768323285
444.01268298453476	326.04555337880845
446.44187203478987	304.7922784525866
456.999749337121	302.66851261224167
460.5065243254007	288.29524169225476
465.19407628648884	266.19962441859616
465.5532253208192	273.25853606383333
473.7089281564089	249.46858146846043
474.0	260.0