96.0	254.92066133282106
100.28608776501105	259.5294426645796
100.31555774057568	263.69230769230774
106.76480592749344	285.1197262205115
106.80922893320033	285.73076923076934
107.31437105834641	299.8545149337217
113.39199807978152	301.93157176605587
113.40340232298304	334.92855394822396
120.02153258137737	331.36400441321786
120.04998546678871	332.93109942033095
123.98290457736545	337.1538461538464
126.13921756559591	349.36598725469753
126.31928465132218	358.1845171599177
126.64267984955274	371.57932583848424
132.83395621326352	369.9211311213598
137.45794849325821	401.4495469979542
139.28476355989284	400.26111633856846
139.41275401319908	413.57534747620707
140.218594642401	411.36640871725825
141.9313146334935	427.73939502239006
150.66881530254255	434.39959561535454
155.50679035487937	435.7142847835883
165.43592129816574	430.36007096528124
166.51920231538338	427.53846153846143
173.36927468476492	423.99459424097245
173.38377955166175	419.8112913927303
178.28061020776607	417.5236853014733
186.1337885362547	414.2412672484077
186.2283000074894	408.95967253890865
193.79609207570505	405.33547497025967
193.85464229999295	398.51258241179323
211.68550695019582	393.9583583691643
212.48613149260686	386.25439805291796
212.7471044178957	386.1092273491728
212.751358907192	389.30353932688223
224.57614097403712	400.4836641983608
227.0101509027909	397.17149179494476
227.08677723848135	410.1731107797195
227.6541055756872	408.3076923076924
228.83312844967696	428.3943714571987
237.01644660512025	423.7508254862605
237.04285852011384	435.09811292731416
237.9220659862496	437.12670858155417
244.16399997825522	436.19230769230785
244.16924282801855	453.90700392651814
248.99163957326599	457.1312140339067
249.04827170448834	455.41091760979157
249.7041415939787	458.5000000000002
256.2506722238599	470.0014403095678
256.31090452675807	473.9161994575414
261.8126992390134	484.27381011166267
264.28233131228376	481.1285528414476
264.288227189013	486.671727919343
264.8108690872712	500.56631798712203
271.54812983104426	519.0237923701501
281.40883519585236	519.8461538461543
283.7147027860374	527.3705021473639
283.7158445170882	529.3791324317372
288.0469423840602	517.1121813335308
290.01941849993966	519.5141364672636
290.03062700262024	507.4602752905355
290.55503188080087	504.29851331031193
296.8336377035618	500.97717869046477
299.04824057701006	494.82096211397476
299.0783235725483	492.23076923076917
304.00473427790587	486.48858841344844
304.01894060650295	480.4048227792939
308.3899773012219	474.7877517671563
308.4257603319222	469.5253915746028
308.5209430797027	454.2740024260336
315.0635240018402	458.9999999999999
319.066898380036	442.99288343335576
319.22751835597865	436.76167994975134
319.9024924622858	436.8461538461537
326.2501905695808	424.7056381073926
328.46188849858186	400.3516241613806
328.55316034875875	408.47230463823456
334.7743441778044	408.66365553796294
337.08704012860835	402.424220728581
337.1408057108599	387.8257351079071
339.0222591684574	388.4930359683515
339.6004410795649	390.1030673111431
349.0517412464682	393.28756697718177
349.0672453722528	396.8152678822821
358.6632187739421	406.38157459539264
358.66492361107066	404.23076923076917
359.74470188995923	409.1538461538461
368.0812500348385	415.671748945902
372.7170653838094	418.66455064093833
372.73597797628554	420.7787497023112
377.0269538912387	422.6439003548809
377.0412617984241	426.56367760612983
381.7976368030731	434.70498766466045
394.2461702311451	440.2134227819652
394.6587289112474	452.2324000685165
397.43554753279045	449.2950584304362
398.0086628230276	439.72041628543127
399.0851261007284	429.8664796470046
413.90816155636554	410.62254567194003
416.951758788335	420.7268006565874
417.0535439909698	402.64308059718144
422.7486747384684	394.793261122625
422.76131548802203	392.9631822453949
427.8236723996765	378.42756443059676
433.4684129133139	369.04970328232986
433.5146118338161	356.7198443319555
434.3998317507977	357.1200769193201
435.86737105490255	348.8546019728616
436.13127259924255	344.40730927206744
438.0476312060137	340.807692307692
438.42987706878694	325.3240003607824
438.6239861753256	326.0510999436024
454.8746014397601	318.7692307692304
454.90406520028966	292.5858320689383
456.32135250324137	292.2725387374748
456.38951166195255	282.3819300885115
458.763522516784	280.4631377198352
461.5819112954525	264.279889194746
473.3172492090272	261.66382652997186
474.0	260.0