96.0	256.31129603075027
100.04793028698265	270.7347306367709
100.06400824016085	273.27528984912874
104.74899507167224	286.39070906647373
104.75508680044635	286.3257614462648
109.05491281868852	293.39493496455566
109.07694567765613	293.0769230769232
115.55538953144404	314.62171234066585
115.57543254644737	329.35198906631774
116.09949985772055	323.5361094354069
121.71704716796792	335.6834442241003
121.85405839043749	339.11813549299
126.3658532903214	357.91094606854057
131.02834942367113	374.3743015203563
131.0345408419132	371.33848375422974
135.09850029904084	379.8239681363698
135.1784953584513	382.97741282004694
135.17915956196762	394.15213750721824
141.33277659871635	414.25017136007534
147.94107249052334	419.3511055254371
148.119922598112	426.37208074632184
152.72123332943534	432.6538461538467
154.78264915210127	438.7501548186063
155.4343206221354	435.8461538461538
162.70455084682132	430.496149513019
168.3871562678277	428.13041236474766
168.406025707553	424.10048447605425
168.75257775037352	425.32652844196696
180.9347741605225	417.67015620730314
181.12947475612594	415.07692307692287
188.6940432232764	412.62755722654936
191.46942845760333	409.56974486867813
191.48688431712884	403.63036260717433
201.72855734062782	401.50776805215577
201.7841821600517	391.4759941162214
203.04684851591162	391.1218190159172
207.0562196796501	390.5917081537907
217.34843874970534	387.895649602163
222.25557535770724	392.3093119905924
234.4032095749929	416.1414403212966
234.51310752784684	421.63069115617344
239.50373821452987	432.84135713625955
241.89363348604445	432.47225904144847
241.9142139195971	437.3940658890295
246.95643213957806	444.0143555964166
246.9895402115149	471.42477494916074
253.73133732682592	459.3966013564025
253.93748748448277	472.7936919147383
259.1248448957031	500.9075877265694
274.12230775047556	505.6110814331179
274.12738075849677	518.7639689236061
275.1164813146832	519.8461538461543
283.68141147004224	530.6600113629718
285.70026331198113	519.9519055319548
285.73725114645987	516.2790532901323
286.49950841473975	516.4727455571708
292.30021917382396	507.8358218772267
292.3222774595849	507.5079783385689
297.05539760381697	499.6791483108487
297.0829892812335	490.8895277983697
301.7082191394149	492.23076923076917
301.7218266120834	471.3789105280336
301.95192230969735	479.20767291827684
308.24692959310136	474.5273943596498
308.2960396884631	469.35372089787415
309.0659874301352	451.75068691269934
314.7600525950222	451.81397998831557
314.77612479300325	450.2253115757787
319.3693471536902	435.97385989690775
324.01277326655725	435.4371593540862
325.8427089973111	431.30769230769215
326.32793144569195	416.9389446974265
326.7738625792597	411.5990660110801
334.60544405720793	393.9819883060806
336.8145167969098	401.8063004171626
337.2856427227225	391.82455228848477
338.2515818778768	388.32211410621056
338.78326119348463	390.6266712771061
348.3793085275715	392.44909283195324
348.41048958563397	401.21259203474006
358.07628867465706	402.93955590324475
358.0997690254075	411.9718377655873
359.326880160922	412.4691821294951
368.0387547929307	412.0763314024017
372.507662803781	417.20256837748906
372.53754863591683	420.1968260540446
377.5101355450492	424.7030531500863
377.51197951703324	425.1017559151863
378.26938773590354	429.39738149990836
378.33645826346327	430.3180978594739
387.2206016039766	434.2918241752163
387.2335424715837	439.4081607736857
388.4552910380913	450.45450941807815
391.75009637244284	449.90759948443053
406.19327188865856	450.0136536678403
406.2935304115903	431.7737900387574
407.1264413146303	421.4708217061115
414.4893414153182	419.17491731920956
414.50063040664634	418.81692399779035
414.60696999436794	414.26923076923066
422.79159377896457	384.1150748358106
427.4803987265719	388.42682801208747
427.66883814536186	384.5507468032543
433.5662289369854	366.9405344649839
433.57477463573565	370.19230769230745
434.23207383807517	345.84435005010175
441.5463652291106	346.72473968838136
443.7745871358747	340.7375185194279
443.79680709276505	339.6428775323895
444.5450387862614	333.4615384615381
444.86710477637837	320.81537575133257
445.55094663272666	313.2087371893736
445.8415759532192	302.38482906028617
448.3436044657981	304.07692307692264
462.6229479231741	289.7508670860314
462.7622070607879	282.83018429437317
468.5242807464188	278.7478166958251
468.5256569072118	273.8129059058029
468.5315282660199	254.44230738236044
474.0	260.0