96.0	257.2544375931698
100.09182977967001	267.130531195393
100.2550049048063	279.0132780846434
106.9134900180522	285.6148878897909
106.92321857569186	286.8274723717044
107.51418053089122	293.0769230769232
108.57511017783543	310.5955204712155
115.05847740379612	328.71227129730295
115.24673537494581	319.0006488338004
119.99805818432813	333.07072399731476
120.00649596868425	334.8110346459987
120.51668627100811	337.1538461538464
121.75278072441125	344.5000000000003
122.00146747276591	354.2581544169724
122.14076768762364	359.192307692308
133.26774401253167	369.74924783360797
135.1528881566486	390.7376532280888
135.1764676323013	389.0607348056629
139.46805350982257	404.07103759782365
141.53724803207018	408.9504495762922
141.61921679411648	406.8045741879028
146.40813811612975	412.99637195372526
146.41077187559242	420.40988674193744
150.69563439164025	436.96432488616955
150.73152734631364	432.6538461538467
151.2795045486192	437.8699015179277
157.59769012970838	437.8550335434756
157.60472910836415	434.710015952571
165.8037358386781	431.4356040610712
165.8049581749939	429.6153846153845
166.6316587739779	427.45881336846526
175.9147670639279	419.49074326784825
178.32386036862658	419.60799555343937
178.45163805474422	416.1283126072434
186.20822213602176	413.3095046945714
186.28580148828527	412.62266726360525
191.60122145949737	409.0370956357226
191.60786541335202	407.03010597026355
196.32974852741435	405.16857977787953
196.40962088737686	399.6210461709886
204.39186159262104	400.2671984923291
204.4189394442769	396.2455532504681
209.25838148207524	394.49858158356994
209.2589760324179	394.3076923076919
211.14381431854508	385.76649671705195
221.6974986904223	393.62488158642185
224.7366281448537	395.0984351063638
224.8173608951625	404.34355687530746
231.71811011295938	420.0268125140363
231.807487928888	416.2891808485418
237.0698640226083	419.46153846153857
239.09242836173033	426.6230795502133
239.13442769144598	442.9568466284254
243.8561635236474	442.6290526481475
244.0547013923794	443.01306689671935
249.35202809565075	468.30613575248475
249.50658929394638	459.1936478980428
250.415930146718	464.0769230769233
258.8631036830856	477.89999169231504
261.55703346718155	483.890535717158
261.6497423188262	480.8076923076926
266.60341005070126	490.23689837935876
268.5283800695077	493.41783374010055
268.5678736852471	501.5046925256917
274.1509467629298	503.91301523523373
274.1509575922587	510.59420354378176
278.6578688106265	517.9185488822308
281.1353678843931	523.4754750583772
281.192139015465	540.6343437347141
282.11849448696506	520.0891321689711
285.6627928099115	508.8913569180206
294.6240939809568	508.8461538461538
301.6561538257872	488.26319600089005
301.70208277307387	485.62719727751136
305.6856949665323	473.8409175809552
310.5078215607799	470.076923076923
310.51501313709747	455.9456047200552
311.0502924829621	454.69638408386044
317.0157131030566	447.18595336324876
317.1021285540683	435.35469079109043
317.1389787008318	441.4900760497571
323.915234600351	435.7377347494719
323.94575049904415	429.95354727900906
328.45531899846105	423.8238703158233
328.48765000528823	416.52494310162086
328.63347800120147	411.92401613853286
329.5337208200812	401.51089562582166
337.30979797392666	400.5753072373942
339.4532687765792	387.5024907540207
339.48141757885224	389.69831926500865
343.866822836238	390.0616603065783
355.8346288582142	401.3964776153583
355.96809222952356	404.3827453260623
370.2661672407881	415.8456413888068
370.32860694388654	426.62110872461204
382.4043207558433	432.63477514782056
382.465490927493	432.59639819747275
389.2412160277584	458.9744557878932
405.7959190042226	450.43326536770195
405.8097965469671	427.2852946264225
411.83019680098965	428.59836455434
422.5070629854723	404.22604813910846
422.57363412757815	396.7734730975803
424.0080823429452	374.52873991221924
433.163016972069	373.2747760068074
433.25577735290125	367.4531888728546
434.9262898923	354.71868277445896
435.49666946404216	346.55236830642923
446.1881458665237	337.4664546692451
446.43325369425423	320.92806411362136
452.35675405164915	323.0493029810883
452.35996755423116	306.6029972860862
452.7577426406911	304.6998808136099
460.1705913281745	298.4652257962661
460.21559914088385	296.7307692307688
465.9164257368329	289.12899842252693
468.365665729165	282.03846153846104
468.3852055114068	272.41690885616225
473.6247598768626	266.6611985807058
474.0	260.0