98.0	193.19862037133484
98.96722463427716	201.11941180766317
100.19140842454385	198.9335599038397
110.1030421219099	207.76634786194055
110.15461828292005	216.83664395630308
113.07266442120188	218.80453784159334
124.59806173568822	220.3907253660814
127.51310788557264	226.11156701372175
127.51764642772577	231.6997100775844
134.59524170841115	231.65304724667942
134.59708037457617	245.35943476662436
144.1452239259613	248.28639802907298
144.22396526694098	247.33882666942546
149.37777941770122	249.23076923076906
154.56896760151656	257.10994356013043
154.570347315464	262.04929467954463
163.9015897704418	264.71275832735535
168.53307614180605	257.432836918697
168.58061103938417	247.1280253610382
177.6735629063749	247.80426771697276
177.71700787520217	231.94010885537878
189.65876445628132	235.69230769230768
189.88601272531508	227.320592819005
196.46753853717624	225.84326500039583
196.63481267098308	219.0744069344917
201.82921653252365	216.62296012615298
204.03879669377307	215.85477470354843
204.10141300702008	196.2717655803461
218.2928403529503	201.2916982480607
218.29746318552787	192.03251170154027
218.56975178945675	205.82217831401425
232.22210176906083	211.07692307692307
236.1275231723625	241.1121493880965
236.52644073485033	263.1834831548547
246.59791713359218	265.30769230769226
246.65278294149496	296.5260434597282
256.1150531295545	312.31948559992196
256.3715401399789	327.2664674323789
258.01627439103623	342.30195183665785
258.4026550971499	359.20682661648425
261.67408051427645	391.16681710665506
280.39274240355536	391.8461538461539
290.4727656372714	438.7891507785517
290.60618103386685	465.51993245032884
300.7498078587093	464.62171086434427
300.884360185056	494.85836080540724
310.92061243306074	500.3076923076925
310.92139385223567	548.7575330650395
320.1763316100235	543.4621451484054
324.1800533064072	575.2323948799257
329.2169084024493	594.3306595016385
329.5815572076032	597.6676865021337
329.687713704888	615.6351572084617
331.4285941042692	659.564053334619
335.83868089685586	658.5079636269282
337.2149353045203	653.2600925009403
357.0482926278656	635.7325444866061
357.20904801199845	618.7626125861945
357.50575876270335	608.6538461538461
370.1701874097863	590.5384615384614
370.2362158957847	559.8120878371432
370.3374111833374	521.326128957289
371.19489046785225	509.7306110465031
387.50918262389825	510.243493176635
391.1225821712453	487.9701935110225
391.14389454825823	446.7771534985382
392.18073191890903	455.21984517542217
403.3926881534291	429.78186042124275
403.539124273312	426.4580684896141
404.36674215750315	398.36706502672337
416.4256800557104	370.86411597429446
420.8638834745973	373.15384615384573
420.9039400696492	338.3730241136805
422.29915286162054	299.6817730834812
433.024154118259	277.6826018752018
441.70613358210744	268.7011688946727
449.24379471298363	246.34615384615327
449.6566995782774	228.23076923076866
457.8491132630171	206.8702444045025
458.1517881268827	196.1002896779534
463.1441747826022	195.2574761247005
463.16558490350565	203.16746240066067
463.64533718193536	200.19230769230768
469.61303456747765	207.36471349527966
471.8995838484677	207.710790653424
471.961061301116	229.86182121513906
483.13026551424866	219.55682467719777
483.19443705382633	223.68146422266304
487.7314706071393	230.80574792484077
487.7831505285697	232.75372561736455
487.9172044468099	235.4771156602052
491.0514070376874	241.35215908039
501.04628401162375	244.56924514234296
505.60024787802945	247.92624785104488
505.6373331709204	250.3034695740326
506.20927388832195	254.23180554894293
512.3398446399439	260.1304969885657
512.3977765286908	260.4547213228823
513.55359571214	260.8516345528475
528.0007829039716	252.4294735571797
533.102437950374	244.69544317351733
533.1327640041338	242.9970812630631
534.2188425546822	243.34615384615375
542.1586247561117	240.53846153846143
542.1860078436356	232.42441812377237
550.3188757271384	230.8063143265112
550.4221521001099	226.2436651173923
551.2941463733796	224.860485644467
551.4360822807648	223.6923076923075
561.1204582619579	216.61410827539413
564.3336365084174	212.43880029367705
564.3790410153737	214.73424848095885
569.705604266421	202.3662935717387
570.2983654543153	206.470966105411
572.0478663093978	202.73043991701655
581.2936176407878	196.90724032049212
581.3825523135807	196.41313127900017
582.1204411357862	193.99309459772195
583.6718283479648	189.19100822246025
590.0	190.0