98.0	196.16708517545965
98.18370790057267	194.62820375893313
99.55068171547535	201.54479925273415
107.55344386631326	202.4430502343308
107.56920796868272	204.95999819120328
112.70694775821522	224.9604626533747
119.59868283635494	213.69230769230762
119.654734919178	217.4144406759313
124.39551358466848	219.61538461538453
124.81669540038092	227.31356716254166
126.13461633193513	228.63753786054366
137.3211771932214	237.29586544390648
137.3233563708754	246.22386000371074
139.3870172490036	248.27976812067283
147.1756510430315	247.38782039025443
149.40295677445982	252.6902435679525
149.43353052480026	253.52453179049581
149.94324503791904	256.825849319589
156.38582721875173	265.38096722383307
163.7675073461059	251.52218039596016
173.3441762801448	245.26265529052432
173.7134033461892	245.5846093673457
180.5362939291873	246.01515584932773
189.69267011647594	229.3545741865854
189.81921128226972	225.6133600523292
199.0692573577449	220.06494179300668
199.13913951293748	220.9303989213747
204.13336604845776	216.91009748887873
206.08597392809773	209.77364111724037
206.1530499431184	212.92307692307696
206.6848628224725	208.48967695912438
209.45037993204076	204.38461538461544
217.77816826405714	201.13173276066928
217.79715887187072	195.63384059637937
217.91571132860273	194.32770330746683
217.92053073283108	206.9375552356287
232.45814016765834	233.86014683888672
242.22571775539794	268.092284400598
242.2468206439319	269.31628385339764
243.81360927324093	291.8018308094676
244.71163461528963	313.0475369493244
245.14558497154238	320.75475083669505
265.61385862683346	339.4479207718632
265.7300449378343	380.1217021529855
267.24614931449804	379.5882240525401
268.200489149619	393.86857072109376
274.8447382960042	448.97297932936624
296.1606940568768	459.3944264938417
296.1681939582438	474.47636094093144
305.47674189543915	488.0271575140265
314.6649410844434	521.9495432328914
314.9626984167557	536.4615384615387
315.9133992184629	554.5384615384618
318.79313470519173	588.510248200571
325.84541154632626	651.993777176499
344.03915961983535	670.6800401062802
344.25654250447707	659.6778038278543
345.5024979139366	663.0
357.349772675997	622.602739796839
357.6337302711545	626.7692307692307
365.880898019978	608.6538461538461
365.95924201285914	582.3030589259787
366.74101631129156	571.0473700153242
379.11632919489574	547.7994255507659
387.7211416391875	518.0769230769229
390.9029138265626	472.236205694959
395.6377360536071	479.4984490262211
399.19230379136985	442.68996669819734
399.229834752285	445.6153846153843
407.43792154241976	403.26835749001947
424.41852511805484	322.81128004492484
433.8447834542299	301.12132898231886
433.8452090223021	261.19924947531797
435.04688374022146	245.44143009696626
446.16557667289965	234.0322870431446
446.1995004112254	231.40342498710066
447.33777035115565	210.11181946282315
457.97169725956957	197.4473871212273
460.95354650432046	195.01414890897811
461.02089776294855	199.9251210811673
467.6614622402093	212.84488429496074
471.97893434323765	206.7037070142931
471.98411332730274	211.591886493407
473.2893035652317	219.01378984913921
481.05673747347697	220.06107938116682
481.05776134635926	219.30769230769226
487.62414349996436	227.06356878549093
489.7696857473195	228.83557116663576
489.8873769368143	236.38669008511553
494.52669522641503	239.326148732281
494.55634356386355	244.25506385555008
496.1924948379363	247.12751488786847
498.0887241268047	252.41817540705182
510.04682111231193	252.07692307692298
510.04752546447844	254.9977220213624
510.30856860681047	258.94072381144036
511.1041318520397	263.5525938131085
511.23378677597947	262.21245742774613
513.0744913047005	256.75700790518454
525.2192430688289	256.44880580154825
527.7233818498433	250.29233987944187
528.1973978765814	246.45060493216607
529.0653360531894	245.9428880647849
539.2307820318495	243.34615384615375
542.1319623733253	239.09653558616122
542.1469458994502	236.12871708278948
547.7271266872572	233.4175444045934
547.7553895720325	230.26049594959358
548.5396231049375	223.8291832816981
555.481580774107	224.3484234633057
561.4113770066232	219.96188351148373
561.5475818306176	215.33291770925908
569.604005365428	210.49883918530517
569.7351618523677	208.8797233758647
571.7425452993151	203.78516078692442
581.4358926848308	200.79329313099225
583.5717465833104	195.57822765982144
583.6466561025969	195.6153846153843
584.6203275100686	190.93560242385226
590.0	190.0