98.0	190.0
102.75324677373736	195.64577516238793
115.20587968367414	208.58174372227774
115.2101371109549	218.5746148022215
119.52492393587634	216.5613397912277
119.62251256193466	217.96378411261233
127.29902525515179	223.98723260329365
129.56270569903774	229.17415484946457
129.65803760216795	240.06224297687714
136.72086859599548	240.705107826264
136.7923193236838	240.59718008215893
141.59468324496967	242.7909723503525
141.68970431385137	250.14765672584244
147.21278460478024	246.72385345847434
147.21491389835083	253.6675306823393
154.55749854994394	255.82427677333828
154.56123345888275	258.4214161911803
155.1898141443779	265.7078134431206
157.28486098798857	263.1650525708066
166.4639918351992	260.2620292144744
170.99788024749165	257.26336659339086
171.08651763309132	248.28456972315507
182.9030400802178	239.75395200822317
184.71196857903828	241.38461538461536
184.93944071509193	234.27245709188617
189.73437409495165	223.8346802088193
194.57614776647284	227.44857986359594
194.60916259092215	226.37723599722392
198.9057884080272	221.1258732865348
199.0964811057417	221.46153846153848
203.71270901062232	211.48372318655092
203.80903771496074	214.32618741288502
204.39709850131194	212.04282632184538
210.97761590890485	208.13333619812738
213.08225004148548	207.23076923076928
213.12743152986138	204.38461538461544
219.94082868139836	198.69230769230776
220.08926082757307	195.84615384615392
226.88686260320534	194.09632436743502
226.93251783178073	228.7631840273031
227.68331414817834	236.91717929480973
229.74143684522062	285.8548491580864
230.43295720284982	277.1763859165586
251.89780509892313	298.6792474090789
251.96901332971623	326.59816735878934
261.9502000258127	324.87182911047347
265.50474416266843	371.9395166135779
265.8157035234205	372.5783288995163
276.4073838024106	384.414354341254
280.28238853007645	392.6723142416236
280.4549325309961	427.4319210695657
289.8745144450909	436.74612583938494
295.9678920652217	458.7490174744433
296.02277641973103	490.05317659908513
305.38632662498725	482.2307692307694
315.70553100045606	539.5700913357373
315.72713956658424	565.6789621503873
318.64287077950615	597.5373403263466
334.22317610404485	602.8391951926748
338.61687273513604	609.2504418131267
338.73700963632757	642.2181641860126
339.47252753722944	695.82497700186
353.59611144185374	660.1157108682258
357.1880573844932	608.5691854291639
361.94183911279737	603.9858123278598
362.10800819385764	608.4012667087078
370.1371838664278	560.6290845592971
370.1783764624196	543.2501437396697
379.16754729892006	533.6328735806085
379.22160570471186	522.6172011626215
379.99666075191686	510.6486671924842
391.459395331884	457.35148713055554
394.8497045714259	401.90886481257905
404.36606422479565	445.6153846153843
416.67702326287656	388.3923230041952
416.7670098917827	334.7399414876432
424.79773459542497	347.3139510997246
428.6929994707943	325.05783220808206
428.8096797743522	313.2808620549831
430.2245741628289	273.92314060446415
442.1339295315929	254.60786095275876
445.2166131284634	238.26320643320983
445.4775044129778	222.1951574044756
446.696208503356	223.97421952970421
457.7430843937301	184.34231388013373
458.10387561851013	192.0
462.73325015991566	199.9064207154477
469.54710231152876	202.9230769230769
469.5550806124086	210.11519685161466
476.77332170329186	211.11538461538458
478.6376897493649	216.37663369039012
479.45531437282165	221.5805879647208
485.70658856431584	223.85136715631765
487.44799079004815	225.2404768006279
487.5336893177745	231.12904592997052
488.156928229838	236.73147781829485
496.18442041545234	240.62883397650577
496.215672120029	242.68945111219284
497.410433587445	244.2270593122528
505.8097487048131	248.60195548181292
508.00660139767353	254.66098687520932
508.02971173655504	252.2163796542824
511.8767825588247	260.41987518503703
512.0708760173201	259.73809179849775
516.6855539703994	261.1209839422279
516.7472629496098	247.69041032867156
533.4838275471078	245.68786653503813
533.521312550138	236.5841509590803
534.357919242003	235.92259216651098
539.4404412749187	229.6908337047303
553.3667367936818	224.89588211777078
556.1733555345081	225.25673734961916
556.1876649001642	220.90121337616978
558.1444131857462	214.3752144248826
567.2436821936344	213.7429706754129
570.0379748659944	210.98074774567849
570.0583709244412	205.4977439486486
571.02672955443	203.1979926909582
578.6228481599186	198.2669703241871
590.0	190.0