98.0	192.68860202101874
98.48331809666185	197.20373734569813
105.3382364217886	195.93612996781022
105.34519794137869	205.30829930126407
109.6381192496463	204.18132506468527
109.75449326753987	206.368449601895
124.2724446907506	220.6307605822794
124.29528148928308	228.65996623701898
125.7091337779293	230.20110308702223
134.28825660873386	252.15236863975372
141.96027375838443	241.12574390884663
141.99675539177116	243.30769230769215
146.8427885753384	252.5710625787977
146.87793756662506	250.09276187665472
147.63271638279627	257.25591858014786
156.94858521625804	258.68480465302554
156.96431722905544	261.07692307692287
157.34264026285558	269.1122479031979
158.83422401922678	265.71584420805357
166.3004555404877	264.15384615384613
166.30378551531888	259.0865494547305
171.31934126540818	258.4615384615384
171.32355275270734	251.51370653892445
180.6026810027804	243.18647480108487
182.731508207238	240.01888411785367
182.82503374410967	240.3171501146467
196.6926791670698	226.28893050873697
196.7864478556432	222.98376941625258
197.45769628757105	219.32870931675885
203.56047275059024	215.17954041177234
203.74762683916356	212.07483678863528
208.2946695808511	212.92307692307696
208.46894593361716	207.42918204259468
222.43985768766328	195.3055188963242
222.5989009387836	197.78426498421348
223.2002447615283	222.22341293578413
236.80522477740436	238.58886209588226
236.94098849501813	284.8368483133664
237.34690796719863	287.2377412770261
251.9566025308641	295.6120437303074
252.0244113709559	304.5508042706785
253.5138089718423	366.9581133257145
265.8396416465005	354.0813878255447
266.19946853428337	358.7171906915068
276.2540710888248	380.6871095627723
276.4102375263254	424.5859140830071
277.3867387170855	415.7756103121418
280.2823151821587	438.976165490854
295.51079870286594	495.5271292628
300.75041484901794	478.7389223336223
304.52693311785197	501.7397677014799
309.45285270766385	500.3076923076925
309.48443785335917	525.5323028943058
319.1913408031608	571.8950012790779
325.386126887214	572.9067889912735
325.39297719031777	590.8559570841447
334.14397298059004	605.8726945183681
339.32064412162373	615.8270347605214
339.3560603714891	642.7139019687594
348.92316928167696	656.344999933422
353.51802872640053	632.7192073114378
357.0819621156699	615.8312934294664
357.23387663267624	622.9921888176301
366.08582828639146	587.9186938568301
370.7746056175875	565.4658296158588
374.094895402847	534.2285461763776
383.24286800283284	504.1483583932154
383.2760777933633	483.2997787260439
391.22225831775387	497.4392123904248
399.3782464669234	457.0357043867288
399.6449858872386	444.5342816014522
407.5224329165189	393.4795256674891
407.56435035095234	405.6653435769161
416.13094300937996	338.1743970989363
424.6796095876445	329.4269437192872
424.7021415863962	317.31254679311286
433.21383073406207	314.32897512100055
436.9116300505167	278.2075181140654
442.1898234845999	274.5429918745986
442.20314536963093	260.78353168751545
442.4102778354549	243.81457660754324
443.0641350235506	221.20675208333807
457.640710651516	163.9431444252344
457.8230146668696	193.11454169702975
457.9431874330899	194.73076923076923
465.2463839964357	199.2067501614117
467.42244161255644	200.42089354832936
467.4791557665167	205.4171878095302
472.02865513474177	205.65384615384613
472.12756354007786	213.89036462851936
473.19929022846674	220.13686408962363
481.22770551315375	217.83560881815333
481.22892061943696	219.30769230769226
485.72073551897796	222.0384615384615
487.7816444315031	227.721998729364
487.79262073972717	232.00695765681277
492.1392206986647	231.93480085730536
492.14679839705974	234.09017654037328
496.58615440654273	240.18063917501138
496.62192302468833	239.91873100617875
510.0269961673272	255.31778859299064
510.1205205055472	257.93836792417113
511.4842928887027	262.2961400455104
513.24348042946	260.8984058467764
522.6045575570524	259.7039998927507
522.6057006813317	255.00361968890832
523.0864275210981	254.57692307692304
528.1682259379803	245.65275621330855
538.8354352871183	230.78690110804874
552.5943000137714	228.23470851331336
552.8437916143474	226.49999999999983
558.6550219465053	221.56519365830246
558.6914226044947	219.70713237199294
559.1946204924626	214.8207588814726
570.3064870621947	209.64952260668485
572.3707910394477	203.88234742623274
572.4076508462856	204.0844732886656
583.879273783669	197.42462940481246
589.431908558328	189.29069863162056
590.0	190.0