98.0	190.0
98.17776561725674	193.24706943679115
104.92740869412454	199.317922502991
104.94985146048516	204.56408332589123
109.75721160422864	204.0399961179146
109.8494709555794	205.31607060831217
110.2993302531344	212.2171641462663
111.34458485114389	212.1845979171862
119.98552008183343	213.69230769230762
120.01086723272992	221.88772512522064
127.04674861200391	224.39566668491233
127.15494996428974	229.42364548342115
131.7663868778031	230.8790066006069
131.88940359467455	237.62684263338957
141.66734290758043	246.93915073567024
142.64550515608013	248.43609989759963
149.59346074683674	253.29127451028123
149.62041925290487	252.1923076923075
154.41528129548152	258.9508111617218
154.47670147062493	261.26156955827884
159.45700873243834	261.5214440518384
159.46830486269374	264.987892962402
159.6432102277552	265.40850827756424
166.60236508849675	256.0350973699121
171.04259307507752	255.3199166123569
171.13514178823976	243.83374016309924
180.43579359584965	243.35634168243192
180.4362987622137	243.2638156125032
185.2190560383837	237.79672497132157
187.04856764468374	217.1652714953107
187.8695216974619	228.67012193444873
196.8272706814503	225.3753149286212
201.8120272071225	219.13240278858845
201.8193491789513	208.91758694660984
212.908165022923	207.23076923076928
212.99766209873584	203.1803156508898
220.63039460693952	197.93677322889445
220.63258546855118	189.77859771001874
227.42965133307192	201.29451699561244
231.39548517895702	309.62104105493273
245.8565651741318	277.17545418307765
246.2878808295706	306.66698337963857
255.7243053449184	324.577059365817
261.86924669355085	365.14099653587044
275.12688074387376	417.1504894852035
275.47161303377936	412.01464271716685
286.4117826501731	415.65098661160283
286.43880772800395	437.8676413444756
296.1520977206284	446.0769230769232
300.37075528028856	476.6615362815874
305.63166418104544	483.80107884522386
309.5800598605797	513.3181301912165
315.69080636122686	518.3846153846156
315.69177636228113	559.5216984090172
316.69242653196926	570.8198245738597
318.2788337188364	585.5800673105877
334.26342240463794	592.691666072818
339.8937671109945	619.9545768702571
339.9645536056269	653.7086857555066
349.94826012154704	658.0666329503523
353.4637190764684	638.6282692085225
357.1361049603195	638.9874896601079
357.51286630751565	595.6327805768371
358.42003589807024	586.8822620176337
369.61582505675403	590.5384615384614
369.9822630697614	548.4284048899406
378.6029614702482	525.3834983420059
387.14263923680824	499.50769964730694
387.17699411265863	493.30502877698854
395.05936568817884	431.11634079903683
395.6368900550239	445.6153846153843
396.69842059095646	419.96639131448705
398.4951855322257	400.1748945612137
415.85231929054646	384.04262621585536
416.0927983860506	353.19102056355564
424.52512245508035	331.53558303309626
424.6967975631122	330.4875115917375
432.66095872820875	318.8076923076918
436.97596873880167	292.57072182790233
436.9883526483161	251.16703212066292
437.3302604889024	253.4950981946829
438.46971401015276	228.8093454376544
440.05968090758466	209.86649239588948
441.2563739918878	204.877722946375
460.71705091142184	196.19326334743482
460.7326281186211	194.73076923076923
461.23589200578095	200.1397652046177
461.3235749305912	200.19230769230768
469.86513442678165	203.68671071116432
469.9280841522667	206.2480579735426
474.36505768981317	208.59212144821976
474.40847208774875	235.86481521323515
487.55500586104125	224.76923076923072
487.5811722760305	231.47904877049976
496.87668820341474	236.42595268161023
498.77233242359677	241.3089697305422
498.8225492119305	245.492119316095
503.0996452058886	245.30606273869498
503.15457443627605	250.34372962059246
507.82874960198444	252.30178657530297
516.8764724727607	263.02854812442183
516.9023863489977	254.73860231259562
527.6170398620134	254.57692307692304
527.910666609172	244.74179678318384
529.3350792295043	244.88901229894756
529.3787289415122	237.07129938744114
541.9541692101925	225.7367499054024
547.6082064974789	233.33491988311212
547.6213447269458	230.4027431122521
553.0659288184712	227.21797945072737
556.2223348407914	226.2698338086677
556.233158319336	223.6923076923075
566.7356641022978	208.27012128513257
566.7483289356281	208.58931012179147
567.2815798833243	203.9654227515182
572.1836476513369	196.61221320628044
584.0684809326369	197.44848251788767
584.1708273817261	194.89531808673524
589.8014192363034	187.28705800717273
590.0	190.0