98.0	193.22598462706728
105.31893110556454	195.9230769230769
107.16246141464262	199.02573648190813
107.25635929515688	202.08009716891632
112.76051285728315	209.48647947095873
114.95938210923784	212.50919214237902
114.97434660354283	211.1274043632357
119.74539175196105	213.69230769230762
120.2676794903987	240.72780473540686
123.30992007741368	234.72154659605778
136.90777090668567	236.90363749116784
139.7689404030629	243.1362255367055
139.77471120980348	240.78939021195197
140.5799617051778	243.30769230769215
146.42467844770903	248.57984472563086
146.52424576242092	251.95121898503908
147.5718886456508	254.3093214191284
153.90459960753893	255.96328323288498
154.0692354958985	259.1488949315978
159.40028966689192	264.8592763332943
159.44581330626104	261.61150986580134
166.60516712610365	263.7854064839127
168.93173412636915	259.64185669746655
168.96420985271402	254.56504552607245
173.70167990337063	249.3542018510506
173.701787524644	252.36377948986552
173.99473879164793	246.9526118176674
180.63245160172838	245.31309166418524
180.66747484702964	244.2307692307692
190.14671647582716	235.33238406724712
190.1486023417055	230.66160567117146
194.26501406852768	225.6388709156751
195.0439183401917	221.42606666235721
203.47909453789939	213.72072382467948
203.57742660269784	215.7692307692308
204.079064910697	211.52671188527842
205.05876576019725	208.81298437982588
213.38648601048158	206.95878660665852
215.41586077059293	204.38461538461544
215.48063197605742	201.3264871588656
215.82075930440345	183.9199817447905
226.66378920816052	232.48570919734271
227.42980527619054	234.7341744589172
233.24099589520804	275.0337234451757
233.61111587323305	320.31132198883125
256.6960152996778	303.4788982168061
261.45119846628694	323.08707399185283
261.46236750631215	373.6806132431599
271.1703158774725	357.66139001664135
271.3582245282518	415.7922064795192
271.65652480475075	395.84849747863444
285.5579895262334	445.0781824404368
285.6955267504952	445.73029599091416
286.0719564417381	468.57413862290525
287.2636654782993	464.1538461538463
288.1247988084147	511.24688231741237
310.353415229851	606.6852414481785
334.9581624114091	590.692307692308
335.08501244052434	613.5677134840564
336.36478493604966	626.8461538461542
348.4806083365012	676.874024514868
348.8075464766444	660.2606954125201
349.064439831286	612.0355006702321
361.5524169693341	622.158091642335
366.08862709137674	602.5556433573984
366.172727815736	575.24154903594
375.0641280030301	558.7364255123712
375.06604999721316	527.0074677870418
376.10312002214266	534.6692754926316
376.124816279217	491.23443051272375
391.1951914872744	465.9285339406716
391.36607748621174	472.98984425611246
400.18766243135553	461.0214607711708
400.192724182237	440.5102511225048
400.2772433616003	419.5977192969958
412.6534617803764	402.66351270451406
412.72525362115107	375.20322099579096
413.2627593284537	373.15384615384573
414.51266708962703	353.6128707948349
414.95640133734526	317.67878159090003
418.3841709462133	289.3118996490844
436.8270746822773	294.912458401898
436.995979507319	265.94588019596364
437.6121673388127	248.24444288801712
450.53868190717856	224.5268374235637
450.54998252635176	228.23076923076866
458.5358105403907	210.04293708411552
461.03215981223906	192.97351160096522
465.1872172025014	200.31404231081626
465.29999323697035	201.81392894277604
465.9506485952166	204.57021578318904
476.6907363382183	216.16539686244116
476.737047510363	214.55211459693413
477.09960206173673	216.57692307692304
481.3936511045488	227.83256990503773
489.8301651975281	229.20292891891384
492.0884527302726	233.88766809769314
492.2100457749224	242.10564463088858
503.0652676281018	246.07489592905887
503.1590875931258	250.75504121067087
507.7793921420223	254.38565279725668
514.027163689819	258.3049454690032
514.0369938347952	261.97400548541606
518.9887772794943	261.43798264160654
519.1809334554074	256.53634488392294
524.5621157533509	256.549435159405
524.5680136636364	248.5062627308704
530.8432940228525	251.74181873255594
530.847729315429	243.31718268439909
531.7427178046918	242.83680332746613
541.8592729777918	238.55162617962554
541.9771084536505	236.03053633109676
547.5919330271252	198.56825394416768
569.7902938813364	210.13584749386297
569.9398315841507	205.1682936313631
570.718654749535	205.42597881933585
577.9632605290419	200.24914643629484
577.9682418045336	200.42386799311453
586.9928111350807	193.46972777997436
590.0	190.0