98.0	209.539611310401
117.32839761239227	213.66718897947817
117.4480711075859	218.55714571118645
119.05231798000523	224.24558521454586
127.0359374331219	225.02728167519822
127.1264276063091	233.87883914377878
128.93241161841163	232.41091709032173
137.13183735264008	235.2195323415791
137.16889100239092	241.7566023631203
139.1436144050598	245.24024102984657
147.01163659966187	249.63477780160986
147.03992309303536	249.5409372363877
148.32103572487645	257.7102662624888
156.34049740085703	260.19933687650604
159.12731620410972	262.92282692638526
159.22236547147307	264.8403230549831
163.90353888180246	264.6660129197283
166.58980318946146	263.83800819500203
166.60250204972112	258.153598884182
167.30908615139137	252.5392185778666
175.90854658158855	249.56215636173008
177.85655015400818	247.52893073076018
178.03958285580012	242.4357426822469
182.36464104611989	237.44946530442002
182.52366987147056	239.879561527965
187.71160522950305	235.1974516812271
187.72641055511178	226.91915979905468
194.53888977116998	227.6833667331087
194.59670221491143	221.8535686133279
195.1295109738486	223.39243347242348
201.18400490027093	210.29453164488106
202.28605431837204	215.34894490414194
208.83910297371574	210.5922465495621
208.84460242351724	202.34517118761832
218.09582936884846	200.2336482593424
218.0959383448165	188.0869241544737
219.40539402412895	201.79014034686307
231.64034123571716	225.12809755644048
231.8238543687277	247.08248640491422
232.2196833703247	261.7326557909268
234.99239045741558	278.2660291755529
251.82269378185242	292.22431947032265
256.20812401268023	340.3906805100004
256.41884627404534	322.1274849892503
256.52684899549644	345.015747147569
257.2536596152235	367.01460815298566
275.1931915458451	397.3070227047661
275.1959784680983	412.01549481571567
285.5440001448021	422.385378843144
285.61332090938953	458.00395876186064
287.2296685422992	459.59216229982735
301.06575213483666	478.588801432478
305.22040099826677	503.2343035359686
305.4497547557274	531.3537494519746
315.03891888024407	571.2071429005788
315.1193696433989	536.4615384615387
324.04036076797195	601.3332714653482
330.10823179052625	581.6759473295419
330.15368253231236	590.692307692308
338.68516007399325	627.2189680259285
338.69469443780525	668.9352879675544
339.89765424516196	664.2027925039677
340.54079458542145	634.0504959457058
344.65575874375185	633.253779805667
344.8757513526663	603.644356984124
346.2921352553004	572.6270155464786
370.8838877133825	590.5384615384614
379.293411109836	550.8429908808836
379.308048362536	522.800217561656
386.41685290673263	486.8607684535512
386.60269861146253	482.80998105212285
394.7570638114269	468.24931550107056
394.9810393405764	449.340065620683
403.4538502881643	444.7366106277213
407.8238859868268	409.04484826289007
411.7444684260482	401.057129422705
411.92617382022786	372.7463127864344
421.24324666853505	363.3165644488993
421.2478951524281	328.0111072158563
421.36056064241444	336.92307692307645
433.5763593640678	299.85646825870367
433.593856634973	279.00665281862894
435.0269324564182	255.61344443496165
435.7305725956964	264.4615384615379
436.043444322441	236.0304663598046
437.4320705256	202.69265629238754
440.3871433843404	172.63774465694686
461.1521501790652	193.96451850924777
461.1658617430238	197.26901638203265
461.44596878913353	206.24601367570853
464.4767446514045	207.9310184578463
474.48482307885183	209.72600070356086
474.50179080244186	212.56725423643505
474.6837402386825	222.90938547710206
483.05267534431647	220.10991293002945
483.0976164597478	231.18404375881258
484.670402522272	230.0919150357704
485.23233087319034	232.9615384615384
487.20265707601607	240.53353346421392
500.70500762360217	250.04863396502776
501.0958629152495	247.5072997075341
501.8257363330927	250.51264494578186
512.5289532303216	260.83473491821644
514.1957209615917	257.53846153846143
514.2839748324213	260.4398518243769
515.1088114879473	258.00452326526704
515.4817090315518	237.8546641570906
521.0047350002948	242.71397146180757
538.751939624757	239.39841632557557
538.8817162662319	234.8494436421103
555.8092183026773	226.31167537023614
555.9477759488504	219.92988315823598
556.9159836728354	217.39545964941192
567.3755734003771	213.4695289939965
567.3991415014677	207.86652035777973
572.5727055575596	206.6306266867863
572.5919221121075	194.18803551997516
583.6312937092972	190.329364866618
583.9886086047721	189.41149907436332
590.0	190.0