98.0	192.29203403804652
102.39433261525917	194.0876909033984
115.19485441395732	207.87188362608876
115.19884719118957	210.8412783701592
115.48761639270062	219.45793125577168
122.25042065573682	227.4069408179407
129.32886424047928	241.90683886287798
129.9542965848569	238.6393912008915
139.06938545903174	237.38461538461524
144.54714982437008	243.30769230769215
144.60366932613223	254.80203809516718
147.73490458320333	257.99639147523294
147.84858767982124	259.1421940089878
150.40212821349843	262.1769779842538
161.96314389745288	264.0384615384613
164.26295285340103	261.5278906911717
166.6905477755966	257.9907650748528
166.69078633711592	252.13396303576442
177.71174660981788	248.5158200930187
177.85750376580856	243.31939566768904
178.40880657920306	241.37049907593504
184.7979723653159	241.38461538461536
194.28185703710412	214.93034151606045
194.81099730571208	221.17685822169662
201.87476299202868	220.50874946207986
201.87591069530353	215.0773491695386
202.2178430297611	211.51361144894838
208.78784682172918	210.65419933695074
210.49312876703607	210.07692307692312
210.54270382020837	204.2991449960216
211.55288430920936	198.17640122197602
220.1745893158934	195.21918078566574
222.72706171113435	195.3483681180509
222.74185648451598	216.4493371256007
231.38819204082125	239.07490745540343
236.12053050158912	278.00809981086553
241.78572512734738	260.1933399969472
242.02909833737627	265.30769230769226
252.27967302762107	313.2388833717402
252.28075266258213	316.5945075800702
260.72926243831546	331.86511705088265
261.12199287132916	356.99072974947916
262.9048744665266	381.9156007091967
263.97632157858556	373.76923076923083
267.96718516518473	393.8447196915065
269.22880926039363	425.78554958196315
290.43701722021285	428.0000000000001
290.470845790401	464.6310770709546
290.90041270534914	480.23484193214216
293.63056818026797	484.07258691731573
293.6402913158876	501.08251536989366
315.03270627414594	518.3846153846156
315.0749517878274	562.8743801675128
315.190115582104	554.5384615384618
318.07917917893224	580.5610967667624
322.12940790859966	597.0846782911203
338.8836057909443	642.8414422593028
348.86078733304777	652.4605057881867
349.1582578973998	650.0171751116732
350.7259671119845	637.7273401531811
361.33802005451105	593.8369704599411
361.4183110100713	606.3929112312769
361.87752414193363	584.1274096281286
373.9023349025038	569.5931214834903
374.0710844143924	531.1365236858072
382.56958539025777	500.0830383938583
382.6472257545183	495.94647509922754
391.76279844557473	491.05540095343787
399.71178496848455	457.3839827724171
399.88341983609644	436.85023502240915
408.0848063420356	397.21754437914245
412.70819973434027	383.6251693316274
412.73776127685767	354.8379799177877
413.2156386743705	347.6572235143613
417.8591212234185	322.42243340679244
418.7039340169045	302.95234920085113
437.50303305370585	292.21095862267805
437.52395218649355	268.61409512240493
438.15094939964234	259.45949568576043
439.68323459390666	228.77374823097162
441.0889076797541	207.6215884313326
460.93908009268915	196.2581280342231
463.01419930733636	195.05990984324893
463.15080144224584	201.49605576884176
473.88508684990774	211.26802852430097
473.93679154610777	217.6258260167041
481.19780404129034	217.21400655241746
481.2058715629394	223.13357746675896
489.9361847629079	231.20396920055336
491.7726771000417	230.89669037770372
491.92201379148054	234.05930849707713
496.40160448688795	237.50635777028958
500.7834785391051	243.98050353925962
500.82435596210803	244.97133410267412
505.42309028107326	247.82837776704548
505.4863725092307	251.78753093837395
506.1280121719026	252.07692307692298
512.4808059164955	256.6629239260918
512.4940105202678	267.984220663747
519.2423154954213	262.9567896770783
519.2819904034927	258.29688086583604
519.979414649382	247.97516500714966
530.7050691251245	251.76923076923072
530.807668892878	248.5501039888091
536.4289834869545	241.8494348113817
539.0941177156177	241.16172929598218
539.1892027346208	228.1451155946008
547.3755522013304	234.6905243054186
547.6315190464463	224.17308644177533
551.2629307026531	221.91446934509656
561.6253969404102	217.15636038582613
561.706763965446	216.57934250908193
567.2147682087436	215.26923076923055
569.9006137544176	209.9957928854029
570.0078671936525	208.09759365329472
575.0724121657688	202.14906585887934
575.2520000374045	197.78518715294442
587.1373507811261	190.52570347411523
589.7678263134676	192.31033738240356
590.0	190.0