98.0	193.3708212878604
98.3258064780294	196.165755754145
105.30940077909463	197.52598237332484
112.24161905295838	205.48714346486793
112.28560140267466	209.85808501667205
112.62796407854704	214.7831850834036
113.38151755497292	218.9045620946889
122.61057648714095	220.88487647113973
124.91290211990513	225.89936583420504
124.93592598186744	222.57692307692298
134.466483929138	233.00113477781827
134.5457813531458	234.4230769230768
135.2685535383262	237.38461538461524
142.3042297976073	255.70562585064903
147.22825280774106	249.4335227161898
149.2786037049322	249.23076923076906
149.52171054024896	255.75029427648423
152.38639212055818	267.25651602613266
163.99821357507693	265.9148435613532
166.3088901698219	263.5372124344304
166.3369619103841	257.32929566106793
171.0589862918453	250.72703599708896
171.06189413582007	255.61538461538456
171.49599179143294	248.01593168738128
178.29972971877774	249.92307692307688
178.30526979348957	239.41518657453005
185.27872696762591	239.70935647751287
185.32766329545208	233.89177510031087
185.94440460914205	233.93011577455908
192.0094279324607	230.12368675839107
201.30655700948637	218.37774576871726
201.47106046421794	218.28426034346734
206.54957103200633	190.01959749329626
215.70306906257207	200.1327060834802
215.7133676015999	199.21671215863392
219.99256812038723	197.17040482670265
220.05769974519632	195.84615384615392
221.005215175662	226.61007294617713
232.06617162827567	211.07692307692307
232.26492983448085	239.04303792920746
232.7997610283942	247.69576105022898
233.72781729483566	287.85747106494006
251.91735772872613	306.1593492309668
256.36611581298837	340.8681788219957
256.4806933161462	348.28174914681483
259.2405354727222	364.6447658003613
262.351166619147	373.76923076923083
281.23866677095367	420.2707879223166
281.2388279132214	421.46148486561503
290.382416991872	448.3134554697637
290.5338930160173	466.03192881756706
300.5758679952388	464.1538461538463
304.42837393129685	486.9126353244749
304.45701081224814	532.0584546256566
314.60030582511496	523.9329756586915
315.0002014936927	550.4520011752755
316.7512144812717	569.4743222548353
329.84558020853973	580.9955396074074
329.95072361425224	600.1921645745375
339.6745942494655	617.6373021286138
344.7185554468351	661.306797814503
344.78282565725067	655.0430684926142
345.2052528318885	663.0
345.3110140228395	639.5476030904081
362.4440053501121	592.5727427239561
362.4865595813079	563.3869863324101
370.06295916591097	584.0580159415595
370.3584776839121	547.7944187761129
378.4701471186479	552.8829378622394
382.31939376234766	519.0823515796797
382.7051534369739	504.67222669709156
390.59058830347885	493.5062979429025
396.03001646104923	475.69360788173367
396.03765907299567	445.324321245826
404.0658440162392	445.6153846153843
408.3511806227509	426.43592442871676
412.27090910783375	402.4763032707966
412.4475110987906	391.2692307692304
419.9538398398123	359.22326776323473
428.9974097982774	303.57421213280435
429.0036286153226	318.8076923076918
437.8529046898412	286.21556773253815
437.87815266518766	270.06736196659915
438.9164508946986	224.21332362869424
450.31013340884897	246.34615384615327
454.40008518879694	214.76903695715802
454.4126217588065	187.9199543978068
455.3289210654864	196.82814401254385
463.4138973032637	199.36488002017867
463.426463341175	197.57863724558757
463.69658308056637	203.49233355746617
470.0249373744639	204.99246919571502
470.0306820579781	205.65384615384613
470.4313888607702	209.5126474670883
476.81044241912565	213.2916900455691
476.8205839559999	213.8461538461538
477.6791044291614	219.85615036649384
479.36929288101715	222.51133888669972
487.2908285981949	225.29839267046881
487.4639984986841	239.1581466456703
500.6960560997341	241.15384615384608
500.7535037276784	243.8846153846153
514.6625301828686	259.59507674312823
514.680988280958	266.0856694693507
515.0562857802452	244.95485235938017
519.172639281405	246.41461451312975
533.6496032751221	244.8717975522155
535.8259364900678	241.67828223391882
536.0295314201238	236.12433028402734
542.0353088571526	237.7523641132133
542.0810541842761	209.1236430481073
556.1378767283629	223.93267764724283
556.1800337067738	211.85581822938536
569.9737007630783	208.8065889414767
572.5808445030603	202.26967889614093
577.9317827585842	204.03846153846126
578.0521511441198	197.0843816309062
586.7009266744875	195.5133555036014
586.785485255094	191.67518509918955
590.0	190.0