98.0	193.11397107440126
98.29594392045416	194.76597967845683
101.38444236309381	198.9312043716162
110.2478205591356	216.63443701653316
117.37499854999798	216.44564663975717
117.42050131259391	220.5720666169315
118.28942802853912	222.9330649707952
118.3402255852569	222.07612753416396
127.26696757894403	228.05092091565535
127.35410761491512	225.86973710369514
128.00450607593456	231.78205746115052
131.48382818876777	248.6603332458774
139.51073547460305	252.1923076923075
154.22342223690137	265.02792207956566
163.78321304369408	265.9200846437835
163.96931825210635	262.29878093050087
168.60959241629703	261.30769230769226
173.38330030167717	255.55451060827642
173.44995839882853	249.3010065801299
177.84847378684339	246.39177192360347
177.85621930111057	247.07692307692304
182.53614728996718	240.72137781443652
182.71988219102357	238.95735015156043
183.3397857007794	237.38369930814486
189.43956250698704	230.48286279441822
189.85526558881753	225.92945451009146
190.3683897736497	217.38506147508156
190.81318907136733	211.59707185285313
197.11440144568937	215.441401068525
197.68072558650022	210.12283885369737
211.03732824291757	209.39988426097702
213.3768709498414	207.23076923076928
213.4151904161447	203.0319278221902
214.19031852976664	199.4828971142483
220.59121255837925	193.579366750257
220.60206270560312	194.5006442820562
220.76604397894124	206.04737270340124
232.69214101763257	211.5320242693944
232.7112323833254	273.6344926497965
233.43630329585758	286.8454022961469
235.22734688555218	267.949670463699
238.43411800091764	301.46153846153845
260.5472903723266	408.3486588625956
271.4518301293581	368.39371136145576
275.2683853633725	387.7662289799739
286.3065575430414	441.6674165686979
290.76033761931626	442.97816792759505
290.8548873547111	456.2750117215289
291.958482158431	471.1123362394403
294.11665785034575	485.4613551181739
310.56443609539775	528.5754231114563
320.37213758147874	554.186355168969
320.45470311247504	561.4062499149853
321.2365998709486	585.5257903496694
323.8147199336601	604.0476973662009
324.07586245260677	609.3215485222806
343.61868713493095	632.1501549161972
344.10073436529433	649.066482502621
353.4216304064078	634.1480925868393
356.99100816014857	619.9256113102025
357.2006651261795	623.7177889294203
366.0102058777068	608.6538461538461
366.26081162758857	574.0767363910888
367.08440447225195	570.9917903232529
369.6388407642642	546.0849005556333
382.6198870643132	520.1551293944727
382.660861806205	518.0769230769229
383.1773877969126	493.28390984669454
383.51808149290326	474.25409551235373
399.3202584195538	456.9255476825419
408.5457189694333	404.62891832164365
416.8174639878024	370.3416193190192
416.83730046183655	361.7576943285338
416.92145873243925	348.9606776269558
429.56701494652486	308.7314215934177
429.5937307480325	309.0015317032642
430.36372445737453	295.5373287336777
430.95302106986645	263.27051010521615
431.01242416988066	255.19481353253155
450.273604819598	234.93669011325994
454.0889906477928	222.52814226407776
458.685566285553	202.03945424857443
458.73696168982804	197.66945469127518
463.16947704347143	196.38576141419907
463.1748028268758	197.46153846153845
463.37767816997905	202.08627080546225
470.13304925952895	203.11368750104813
470.1415112100649	210.01652148750608
470.21419946133904	214.00279790017805
478.7666972434059	213.8461538461538
478.7903312346151	218.22333324804254
487.87726053582213	227.45755079025244
487.9154763812215	227.49999999999994
488.55719784201017	235.75563852939112
494.51892475542786	239.31820203243578
498.87496634625126	240.05831627107375
498.90980930820047	242.45754647144005
503.03380742101194	247.6153186149017
503.1777886637601	246.61538461538453
507.4507973498361	249.80802597997712
509.98171687150233	253.05169490057224
510.0008487986222	270.7538322403096
519.4585490461575	255.97424754493278
525.1581508528955	249.8830823414606
525.2246602128741	254.57692307692304
532.9687585769274	248.90579784919936
533.1354906506858	243.91927781816642
538.9140604827967	237.25990419730763
538.9165793134765	240.53846153846143
539.3286852069375	234.24414976044898
547.875615355443	228.81292134088892
547.8781672134211	227.8901092964363
552.7537520399852	222.17190746912053
563.8238678057635	207.4979473650292
564.0073169282693	206.6735360595722
565.007167192068	205.53125323538703
572.6386646093048	196.21570653539305
586.8712257371999	193.44953416509853
586.8914697435604	189.6421446798608
590.0	190.0