98.0	190.31784853104398
102.76855844848056	192.96153846153845
116.9563931277981	210.87346706963598
117.09234226288042	220.9224563630521
118.87581491619949	224.5980806787031
127.51065645830326	231.97353974932284
127.54833566645304	232.0097919350409
128.02603416723898	231.7071426515505
136.59264474790746	234.73636201210005
141.79967641836782	243.40935051432095
141.82849495570008	245.26320709549174
142.2316387502767	246.57604804143023
149.11618478551318	254.4593128939402
149.16182917625247	255.93239850291525
149.69020891737978	258.63364861324703
157.05452841088837	265.3470677962664
158.93052873509225	261.2965551768767
158.96660512130345	268.8082162410029
159.32798809619666	266.5427644187737
169.007289978897	261.30769230769226
170.81027321950936	258.4300647311263
171.00827875976756	239.75170881584486
174.80868790875542	243.8940079777461
185.3616938179106	238.2026537150465
189.8709678100587	234.3768492384799
189.9013211796976	212.43698123514653
198.7690538866084	218.1198711539543
198.8312990771965	216.60515401603993
208.6224272005055	210.2861583310343
208.63019046419092	208.69159432019964
209.1032766514907	201.27345550282382
215.87337029655697	203.3347153308822
215.87761329653088	199.80656193595559
222.3648462475763	192.91467533056905
222.36605240811062	205.91074449073773
223.78136683973676	215.1438094231839
236.3678654604666	262.2739833222205
242.09072970011482	248.5099409155698
242.17641149887356	276.8245354583648
251.7423773984359	287.5745601663884
251.80615594367728	329.04498640632283
261.54248241446646	345.07949606808313
266.8893425284596	337.61538461538464
275.1865239241768	389.70301785193584
280.6457929347201	427.20404470608383
285.0063077687671	417.65554079296265
285.2046956310061	441.951514555439
295.07352699600034	458.7449574626105
299.6924745497109	478.5426285702966
300.0033458777246	499.2125467205293
301.0433709115443	505.68801619692834
315.57370482384187	530.3121587805621
315.5819402466874	541.3464951619202
316.41395180693365	563.9121724584248
318.4717607651034	593.1619052597022
319.521226978058	602.9572478255666
321.7665617333025	622.0167895302037
327.38121438062154	655.6794266824231
349.67548238239965	653.9955494598
353.6063453879367	658.6049420761916
353.67142846421365	644.8846153846154
361.84732690418895	590.0671980418523
366.0879333975797	570.5106732115389
366.1153542394785	564.9538502531256
366.46218028491137	572.4230769230768
378.16679432327055	554.3076923076922
382.4269090160683	515.6644013752747
382.5249171118792	487.6400879176724
390.9928370226391	491.1644439070166
391.1446309910912	469.86960296707133
399.52690412125366	445.39361381132176
399.7103251354115	417.5316090587814
407.5116425428543	382.6984187453697
416.37203624358034	359.2872088741602
416.53704642380677	360.928023074904
416.76216600983224	324.7976059073385
428.83920491089543	312.9689530510941
433.8261466027276	279.7882032866471
437.6793878661187	271.9094790293085
437.76534910741464	267.51833978813164
445.85087612231325	231.25764269192595
450.30174263584223	228.79179724838917
450.31328065720254	204.8159541927664
457.66480564801276	203.28903239793956
460.6500035242569	194.890818351894
467.5834147344799	207.21353651791435
467.72027180471775	210.26182872009542
474.54739421617774	208.38461538461536
476.213644311916	211.5702193280671
476.310011601223	223.48194583674473
487.31786562960275	225.00289362535074
487.3687964132137	228.1060869008864
487.9115513641971	240.9407280856456
496.2935684417906	236.5946008695823
496.42842234801105	243.69643628895687
498.5900628072499	246.62185364008792
507.6310556924237	254.44888491932213
508.3547900148442	255.0093182104208
514.5950817294615	260.1020010227135
516.5991616373161	263.40438298971594
516.7325555989256	261.90572831689065
525.2775593129719	253.2750960450895
525.2883971603204	252.60585548020066
525.3892259726731	247.34333256499875
525.7640467340295	248.77635259210535
529.3309278110418	233.3700268444899
544.4622306690679	237.7307692307691
544.6282743197228	234.65313095568166
549.9703527744687	227.7791420128619
550.1741859722869	226.32821401129664
552.3912298012577	222.68953097674802
561.053063777797	215.5660838685617
561.2380348186258	217.79602620669615
566.833007159106	206.86619765103848
567.5011138711468	206.98408192626314
568.7197468549069	204.84142599161896
578.7003354271496	202.14156386701632
580.8941824440592	198.72437888022318
582.4928247150536	187.2610148577947
590.0	190.0