98.0	201.39381539147297
107.61329108000886	202.30258441302604
109.73268164021984	204.3916009346491
109.90052402548105	206.9981088822999
110.76016225772435	209.8283895077856
117.0877983898448	210.73076923076917
119.61320088445355	218.80611181691614
119.67523351302148	225.15185697118756
127.30769416565336	222.57692307692298
127.31824263376281	238.79681192432324
127.91244624879069	233.33668159972206
129.11500206924526	235.59319254248973
139.1329448478094	242.03404907651552
142.27402084543917	241.23874816413493
142.28159495380348	243.30769230769215
142.814079895365	247.64496030356443
144.0319272834143	253.59743687672625
151.81625722059917	262.15802824222123
164.13653634031445	265.2761415200366
164.38645272101445	260.8346031103218
166.57604990828298	251.90753158631134
175.9661229802412	252.44862918092326
175.9759386344142	242.6581977287462
177.48797478964937	240.94469125670688
177.6249044796519	241.22107817245498
182.28994440237125	234.52410340354228
191.7546695607175	232.1353074913294
194.33442725736072	230.0
194.40115047416205	223.19720058769988
195.14790946064954	220.4410071168368
201.76846335947326	221.16909798078834
201.7699056178074	217.93551222748138
202.0234735029475	209.92139708425069
206.24781248893154	203.89224912920716
218.26644949736402	201.0131590786811
220.19719673481345	198.6497013892597
220.305323984604	192.35577678282647
226.28293487409755	237.72712138889327
226.56182817418494	214.8133147073196
236.988401674486	235.40551503230787
237.18817608089816	258.23108369034924
238.3583876772924	281.5826801920248
252.09580165622836	294.3074875225823
256.98056771052245	305.0291610088686
256.99345598607533	321.3022795533534
266.45977181600284	357.6836458704522
266.5402177424135	364.85320414594264
267.2579467212889	396.06850091522375
270.20846964327956	400.442356907599
271.05265385673823	427.14119770980403
291.30361730116806	492.0132265014656
305.72137840710474	491.5573553344371
309.3832822021345	514.456207082454
315.2194930139463	537.0633216471882
315.3285383476338	552.9661390317685
315.40472092276974	557.7359209747764
330.18588702547675	589.151671624433
334.09729077362914	683.4327691970867
344.34038873525424	653.4350093330945
353.2535325632107	663.0
353.4729054701153	628.1711621912605
355.7622320208163	608.6538461538461
370.56290857144126	587.722342146891
370.65614162712535	548.2156378375365
378.29046026520774	528.2653372513465
382.66563916244655	506.2910562886249
382.8284547316209	518.0769230769229
391.65263260197406	498.86449434491783
391.7183697981713	456.6108678337937
400.013409103905	445.33744953728217
400.1052059899293	441.8759080408503
407.94689696746576	424.0212095024066
408.14053029285816	385.62470447196915
416.38362100521056	363.3490167826542
416.58769482756725	347.7185431666072
417.16386752359017	354.9197782713673
419.30701025003873	320.4521206430025
433.4549841396003	299.05911066226906
433.4653698306011	271.8421818532022
433.8000029218285	269.0964443886985
434.23395894913034	260.1937102201394
449.54935830027824	227.92839146323308
453.6627245166133	217.0135737303564
453.87188242584267	197.9474518988878
460.76659958322324	195.947852498595
460.9099572692979	199.93649545871727
469.92676702551705	204.14056174212263
469.98137756509084	213.18474933131233
471.729095064981	214.89120157502862
481.1390021168898	217.0892981377459
481.1870264650141	219.44263124316444
481.66492674717915	230.56427300760794
484.45209487177385	232.0477830839314
484.5661472395904	238.58197534651006
489.5480467949617	238.42307692307685
500.7389571681656	245.41096303539314
500.92865805163643	248.9358822958638
505.56699796822016	249.61378647841283
505.60203340897715	270.68568741272014
519.2989506204523	263.0
519.3434815218859	257.8147818745125
525.1261944837296	254.349051202805
525.1328382286031	254.4917489401445
525.8020444585896	248.7300566774635
533.1422726563877	248.3738459671646
533.348839426123	244.15685650884464
539.0377261201669	237.1883448672869
550.2103914454846	231.92022532986152
550.313048863441	227.53578936990246
551.0077222683441	225.89437793855865
551.2629536385315	217.74345035560626
551.3061715746079	217.92285693268175
554.1837414203512	211.9558632709984
570.0431852630288	206.75916489615477
572.9754859098066	205.39847969398286
573.0078073217029	205.24154333153487
578.3443919461463	204.03846153846126
578.3478926628901	199.00855604413397
583.5548494145164	183.04357335280338
590.0	190.0