98.0	209.61537057785696
109.8232916761822	201.90994170337456
109.85653991984687	208.04674353943187
110.19463626819501	208.6171404820791
117.5171806182124	213.67004363595674
117.53247308365899	216.0915976862527
117.89496819112563	218.1099879780394
124.80594525782402	219.61538461538453
129.84371197292907	225.53846153846143
129.8937373137079	246.01229608293383
144.4902961957549	261.9250698895629
145.12460654705973	261.0889110919665
147.9211540290339	263.3698354528004
148.12890951393024	264.37509624975536
161.75660375386684	264.0384615384613
161.8332754692067	266.3565211172255
162.31798968700227	264.15384615384613
168.81209790582162	260.8094586252005
168.82134258869067	257.5037266957573
168.91741455632473	253.60450081229823
176.05804103470234	252.04789128123662
176.06228440477162	248.9719776577716
176.44177159548522	243.47338584219446
182.6334660871586	237.64912348821534
182.74090596333343	237.23824177331366
192.00268389651313	230.67194796671103
192.4788632628316	224.11797371237992
198.94544868954267	224.30769230769232
199.02116781373826	217.02275813167282
206.53801846147795	215.7692307692308
206.54356536427156	206.8798091456861
213.2125052774154	200.76459925646682
220.48275865877162	193.1325771771819
220.48959114059127	191.57581167556762
221.32612154494834	204.19012539176012
232.39841354705737	219.31417543362764
232.46257261211125	256.4345031212454
241.2896466001854	264.69125183407186
245.9265244586172	265.37082921960825
251.68058983070927	286.5129509396638
256.30765237723375	302.88747329928924
256.5769509213351	325.20821138294946
266.3526749258241	363.910135719414
266.4518751623781	355.69230769230774
275.697181009712	388.4222790018241
275.74936883356395	406.7762915766933
276.490196451412	409.923076923077
279.36517970418004	468.6135156353268
295.3069284386713	474.81548389707615
305.01251232607586	498.48485802392287
305.30655758907153	531.2013943077145
315.37460385365563	530.7685780488953
319.46031391134056	538.7492651914753
319.50181029532075	561.3303960387846
329.5767663332037	575.8138765398284
335.10875040221686	596.6565036222034
335.1866791461237	627.9452040535672
335.72431525533034	671.7284936137896
348.95590377152337	667.2644609145948
353.8195192465572	663.0
357.2911348716648	622.3550642313655
357.5147478767931	579.7872925955814
366.10125450298193	568.0278781901421
366.27242669399413	564.3733321532922
374.65755473668486	550.3756860197624
378.01818822151404	549.0306354306995
382.5613772622381	521.0284187238514
382.76537640270396	480.70421205153934
391.0168397872331	462.5406777581933
391.1430796396123	477.954626170016
392.3718444181083	435.95107782868166
394.0270551422617	439.1309765974149
394.3180122768152	392.49802031422183
394.89713512952903	405.80048928103156
416.01770636768657	386.20622724405894
420.72599073623513	328.2359530202377
420.84502436856076	348.90967953313043
428.5998133780985	336.242296863972
433.1041769831279	295.89423704258024
436.7503444852771	276.76129626781324
436.8369218518354	251.28233073674204
445.2895847257594	221.83196022337748
450.5916042571473	245.5867295924126
453.4291692340459	204.7959891230035
453.46617010329857	166.75103396030056
460.92215300983554	193.7102764253051
460.9653578190874	195.10209040597394
462.6027589000529	200.61770149811065
469.50937841647743	222.37246933025077
478.4465338165928	218.64952117013235
478.4748362177487	219.47183774017577
479.17261983029437	222.34599214413905
490.053107028334	227.91692041172917
490.1240874893248	233.02529517352755
490.733817556479	241.97996302234
498.98572554208533	257.7231407059635
509.59924053653816	252.07692307692298
509.65223042486866	258.0783006905439
519.2779675379693	260.55298722599065
519.4293322950061	257.42800791228296
520.3065384264085	254.85904540096593
527.2979615749763	245.23837249662665
528.1807322910975	245.39410686825036
536.3557624516462	242.8853974446123
536.4288243081022	240.2509266884874
542.1044935815189	239.3634480279408
544.1734727417851	236.87011211444087
544.4242463515111	228.41125220076933
553.3869635465284	228.7838715241729
555.5576971168449	224.2124458447578
555.610883819181	221.09149856595855
556.2138665213781	213.02880966785617
567.2696140395911	212.41127811375176
567.2917519223256	203.92606810372024
568.8059339499514	205.51137647053056
568.9555077313632	204.03846153846126
581.3220801713635	200.83161864213793
581.3329120733634	192.23376758206794
583.5286514227851	192.80769230769198
590.0	190.0