98.0	190.0
98.26393585324983	194.08829128770856
105.12466759612197	202.7529367408656
110.06901245830926	203.6496727770313
110.14585757730288	207.51535596170746
111.31619494878653	210.73076923076917
119.62860093657252	221.40674335974504
119.63904427782283	216.65384615384608
124.2795007818171	220.50826624498072
124.3741172042172	222.57692307692298
129.60884709579548	228.95390482236536
129.61145851389173	231.33616010146415
139.3665533289415	237.38461538461524
139.40404090690782	241.44525407457252
139.74548532121668	245.06858444639724
146.66844159647852	246.2692307692306
149.23862662738912	254.3382542285779
149.88526211467612	262.9453055330232
156.71510873300792	261.86988797375915
161.2182983314651	270.0814064556228
161.33636783951738	255.30367862073024
162.3110694261049	257.5578071693733
170.90297303466104	254.03177975723554
170.91798711911284	236.6614776103599
182.91632907161588	240.43281707427542
182.9684151755784	239.61253311961917
184.70359441076545	232.3550639176089
192.47100176604113	232.84615384615384
192.47897405169812	222.52601249056244
201.67558567758306	219.35505153181614
203.80302048034622	218.3978533390513
204.37385124436366	211.33177570002897
205.2358752175843	209.6079104415654
212.93312141103124	193.04533215621254
214.35111841379268	195.7705970587478
217.03237014254384	236.91283673173734
231.36101911449572	221.69496003014265
237.03356241185014	229.15384615384613
237.19308561194632	259.818527388022
238.80246430538654	275.37497913288314
251.76098538699654	297.07349456007165
251.89662052149367	316.9421917300781
252.1560166904	334.3355361781493
255.3404953387779	337.61538461538464
255.6081557693733	373.5827247626962
256.637485335403	383.53213367081
258.9217345111709	430.68725510716877
262.0407318695261	424.18633439012905
290.81830536377015	439.9120790832376
290.989908867805	458.91876283105876
292.23379965871095	472.91716912402416
305.54106956122826	521.8524550108772
305.61911575503285	508.03729042943405
315.63346479729273	528.9722785849463
319.9443084630151	555.6330448258026
320.00029410413174	557.4422389511644
329.1839348756514	598.5263117391237
334.67193717028465	595.015300979982
334.7731473663775	626.948823571011
344.7496918323138	659.2664812193573
348.83366077977655	664.1523611349387
348.99352736282896	651.3601603803378
357.74684213932017	639.4431371955952
357.81348363075614	598.7507752819447
365.7605380463297	583.8995264885672
370.6873503884993	575.8887210209909
373.8518927237849	549.990275560972
373.93951209815174	550.5380967165356
383.13853555210875	526.9129186493461
383.1409507724417	484.03937895374054
391.85651252549286	481.12156714457245
391.8742280284131	470.86288089878184
399.82554259336274	455.60814628094533
399.94657100774117	445.6153846153843
399.9798665245638	426.2403049197737
400.2787436932395	360.8890797744637
416.0577588567186	384.53369206814483
424.1940631725173	352.15351893210266
429.1132379238752	331.22131932226057
429.1635290895454	318.8076923076918
436.8569514090053	279.07720235808154
442.04479423728213	260.1937191009273
445.0965048815173	244.0369424181525
445.13931024269914	232.29681856601275
453.66555100601556	198.70213953596095
458.2977452887652	181.84917918996538
458.4651533307216	195.3525764775997
463.23677799709566	205.1381401634182
463.3575021796428	202.23478032885265
470.12474232525693	205.10380518895536
470.1255186646675	208.69164472767835
480.6596702965788	219.59497467323345
480.7721860341528	226.25067889092637
482.351960669319	226.45820085408812
489.53195811743035	230.2787905194129
489.60572369974346	235.93243506231505
496.87231898167585	235.69230769230762
496.9911971804969	241.15384615384608
505.77384410076417	249.6639050268975
505.79765214075223	253.96065056836957
507.49456014256384	263.80488930408876
516.6748043646113	265.9148230170174
516.7299682379663	255.58279740402784
517.2256057090542	260.1923076923077
528.2277671558836	254.57692307692304
528.2282892973466	247.84718837398165
528.2344620286968	241.05686420684162
529.5773031309808	243.06155629792627
542.2445555150143	237.46299840861272
555.7105654275814	224.69543699228853
555.725050820518	223.6923076923075
567.5211488768934	212.85889956898066
567.5240184955713	211.19168637313285
568.0154260544057	209.6538461538459
575.7046095638505	204.2318549614613
578.0681695458678	203.5707923924421
578.205417297305	196.07990409981204
587.0630573818149	194.51105065494716
587.1018083876639	189.2415282997896
590.0	190.0