98.0	197.9513953445839
102.89453588724211	197.88489318181072
107.49788825284278	199.1420448409266
107.54822681538494	231.36133630245558
127.52332222157018	229.71155172514713
131.98678977027078	231.5030658277595
132.0188667545919	234.4696485192789
137.12048889950415	234.4230769230768
137.1291603555675	239.0146167652618
142.2543531994207	241.4020082661926
144.53104784650878	244.08930875042734
144.54021445159898	247.2707770565125
144.94818505475752	249.23076923076906
151.37208518937916	254.8704803522021
156.5058878086953	258.1153846153844
156.68212765335934	266.86735003220514
161.46836882850508	269.48836510084186
161.61367901552165	266.07536435982007
166.56767024905918	264.0056283800471
166.5947321353753	259.1686642815066
166.8289528438446	256.30997333346363
173.60865581709254	250.2520645052159
173.6133486888839	252.76923076923072
185.04033553365457	238.5825915543425
185.37067786031326	232.03796837914342
186.71463460595828	231.7151381259344
194.4003550299018	213.60440169770425
203.82667607012135	217.6540644802649
203.92869936092185	215.35334458010965
208.26110090051984	207.99066882325323
208.4236839466095	203.0575151613397
209.89005211033052	202.9487007832141
217.8827391479707	196.4359948851969
220.5129190608119	196.54617315251676
220.52919159332922	191.6796528802223
226.77082341468315	211.06928697193283
232.61695627664253	223.65442109126317
232.64877536183158	241.46937194822289
242.5259137558666	291.22763942213504
246.09120506063255	275.3314891043932
252.04984950492656	289.8491905944903
256.627959399107	309.17548712431557
256.7207965533746	325.6717602282715
266.9382082657311	351.70886564595725
270.7039547102889	369.3936189090016
271.0583408119676	385.10492356212364
280.6313420573367	417.044865184241
290.9895853274753	463.33394236747046
291.10849737789454	446.08054501066516
292.00994106672874	476.9468872159041
305.6202813356522	499.88856552049975
305.678706858832	512.9938120561046
314.20382919616884	530.28719607588
314.6200033937568	620.8480340426828
317.19639321025767	589.0044855252576
333.95662020198773	628.5652790721596
339.1464291462286	638.777514417689
339.3170089962198	626.8461538461542
341.7760037463504	621.6690677026027
343.2529118917578	614.3234714034247
361.5195518984367	574.7517204814395
374.4565600452536	567.0815720468651
374.5672758957009	499.52020517162714
377.39892237323585	504.81184991637866
391.2891589210085	487.2490586959202
395.4849043815968	471.68566068159737
395.5514988522216	433.76305314315823
396.47274146829676	427.90769865113003
407.70989123170034	419.24118612528395
412.4388413998793	404.71040782745223
416.39059374315093	355.81343996241367
416.581825548723	361.56510485609175
417.77871805429953	343.91128636103053
429.63184249784376	335.25895642871194
429.633990320569	310.7977113597734
437.18415367653887	286.10053490229865
442.1838639702219	252.54581439825506
442.19533498682654	239.2422078723633
449.45779793980637	224.40079291908359
449.6841028630059	217.3827021458205
449.8099643041965	204.37150475123454
450.81376832564047	195.0571321408888
453.57377583828054	198.77244543233087
467.8095363756828	204.9320179230753
469.5635398554341	209.68886393305493
470.0185214696796	210.48678658911302
470.7349878180522	211.11538461538458
478.5874831887709	213.97897227741407
478.6455542596984	222.76591117857524
485.59257110836137	228.16142228891823
496.6583302965792	236.7033884245951
496.6743491092202	238.8879478488859
501.1982758949352	244.71749434785306
501.2047692657801	243.8846153846153
501.61368874199655	249.39301800630466
507.76397744228746	251.00063542781874
507.82682588990764	254.15732723056954
512.4330479020671	258.9399715585222
516.6658241218535	260.6841278114367
516.7486191428028	256.6527045268278
517.2629505272425	258.5593977856605
524.5808738927407	255.16037976269763
524.6786259498919	245.9145320764344
536.5338353408468	246.15384615384608
536.5419411210712	237.2781687419
536.6811950040632	236.39247965181505
547.8467611563013	224.8125352226965
552.698490302024	224.58253782615003
553.5693969409248	221.4030036633403
561.9162338305892	220.8846153846152
566.9951670827736	212.9497298180107
567.0677701761988	208.3195418694538
573.103044301687	208.6222397017667
573.1113236568746	206.84615384615358
573.3647304295456	197.87991591453934
581.0731250457386	199.9102115203612
581.1385703733309	198.42307692307662
581.8187503482931	195.55093779354866
589.750654414661	191.31237794262785
590.0	190.0