98.0	192.60975539441276
102.64188492505869	192.96153846153845
102.72370100279213	197.2805250147567
107.7921626331058	200.46904850119319
114.65011799959261	208.04369242419256
114.8027650501269	214.74373966823333
119.60708300747133	220.40610379977664
119.7367249490988	221.01444842791264
127.15324651590839	227.7991157483363
129.47779041380252	231.92653000095854
129.48273844789375	228.54866291633945
134.8792081826255	237.78333531901487
139.4263780048741	239.91186143891775
139.52825901314773	241.24816957719676
144.1531776667712	246.1268426983667
144.2086645170297	250.36294518518386
144.81280539125936	249.50726021472272
151.50384739441384	254.21697031999054
152.4014275841695	263.4535997090622
161.8733274391141	264.85024039336105
164.316252695833	266.98937599276
164.32298773695666	260.11093226327984
178.39021893171562	248.33570909372813
178.3978977870776	246.41846288911555
178.74649670160906	244.2307692307692
187.77477258777196	235.62248232190996
187.77949160134213	228.51547077118565
187.83902465528476	232.41964995181465
194.71658859381512	194.97794910020062
206.3409676594863	208.8364012872461
206.35782174060955	204.8616024160172
213.23888016357418	205.03903500907117
213.24503671562073	202.20445587858637
214.08327028190644	186.87219319900078
226.69901818508703	213.699648210002
232.10105876702784	226.2937919813077
236.5168592356855	256.27109838736465
251.25735911974292	287.279726786689
251.5025500938458	331.45905584796674
252.23213770350998	319.53846153846155
253.91953537694337	339.84760570679623
270.9764968744192	359.9487865683244
271.081641682714	378.6296933324427
271.36414834710547	401.66247934361525
274.41822434312036	417.724264705561
274.4863968921635	465.9681029603124
295.4034001460865	474.09978277130705
301.10709777342646	477.4324163862715
305.68378144462247	492.0485140555769
305.73656550935806	520.9627961325853
307.18632219955475	518.886735107599
319.2593564728215	536.4615384615387
324.3051905331548	568.6344047280053
324.3995664590972	602.6864532911559
324.52615605089903	620.4977792108297
324.7813127048117	611.4081738593248
326.205559355721	637.6735794827893
327.18791528071506	654.0632871132204
327.1932059135615	654.2487683388038
357.09685453628435	633.4240869947785
357.4103944045893	604.851160878589
365.75888167868266	549.4573625070595
374.55308834105006	549.7251589549084
374.6482900452127	554.3076923076922
375.34336724046466	520.4033603596718
375.8943720167347	493.8070151990074
378.07485329053355	487.8261745936588
395.16506268869733	462.55607255128473
398.9894838928737	440.89574078264747
403.58126599339295	440.6940674166833
403.8099960462167	427.49999999999966
412.5683434291509	399.872494869508
416.3247573099832	378.98660628548373
416.4373555751331	362.26861066902023
425.22735254040276	341.1856732025841
428.82242819161496	336.92307692307645
433.67896332479063	309.4943711351005
436.90219057780286	295.44032483755285
441.7956034654422	277.22831734488227
445.96884596579486	251.98468933524433
449.4263747771881	231.1207435681352
449.5515370346852	226.5782145133313
457.7579257779152	200.24234007167203
460.5310703639651	193.2207988007122
460.6696943781276	199.73217323590458
462.4958587081128	200.2389956070525
470.02512984373817	203.3584024942237
470.04273075193396	208.88061776816295
474.6152623705393	208.38461538461536
476.52619618967356	215.577023186006
476.6125118733724	213.8461538461538
481.2139533177132	220.81609833179175
481.22718475342486	223.23185960964992
481.48662962172295	229.00609349484222
487.52145604242276	225.02699305383732
491.8739750433942	231.56013514298388
491.9388173887199	237.53570531716468
493.9672934274583	239.43534947613188
501.1197297331852	241.38019958793717
501.14783507611656	248.13759817228316
505.3450528272294	246.61538461538453
505.40015929712865	250.59615746829928
510.1783988083286	255.30307481409483
510.2084664506192	254.8076923076922
514.7442359478956	257.6858664959919
514.7457403020215	260.74078462167995
519.2844902622933	250.03699747436607
525.0286217855698	254.31235309881876
525.0530517757796	246.73127244546342
530.9788408070614	251.67710013439344
544.8207374519321	231.69600152071945
544.8519188693905	226.13723453915205
546.3158703841392	225.9371843813366
552.9810010241757	217.0751613429054
567.3018983019812	213.8106748599808
570.2090368274456	212.46153846153823
570.2147039641334	206.37915105092594
570.5132487747172	203.78427955494965
578.4144555697375	185.9437428842491
590.0	190.0