98.0	190.74770882114476
102.78496597710485	203.78774001929995
107.55230239764384	203.48284406076596
107.58566985262227	203.7041580579715
111.95877123299695	208.3331485970475
111.98818935839503	209.53247734190666
116.96320512084813	233.78679499575603
129.65855128383825	225.53846153846143
129.68275928943348	235.50898637512833
130.78405714275283	235.81247074579946
139.26092815439387	241.35054990246044
139.31721720447126	243.7163033360492
152.05098968857246	252.27789797719166
152.06149614756052	256.224510530688
158.98962250946082	264.7556518287494
161.30954744532355	267.3215710926596
161.40016773933576	257.48163120126253
162.37037791021552	256.1254809154281
171.37529916856238	258.04110163090735
171.37833707567725	255.61538461538456
171.67983939218533	248.4397896660646
173.63986036550085	245.93180732671158
182.71574679468137	236.13536555166422
189.8138074476464	235.18761004980215
189.86734650391233	230.58841972929093
196.5933176147901	224.21673281604635
196.73729000376315	224.30769230769232
201.74007607009435	217.737144142191
201.76746027568967	211.01501399601693
206.57285491553546	204.3126805469131
213.26412635562366	206.07593885236088
213.32766173669546	198.95121050590336
217.95741765664295	197.58163025586342
219.97327018737852	198.69230769230776
220.19612998105214	195.84615384615392
226.53449713913	233.59887188865258
226.8091045118308	211.07692307692307
228.12939702783228	229.6749407602257
241.66438373275668	312.30450654764843
250.79986392706806	285.8297214467644
251.11516287727446	308.6532607219411
261.2485758742903	345.6646169069357
261.29099189658234	348.6254167418794
270.4664349024837	365.7722137501487
276.5035142184207	375.04421383009964
280.9114265395416	409.036671872011
280.9768893815217	413.78070420474717
281.388704396416	439.9677716773932
295.1335257049433	455.257742434265
295.36010192890984	493.3081391769981
305.3735956866273	489.4700685274508
309.7324352368892	505.37038711185335
309.8730378705283	528.7481784333357
310.6888853618069	555.6147257463209
313.74358311807197	579.34198749853
330.14483740111933	628.7706480829129
339.5598512689583	626.4503810642271
339.634757987425	628.3327742199035
339.7921368179955	676.9065380900023
354.14864353062126	654.4951887286614
358.0844497961917	644.8846153846154
358.1357916913342	611.2589779122993
358.8068858226919	608.6538461538461
359.24375132086135	569.3144773480806
374.9506877375048	563.8769927297818
374.9790975869639	545.6584577542776
375.0464548985366	514.140451844964
387.4749916269408	510.9756006624482
390.8088143051969	486.87691665797735
390.88401847196735	479.6410660935088
400.0613543766574	462.46715517362486
403.3622077554923	438.3501677578481
407.73900624864024	427.43221213592443
408.0150595243571	409.00467259557735
416.6057368294743	386.0112221980514
420.6288590667495	367.7340077096926
420.63445889685585	310.863336808464
429.11278129670404	313.89723652023105
429.1502445656273	318.8076923076918
436.9925636087344	280.06492351815336
437.1268247015632	282.5769230769225
438.2669338116413	249.23087374142082
438.6969033154531	246.162933666491
440.13670137522587	191.50499711214223
457.67097950982054	182.32196381953383
457.8646014152422	192.86087369010593
457.8664661844421	195.3077092144373
465.10580448777915	203.62040202991818
465.19901409442394	205.07351421191717
478.52677558311876	217.9627387205029
478.5370924002552	217.3566718852075
483.5100029725461	222.00296093287656
485.4948357775768	223.95899717547633
485.51621504229377	224.90837151609705
486.213359921635	227.9660984604762
492.183572356381	235.68277239007813
492.2382439398251	237.4092892760057
496.29754574262444	239.00267880941465
496.50548947350643	238.42307692307685
501.3083016826592	242.12232887161514
501.32226120270707	246.3894038006928
505.4540595870004	257.45509772856786
505.6826041683794	255.7347142580243
512.4047992826374	264.35319820505475
518.9360119690986	255.9050457715273
527.561866745695	245.06817745045277
528.8020390763675	242.34318386540988
538.9091322252464	242.9971255361318
539.0198387025645	235.8543377853783
550.0093350556432	229.98031480542357
550.022968304924	227.74327899801352
555.9905288841826	226.49999999999983
556.0000829199962	211.64505738256472
559.4483659722686	212.35393515039044
569.804584023917	205.05087546212064
575.9271275881628	202.3070534217352
575.9366360047325	195.86943317265803
578.3003558491644	196.76931180501705
586.9584095888084	189.58068411673898
590.0	190.0