98.0	197.1299534681744
102.15551099072655	197.18171497060854
102.21064032221295	197.47372669143468
102.76999071668847	202.0400480325543
109.62255378631077	202.44969984250693
109.74656504182717	229.27091106917803
114.38792937415947	221.3550553636833
126.99313203773991	227.20578017475992
127.39562909335226	230.55274739791787
136.73841534602707	235.3504313198632
136.79925294413127	240.93958659800327
138.43162994061558	243.30769230769215
146.5594221832977	252.8588734726724
146.61997452806722	250.70920740835487
151.5394168694807	269.7009901334122
159.37118203893644	264.0384615384613
163.57794157581958	261.4041874765762
164.59923008585386	257.6482910364003
173.57148578602218	249.82876478896185
173.59568444387358	251.7128212708546
173.96563777464326	247.87012401256786
180.03087262640904	243.8249513723128
180.2100733562094	237.26299283637093
189.63793558542181	234.52903286288503
189.7311935159626	225.11697011018776
197.0647612101178	220.92588832408651
198.79173204232606	222.4500770982564
198.7993581665507	216.25561603934705
199.49400370921205	214.69755323953515
208.91939273513256	206.3573177097427
213.1719775232124	207.23076923076928
213.6016269372155	200.14032534011858
220.32701650362617	191.9149061621417
222.43574642594683	189.9898361085248
222.46630798382432	220.57744094521104
232.32741259090488	211.07692307692307
242.01728811986163	251.2612701059131
242.0574395977674	271.30529166008733
243.55342683732067	298.46118907834375
255.62419923592395	335.5748898223685
256.02161021868363	343.86105517865815
257.3589443268233	364.0741201476611
260.39743251105585	360.8632613663704
264.16815751288823	432.7628517043754
285.01616006531776	417.5717683859226
285.393039188678	445.4486041573752
286.9632776167135	472.19356227450515
287.76303865291953	469.1290706135916
291.3333030177752	482.2307692307694
296.0708998861103	511.22159070030926
315.0770853884979	536.0965754892329
320.226812795299	542.7175794139006
320.23786666594236	586.8673021953912
329.2890304934976	583.7383630973288
329.49867116094254	593.8765566314399
329.52866820088406	640.7434930615419
332.0438586255717	636.4716596662165
349.2803644899713	685.2838796904875
349.3680991826129	654.9913088150694
349.5295249963392	620.2172227593859
361.71675111131185	602.0875811688478
370.7010354190408	555.9721314012994
370.7229307980675	526.6157858895748
372.04246244037705	544.6940354272697
382.5977613357067	517.5468705603312
382.79608516948633	473.67574287838875
383.17435866298416	468.564738421317
383.750205508035	461.79373251028846
385.11032766232125	447.7752947373617
404.49496806503015	432.45036095042553
408.50687354353636	427.49999999999966
408.53036771075557	379.99141451032654
408.84060739143644	348.4729772970794
420.0932828208177	353.7447508088576
420.11512712565724	354.5276442602278
420.34687243805416	336.92307692307645
432.6828431309486	296.24424166526563
432.9893448102132	289.31646810970653
441.1989320141495	276.36064783341203
441.290616972042	252.6905144398797
450.4282268076411	209.66379152442266
461.0203128295789	195.78875602433888
461.07651646294056	197.89740827402252
461.8286413142537	197.50917682647966
467.2477932584836	204.16105106300856
467.42826453705595	205.0511147481199
471.7262703298108	206.89952568597926
471.7403506541405	213.94166136032626
481.22067215597684	219.4540968662654
481.22691198624904	224.92435385347963
481.733526168211	227.45361751847932
482.2423829779944	228.83842017181536
492.45055800989144	231.26451411654406
494.54021330195684	233.75931899602153
494.5799108595446	237.5286388647349
503.1736516736201	246.86607952472417
503.25089488191094	247.87097149385718
509.86108075557513	258.75572191481416
510.77197797931717	259.99431672058626
519.0824426798151	263.0
519.3133483216707	237.35438619120401
532.9832022323027	248.59691808544468
533.1528261780854	237.88772588257427
542.1185144672497	237.82855668132967
542.1667150138258	235.39929518718193
542.7601630744979	234.0438174060563
550.6135339490938	230.40311083825708
550.6386627255873	227.3258160520887
556.0156125625073	224.9753633836852
558.4861748658585	223.67687023569803
558.5833958675262	211.04657500827767
570.2070337583606	209.55228007995382
572.4127663869406	206.49082615912525
572.4296026531134	202.59924885600995
573.0777392841092	200.65588645609773
581.3737064566697	199.38506770747844
581.4413440600207	195.6104672792135
587.0377773017599	194.4611131775171
589.853330660182	191.71905155157282
590.0	190.0