83.0	232.9925386486897
90.21440153520896	213.29540559532634
90.22360023402713	250.12853711692938
91.27626783369602	286.9141087879632
100.67030677770178	354.56953469390373
123.11365369641653	383.6655286277073
123.28022481356989	395.76328652094116
124.20942854860878	438.9468212044537
130.94404613391632	439.0320556866591
133.1509122391945	440.2559208233671
133.28548590598547	458.2892583534236
134.04867181309586	495.17304247265673
141.3146241127731	479.13962776130603
141.33680244386048	494.44185794834476
142.94148269982782	512.9615384615387
151.2887106254223	524.1125147049432
151.34458874287134	497.7384654007663
153.00404740289528	488.63562407011204
161.5453216099816	480.41669843409494
161.5977098433116	482.5697818011807
162.26402540474498	471.33805372118906
162.8038882255073	447.9188590201385
165.8119235076267	453.30769230769215
166.10335494768515	430.1076950717866
179.81758275726193	437.15384615384596
179.8280030693123	416.47421779033
180.31904625004523	400.62070506875034
181.79493295191014	403.95998735659043
184.098530920688	390.26777277594897
194.89262671346103	387.5123795689153
197.14125823104237	380.6153846153843
197.3218479230309	338.28953822008464
208.02703376066194	345.9412455571142
208.11988352706766	325.2328724237838
215.87993796706786	313.85923438352404
215.88442609333046	317.60748726007574
216.7592113253581	343.12747855091004
228.75452596842467	344.6778393146851
229.0335192474689	362.31184219022424
236.7674827794329	361.3173693556373
240.0654958160727	366.98818554296406
240.06596078391013	385.3953017838866
250.53433019168742	407.7381309605394
250.54141922384648	428.2317775976684
253.40397383400753	415.4690772798763
263.75115306886414	431.7845565989872
263.7873704125438	466.2341711711279
278.26034495911057	460.65535439120663
278.2726037913828	464.1538461538461
278.7315894795407	475.61785105754024
288.60145647845934	482.6874643053912
288.6274320264221	491.3234758822391
295.2291451116832	502.527739146195
295.2970227150107	507.3770476890249
304.98716635690766	523.3892263081992
305.0537040308276	516.9817510303632
311.453430682782	520.0898039854167
311.4543057959083	513.1131890256794
311.8129530346681	505.5363480479475
313.4879334819303	490.6077605891257
321.9752784877734	467.28154127740504
327.05848999478434	466.92385690984696
327.313726826318	439.2367941963122
335.5102733423536	449.87358897145594
335.536086752171	435.92651234491865
336.1653893246968	427.82680830458713
337.58621555819315	414.4869515046924
346.48714132392496	398.546971215465
352.11811558576966	398.0145755783514
352.14980237891666	388.1715004079175
352.7427454400662	378.12958227122425
362.88900921356066	373.1855656262374
365.64939410035754	349.8343495471962
365.7890486344969	300.4346452739307
380.2671548069588	334.7552373074372
398.51684690362003	356.8461538461538
398.5205205506944	398.7282526897791
410.286315304292	386.0372500233662
410.55814190970295	395.1506764461112
419.2278453596336	410.9575706959489
423.53572080982224	412.89575250085363
423.5506526905301	415.3268855367325
432.9773740550135	429.35400060559124
432.9804043627123	430.42159414100234
440.88974969844185	431.46153846153834
440.97360784208036	438.961216545604
449.4581745859119	467.05366481286006
449.55915392087473	460.8359198157754
458.6657066999996	472.36117494527673
462.7527149079973	486.6910548391786
462.83048813566296	476.9613750905522
471.0010819325358	488.6056336741489
471.0525771204403	504.3936181534399
471.69987455644275	504.2467196957075
484.57682661836384	507.94463148243955
484.5790672210616	523.449085354582
485.8751315844096	514.7670781819263
487.10649174503027	488.1458178258976
496.8932749542171	487.8960150983282
500.1202927170086	429.32911938034795
505.3133767314847	458.1153846153845
505.37000761712153	435.89780633042835
511.30158372143194	424.4956143209127
511.31735703345004	403.61760887196345
516.9459109962387	384.8393138265618
516.9773206959276	395.23076923076906
517.692903790076	356.90656637770627
527.6041686719374	357.49768725544175
527.7831242973785	331.7057479708546
528.569378660783	323.1963958735623
536.6543488718631	316.2420690464669
536.6749015280432	301.14159121048317
536.8013624831883	275.9304250044559
545.061249886973	276.83008299586385
545.0781914340138	260.8898772839111
553.4391584339292	236.50563513303177
553.4455310856324	228.27405412356822
553.4948711195193	218.01716455866287
561.4836372229046	183.63768141134403
562.0	194.0