83.0	204.35530910447633
83.36494251470027	200.03846153846155
83.40628661319629	216.29195450283373
92.36703946160723	274.66767497045555
98.21364858626235	255.39580013084785
98.21781450747727	301.4494492686465
105.65891874013333	310.30959473669816
105.66022293345725	307.0776578044181
105.96735896022471	328.421295379826
113.40981463650063	331.4205788355054
115.28940531817751	347.7590181493328
115.2909559503473	356.5000000000001
116.01771981628545	369.7385427479254
123.35910669886604	388.5711172243794
125.4105237722179	399.45493163513544
125.60043192134951	414.57464017367727
130.64807088463414	428.09576013608176
133.0980966764542	452.7079441940183
133.17699594669216	447.76923076923094
133.6640609893482	474.22067230194824
140.59830890127583	492.7149694811596
143.23856812873763	493.4609314927244
143.3678012338228	500.45140708821305
150.72061253973638	524.8132277209605
150.83291515881223	517.9230769230769
151.93161643734086	503.1177106118401
155.13643341230113	493.6923076923076
164.18867639945492	484.27572973435565
164.25381227917842	458.2992840079581
171.86143858610393	458.32448048112894
171.96693209131016	435.9531605447139
179.77954705855237	430.139970866463
179.78173314666032	418.38709946559277
180.00914966610407	410.1700036244942
187.13161610363554	404.02338874017835
187.18381407313126	404.8461538461536
189.48345250439002	387.36756633188116
197.41615622023653	373.3567578790697
197.66145322084748	354.7948467519865
198.27377396596177	342.4261153698065
208.1710177439056	296.11608390599946
215.72549538082424	320.57103760349185
215.8105482518594	324.80632360575055
216.53589533386153	324.8318110639022
226.27262077123336	341.7358293889033
233.0821678687917	358.43504739980455
233.12749195299278	363.5014078387292
234.05250151107703	369.86536586614494
243.4431614550067	390.0508652852392
253.5757166097995	398.30769230769226
253.6438781548375	441.42094411364207
255.4288204630998	437.7525488885289
271.3028213233842	471.34011034119374
284.69767585671616	486.63599735818144
284.7813713155301	485.63031854776705
291.6393479578164	497.1653805709155
291.72082268251154	498.249169585653
292.5233389990171	506.419645835315
301.75576504880985	515.8740021423979
301.80320691913664	527.4266187474259
308.3760356157005	515.7155131070894
311.45016492338345	508.607229380473
311.45066123569467	503.4617488661343
316.1802850040812	505.69588202049255
316.2957353838792	491.26884803554407
321.9814523907607	490.9615384615385
322.09154024027987	469.057863005519
322.7591925871854	463.51153379672814
332.9349460643055	455.9483826679477
335.52574931345254	431.5405994857977
335.69468258811594	417.51864193907915
348.88036846504957	391.4608763790179
348.970207022402	385.70267539404995
350.51965415244655	386.68736978084297
360.4609966222033	376.3318763296018
362.4875184732592	366.0009027102486
362.53844328422576	362.17807008334546
368.7118110370542	358.23076923076906
368.77763678371224	333.275102295653
369.3619213016083	329.3752650730653
381.2543064086562	343.09833227513735
381.25985847463375	336.3422576410389
382.42002558808184	346.13070049652254
393.8790459932248	350.92006616594034
393.9032605283119	393.7789286105068
411.21756039707003	385.41813973313447
411.25364029923253	393.19608967395357
411.66156631222304	422.603483746457
428.49864322590304	409.076923076923
428.5400644166435	435.637156340742
429.201360453246	451.76838051511044
445.73018466129577	443.023923121817
445.7721019926393	457.25189220962085
446.0959623459165	466.48092096086975
458.6971589167758	461.8603864481141
470.90475280382293	488.66427517607656
471.43031327056985	499.3018408402986
478.46721881607436	492.8602923670938
482.05762062432285	489.4422093295534
496.920372666748	464.9014417504089
497.08009932195597	461.60736299898116
502.7754922040807	469.8120975049822
502.7962326446535	449.46020472807766
508.1409496606045	436.871660683624
508.14682556600224	432.96153846153834
509.8173336798815	407.1077099142354
519.0171774499979	377.92807603634475
522.2471889139428	362.1936689770724
522.3564040065638	359.9096593766113
524.4681164750459	342.52618300165346
533.3340539380675	310.68858640662194
533.390363834399	271.819472155243
534.4025514192128	276.77399506763953
536.7078616039894	262.78199323921785
550.2125606623199	235.98528825612846
553.4614182683551	244.30769230769195
553.4721302504041	229.30677197212626
553.859653732123	219.15384615384582
554.7482811148714	190.58523690433472
562.0	194.0