83.0	204.7093766974188
90.6136296337767	278.7890833123163
98.04461513034225	257.11507013940434
98.09156980781587	281.33983252107186
98.45877794835828	287.6391317756559
99.90591233499033	293.55110099138176
107.93617522229006	307.4255205406319
107.95553634417149	323.0975245257069
113.40234948356851	343.1092825060004
113.40849277570543	370.3079098850282
113.769565318283	381.0549101932264
120.45644831067013	371.57076884290416
120.60997559358	401.58522121992166
125.49627001637309	406.62895989449146
125.63272310657278	416.5529554457417
130.6304951785469	564.7019721640225
143.66967828343329	487.7539409509622
143.71895171324346	510.7080929815116
151.15805546214963	518.3502775238356
159.2120671190663	501.7692307692307
159.21538121420917	481.3625265588091
159.3784299510618	482.88238955699467
160.99090643165798	462.0648706127847
169.02950773372248	461.9300972993098
169.04342343431304	461.38461538461524
174.50434395322773	447.7959490388721
174.51379069722847	439.44458405314583
175.07406533638235	436.8833534493649
182.0502275471101	427.61051824431723
182.1537972589961	420.9999999999998
190.21884558611507	388.28161105874693
192.1677302300995	395.30454137349324
192.34651748554558	388.03446972367453
197.80162131047925	375.4829541424252
203.08753097684763	352.38385918007367
207.53334345196419	345.90184113663264
207.68408473729474	324.6662063718031
218.51884625315427	358.597840826655
229.50153988665957	344.6099737715761
229.6000162650112	359.19603153851585
235.7157950149956	358.85812153173566
235.87503878632359	372.31531458593173
243.49291473671437	373.6153846153846
246.94505568989933	398.80003952951455
246.96003675275918	391.9842171669902
253.88631438397698	402.394393517696
267.07620260882925	436.795119752102
267.223910727024	440.3889654192174
274.045881416626	449.4395838094863
274.04751585853717	466.3819970552163
275.2303617391783	469.3013814966405
285.22603320248385	478.57558668057374
288.39823730341027	480.6153846153845
288.44023805476905	496.57665544709255
294.8091385203392	500.24599839333985
294.8155875161879	524.7130650223111
295.32199753768964	524.0510406054934
304.937919690076	526.9651190403926
308.1651249322546	472.35366737756067
321.9428306293095	484.9696844867381
322.0809658435026	474.2287501441918
322.5374945056866	469.747272701913
323.82455381253936	460.53635824726354
332.4414562712652	459.6266785578227
332.7153929903213	450.3826129466544
338.3544017527324	443.2261709938144
338.46872634763264	414.1541010419419
346.89709806172635	414.678519503965
355.11598211070617	389.2891157682598
355.12755094157654	389.46153846153834
356.0168967190565	370.24713001117107
363.08872237274113	359.01493316225196
365.36149436840725	362.8843481696197
365.5335488335857	344.1434907940526
371.38459907804094	349.0637342602632
371.38635891659266	331.52616878405354
371.8952586701564	332.1023936391835
381.05447614655645	341.19743128646786
381.0626230710246	336.92969973329417
389.5459980644684	341.9230769230769
389.9940037507457	356.8461538461538
391.17050555331275	364.30769230769226
397.6911153820457	385.3647408787374
414.8344502844546	386.7367040817336
415.00239659316065	394.1538461538461
424.32060345725404	404.91426907891065
431.98783137743897	419.10645999601854
432.19503015184233	435.6221929197161
433.7877888037222	441.5050923792349
433.9412035613719	440.799193546084
434.55509701160565	456.4796102337492
434.72403223518165	470.48620225284867
462.7576186951307	473.82795044415445
466.56789915340386	480.6184634935872
466.7028221197116	503.94582520978366
469.83036412259264	500.1082890957735
484.38950618334167	525.3668447483085
484.42359564518756	518.9103942962764
485.4278399661809	516.0542558293604
494.38099633209526	457.55870367462643
508.609456298122	432.8927483143771
508.6099747131842	420.87218416473814
508.6799195299064	413.0332200279136
516.5522027979358	394.4250743588667
519.4786137148252	389.4888965235728
519.593705636586	371.3795087431201
525.3423061898345	366.19237498749914
528.2192356888155	350.6539756532256
528.2279066919423	316.2628920048506
528.8980776968965	314.62656524563835
529.0867437987285	305.756755856245
539.317817462647	307.1923076923074
539.3430301375638	287.44619911320393
539.8140867950387	234.0339926918407
542.0244690084867	253.67204831175982
544.3660629135105	212.14872424326654
544.5496246970436	204.67709640812055
558.8492186588628	198.76013713715687
558.9217098505382	199.53025863322307
562.0	194.0