83.0	191.1718861126391
87.86713721950254	203.1958227805462
87.90326451675921	231.76051844081377
89.55062364078445	245.15285647240765
89.68438343998558	256.3364891750009
100.45021847344049	306.3206681178563
105.57538224967477	300.46970730771994
105.63867414206493	304.3461538461539
107.38793919572095	332.64047545188004
107.5496547933369	364.2717784602639
118.00337023889836	369.8219134456475
118.01483121306941	375.26854501374453
118.78264133206889	384.9131324286224
125.77185634239059	399.94881149450566
125.81114933910455	437.1655980857315
130.7259382215994	425.2616361510914
130.7804243765694	437.73310968665885
135.89610151642245	478.20013103638115
136.03031758020236	469.7842687516102
140.91800343066612	489.04953535011975
143.30318493110676	486.8846153846156
143.50359226425618	518.9159539207532
148.50398387554512	523.9743350682193
148.536209525392	523.3693725411098
148.702761080636	509.47167741304486
156.47097473560237	509.8461538461538
156.49246999748067	501.7692307692307
161.61393040506618	493.0371410070473
161.6521858767483	480.65337727040446
163.8088209053877	466.00355296724734
171.80237423302412	458.8615584142308
179.49142444982337	427.60816207584327
181.76467153299373	417.7807056785822
182.68748316003123	412.33738445860536
190.18951458642957	391.6183129332782
194.72923996685375	384.8386939460656
194.8102109346463	363.9092198172766
200.09770009784918	369.607825118091
200.1415201520497	364.4615384615381
201.08480300342163	329.1836826731716
213.01887950882082	331.62798146978895
213.04635942186712	315.745676512879
214.0138186902057	330.3253080832586
215.24700483883544	328.71072527042764
225.71564725719796	339.21730938250596
225.90389957061947	356.74740924686523
236.7092563354982	366.1245380620136
242.79640201937005	380.18950692738326
243.69760430924097	398.2726564135645
253.51263064252717	401.7393710867559
257.1251505125435	413.24365589661215
257.2550415195466	415.84286303448454
264.0043388686291	435.91550405924204
264.0069082610309	436.78040087444634
270.4801624708611	441.71446795717776
270.73233598565986	455.84598730366406
277.91987167579606	466.0219036753359
278.01896894231885	466.2133633367593
284.3974442278562	477.9633662777208
284.45355369055744	490.6131219221624
291.39903145899393	490.1041487840799
294.5697804335493	505.49728438481486
294.7859037723062	514.9027850362779
308.0558096501758	519.460614523365
308.1929763287115	509.18776776720597
309.1778074149051	510.0681462064521
316.8980297245583	504.1795756338166
316.9006538912275	494.97088395810647
317.5546043842687	472.4823713834367
324.84562591341836	460.0998198032656
332.6283884997522	452.72513652016943
332.66398699054366	440.95661856537066
333.1791231010376	436.1039953119375
340.6905715047941	431.97942220200997
340.9219791607026	409.8091732474437
357.01615822702115	386.5669161274931
357.08661036752954	340.43607105920574
359.51351596437365	358.23076923076906
370.72267338294137	350.42307692307674
374.0207770763643	339.2881655911712
374.04980295423627	329.47417738238136
374.6829458560884	366.6005927616831
379.58465977508155	356.8461538461538
401.9404441368573	374.4467557164449
405.7406856840825	379.3788666645506
406.1132386491554	380.5736800389719
431.82617554560784	420.34496236023296
431.8280101035451	430.1018390587474
441.18914739497694	437.40316382386834
441.5842800801703	462.6215638822866
454.0503816910146	471.3029176592575
457.8614413122753	461.5668012719178
457.9997223229556	476.88742266977465
459.1272631399461	489.20307478577644
475.6585643781144	492.35035651264315
475.7145790965684	498.6153846153844
483.29818332244923	515.5737331726147
484.88288967117103	505.6364712319582
487.00085996394324	492.806991775689
497.04637660314944	474.0573413723027
497.0510372917499	478.71347387154424
497.53676260834857	453.1722626705594
505.1892623332302	458.1153846153845
505.3174789702951	435.29213543887784
505.83503948713485	416.03681676519545
513.4031125285386	403.4654579330517
513.5243664407316	399.8287757606631
513.8781637725783	390.7534696601829
521.9979279209279	379.37132950093456
528.0281617150065	350.4588979470376
528.0445897383629	337.4352672111928
533.8255585304721	313.32642548504793
533.8553298962714	292.94140555216256
542.1571270550746	279.326609477392
542.1922438777991	273.9598876758283
547.7064767655238	269.4615384615381
552.8540474530707	232.38951882209514
553.0370996345096	194.34894046213765
554.4277033733944	197.71855011365227
562.0	194.0