83.0	210.956104790418
87.44013698702564	225.70969964483203
87.45684290175421	225.10611507217385
88.4692367089656	228.68659805924668
95.57310023754337	266.0683128161628
95.57892606459008	267.32941164650066
95.64355630306558	281.4914761339678
99.50969058620079	315.4090321334389
110.74961043730602	327.95242672301595
115.50236045333317	352.9959941679642
115.51541203590763	367.17452213386747
116.02661213882294	392.2563615874052
122.89327762236456	417.2429351407963
123.10980909075872	408.6538461538463
124.10420131891262	442.09231773101226
133.56343653172297	470.44280194120927
133.5787076447934	449.74072089001675
134.47386327737325	499.4489431201157
138.6157278344834	513.285220547838
148.65654929710323	540.7111295416997
148.69496764090206	523.7660353248219
149.52292059868176	508.8926495040453
156.29015313439805	504.42427678083396
161.45515099515922	485.91853371452356
161.56709882845712	481.4354084600195
166.9961977521149	477.53846153846143
177.2769747390244	435.5236348100132
177.28630276164824	422.5470208381844
181.95338248439919	423.1911314026518
181.96034572373668	420.9999999999998
182.69500527321142	408.9345912439259
190.10507226930164	366.61000676142737
203.0886664972985	363.76343510799455
203.09615964991386	349.0261840523163
203.58663446394158	312.0103389882842
206.17740028446184	321.80040813366315
218.64591832002006	328.35782708696826
218.83210561112926	329.097761543973
229.8050045669627	345.38646025801745
229.80829632431946	349.782394723547
236.75059594559218	358.01783129240044
240.11832100634945	375.85117857894426
240.1195370862136	395.9388982222083
256.5717292839431	408.0963755904644
256.6511378291459	427.2761651380275
257.30345625525547	423.56440332119894
267.67733193384703	438.6729736832272
267.72449350612357	454.8114635593078
268.3200743182712	456.4801784620521
270.15502393983763	474.29528119560814
280.9700928834112	468.3951954120101
288.3104687168327	491.888465786625
288.42978294621497	494.67747191987576
289.1310931696892	497.076923076923
298.7878153302337	509.695786918708
298.8564291021756	517.9508084903158
305.014859971462	521.7692307692307
305.2576490528558	529.6910320576981
305.5741946722139	513.5885519005545
316.80530219880524	500.18991573993185
316.83728468415484	481.0089425098201
319.0018831879292	466.4806183081974
327.4668334942979	474.06262538207045
327.52712868029624	461.6224522882029
328.4248157184717	454.13133869679933
331.3975830964734	438.12371229342807
340.6995177605397	415.3454985782446
346.85404505360805	417.47518380037855
352.213737662412	405.076923076923
352.26799171145444	391.9791620653079
352.76594573364474	387.79948277430674
359.8704393115147	374.76297232309224
360.76392027985236	356.481585480879
368.5435089816783	356.21805037521534
370.9486491096656	344.30977510259567
371.0456475150179	337.12282831833005
376.10508248888345	318.16475726510305
376.33957534813163	332.04295981518635
385.4648360866598	350.0707901373703
385.4921124931244	341.9230769230769
386.6793817448586	356.7825887360329
397.6109829621987	358.7619738977172
398.7396085438176	379.3643672600984
414.55146048378003	387.89468683630616
419.0800115611331	394.1538461538461
420.4231492602321	416.1936369359164
431.71645530134714	422.3030121054867
431.8121630025366	427.4261167778044
435.3402180921803	438.9230769230768
449.61369214772765	446.38461538461524
450.1976272308422	473.7831935516036
461.94596881513024	473.73780060040497
463.0540881599276	489.7576903423667
475.777899055976	516.89110898845
488.4928247241286	520.7926147381306
488.58724412427995	521.0
488.82254630998256	507.78735289175364
497.38976712993895	495.8461538461538
497.39544200515115	477.71016041418864
497.67337182360717	465.9358834014387
504.9283081836965	421.1086236692569
505.5542661913251	413.12741162450664
513.821221250855	390.4375246598953
513.8455555114209	385.52140399509926
518.9517494014362	391.9603651945127
519.0978550907138	376.145659889552
519.7619676508767	370.07692307692287
528.0682466592884	348.47637078877347
528.0742587542929	331.5791509942077
529.2578244461658	296.2164358604058
531.6766163162139	299.80500259297196
541.5320104018753	286.5095368755023
541.5529115835859	281.5818832726998
547.8620178730881	267.39862643626014
547.8697769661765	241.47546455074072
553.3436797169186	230.98151407595805
553.4210207935357	218.6088496099356
558.3754324729322	214.57667334781718
561.0920248311154	196.9928466299104
562.0	194.0