83.0	195.26961858724533
88.02220044237771	217.4590998494447
90.39060362351891	230.24395942422686
90.39964730721415	240.76826236589014
91.19268883209779	250.90105584497874
91.23412501708279	271.28133145426085
100.622115146551	292.57237977637016
108.11501609711146	310.02022995992036
108.16214725235123	322.3297276201186
112.90625464506941	330.79252086441585
112.96014676431619	343.46153846153857
112.96367908783832	384.1399109247637
113.24189901040668	382.3925439032969
123.07056338925142	397.15684014601277
123.14207614580037	409.5113951005387
128.17195892600816	410.95315161459416
128.19254566023918	439.9131560239117
133.47306840293726	434.7307692307694
133.56167714793906	464.62662679565796
134.4705289608532	467.6411572913264
140.6235113849092	473.84615384615404
140.67759688346533	493.28412105848423
146.26950914503266	503.63970489188665
146.28577408695548	522.4682593743017
151.36581027798672	506.2854298379962
155.8958295732845	503.1375221781407
156.15169430302535	497.5708262225729
161.53495384570212	493.6923076923076
161.5947127870377	468.71767181389436
161.83134624721166	468.48168405347025
169.38854048877747	458.7480521608063
172.12942017123666	456.781706979365
172.13416571999045	450.6149904585503
177.29972986072943	424.3255282632017
177.300861812219	425.47184168424707
178.74063493748878	419.04132097266745
187.6498148276607	412.9230769230767
187.65088558961628	400.0199021359392
187.73395062117032	393.7182560518632
188.13592853324676	385.41625824907896
188.24218345613068	369.05063110623365
190.85195154725815	357.65806285785294
205.52603472183748	351.54524658005874
205.53570265808008	348.3076923076919
210.27174312616455	340.23076923076883
210.34653245361432	330.43311530317305
211.07911455169258	316.0
211.4006684242273	328.9236095561744
214.51505214141898	357.1653589893205
233.24515416358932	354.4997550978006
233.25706847735626	372.66959467768396
233.3091364784165	371.25338575794507
235.33003675984747	380.9867074827466
235.4882659794071	393.60390531828824
236.56476739740353	393.8641902263898
253.25492278906123	398.30769230769226
253.33351095949774	410.42118540201517
254.91032343281347	431.6537165905527
270.2488500236645	439.4615384615384
281.3709964610108	473.0856917646477
281.4387553929023	487.35943803352706
281.9158311093679	482.5126233658395
291.5781905478234	505.1817717351278
298.19671563611973	514.0878530199833
298.36770421844875	538.8128883376071
308.30078935469845	515.6589721425378
311.3554035832947	522.1923076923077
311.382918838372	478.9828178880728
329.89993002191807	467.53846153846155
330.74598512775896	410.8896954160252
341.40812780848876	427.51217463964025
346.3179477076267	413.38897835643223
346.40934416309443	406.47150214084616
352.40575772293266	403.5659157781228
352.4069270381152	377.81955226128724
360.61234503312255	373.87786968016405
360.61245633974625	359.75679727260416
368.1934383804182	349.78919055080945
368.38527053284326	350.3984714692254
376.90463515086475	329.3178856519818
376.9191193636864	327.9397435419222
384.22442596076996	350.2454493272646
384.2500194698513	354.6541862551214
393.00623705810614	352.75665131702107
393.15048948711086	356.8461538461538
399.5094520199285	388.1475207057453
404.6630351808004	400.1118024190488
423.47301121943684	407.3800793610927
423.58976966962445	422.7799763209131
432.173419999956	422.12597735530767
432.29903050309696	434.45178801570563
433.3210598871078	437.3919140180848
445.0645384138215	447.0651057316327
445.2875324028796	459.1863032233288
453.13458780729655	464.65721764735946
453.4772872443731	461.6809895339734
462.3100885066355	471.17400342611177
463.09825224603685	487.3013245118622
474.99837068254175	491.83551560728216
483.9348196548802	527.084590157336
484.4705992845833	516.6765827654073
494.25321695784595	498.0928115314853
497.0808887153956	495.8461538461538
497.1914089271351	468.5559840146173
497.47486311637346	462.937284737903
505.31311204971934	447.79383799142096
508.4087632881299	433.39046709064866
508.4781945688421	415.9303253994618
513.7069452296039	359.2260412322939
533.2288171185018	316.355959232656
533.3581339782265	294.01069275953654
539.4273067332418	292.0273906795785
539.4499858560816	270.7075814852241
540.2878022662994	251.9911510857483
543.1055167274949	254.83414993682558
553.0547343390433	244.30769230769195
553.1418032638829	231.11647890805617
559.1733189976495	212.94688716460985
561.4371623985243	193.57279278686755
562.0	194.0