83.0	191.7313088666023
83.21234332133857	222.63819256105822
90.15314202297866	231.7804384556234
97.69033471786884	280.12734009468835
97.80422392887957	278.2511523213946
98.19821383306187	282.91841972614515
105.48388625437353	313.0828513100442
105.59864278004378	323.0141279735396
110.46944427258961	325.1856613939074
110.56182372133446	335.1291442789555
111.00500329616555	343.5411256003691
117.8253251129298	356.5000000000001
117.95473935481927	369.53846153846166
123.15405941281543	385.0500110252034
123.22956252499442	396.9739140323872
128.47867062266357	429.9234815570901
143.4892506771668	487.9023980733649
143.53838121837666	510.81802644083126
143.95996997441387	530.5890866551567
145.27717152004402	516.36751369277
153.6393202755433	509.47601037605835
156.3164773761681	508.55088850299745
156.3951906292856	480.16211717541717
157.86826436235984	464.4047837039009
169.5966917780976	461.65823255037253
169.59863364360044	453.62939887160366
169.9116273214978	453.30769230769215
176.721686540345	428.16753277317287
179.7129595013136	420.3398425981737
179.74465539988208	428.2078490242289
184.82701870998446	418.3290836156581
184.86426587125004	406.07815763753433
189.72228343380016	402.8421828756889
189.76905320029306	396.7692307692305
195.23730123345945	388.6923076923074
197.33338410731176	374.3712115858061
197.44528355804607	372.5384615384612
202.521303908534	364.40424489010087
202.89959961688254	348.3076923076919
210.84186490585563	340.23076923076883
210.8432678263734	329.1190482542535
211.1727952718875	310.70160215521395
218.86872502748432	335.00338762483085
226.36972899815746	340.1011199569528
226.37278378419128	349.7179960837577
226.54497473722776	349.6050797942476
227.85398039570293	359.5377262503719
240.15051803320364	365.38461538461536
246.9393492611223	385.35975769769345
247.00002296872435	396.18991452999734
253.75269291542892	403.8150418940775
253.75855511277396	407.7467513435648
253.86165360994818	421.04123296698094
264.00967394453517	432.6314069426357
267.3625950595668	431.23076923076917
267.3684530166498	439.4615384615384
274.56689543147604	456.0582963074571
281.52243833073635	476.3887002877169
281.57652768482393	476.4332679713328
287.73295354890814	496.9379888619654
287.84725741151624	490.10983301023253
289.0810843059022	513.7500940818308
298.8775625919231	507.9112735548458
298.90025062816045	532.5711938816215
299.270098321464	524.1525992841193
308.49475161327575	530.0
311.2504310946658	521.0443057218495
311.3009276582679	505.35457537469586
312.7141441064215	498.76923076923083
321.72286955475323	490.9615384615385
321.80250760434296	477.3651912242067
323.46454585819896	455.48826576064573
336.01501488750574	451.315397422364
338.07540718434393	438.75710929514554
338.18174282717825	391.96308010522165
348.86198446402125	409.9106740796636
349.01149531019934	387.54744877700784
351.0396819371151	384.659487832242
360.0215388430071	376.4788811828694
360.20965381420405	373.8461538461537
366.00807098149636	361.1912407939195
366.0213439886499	357.43819387533534
366.35891962847074	350.31180761946564
367.70156248469107	332.9985642396516
380.79242312604254	331.9301137093928
380.829656179527	346.2696810229887
381.47635321968505	345.1141211887477
397.7752233929146	361.2880654001704
397.9440685345129	375.170626169308
405.7694970607768	371.7692307692307
405.8311139761644	410.0497036893212
424.13993994619983	464.51091763201276
440.2277825200167	435.730198030924
440.4568183049262	445.176418750221
450.03622082316946	452.2231070813502
450.0934408202364	478.96915470930287
462.59365820266714	551.9326547827375
479.10626565039814	503.80901247225495
479.2616775429314	512.7112131039036
491.42736828394857	494.7874520032685
491.5905945199103	487.3216349588358
500.18287270515526	470.9841527772103
500.18616735356113	468.94904748604563
500.2543683968916	385.2321425777337
505.4274471662533	389.4045701222043
505.48743807374944	403.6440799998706
508.01442924671665	395.23076923076906
508.95164341608006	378.9964262502989
525.1265629500696	365.824285964705
525.2175090431311	331.8344225490993
525.9141141843346	326.4137752484157
525.91894144169	328.3920287642518
536.6734688790774	303.2913357264067
536.6780503972377	283.472470686059
547.355512743757	261.5345198573114
547.464714859208	256.22478265794706
553.3013065770057	233.3843244197909
553.3336126369185	216.04602580161415
561.5223297217865	193.78312978751407
562.0	194.0