83.0	214.70561903557834
87.90820757173596	230.6255027772407
87.95226864528354	214.08122155238635
92.88047346336951	263.2834699371329
100.39474887530099	274.8812493427538
100.46880907831166	288.6931569000706
101.29498276491213	318.01500160201624
107.84640295686619	307.1934505552896
113.04539433454921	338.142952629161
113.16038780989174	346.87389776022735
113.4836991019832	358.27658855986977
120.76184351305831	371.9441554145448
120.83907453734996	391.6757860417684
121.3320384203178	408.64519434310074
128.51173193351087	413.72977909079765
128.5170514637303	428.65053665219847
133.07963070222334	453.1203495807193
133.39613743243476	465.32145595525054
141.2158861068787	474.3887271519429
141.22716262177786	517.1062022448956
142.0887856807539	506.35967920799726
148.94358627778936	542.8992031843351
151.31295223377722	526.0
159.17706348129937	495.1669745517091
159.19923230741225	485.3032830293215
166.9227879718139	454.1576952553135
176.87021984487515	440.40245223401985
176.97543475363005	420.523322526459
177.9650471444683	407.29232629110396
187.05058357720972	408.2738368013923
187.68560205601685	396.7692307692305
189.28177924538807	373.6462668211325
197.92082188651253	375.1809909859616
202.92639013545462	351.01267318799086
202.94654517593082	342.86799686513325
203.16927904459664	338.5734088987631
204.8036659884807	338.92837618457963
213.02769555652998	322.0984208412368
219.39175403384854	330.46079363612176
219.3944916056429	330.1955697111001
220.53893968322942	344.140631096132
232.57470419234272	352.7832769989377
232.76640946683688	366.8769486214622
233.70190033893857	368.0578596731305
242.9248410272501	379.8955225089102
242.94152235321621	385.78483908550425
244.1720249617098	390.1583929030765
253.36151497965253	416.61645283973
254.1507690428414	424.03165764187116
267.0694774264773	436.2354677085
267.3206322260983	450.02645812114616
270.61078549793166	468.551590772334
280.6621639449639	471.9318102472488
284.087995738411	472.3846153846153
285.0174464268525	502.8745024275322
295.03455951798173	500.113812189739
295.10654352213606	505.3076923076922
295.69973187355583	518.9674361707132
308.2021657644582	530.0
313.7844303457907	503.12728415124576
313.80586274323497	505.94015399117285
314.10691131652266	497.30032090607875
321.863845086113	477.86363174390215
321.9881959345603	464.3849986982532
333.02496603856036	440.9293275259686
338.2038197125646	444.1153846153846
338.34350348879195	435.17933668063114
348.92620127494644	393.89984275162556
349.55919436240214	378.6229169876566
349.63947388089315	379.9817193702745
352.2147077594758	376.1186206282636
352.4822412056901	364.307680415943
365.45487301074013	359.588278007832
365.4986962216362	355.3124729817755
371.31313150533674	348.6599145208321
371.32697544266296	333.5927175562875
372.23722009718625	333.8076696432497
379.98053425741637	344.6154643666253
389.2969091232605	356.8700619467063
389.53006864885816	371.88880776764404
392.1594323275023	364.9991119157991
406.2395687154638	371.7692307692307
406.39807813842896	382.9219407603947
407.3086266465414	387.2886650313779
419.65247694293095	394.1538461538461
436.6845687971303	423.9999999999999
436.79771723317305	435.5274498875836
445.859525424351	444.9085856486777
449.23138155802854	449.3527236994949
449.5084118946743	459.8398890038237
458.26720015338265	461.93993937919913
458.30583894654444	477.23615684996173
466.5217991697292	481.53154566311827
475.3537044792933	503.24871294752086
475.39065085536237	507.0152475217934
483.3495176837959	510.21822011756393
483.38425759583345	521.6932895989657
491.2585210573028	508.3515767909191
494.55898294758026	508.4230769230769
494.56025716691335	465.8847988639813
495.57059678963986	470.6923076923076
505.710211211609	456.1807244161358
508.50935708059046	441.601312767212
508.54759079162926	421.78426300494283
513.839021145548	417.899274932335
513.8655610427244	407.80769230769215
519.515328203469	389.6936807987622
522.045702828283	360.6166881616476
522.2081744158572	357.58419751525315
527.4640425851966	334.6153496011916
527.6095480047867	343.1762192347124
533.3612767394909	321.12841297554644
536.2068564617196	312.7720771051855
536.36899604384	299.1390604144985
541.4128860284618	217.89310194466867
550.5141309000223	245.43269775901962
550.5853725540848	244.30769230769195
551.1500762271027	219.15384615384582
561.9541138625029	194.1073088471408
562.0	194.0