83.0	187.0
90.44689889596144	221.46361157910215
95.00974817750557	239.1538461538462
95.06583156049966	252.45537160323036
100.2211325337652	277.6726020251296
100.30126996399885	285.50425179811754
105.64583417974664	297.47422495487723
105.66848755356158	309.22602976342057
110.87762900877793	322.9925292452486
110.8833144367445	338.64753934273625
110.92674283324548	353.66902296772366
111.71444871240475	363.35644703753184
120.36918601849437	447.52782930949274
128.0124609256638	416.42122467162295
128.1337918690005	438.00707356416984
129.74522578448787	466.2626004073013
138.2120509226751	481.519524628411
138.28025431768882	487.25302314613435
143.77845966333177	506.0782338575751
145.74097629286047	503.78763711176794
148.91922664334507	531.2015508343541
148.9237995835932	524.0746436458562
149.12533484874308	516.3515695953378
151.52642232517434	495.8626486378074
161.2395686207651	493.6923076923076
176.60832924688486	426.1373788719947
176.61668996419462	428.6174190488535
181.75182774179652	418.76604682877485
181.7997015111063	411.60262827083005
182.64952840838734	403.1898660460254
187.14349421743069	373.8799118092684
199.76943199778836	355.9186588535294
203.07696007410712	363.93279425826506
203.0799052957635	344.7424717963557
210.53022139550092	325.3430634794736
210.57153991566386	320.7709480287867
211.35507353824215	324.07692307692264
218.48355369750317	319.1532211536424
218.52507514725522	330.91221748167806
218.71518986825666	353.5348753765125
229.32933874783905	346.411127492265
232.39211674955737	366.4758267818507
232.58529395113277	373.29997677948154
239.45743154088765	380.8309442546372
252.94164964368588	411.12278113989174
253.0749880627334	418.2881071182451
260.6484663204129	418.41427799501304
260.7076687020895	445.151487198979
267.58833615503715	436.35202298548285
267.68360704625064	452.3753509368247
267.9337208817019	454.88829787756697
277.6814415848146	468.2846702153891
281.6836613334136	470.1257191335246
281.7068150624974	490.5111982712745
291.6429446927937	489.3067714312617
291.67086418630794	500.3010901071297
298.2301414472977	517.0790556845539
308.6691803493989	502.9857190703514
316.8473776505554	499.91736254529144
316.8689744511977	493.971021135367
322.3430933492386	474.3877298976169
327.83133132374087	465.89547638375143
327.8342357837698	452.883424342874
328.22667313659286	452.6628003248095
335.86139111169587	436.5232252998504
338.57599296988167	440.1944376304777
338.6049518874685	419.02651138549106
346.95596955158703	409.94817068395895
348.8725864552884	407.5012283923342
349.0018417102417	396.5635510172817
349.8066620614662	389.449656254596
357.6013282098656	374.4383459820666
360.25850163936695	381.653846153846
360.29936576709355	362.441940925676
360.9198739712364	361.50958351938874
368.59598540355853	357.8965810235986
370.64255192068924	347.40923504925826
370.72429436708177	340.8124346553914
370.92533266623394	328.2829607384132
380.2165050014291	329.9280453632688
380.6707130520808	349.4463571519079
384.56224213840665	363.54323282762834
401.96239829535705	372.68914785032405
402.04111354218196	371.7692307692307
411.14517940730536	385.30727227593337
411.21169070005266	387.969235179118
412.7220316810053	394.1548429023718
423.3773774435161	416.282111147743
424.17998193649925	423.65417785286456
424.3426263584261	426.95934499335135
426.72198925399937	436.8907912866946
445.46056957034153	443.94659289596115
445.5664399623508	459.1277835878894
447.128508435041	463.043522647536
462.19414482039986	527.1250748760806
484.36929937789813	519.7294521957588
484.43539285956024	518.8459288517126
485.4978138158701	517.7120278142812
493.7844358949292	502.5334895113743
497.3512522686496	455.8922286914548
502.14152638037916	443.6339540015999
505.7701869051675	455.10605218286156
505.77770883155506	445.53846153846143
506.62301730621647	431.9219428577524
506.91780813491164	418.32864316035545
516.5908149767376	393.9962579882368
516.6641176069843	383.7094623165854
522.36284958996	360.81316938374965
525.2918883182855	366.6270553360287
525.3595877475016	357.26790403859076
526.1501333125374	327.15107067963373
527.1807790075226	229.07277610004974
535.3243927156069	263.1320880910682
547.8185557578151	263.4178054241375
550.7320454638927	247.43422216825493
550.7415425036877	216.3507152121491
551.1412139256973	223.95583834515116
559.1344823725905	208.6136367312349
561.6953920990713	202.76099791647778
562.0	194.0