83.0	193.22764628687275
87.28998642571096	205.46522797252837
87.54884693833071	222.018978464324
92.98664626248286	278.57113693089195
100.74847896951898	265.2307692307693
100.74856267352142	284.9059515244006
105.47928665543323	299.82806418035074
105.51402488333453	337.48846732717305
113.26705212692684	332.2407964116548
113.31876983332337	348.9819906296473
113.56660644456637	379.5702647259424
120.84641954917555	369.53846153846166
120.91239658374145	382.5769230769232
121.05596501169425	408.27354198245496
128.48215668342857	419.25915435329716
128.54255934812807	438.94415958520636
132.93793414493408	439.45782662726356
132.94621416269763	474.7545091343936
133.43664578621565	482.4371780711571
134.8387555391434	479.0941462306255
134.96600272078894	493.6659705195432
146.1694101935556	508.7629333902579
146.2619841183915	524.3545975621771
147.00838841594904	525.7144025317136
153.83146519979474	508.4077561148582
153.9250351664334	503.92407533894465
154.78002195654702	492.3407342550364
161.81134973753288	487.66255672457294
163.93420953202914	484.58476490788996
164.01466375482173	470.99217146662954
169.12173333521423	465.9765989862822
171.97670002107654	453.5522065342631
172.01553535391773	410.88288020910517
190.03196912409902	404.8461538461536
190.07376626967766	386.0086979343127
190.55681802864936	371.5876803681353
195.30780348584932	356.384615384615
208.21268875982622	322.98008624213924
219.03510343834543	323.2531305629301
219.13026636589427	324.2307692307692
219.9143612602069	344.92648923383007
229.68361339197125	345.47728700555143
232.59951406753697	364.7451143336421
232.60230641732412	366.71195374703143
239.1678717716716	371.4135996444307
239.41092937176646	400.20371496109175
241.07666182920053	398.32456635998795
253.01803755090083	415.4206118807206
253.26785407973424	409.4468520591881
264.39434958691174	438.7638043994947
264.40511671252284	470.5824162391183
267.40683779230125	448.71696584406635
278.170984479988	457.5202753328338
278.19855767837834	465.8161199000065
284.1122217936537	477.4089858421071
284.2483678022665	484.2029492659288
285.68206373641635	501.904894004797
294.9037595092664	503.59521901247246
308.46596726603883	500.2025337382216
313.4616434385216	509.4655170689358
313.55253096473893	499.9243939597662
314.3106667324345	497.56575294999493
321.8925803394913	485.7069164060345
324.5677379563985	481.0312830141063
325.22743641965144	439.12285750697765
335.3761368303633	443.70597312740296
335.4807768090775	439.7062686274735
336.1175863403388	430.3775236252843
344.2039893500228	420.1448428398222
346.1983578775816	403.9589009848556
346.32383539279266	404.90066156606053
352.21122419895653	388.0959234449365
359.8959166505955	381.0753127213489
359.9806031976093	369.5631340349886
371.3955413151682	339.8710366816951
371.4317311641617	338.50268172913616
371.812900956028	334.3225691811776
380.5659537377637	327.7733656807571
380.5824854027165	343.63952025689315
393.8491644130602	367.5953258500627
393.8959998341566	363.7560724539338
394.14259186008917	365.9612737900532
405.7911092031373	373.65451754458996
409.2116556139176	413.3515340746819
416.13929454594125	409.3313381366186
432.3856408448558	416.53846153846143
435.9056147104154	442.2842293565986
435.9472168522976	489.75911279890187
458.11608429272826	469.7518228344128
458.6467912310757	490.3415590135821
471.7577737846348	499.35985799885253
471.7607815305649	495.1604001571659
472.43596219730597	503.2198931297655
483.8526343848282	506.07692307692287
491.62827937585786	501.6125108875173
494.02975879337725	501.0667379279714
494.13092428104034	484.2179686928393
499.9967006564368	481.1019557254223
500.05117615854704	441.3228331467743
500.8577620054405	428.595650935111
501.0106928402615	432.5179449258906
511.42670662594196	432.96153846153834
513.4988035128906	403.170315102839
513.6867697774793	405.07300482847046
513.769098400009	393.8837432381709
514.710236896937	367.27722823698315
518.9767244221919	332.57062139951756
530.3185640334365	335.7008705628827
530.4525925125942	325.5610402035816
531.2605969535025	308.51227742785534
539.4190287919524	301.92631920144794
541.8031077784525	272.2730482436364
541.9060430762356	270.01135513891353
542.4366486288332	256.86223184442264
550.7280423226701	225.04072046087833
552.8517143377	243.67112710613614
552.981767399225	212.72157574975301
558.3533276200673	219.15384615384582
558.5461543648958	206.57692307692275
562.0	194.0