83.0	202.1972758288439
87.70353946915347	205.3015646979651
87.77696263068316	232.285749938437
92.81877317744816	232.41786924066392
95.3972685466039	239.1538461538462
95.40247165239677	266.1800469489263
99.99219308001042	280.74562930117975
100.05773903608474	286.79296263861505
100.6257014571618	295.92723076095655
107.55944712517312	322.4561465308532
110.89264226065507	327.208157627531
112.9371003447874	333.0904978255829
113.07945708783811	365.840930914516
114.4212106745942	374.82250013469803
122.78669272960478	406.1625503043105
122.83077910063736	412.43124782004696
122.8331516535737	408.6538461538463
124.03826191300928	423.1526184617875
124.64968165491173	445.7851215397467
126.9839795754053	459.23278290571125
127.13618976383069	469.6799167001569
140.7951379598808	501.14117478269986
143.61607867507004	487.55916914360853
143.69307703603033	503.14438331617026
148.20335344908705	530.2198731740443
148.417444102031	525.9213260727066
151.40539305230507	497.37039891498114
153.93735305466154	454.0000633160879
155.09709150304542	473.8640598161762
169.27301492149826	463.08423673478376
169.32980981526086	460.66562192589714
174.27505262189914	441.1673782825937
174.30345171478623	442.83815395918134
179.38119219777943	437.04478293738214
179.52782253609692	365.7025064146475
190.00974905391405	402.5433130765158
190.06638455058842	391.68749047103415
190.65228812426466	388.6923076923074
197.30408706716696	374.02107074932434
197.912091253604	337.9073992250383
200.94318654093559	334.23452480467165
201.01803826669473	327.47655890853173
207.36767991541836	321.28848261585125
213.51781814580204	335.1323188543851
229.53413752029536	346.17316469313914
235.9401115014809	357.3296800102109
236.1182330741724	375.7792885539601
238.2379913073693	381.8461538461538
238.534114143567	400.10733425196884
253.78743219061909	403.53161742112576
253.87566885163497	412.68368713283536
259.9246668400276	414.7692307692307
260.2518623246469	428.1896584337575
267.2888322404301	431.23076923076917
267.3714175769665	442.78933516718234
268.1623957390259	454.96427956252296
277.75588229894265	466.4525853890656
277.89655905245246	466.4498005617455
284.64011339310656	474.8351942802568
284.7911523210061	480.6153846153845
295.4771437725396	497.076923076923
295.5197674632136	511.4292593557281
295.979966620747	516.9948410362565
297.68410691191326	531.9273172996083
297.9722511029971	504.274806112653
299.69042589165895	501.5031124134231
316.4458849374315	498.3628039263089
316.57559750536745	464.6495777296637
324.33156754116396	482.065880155715
324.6820731691321	453.4322679029269
332.7320532403331	423.5471708923894
338.49896146825847	444.1153846153846
338.51180837665754	436.30769230769226
339.251969427062	417.19454546645846
339.53588496542733	402.7310963003775
351.5873467788737	361.31076487920734
357.63329454564257	377.8182732748526
357.6637791842226	343.75759845485925
359.08293302371925	363.71975690632763
359.3449192163536	354.0433651775615
371.4155023290271	343.4376989523859
374.17116407624513	340.77015389112034
374.1764390363093	323.7002776319212
380.0316121956961	344.74819307788505
393.42075363942325	357.21309758257934
393.4379300814889	365.7897802754213
393.95185142208123	383.2271667168667
396.4177009941441	376.6411038473347
410.1180763241352	390.95664869124045
410.4783154204313	396.7148755094315
419.0686230202256	408.63074195382075
449.8484040800474	451.5842329780875
453.4088160032009	453.8800331004378
453.7776724030353	469.21055747942734
467.153305280328	493.3533041582254
479.9811538365291	500.0976141068343
480.01310710303005	514.638880620323
488.65928269941895	524.057995810161
488.6815079647599	521.0
490.11902054333734	485.66371780383344
499.8357033623636	483.2692307692307
502.56884078782656	446.43076364369796
502.6801297645757	446.75975887444883
507.90076509014244	443.95747722633536
508.13921276421655	432.96153846153834
513.9655514775974	411.4658321770928
514.0536096632428	406.43213097109714
519.4855214133682	391.9581630234984
522.349817165025	353.7722580436153
522.4034766962062	343.66390036885593
527.9548983797475	346.6264386194255
527.9964709178553	334.38217152522253
533.558677290463	325.9348171865213
533.7610859748548	307.1923076923074
542.216091614803	277.5145353440704
549.8642515878411	246.5904357544206
550.0027201724218	227.22888339890096
558.5300920048238	204.77146080362365
561.3593452223274	206.57692307692275
562.0	194.0