83.0	206.61913740141048
87.9699655230445	217.048529936897
87.99333321073657	218.87418970482463
93.07395232776776	232.40973496848065
93.07966462394893	244.07540354662805
93.47689853414774	252.57671681153948
100.02024167756971	265.2307692307693
105.84031423369098	301.83828974057155
105.84047791607188	324.20887036732
110.65120158747278	320.163322272816
113.09734005051419	336.7397367097666
113.18607160267342	343.7420742008466
118.2978957998768	390.67159622727297
123.34262026155592	409.9741185930779
123.42656041058336	398.7266227707266
124.09951077338054	428.3194361226623
127.03574397056512	434.7307692307694
127.51370507054091	455.777768137672
128.7663685286417	491.33093569857493
131.35408741819245	487.55654972622955
134.52252312868728	493.8247069925734
145.93655305556393	520.6782639771961
146.06129526990213	524.8106820594433
151.57329724918287	524.8141202840297
151.5739622181389	510.75231828486494
156.62176801113858	503.0308108301978
158.61204029219945	498.67384284140405
158.8273804205606	489.7757158373614
163.84226735089837	485.3404019156574
166.2459734858099	461.27163292539115
166.26169070910447	463.3727229034592
171.66572494520102	454.9471298948831
174.3006341573452	452.3936964084928
174.43819307657148	440.0032155786028
179.06664530832063	416.3463773154367
179.48002540213926	408.6724867275223
187.17452000179193	409.42374018239497
187.28817252227324	384.5755184462457
192.36043780569275	392.4939219054974
192.59639046646944	377.3056201827055
199.72269275341202	370.9930231760951
202.91427595038326	356.31213870536357
202.9391825750936	347.10668015556826
203.01549507587384	340.74949927906306
204.5761103147646	336.143066900983
212.56704990701934	323.14262375202446
218.45401694980046	318.1067426347117
229.5162648849512	341.64351509770694
229.56823080618182	349.7981486497036
235.7017520761478	466.90109441261245
263.8084346924326	428.9411934851745
263.88988787015785	433.51891141736445
271.36294704794284	458.3040572014541
271.3679291369338	455.16040926338343
277.5818205966644	459.1288002747424
277.72585811693517	464.1538461538461
284.2988713711567	476.0903450155408
292.14374304731007	489.6745963455194
292.1438574204574	500.7003349113537
298.7281719749746	517.9507522038971
302.30066238585823	526.8071584538512
302.30633198189963	533.0003235577698
308.5030817745931	522.5527012329128
310.77136733812154	521.4808393571357
310.91133544980374	508.47816262002425
316.2519837041378	501.88216368262056
343.6914863620931	428.49999999999994
343.76853121716124	417.7174922782663
343.9798709034459	409.3088311399087
351.95789304288127	396.46792504856813
352.0110419774196	395.1995795001305
357.8784280302901	389.46153846153834
357.87967455408216	379.14498363505106
362.82863271759237	348.34570791986295
368.4290880380774	353.3278768617459
376.42421195401494	330.06654033668065
376.55801282454945	334.8445457843005
377.518774350414	339.5846318987491
389.6682206370882	354.3114654554897
389.7132340389646	356.3197484014597
398.46926010831106	356.8461538461538
410.41441953852626	385.23631394231995
410.45361827304026	392.6755801404868
411.9110974992262	394.1538461538461
423.26319940730656	406.25140217702335
428.5490079961546	422.47519554617236
428.5792657914894	432.2695922605792
441.31055561175356	437.8707951312073
444.8853090270928	444.119998378841
444.9526481402649	470.58867355273406
449.7745818365132	475.1059913229111
450.34342229546365	492.36130126183974
470.4188539977702	487.72095815130416
483.65898047415544	515.987985020012
483.89374437226564	518.7475833604401
491.3735885262167	504.67673124834664
499.75337983083006	460.74918767362715
499.87342616587415	450.5044239079825
500.5986692432236	448.11708843794713
508.21008657736326	421.8183676902154
511.382744088613	414.83296780388577
514.1341938130226	415.69288463222864
514.1425092834208	402.73685996721593
519.3296783422165	365.58511067979066
522.3693453029804	362.7095550368306
522.4037587034044	359.6057995902146
522.616428649748	334.77548486704444
530.7228210065914	330.91841760353265
533.5135014263734	313.2009823968635
533.5209238603513	319.7692307692305
539.469549187551	277.076252052867
539.4706941990283	276.7974725790707
544.5826261192914	274.56547864965245
544.7364024564155	269.4615384615381
549.8713179435418	250.91679352771754
550.1615591529614	234.57871293855746
555.5109332616987	200.06789944406535
555.7275730648503	213.6697691106822
561.2538831449737	201.63795499073797
562.0	194.0