83.0	209.05528488510532
83.15928272413905	231.69682091350472
89.88442546692923	222.16198894295275
90.0327322882422	242.1831746677746
95.5067525317287	282.17156135017945
100.56916770535607	284.49415516879264
100.6194712942953	288.1344467981863
105.19385830128033	308.61402651744316
110.81060112874718	331.76754345290607
110.81183862915218	345.72116345235514
111.15460518057404	343.46153846153857
117.69536889031902	365.4207330617306
117.70519001852061	390.88557898737184
117.83592494511598	387.40854383316264
119.7377842655941	408.50261449251644
128.17782708248689	408.6538461538463
143.8323398977556	520.0866730467957
146.0324802358947	511.5280357629666
146.1340981627892	530.6647567513228
146.16909914330546	521.4296059393507
146.40756829344335	513.5562494073563
155.93794988495102	499.00032041584296
156.05060613228204	498.3608014810224
157.4216594820872	485.6153846153845
166.90816187338123	476.18933400695227
169.4112563963438	464.00591660483025
169.4562273443246	418.127515632555
177.15856643798887	444.6179738418266
177.1981829436181	436.32410824635724
177.54021891234328	424.93936792794426
178.7061916267706	415.00665901710096
187.26705879025326	412.1521289172756
187.29147356611344	400.4804509055347
192.52144711180298	391.33954541844673
195.1833020569582	381.6612448574822
195.24880798717416	365.5038061786435
200.36593388375329	317.15973121229734
213.35442899709292	312.81061038639535
213.3650619941952	320.52835890200697
218.9552355900824	317.80859366936426
219.0743503780805	335.7598374165863
219.77380414307302	332.46153846153845
229.401680130998	340.9352652311283
232.9832981039541	348.9230769230769
232.99146132293734	369.9504259609489
242.6810019150147	379.56967799051023
242.87042701388035	388.78317823522696
242.90718338547345	405.92454218646265
244.31097197244202	401.5162006923275
256.6122118921183	406.5384615384615
260.9418291632657	432.39569766469174
263.5385014709336	427.1460353711137
263.7311793773805	432.69800159381253
270.870191620239	462.3627789625917
277.40807353304155	457.44386378711994
277.60782172092456	464.1538461538461
291.94945024353024	510.9034667930788
294.761421938427	499.61191624677065
294.88947532880803	508.0831114167961
295.58292272610095	524.0570370069249
304.9508880297591	539.5034928393776
307.8844254890565	530.0
308.04184187487823	515.0130357244587
313.9447586964005	514.3846153846155
316.756538743772	500.90207992035266
316.80333663306516	498.76923076923083
324.46192917269644	473.0800705559113
324.5104026061391	473.41328543966046
324.68670149082186	463.656850427151
325.43008435834355	453.9301041748892
335.31577400631056	445.0386510678599
335.4226849276799	438.13863680832367
336.05055274664676	425.6634462234145
346.8128084842111	415.8803779844985
346.8503792215538	405.12137776970525
347.0157507554152	395.00790169562936
348.72035559237656	393.5684811499155
350.4055570291297	380.8373932985078
363.2254509136514	363.93357134852175
363.2466185892081	366.0384615384614
364.1076313172996	332.15107423911206
374.15190573153467	337.50631582429054
376.4103559032141	330.38363617904565
376.452041692463	339.2657674946669
385.10457983873556	361.0553398701742
397.2040945888267	363.11515736298844
397.22659908138206	391.6070638836009
399.07845374591267	380.19975413460713
402.70836664919835	396.1371640912938
402.81720222540764	413.2747773862627
423.5379587294749	426.98989311416915
462.0803723004453	470.3446749828654
462.38191893339314	477.7995169938344
479.40195814043386	517.3924660431778
480.0022285449519	516.6027450768739
491.7001170287586	510.56867254330695
493.8857871542784	499.53901066085047
493.9647703385916	467.76785293872354
499.9094030914746	481.8049924407153
502.346713805107	463.7881417059853
502.46917356682957	450.18364872169064
503.5694795535285	416.53757246793884
510.69769417455694	431.1046731631212
516.6690935168464	406.1234073007126
516.7443990253234	395.23076923076906
522.2419442890534	382.65384615384596
525.3745723287817	354.1456634731109
525.379558573604	343.81763584117886
530.4650744832549	344.9230769230767
530.5152475068894	292.6819726591385
533.1784564550286	302.7082379020968
541.473727782179	282.7588003079279
541.6419332975024	281.04395608429803
547.2518753640961	240.1353897473809
547.4616678202265	256.687726357973
553.2913585044001	235.14396847205788
555.674420318266	202.81931208345316
555.8891105612511	218.2671497377584
561.2969646597628	185.56641880453236
562.0	194.0