83.0	187.0
83.20760686322558	202.65144211916123
84.53898700942466	221.8784422489327
84.9036673674973	232.2247092991679
95.13478740756457	239.1538461538462
97.39557911950374	259.5750651724723
97.46463074921249	281.94094450772894
105.64520523467685	323.63853046336624
105.65618366814194	317.2169754716381
107.49497474733094	336.54388678416933
115.30353244347816	348.6358121604254
118.42113740462209	356.61554020281164
118.43653987138045	404.28527265474844
123.47540485287168	393.59346929864876
123.5164299759487	405.39568440885483
123.83779975932913	416.0964637989228
123.99629404521706	424.67741268477135
124.06808584136377	455.47119898362683
124.75808030356409	452.45094782843313
138.11817791538937	461.55690692057794
138.19243934814946	482.96521763416877
143.65783450410086	509.75651426441675
148.91251447428496	521.2567584820741
148.9247231694004	510.0239906250466
153.53647082585138	517.9230769230769
154.086291991672	485.3954480792007
161.56127882903337	456.09326738527716
166.3224141157167	474.6802970581111
166.3522591579203	460.7028844874498
167.08211544704935	448.1561265867658
174.10497218965483	451.7469457756331
174.65825555767535	407.9052848764453
179.35404310993812	402.4141071767057
181.79231996933635	382.636663761951
195.36785879922235	333.58603159517804
207.90509838749327	343.1109653144141
208.02078045065153	340.18838177644915
213.3873594975683	321.8164577255107
213.39590742852602	324.07692307692264
219.20068056739768	316.0
229.17875152170998	354.66430547427785
229.20145868394368	348.9230769230769
236.06437272862962	360.8333249918288
236.11242754364613	365.38461538461536
250.10235009245588	406.01931222942574
250.20190147936253	403.91818949155237
251.4903410431946	421.16340037148626
263.5132464858228	457.2966945836811
277.41842084727824	456.60895030842147
277.57399404242705	474.4322977903354
284.6466996537425	473.4146956526654
284.67905437891113	480.6153846153845
285.6472122650026	489.2246329775853
295.5946526967803	500.13833644115994
298.1000999749965	524.4010230341883
298.3641122271157	517.3829004434361
299.72272699831257	522.2703296757214
307.8375964509226	529.1582533192502
308.10834709239714	507.54831354447566
316.1940861790126	497.99725060796237
316.3465315473877	498.76923076923083
321.97393087335666	479.7563524832396
333.18868577262737	442.15767492937795
333.2114977765439	449.1912359044968
333.21179394680144	409.4335451355127
336.457859636621	426.7090594810325
346.40173360023766	412.5675538590586
352.3752452704073	400.5476934635957
352.378898155157	379.06622210351566
371.1004446665435	347.8503015488451
371.10388463728253	334.62910478846817
376.6506824203049	334.4088344046417
376.76394207710496	331.22854617748413
377.28187623859486	361.09214059880117
394.0881289700239	349.4610425094329
394.115715402734	365.1257177691622
395.1264332666591	385.93993091566347
400.07140941024613	386.6923076923076
419.7792195365756	397.4583618687312
419.85544531391366	407.6755257537236
428.06530095567587	409.076923076923
428.1272128632054	437.36185394168626
436.88677050307274	431.0762972963145
441.30320019804816	435.0809412467661
441.3591181587399	445.5861025645742
449.6633144159277	448.6309918991842
449.68553212949183	453.8461538461537
450.8030025234728	472.73480422283524
450.8946059770458	473.3230840738461
466.15922947350583	477.5601168998419
466.3491125555705	486.16933022844114
467.2136902718706	511.7207510850084
471.1842494696603	507.75282737177224
487.57237750880216	521.2820798013984
487.96131185284383	515.1850705662519
494.17059540742304	481.9993407830148
499.38723317829874	478.4912887662761
499.57233912098104	459.305617096915
505.6668539613661	449.0753971582568
508.4975048281946	441.5314522252692
508.51679430583107	411.19133639561795
509.1815738782876	395.19256679094457
516.220470118693	402.3088232027386
516.2719687360735	395.15938620676127
516.3846799688257	374.0036211517537
525.3227993419323	336.1992912352833
525.3459251367912	329.52769558443543
525.4010511225655	329.28991713166147
533.1563706433217	329.7142054115081
533.2301132182332	319.7692307692305
539.2844809729621	299.42852450388045
539.3673600431849	292.16123770335327
544.7763555844613	264.0014202345721
544.8996961500889	266.23970563213794
545.7268103707577	256.2816620418169
553.550188534552	244.30769230769195
553.5525605931879	230.97825878862554
553.6568672573396	203.49813472920684
554.867750373664	202.9355101447689
562.0	194.0