83.0	258.45411122196083
90.45294866032563	277.3170420058326
95.63804944745179	239.59055709892542
95.64017980961945	259.8177701731886
100.26453927292681	278.799679919129
100.2808585014312	294.1773741485817
105.28634789465332	326.90657158814446
110.71947786085629	320.9902952491412
110.7440828979941	346.2533133804777
115.55940703845782	367.4641814592622
115.69448091395455	359.1281881727894
121.03912305833862	371.0117867421405
130.90964425043447	421.85852698882996
130.9305528631422	467.96315575347853
135.60151472234938	480.1032272163124
135.80032648968046	474.6861398037066
136.23179370148992	495.2977379635323
143.76023256124273	506.97368353948394
143.7982872568101	517.2249125228702
144.3884407528507	523.5823349935597
154.14188705195645	510.93876140509735
159.15386907301516	501.7692307692307
159.16760507024046	489.18047302036365
159.16917406072443	484.80246085210877
160.308384524999	470.16736019884587
160.96861169439794	460.26579075283684
174.06651741967121	450.37530246742557
176.80054743824186	440.9924056790973
177.37842952397392	429.07692307692287
185.0432648495259	418.01408775687594
185.04628796883432	402.81807507426475
189.70018877978868	392.08248818709484
189.85827446223078	393.07637276573706
191.65398187826398	372.5384615384612
202.3746260488931	364.4615384615381
213.2139558730278	324.8110074000932
213.2152576941813	308.18855503931076
218.6787189756782	328.8813398455654
225.80900430864543	339.43884245794476
225.9969038235094	341.3991620076236
236.17292271916858	364.6940958041164
236.3331485687655	387.47608396788
237.26109130509678	376.79321910993053
250.4129542753588	399.0589805426579
250.45604727106002	405.01532541179466
250.91196633605324	414.3337415190107
260.3117952517453	423.43915620619833
264.1178669215042	427.25719982246187
264.1691612437688	431.3304198335537
271.30404067073954	444.3106843522328
274.74508210392315	458.78307386441253
274.7724135901671	460.49631647886144
281.13900001071744	504.7713207668923
281.5456393599303	482.06212390652223
283.6593935581131	501.156294445813
294.9300311776453	497.076923076923
294.9358651361955	507.07976477222843
295.3014665443242	531.4477235846047
305.6644149007232	537.023655933423
305.7495870454843	504.3827946319992
313.8884208198442	505.06476673201297
313.9726750275416	494.8211481556239
319.53274777093026	496.25557484380255
319.53928479943283	483.67186257417075
320.2238003702886	470.8439381122796
327.77138661456235	465.7095473146931
330.04040095691613	449.4986427155309
330.1786256912368	458.08752069390636
330.9163816422916	438.19688712803264
338.1028839214134	415.59215357055797
338.8488507694594	426.58025641415315
346.7401522493298	347.4472795184073
360.17065436172743	342.24359873828814
360.48522134730314	363.7900093604208
368.5171715367002	348.22073730858915
368.72480062119064	342.6153846153844
376.2565077904279	330.94754850237024
376.4082277661311	339.1481592980279
385.27674384995925	337.7863940254461
385.31666078798787	378.8653660012622
387.6335239478336	366.2810456925005
405.9883356501602	373.1249394883162
406.2322712469715	382.20973865844394
415.5976127376704	386.6923076923076
415.68798745222216	421.00932064676283
420.22285263236995	425.7417066568287
436.22330078570064	423.9999999999999
440.68946581370864	432.8178578341253
440.80095449793043	438.9230769230768
457.47861534726206	464.8258424757367
457.5232455579567	475.2376870008343
457.53115242414333	482.4229692415106
471.6077853093382	492.58172806274064
471.616542153979	491.24091990117665
472.84435923093287	509.21533648940147
483.4676134489937	515.2765450778952
483.53994119518893	518.1396014628724
485.2222516556559	498.98211128513236
487.2125961530762	472.4646918613859
500.20266402332436	459.1144568677166
502.72748793509044	470.2424714310856
502.76630619323504	403.096005829239
503.4863130315345	410.8127079411099
505.81579602813775	419.92943622186147
506.3269943209912	393.804962816618
508.9372122320167	391.4412547003926
522.1823526994575	342.1674295300738
528.0205203630404	351.8728973068571
528.0977194045199	331.946677177759
533.3310748147154	308.4347447842882
533.4829166534499	309.3692076997106
534.3905370573475	305.2921090059808
541.5474225615194	294.6153846153843
541.5490979345552	281.8697079565238
541.9195179440835	243.88469849815758
549.8826389470141	251.26358947408
552.6859158046555	224.64698819188817
552.8101564163807	226.39024410425148
561.4607500131009	195.8174935017815
562.0	194.0