83.0	192.82019847432193
83.23251113897624	201.16661166915762
89.83793894193782	228.6730125545746
95.33107314286244	241.18638808583535
95.34487066438335	252.19230769230774
100.21682582755238	273.48676739210623
100.25567912831245	282.4036679105012
110.8846574110116	331.7912091527564
112.92224721659431	354.75600737928795
113.04605749830534	343.46153846153857
121.0040445307975	369.53846153846166
123.52783391098484	389.837190439886
123.53171880452123	403.0811423783737
131.11999561622875	427.75552980877063
133.63223068665553	441.3680470703949
133.67449901220576	452.69205625699783
138.64703602733331	467.7299389501813
138.7058182448033	478.7985002031609
143.9172265371929	499.9973467261073
146.08722560942968	516.3909749469151
146.15260312880997	528.7173557735338
146.55086449697808	517.8260186249076
153.41036693023048	510.3053292916266
153.5546425480667	509.79665689372297
159.02906275315183	491.39000817788923
161.31191234716297	493.6923076923076
161.46929021080226	468.6863931132394
166.47124662416692	443.1518312458774
167.21737034739783	444.3634678933657
169.6695142036062	445.23076923076906
170.0019355401915	410.8931297431119
184.7513973599136	408.29084933606435
184.80706840368762	412.2714200621757
185.39087847668844	404.29787476648494
186.98233076238074	396.7692307692305
197.9464824528481	371.44943834480006
197.94927011731784	362.0824331708711
198.08868300411842	364.4615384615381
198.4657774202807	304.4921072931532
203.848132186735	320.5346352852072
219.4508944272435	322.6309859033757
219.4531378439327	333.3682278646687
220.2430245798491	349.23425079616106
229.1036886717544	365.56588593423527
240.13406292323901	365.38461538461536
240.13971953402918	392.44647830946883
242.96177663166242	399.44152155276237
245.37336630442212	408.9912363052565
260.50980490389077	416.0286616227634
260.5282543877939	432.579523243492
262.9919864364817	451.9390779787297
274.67785259882555	458.9368977421258
274.7153625366866	455.92307692307685
275.9049427366195	480.04455006897075
284.9443990789755	490.3534690149109
291.0831647061188	504.6003163593006
291.5900736684276	507.30619211641243
302.1035994851361	518.5171195999654
305.3744392835285	528.2562325611608
305.57155385944884	525.6795922875502
311.33342419241575	511.7100153369813
319.4279094126911	492.2495969380345
319.47509054607565	490.9615384615385
324.59336705856975	410.56541573259506
341.2216545679063	436.30769230769226
341.3850683407836	395.6845762918987
344.8451283812935	383.049229858434
354.32527312974645	394.52146438758825
354.328828775626	379.69618181178276
354.4508097215733	380.8798018001403
362.50781625803063	368.78316569673274
362.654648659009	361.2161886417162
363.41302966309405	357.314892703069
371.1456621412049	349.98938304669343
376.18566871156963	328.57140512609635
376.333198975032	329.19280062829966
384.8535022045005	344.2766528480293
393.5501013707597	359.8620354707787
393.68097401034476	360.34620934491977
401.9472406731844	375.26026675909003
402.1420819390399	373.4014897938232
403.4149765074431	384.1873742778685
405.9637401560471	397.83770875390064
419.2077979669807	400.63724094196397
420.8463689676966	419.28158224986106
435.9235033986364	430.8345407049091
441.38725818694945	437.0498082305323
441.41798271118455	443.1822464422434
441.9556636040351	453.7417540144408
443.4441871825972	454.1352484566858
457.5157736416826	473.73966768894337
457.69464498626775	477.0988944581926
466.1039963073985	494.9466414555898
468.0956103310442	499.47104807867163
484.35258593126724	515.3352284957699
488.8822011115917	523.5654373586732
488.9093606461912	508.4114035918953
489.391620557665	489.763692970677
497.19888868493496	488.1537711603824
500.2246346129096	480.58390730692344
500.22507760936037	461.8868920773462
500.71494039639646	458.1153846153845
508.3814080156478	416.322406562691
508.3969370029295	432.96153846153834
508.90178094896106	401.37980655830927
509.0506640360288	402.61366382272047
519.3652122396674	395.23076923076906
519.4632679680907	370.3235152144158
524.5892573481497	355.16530984606345
524.7135629603085	354.6871747961997
530.9633754811009	330.6021189031413
538.8670095516073	281.7456619176737
539.0270567803869	294.6153846153843
545.1063628210741	272.4996358131017
547.4208971906047	265.78924262240366
547.4338834984684	256.884615384615
552.9123508207142	224.12489997464664
553.1105701635477	210.18790308948877
561.8557321210786	192.67827770534615
562.0	194.0