83.0	211.80711444986213
84.58243904659727	224.4343467593723
92.86843728477386	247.4599930225471
92.89379830031281	257.5465652843962
97.60592451053317	264.46276867166796
97.72682551822348	266.9093014623724
102.54889407368546	286.0305926253445
102.60897293712726	296.5343261087981
107.81628217968844	314.63376445401866
107.88323563885965	340.6416173994764
113.25374290014032	349.05958333681986
113.28364055148248	354.7569785522748
113.90209633384421	380.9132668152551
120.32900836426224	382.2540704933619
120.36293846230133	386.101606375692
120.72550902832089	421.5369672973498
128.5286136944038	427.9759255889542
128.55104215752073	426.075962433114
133.37791307659012	434.7307692307694
133.4361799944212	482.84662275546333
140.93440616475917	479.0042534045039
140.95076858088734	495.4364890821405
141.32269146388418	511.369349901839
148.2992654535686	534.6997225250631
150.9175440930125	524.681113601882
151.12328409725657	502.08293699185793
151.16149146013066	508.57217146001994
158.70159982079872	501.698250393396
159.54719847112833	482.5512066988002
166.85424015336713	475.63972988851816
174.4901846839521	450.53299936098637
174.54585786204512	445.23076923076906
175.49355149128087	413.4579702004686
178.01852922963317	410.93094695049945
189.64612849155355	394.69108142435243
194.66463619697672	374.06610079303397
194.82003881065637	376.9314072487849
200.3491097199451	372.5384615384612
200.4196468396836	355.86310477619895
202.03474060809825	338.4003090597064
212.63468993087085	325.65858436128957
215.63877485368516	320.84094303296155
215.6654130764024	323.53407986007227
229.8243060471927	344.1223025696584
229.831178070178	349.6259857429839
232.0676666505957	375.6255705327406
232.1347090858344	386.8574260506169
232.68444923545985	388.36560423769146
235.65778442420685	390.8481521722325
253.49976472985136	399.65490033848505
253.5053305918625	414.54798268155395
253.6810788347776	422.1608503209214
263.42919196646733	431.346107572741
264.4066521863048	453.18949518614403
274.3341500662906	477.32435151242817
280.95223106737967	482.01793299461525
281.0473819419628	482.382594612854
295.31401422493053	497.076923076923
298.1867613305123	519.2064003081067
298.5611699757982	542.0428682877266
300.46862515878485	530.0
310.7949622144263	522.1923076923077
313.3525669825377	494.46949736354117
314.15377096334583	485.73210679899347
315.1034792608345	468.1552778427757
330.37213492861287	466.6365902059554
330.38640016567103	448.0800502923445
335.96529137308215	444.614883980999
344.17185833762534	415.87329422071616
349.4640424768682	405.4855605673536
349.48815456960614	405.076923076923
354.6601491655657	383.5950401417828
354.7893905626561	389.46153846153834
360.6079310794113	379.2443830699895
362.8970983753918	369.3272834410089
363.0264106944943	361.3153687215764
368.64220488368807	358.23076923076906
370.8147278152109	339.42020837705905
370.86251682839736	339.3614622678157
380.9312146224187	355.23245644839324
392.9278714691427	357.88275495594775
392.97986143728906	357.58724861459166
394.1559814276909	368.8750756791722
406.9737763410827	375.30293512805804
407.01090087741244	392.94309883285257
415.24748689699067	388.8067920032323
415.4021150531725	422.1034555551691
437.07190999253737	424.877747246864
437.13174706883194	432.1057777908106
438.31463157991783	447.7630001131352
449.2502213598522	450.4348029358088
449.3176169876015	453.9573725308817
450.78778023569157	461.30769230769215
462.6844247083908	475.90062612508177
475.3284810252346	494.84636712275005
475.48874685681506	500.3317907050942
476.2661159122382	522.3782487532394
479.0193855662221	518.0139409844885
479.10272505486364	512.9641496040342
493.9746060836431	481.7318679567745
496.741162870115	495.8461538461538
496.87819113747173	462.4902620605779
502.71911361794685	454.0398245119063
502.7826440689411	454.8828894581382
508.51608597264163	422.75191513966297
513.831672815451	420.38461538461524
514.2217404584052	373.88369728517426
522.2435773936445	373.909904420916
524.9219231709261	345.84310999144145
524.9532894740639	352.2888085434125
530.841546345677	339.63628598609273
530.8503682400616	329.0621475725712
532.6489385087933	285.5116415553474
541.5557598719956	286.5858881469611
547.7215336024989	269.4615384615381
547.7524147729848	254.61221898072313
547.9249726377041	226.23871782276876
549.6230045039607	219.15384615384582
561.0655710208904	202.3924878537418
562.0	194.0