83.0	218.40267934981566
83.27801940601032	203.29496688623192
84.64937913217588	220.85492329600956
84.87914391332151	232.3115516017107
86.83314557175932	253.45676175521956
98.1142857253689	257.3353441386559
98.1281963324779	293.09040701662576
103.26839131175159	280.92839493557113
103.2689373098506	318.26486809778345
108.29919843631558	322.71392069546994
108.30019714546415	336.57710463019384
112.95497161599205	367.3413826976358
112.9816861869211	348.59195455274346
118.0900726848329	393.29715805475104
123.52559387460454	415.3990392867843
123.5428529300234	400.5216433600267
128.3943749305913	408.6538461538463
128.4915544734807	432.9535102143072
129.03563643459023	450.4719796900757
135.89252314842986	473.18549354232823
138.62752761021804	478.86191733202276
138.6770535699489	477.4414234797045
143.30164958031557	511.81624254287277
143.3913309778874	531.7383739295904
144.24564021771025	540.0767746387658
150.92827621672254	508.6445444161367
151.08181477021765	500.3040046860539
154.26620993143445	490.47508989947227
154.38185525349905	479.6826995836747
155.79647318385912	461.5358479151622
169.20445933486232	439.33589802061266
177.16720918307766	442.380156332868
177.2115980716927	420.87798986694014
181.67950723420742	420.92590027355124
181.76361256452742	417.9238127455022
187.1707497662064	407.5263710846837
187.2092708743509	398.55120348187444
192.28341829992183	389.77278081966506
192.3605195280155	386.5091672708747
192.736795477106	380.6153846153843
193.46036181495253	367.24525742375226
202.75612481275255	359.7145419697484
202.83413221846084	338.8213528882861
203.67543718974161	338.9284530681839
210.7870999324675	337.1606248913922
210.80460633181514	328.3540417530134
211.5372435343091	318.61581467288636
218.38229021814468	316.9574775434577
218.6884875817454	327.18583880930805
225.7736120623218	333.22889629582033
225.97693514511892	347.2722565831482
226.70233554495428	355.18854899258486
226.8477210505226	357.42760583998944
239.07966471586263	377.09250824077014
239.1105698371225	383.12172341901254
239.80691625290183	384.71463552607554
241.93648952751442	413.84037949413454
246.67716648586537	420.06004971907964
264.31914552383233	439.4629504577957
273.69672048942624	447.6923076923076
273.95572366385557	470.33481617004276
281.05471061723233	477.4152433867111
281.2314537123463	475.4823444782022
288.53130146011864	482.1573212021091
288.54918483526444	498.4638339165688
295.52358143488397	510.1487479406998
295.54634007034525	505.72080982663266
302.30829159512433	524.8661543241977
302.3250545728093	526.8706982633329
308.4317170803423	524.7509492080844
308.4571105794329	521.8594342173204
313.5482741851636	492.040059311755
313.7157740194557	486.0344318898812
316.39080849601856	474.443803499737
329.71563830215905	467.53846153846155
335.90476540363187	387.3815786395575
351.7977041158151	395.73031836140035
352.0010535325913	395.38380624281547
360.29774268332613	380.16524076605526
360.371262895062	369.02901381770147
365.84111134302793	322.23864945204735
374.19238735310535	333.2839998542254
374.20234263565055	332.6986702651768
374.75260737002634	340.50533044907155
385.15305334009054	359.37383327714144
393.82557939957053	355.29663276045767
393.8256943145366	357.4492219128638
406.7008061757333	373.03313940538345
406.7754371400799	387.0804861958824
415.746407059317	400.8315956226499
424.04617402177036	412.89927182407655
431.6710181078755	419.6315453712701
431.9068543706509	431.8711450392251
440.90285552632184	444.48853112128006
444.66782578866656	439.2739140813004
444.99519271783544	487.7024115025518
471.7322982911459	488.74002528181694
471.7328971343707	493.8492196409141
471.78317259749514	500.68091656855313
484.30000461355826	532.1311136363325
491.2123736134973	501.5069712994239
494.37235380260717	495.40394020759624
494.42826222148193	488.13979734297686
494.702346668895	482.8268570105095
502.2031376548596	413.5354498329335
519.1685933959885	383.2247953490105
519.2359520498289	380.5795111125976
519.8516217405885	358.22896178255655
521.9909493053956	344.9230769230767
533.7842473828791	328.347267838
539.3506032561379	304.28782789194696
539.385312141734	294.6153846153843
544.469954529235	257.95931895657895
544.6199665829706	267.67223319601567
545.4064184944145	249.7225133519166
553.4362522762046	235.84523782148233
553.4807202086506	224.23120178308173
553.7854595188805	217.58817095920094
555.2229582726558	200.1048548724102
562.0	194.0