83.0	205.48126847738467
83.25343330912135	210.7793115994038
90.5397259266927	227.02496375602465
90.54467101629665	250.71609073482654
91.01858779198751	254.39085835562608
93.03142291488857	278.01223979515413
103.01084118283383	295.4236569847827
108.19360013985343	304.3461538461539
108.22722563960153	336.1583597106976
112.7883112621113	354.28603340321064
112.84215951861015	347.13980969286894
118.15877161199515	360.7153861932884
125.40151164408289	398.3386373736396
125.44341275442278	421.8625574510475
130.96862616950492	435.81804188966385
130.99616156669117	434.7307692307694
135.95487554516137	456.4092103637399
138.0490207399763	470.9187697204585
138.25434984742807	495.15129294736926
143.15081941724333	516.1128453944235
143.198943306791	504.1028912283014
143.98489772720998	512.9615384615387
151.23769469204817	513.289877237414
151.54242072873961	495.30452908546437
158.7606476301214	460.0802462251863
166.50469524008713	458.9521963137946
166.5968984034537	468.3350156853422
172.06987414198377	459.5710913951558
172.07975058150316	435.8810172130466
182.31754273110107	409.5278586207017
189.9038305791304	399.549136070681
190.009577907373	391.1248050985858
195.11935948860489	388.6923076923074
195.1238100655441	377.06437528454546
195.26140620359314	332.6761943321984
198.22596400958406	354.96689276853374
198.2623244687445	348.3076923076919
210.51814025863354	338.75658554846973
213.3765773346419	324.3050229791469
213.3823924456918	318.4784829850653
213.95280801639458	318.2410962980661
222.8375941023267	335.25337706153994
222.85100169747744	341.5750057313593
222.9755002798445	343.3573912026614
232.4904816957866	378.4853429103727
243.28830834818012	382.9405051413464
243.392714660932	388.61496024779206
244.36717272248222	397.5059883929557
248.64080445170327	409.67803935810014
260.45949579082003	421.7848504759754
263.7838986017591	422.99999999999994
263.89550883370396	431.23076923076917
271.1252583172851	452.1069007022413
271.13488370457696	454.08547090051246
271.70783285140584	463.9117539302444
280.69259808767043	483.05405399281165
287.92980002370774	488.43748124064837
288.0043243174225	504.00428347032783
288.92164079393336	501.878442701924
299.0352899127091	514.0786531059327
301.38843391153574	513.615051138125
301.45104060703596	541.2146133652307
302.6174289479847	526.8328691375774
310.8023151555085	517.9791798737149
310.88570526512734	499.4411888942843
316.45851763593424	469.2559137452173
316.6255479794858	483.72354163093155
316.8549786429803	477.3398379586755
327.6941342811557	464.51877030111433
327.72627370493285	459.9540628108801
333.26788228520303	454.8737438172723
333.2807054736659	436.7968918274554
341.33339503208344	413.4841209652548
346.05188915827483	414.9381361213897
346.119276046768	411.74142649040516
346.717469825264	386.354789493743
354.2834459551933	388.7215459772172
354.49228226559455	379.5793095266834
359.9773698595112	351.9711802250287
365.2317372314056	359.5921660553525
365.9924381710836	341.01080961346224
373.6059140900242	341.2489612338879
373.7547749135595	333.7761209652867
380.9949625043824	337.47504333184605
389.40944903589747	347.84244877783436
389.551639843966	351.2735816596795
398.0956289872131	357.21227717403735
406.1104823200805	388.211380116637
406.4305428030323	379.6723394766692
415.266038443907	386.6923076923076
449.939004290852	446.38461538461524
449.98576575738616	461.96337930952535
457.7027687974477	471.42351534378116
457.8451406321468	469.1845812122549
459.1761419867962	483.1314171261872
461.76279009016173	492.45746837242757
474.8520765848698	497.24408913674614
475.1890863087782	507.35666738609217
484.63393978282744	516.8315156355213
491.0883314822576	496.7117513128695
494.4102362356969	497.4878226330468
494.4470317997476	486.9909923888656
496.52704167148306	468.69311632584095
505.18599286714755	393.70465996293643
510.63968337708883	414.9627904119664
510.8073926506206	398.51057439632234
516.5217071112074	401.7296417766207
516.5358154066297	324.93746330629364
521.1666773853351	323.7713484667217
524.4242811527673	302.2738993753201
538.8610744395017	303.28960112918907
538.8994078945408	271.44039729380773
539.2433490790647	260.92778243180294
547.5623989771339	256.9389879238481
547.6497459005384	228.03716037045163
552.807427153644	232.449073269149
555.4823589841792	223.07493485450738
555.689862849202	215.997954619362
556.7586474177581	206.57692307692275
562.0	194.0