83.0	220.76051028494453
90.25841141767897	217.9252980248286
90.27992347767903	229.94706786188343
90.78930295429896	240.5836066244508
97.92687829227788	346.2654592856581
107.59317698694262	304.3461538461539
107.77337778313655	329.07367542579914
112.90048141522952	353.1654782456494
112.94159277541878	343.46153846153857
113.03907037645419	365.11709618192873
120.94087786239555	385.41263817161075
122.97111079386106	401.92115962331343
123.07179459735076	411.5923261875698
123.08488278493783	408.6538461538463
128.77591620432736	454.2144918866495
138.2538453435591	522.8866573146821
148.52320989054596	512.9615384615387
148.61001925621878	518.4153052647969
149.4428514529763	517.9230769230769
149.72838811262335	504.6282392645714
158.77556329426744	498.4374740497829
158.93711119558833	490.063020348549
169.58286490801748	461.0072788374757
169.58683225248578	461.38461538461524
169.91278705945854	452.5990939286354
177.2913593709518	388.9645939161954
197.9521454791402	364.37378229534033
197.95358382111792	361.21906974682275
202.74190335272561	346.063932460035
202.77388139211644	345.6212153624335
207.430274520493	327.4555893852068
207.95290261969512	322.290020920191
210.58832919645405	324.12668417194925
211.02575365606583	326.7539290568642
212.4174945310618	332.75525577007284
228.72922511741208	344.00099027180494
232.56264776120463	353.09812383353926
236.08386683063782	359.3438207078735
236.27254476175034	365.38461538461536
237.1097942350381	385.32614307499915
246.2732190710454	393.3957188229277
253.87792561864478	404.4688925945636
253.8949256493053	418.5537783817178
253.97239236506329	421.3171624624583
254.5441338787302	428.3182251287243
267.869399495158	434.72581351911936
267.88288331341244	442.68572746991316
274.64470952946584	459.2089146120189
274.6820919063801	457.20987553505825
281.1954061635682	505.19089395461293
292.1377412535191	498.25480484723613
292.14134651353305	497.076923076923
298.1691317920673	507.86713368669365
299.05796203325303	533.3199526791906
308.0142260098391	491.4310732828354
308.6630145596409	511.16810366898915
316.0957098700036	494.9320988789333
316.15398155649564	484.7255197809109
317.8608825841104	464.3572125998614
327.3594619853365	471.52168272822195
327.4118908966602	456.6149056160755
332.5574293956486	451.40155074555497
332.6646834541356	445.97338830758486
338.496739675399	427.66322728750845
338.76007940652346	418.44072955901976
339.523418595254	403.89726760833076
349.1226254666219	412.8846153846153
349.2734096471816	394.97788828573164
354.6670983512721	393.83670176670626
354.70781639356204	387.8542453677825
355.2317871544522	371.33001072233697
363.1764158760409	351.24497108138223
370.73130334985666	347.80526357732236
370.7787604520021	339.06684393745826
380.563063191328	327.17535688262205
380.6861269268322	338.0417636779073
381.20986996199196	345.23210223289664
393.3010795130403	354.90750894302414
393.573026682303	368.2516222398552
401.6668174205707	370.3420390627177
415.65107580868334	394.7095701696369
423.4597568463003	403.4350286041628
423.75852581203964	425.7820817087181
432.4610133925621	418.873599343444
436.8193655352303	426.190448164003
436.84844647962683	440.1373864313577
444.626322959703	443.0018108304555
445.0437281370464	449.06818466164873
453.305166641953	473.49756470421426
453.69379663371905	472.05372424851726
462.3178987004522	474.70990073100756
471.3636003594767	484.79454313428727
471.41502232162645	498.60574065561894
479.81746803311165	498.6153846153844
479.9546912212596	506.97907251196915
480.4129319560933	516.6126572781014
491.2913071274398	519.5617742827593
491.46338029685	503.46524147701416
497.2775995999408	480.75663906586067
499.87272636327464	473.8252455385735
499.94078676736564	470.6923076923076
500.16390366038024	428.9577075934036
508.4038109544227	438.50854428053134
510.962025334947	404.88291244812746
511.15591568404693	407.80769230769215
519.4193541117435	390.78543320917436
522.5298617718139	373.0691919816084
530.8193801576507	324.0084927113643
530.853181958651	328.2993573936372
530.9236697859126	319.7692307692305
538.828749438383	301.6173998662895
541.9995007009047	290.7563041153351
542.0692935918437	264.8485318130481
542.5310338924327	265.86365198709433
543.9364754775387	233.44398623067713
552.8690118348718	235.22666551960378
556.352831797654	229.79069211520059
558.5224197490369	213.5178472675273
558.7225242823805	206.57692307692275
562.0	194.0