83.0	191.6064995575582
87.98034695636505	211.25760984545414
90.13657048015037	214.30616022235355
90.1770492023383	241.1121757660294
90.39030359369038	254.53716079151513
91.44694480120042	284.0946244901203
92.88756617357721	297.1159380838706
96.34949090100008	310.8297560692797
107.71799131493356	306.86830213706764
113.01025199130399	331.4181689341225
113.05566539780823	352.59241940012373
114.00017209180882	357.3603857182253
114.40736195485353	400.0554405832474
122.81321888889573	399.1449855903304
122.82375724036521	404.5925440570221
128.37922725843535	414.7309583246342
128.39283280325472	427.4938153197612
133.1497512180535	470.0059758814662
138.24481722576868	471.9517246324582
138.6022711126384	512.5882362368627
138.73058767572186	501.26930627311555
139.5952062266472	532.8718133562423
151.36294442237784	517.4499200987443
151.41844510766646	502.17008628758396
156.4397422139098	497.06014928032687
156.45875091502637	487.78154683999657
157.27368009059117	487.0088950890027
163.98896710469936	484.4702544883663
164.00013947069317	470.65498494358036
171.7796108847816	443.89042950694625
171.86461990527724	453.30769230769215
177.182628912619	437.3583443751682
177.2156857887407	429.0658795125589
177.45007908136435	424.4226430711049
184.65047960345464	419.3320709971829
186.90410783438958	402.35931844491677
187.0776206998876	396.14001565400986
192.68736325065734	393.77037902809786
192.71270391693184	387.77032014050513
192.80243846511607	367.7732342357594
200.50145261137442	364.04428166518124
207.50420030581682	336.95503824362396
207.5494639567035	319.62389854229633
213.02948402353726	323.04668827443015
215.8521597254882	301.28350941981614
215.86085804834204	344.370451090873
217.58055734955883	347.4669014704148
229.16697456703923	380.54670120302
246.77591940673466	383.34071986352996
246.81176130838523	390.60321778074757
247.09640791522853	401.5031151386579
257.1462461262721	426.859356724367
260.9217613696293	419.44386773072836
260.9412861441665	429.2449853108073
261.49828560026305	443.7292135984668
270.8699591958404	445.5007668918053
273.9183860855959	457.90124759637564
274.0391067055553	467.2285313432138
280.9153573668914	516.2162940645605
291.74204491376815	489.9986624023406
291.8726661378617	507.4703916500687
292.44944359446237	516.3975429888493
302.0548118833288	529.2833450540403
302.1784092838546	527.9159698062308
302.43147223910455	525.6812955303606
310.62983444132004	456.2286056788966
330.00182792427194	460.45836191891954
330.05655439070324	458.1739857593409
335.488961532688	449.50254497463715
341.3897607511961	406.58980676397624
341.4631440739662	420.6923076923076
349.57504159916937	410.79081730725227
349.59382598321	400.69713535958994
355.0576869560452	387.4415697735561
355.060474772007	379.47667020545913
360.0985862757295	343.5841185122043
371.35711035376835	347.0306339204493
371.46586708463343	317.09963556466215
373.096277472862	327.0
384.38060966703955	339.42741099646537
384.380874631793	343.935111200336
384.69218819259225	349.795966920709
397.12390111753007	356.8461538461538
401.71560484675416	364.30769230769226
401.97752446395197	374.93495126052676
402.035254950477	382.4593124935106
415.4237584848342	390.28406379912667
423.42444879426546	406.8497757262287
423.4490273254366	433.8369978160954
436.9523374371369	436.57180261492647
440.22288741158917	437.87015098591274
440.70106950016657	456.0980475778156
454.27726577250473	460.79123360836087
457.5727508309944	464.2692182159263
457.955824215584	476.01899191873144
467.1447070818635	485.4470672168165
467.2323825285817	496.28008026541715
472.68546920300145	506.59830594906026
488.3824222119315	520.9640314375176
490.97284270956635	474.93069140613363
497.1732868110313	486.57097198107147
497.19953133601666	483.2692307692307
497.4540836296137	468.91323910398063
505.28519836651475	439.5916599611374
505.286243261428	435.1685345961425
510.9850989884572	421.3317661062957
511.1421672094424	404.8665152070326
516.4593066168397	382.00015916862014
524.9551593558422	361.38036188648283
525.0374985744755	348.34067205724466
525.4482071518876	319.6311586699069
536.0116097000929	317.49326649489456
536.2307319609279	258.85879378200747
537.0706370243092	261.11099196884567
537.3548429161134	266.91661801484344
550.7143859178809	235.74380018525565
550.7180216139441	219.86200475173138
558.8283641849395	216.67941109397356
561.2851496171976	198.0108004884766
562.0	194.0