83.0	194.4223339859899
83.02183607712315	204.4521120304221
90.14046602855609	224.20381499697973
90.25646662490897	228.97222444336484
95.00944056706982	255.02050562223096
102.48053558363581	291.0297574090116
102.49954383923813	310.8222225896877
102.81311000440962	328.56096954178304
104.65606319845689	329.1213602829327
112.89296150673219	335.1312307206693
112.91740316313884	361.1189398644407
117.86630308215379	369.5341580030811
117.93148645151975	377.8617086790796
123.02470308648934	382.5769230769232
125.49362117294919	412.5059330974787
125.71078301407185	414.3078370528099
125.73672010121588	429.01458635930885
126.44651034812625	442.232055266879
127.88031258528088	473.7829013902379
130.34864796513878	461.3242975058625
131.13116611626023	481.5267121375059
133.26314668439045	502.13138400201717
145.90136544505646	518.6034413391965
151.459239126741	516.3863470335365
154.04028353855588	503.45892641295643
154.06670120234074	507.03074712258115
154.23380796580722	489.5583905131633
155.4220854469585	492.33897557561863
164.11107843196777	483.5233405483022
166.87257438362352	476.4876516816168
166.87648791257655	453.3979375533263
168.83296097022324	443.92950755418906
176.82135456517813	436.0127510406643
182.00955985441064	418.6424191323532
182.04644742208436	412.5422145549553
187.22195081090453	408.4786022421712
187.2329320308149	404.6466464512295
192.35594590901593	395.6074654204544
192.3832370509406	388.60847092091694
192.92590766027155	377.85568919803626
200.36207590475124	368.25379359291435
200.3868929454137	358.5301473348321
205.6478035452868	354.1080040558036
207.9921957659968	338.6193046143044
208.06100492468272	318.8110176157422
215.81086456052915	319.8874217685253
215.86825952228602	325.2998753989216
216.49268592408828	331.51616521020424
225.96646212896255	337.36113004583046
229.5918329365576	365.22860223332464
229.63557151557816	367.6309619523808
231.67703774381346	370.56090162751383
242.78159150978183	389.61496853358335
263.96171162927595	427.3203762251195
264.1132805968744	449.78390860093793
270.85776592337487	439.4615384615384
281.67276110262037	465.04949631601227
281.6916961238523	518.2183894654949
284.30232012425165	501.89765294406277
284.77049765347226	508.35234962099565
288.9654572716728	520.3117937464854
305.0814171289987	529.4069068135512
305.164216019939	530.0
305.5050300756733	522.1923076923077
313.65647219045866	505.81713214581515
316.8332158465124	506.57692307692315
322.24339499219656	487.09581266575816
322.25608930838104	478.21537571860216
327.46785087540326	458.81025938473505
332.8680709034084	454.83206863408054
335.1607564891447	447.8817295173231
335.26526990019494	441.41843639349173
340.7468408723141	400.12399447153257
346.65381318926393	419.8132176314096
349.1251729669151	412.8846153846153
349.3025114333621	383.13082896417745
357.5611168373147	375.2875370142767
362.99052821764695	343.9611499322992
363.29720808885907	331.46934086537976
366.5329202736358	321.1905716382267
381.28056713891914	335.2023791079017
389.43564808626644	343.98505889532424
389.55052501796933	366.13190353299234
398.3904031993962	356.8461538461538
406.4336027392902	380.30211338342207
406.5062123497641	399.57473765673984
409.1971831562594	400.09818154521804
423.9212383282502	408.0449168873511
441.0893931371402	436.0878545049997
441.13815288819325	440.7505116762264
441.6481389942114	462.44922792324786
443.9660205499252	461.58937293360464
462.98863841542595	470.7242915961899
462.9928958308236	486.42201565049334
471.62684792132103	485.7860245017472
471.6295925424818	502.64633905016154
479.90274207648963	498.79241644289306
479.919389637226	511.7951524799359
480.3486430830093	522.3275340013439
490.890300515308	521.0
491.09337086216425	484.52350025859636
497.2170617677963	481.151982473869
497.2539396750135	463.87637933862186
498.84950676109287	437.21483197792963
499.0206450509136	419.3428993720973
500.0137727264956	400.939806004217
513.5445529655824	350.0877648256321
525.4544131758272	366.88248277669794
525.4557373013321	337.16563983946276
526.1214033172496	341.3013579065362
526.4935786551782	327.19879828208616
527.537820979605	319.7692307692305
529.6699331155369	293.2526942700308
542.1919248901776	271.028525738481
544.4222874974165	257.881451950768
544.5320906445063	263.48014846577803
550.41524845646	239.17449041568054
558.8418159686108	218.579871905293
558.9535788151946	203.2974417525646
562.0	194.0