83.0	194.953491604662
87.8481482579563	215.26477934468437
90.22643458363169	223.75957724141568
90.26551353007173	253.28081187453247
91.09058243907359	242.04788483238661
91.11703831462972	283.5316611608694
100.57256936748553	265.2307692307693
102.70496052311061	278.26923076923083
102.88466850750393	291.3076923076924
107.62864731618531	310.5085313540571
107.77709960435571	329.43658811360893
109.95214101350214	359.79026560373563
121.05036782486798	379.50295924649777
121.05241870254332	389.48419768633414
121.42205017699386	402.47597000253336
127.90174245584082	453.7962370258723
135.72794224222272	447.76923076923094
135.7561412625902	460.8076923076925
141.30040393569942	485.02497775530117
141.31211281219922	563.8509258026685
143.02274391160057	516.0611648942121
143.6563474820531	511.576594949534
146.13445678315668	501.6004959633701
146.3245003158227	501.34863208997876
161.84606131938602	483.98215960356777
161.8585469664879	472.93421737118547
163.82145505177684	453.405981769982
172.1799507427323	460.22827278920477
172.18235151300482	451.040579435538
176.49529858000236	425.5973817813437
176.56357622679616	437.15384615384596
182.09644312154555	423.7263437026683
182.1673910558795	400.8833156949773
182.75066368167043	408.1381115111359
189.46550995636488	387.4265254689238
189.84101211863228	369.1786194784047
190.51100196333644	360.5210843555051
202.47940892002015	352.23140323515577
202.56617985898606	356.384615384615
208.21864669934604	346.2176360608676
215.8976313739852	316.6609720657756
215.9102257158503	328.239790745852
218.63345417116855	338.4437149380042
229.3622114554961	344.7203159794004
232.85776415155277	354.76939691016497
232.89006275573377	363.2109351425019
239.7593005969642	372.9414923786996
239.82921556508086	379.1988275409244
246.42546828334002	383.02179872196933
246.51220118512643	406.1466310273594
249.0069511868975	406.79014759771326
260.0244726234802	422.6333350055491
263.77373505143	442.15042725262765
263.8003937999618	444.53176202820106
270.5395439697892	442.6979406289203
270.5432962951772	447.6923076923076
277.8662553549506	474.1976015265111
281.40420624301015	464.1538461538461
281.4845867128499	511.51404096162344
291.9481118196517	499.3505741601787
294.673796585691	502.88918944575073
294.89641591072893	521.8141194101975
295.9162744711011	513.6013607414975
296.23739918082975	535.393186420889
308.05344975518284	518.7949689145773
316.0608464247488	504.6491527975699
316.2757283081791	487.815114091913
322.3797454238874	467.8916193262537
327.074255954525	469.50465547086446
327.199024010389	456.68081164133935
332.7507797566899	453.7658516786914
332.82860530008014	438.1114200818003
333.68739733585676	440.42183296347037
341.43522371843557	414.5417064496283
352.40623219720135	389.99627934994703
352.4077447444121	392.4554241792765
360.15173425675243	364.48762810340565
360.2619960085607	373.8461538461537
371.0145002341481	341.82614295317796
371.1342102015543	301.3331543474082
380.0285457371167	336.4231291413202
380.13407481336327	342.67546433792603
389.27215173374884	351.30279024859357
389.3139669593812	359.8067266240847
391.61901608911245	369.65545742019657
405.8286638215468	382.13378173237163
406.19074754638456	393.9625747195565
418.9310749813214	394.59230337935236
419.0933131849965	412.3222996873401
420.462801876864	432.04342353760757
437.1265790989619	428.7710798349191
437.1721485022639	447.08134230015867
437.8494415254209	451.37230555603657
442.1846694726654	466.81669404455374
443.29020410178083	461.30769230769215
443.58726823307904	480.0260856837037
448.21194878161737	481.8177174293501
450.26262660885527	500.8513843148875
450.64082740755237	495.8132646480945
479.6754461370317	498.6153846153844
491.4662725938944	506.3072985145272
491.4905009189762	484.25121765099357
500.1266463428238	475.55788379356136
500.1585115366782	459.974459491198
505.38371829601687	458.1153846153845
511.38272708085185	423.0161178889941
511.3948995574232	411.7722500363916
516.7139128187563	402.071077360305
516.7449339552838	340.80952562244715
518.9806482798352	369.04833162514274
527.4368737985444	350.2176889297761
527.6858125542387	338.58024356701526
531.8858372629394	283.8595662887156
533.3443566404284	272.62670625874216
535.9921818310803	264.93436149408916
550.46708377035	251.08906865553425
553.4787545129284	224.2515027623449
553.4895160076385	231.73076923076889
561.1582402523381	197.5346289489437
562.0	194.0