83.0	253.62725222385552
89.90190558203629	234.3150052913823
90.12458263473525	233.9678441218948
95.4239890101261	264.45175746426474
95.45937305255765	305.9081384603978
102.47603244885266	285.46068221418017
102.73838476072505	295.70575178627246
107.97890937052524	328.2294049585858
108.0878998537812	317.9754345622846
113.14801848973435	344.67682091795905
113.16645418486124	343.46153846153857
113.92313542907301	356.5000000000001
120.80744478593469	378.252627963064
120.853700563345	400.9094237301613
121.55213350992008	417.8207727566469
128.43576130714126	422.54077182118715
128.44089221894677	429.44259475188704
133.55456079049785	494.8111116068092
148.966653910427	512.9615384615387
148.97473897604758	520.694606893311
153.9356093646225	478.06272390938796
163.83121707831143	482.9785340245223
163.8424685030873	477.53846153846143
164.1638129750179	457.3652181500557
171.7520679530996	456.99490118616
171.88546084563788	442.36746522403513
179.7802274070319	431.2393354916055
179.78522223591233	406.7532041721769
179.88060813742842	406.763947210092
187.29943320370276	412.870007548863
192.390822195069	368.0432341143595
192.909605175463	380.1706852812637
193.79381610255825	367.052009094992
203.04104694751754	363.9453151712751
210.18019131039384	334.9759576498533
210.90728193685354	319.56542040708825
218.64844775559644	333.2570380539236
218.71306701469214	338.13340351745956
225.945409510689	351.2760988061539
226.00002629058127	367.859856350313
228.7726240774706	366.5727379221813
239.48304958325136	371.4286112606443
243.3289225569066	378.0546955307355
243.3442521280405	383.84880882277577
244.3911108051338	403.64984279626606
254.00600080885232	399.68163818358556
254.02751464825687	421.63175460345576
254.2709575850519	416.19027353092423
263.4466773997033	428.74956367569314
263.65687339929394	438.84485651778573
263.7065418501775	450.47765470068464
277.80695905769824	469.1679410435759
277.8694397733491	510.9668275410785
291.7093603347908	494.7470129251879
291.7682606011703	497.076923076923
293.7425141035183	522.1439424760765
295.69304556281713	526.3171164442404
307.8367689160393	527.4006291796653
313.53887318782984	513.2936578956853
314.3176657499457	497.6246873873355
321.55499046506947	479.9805620386764
321.7719881471534	477.70792076197114
322.87403399597144	471.8435979915796
330.5013330546703	463.1903847849054
333.2158987345709	452.6266112430391
333.22589666164106	443.78852650936153
338.1001266805215	432.4659357997019
338.4569310118901	427.5453040229849
346.498734043276	402.59544602033696
346.5281458400414	395.4391133859601
352.2307233513588	388.9376526679677
352.2893963121702	381.052010472662
352.83025339052455	389.46153846153834
356.1821409422033	361.7573600620726
367.9859163170802	356.984263663139
371.2165413777595	346.2475828820797
371.2404187049664	329.98792918898977
376.70173065643496	332.9013215952409
376.71077836289925	340.5673088728624
378.1401087595785	337.9681925917773
378.30412014250635	351.565929949683
382.0628123557954	354.88012285888044
397.9319060573392	369.61045129256905
402.5574045145691	364.30769230769226
402.6351333493494	374.5566422158262
403.5616303650958	393.01174807367676
414.4458000379824	394.5601327160354
415.047808704957	410.75531953265704
428.0491423034096	431.94702371561897
428.41112736305314	424.8961578345183
440.87872364681704	447.2014869043211
445.6326369082476	444.05781838156577
445.72226074623467	446.38461538461524
447.04298787263764	471.2082496055439
458.5508367308538	469.023473597727
462.78720668759803	469.3959683167638
462.79500969706595	477.09965744000743
471.37551775666157	494.7141709270607
491.4001702783423	508.187198949266
491.4998611679325	502.0279095433961
492.94238758188635	481.9653230766992
502.335256953501	464.64480369820825
505.1999282189212	431.4385866595117
505.2139990871446	440.7506366983726
506.2435479182744	425.17284925469755
513.5924855282051	410.041124655082
513.7275383942264	399.4764901841845
514.8010999189177	387.8310945911291
522.3055766165594	382.4462982758026
525.3468972128375	370.07692307692287
530.9160572217093	340.6934547298131
530.9664304348805	306.88290923400984
539.2555917214294	298.9197783313324
539.5165212295807	274.31795723805
547.3529896065396	246.78854231485863
547.3769650117277	236.38962551485952
553.2758303870974	233.5802943124729
553.3009635581014	213.97232743855605
555.3544527863178	203.37595485542437
562.0	194.0