83.0	195.57076680941339
83.05498934391355	242.0573790120607
85.75706801449246	235.5991242106879
95.39960277363822	248.01419541691322
95.44512571631823	257.53502064882116
100.19148099751806	279.76068303679216
102.54711129018392	286.5361088340429
102.58838207964718	297.923685012309
108.29817203300858	396.49642983006146
120.81691443787663	369.53846153846166
120.88323823625119	382.5769230769232
121.04285013241595	422.86600307029215
128.44265578870147	437.14065724635645
131.0339587977693	429.575059881849
131.0504573695386	451.3220037097247
135.6297150723364	447.76923076923094
151.16961528686576	505.94749585377315
156.02765486293373	496.8476646182974
156.08312500087226	499.38800484954635
157.08681335740104	488.59371768089716
164.4540960452781	475.6485212412279
171.79993535227206	449.50059548304256
171.81621330927032	443.72862967070586
179.27658840604678	432.8408359609325
179.35864885430814	400.90880706590383
181.99004593360877	396.45329504952883
192.63707246096206	379.74171882554276
192.68801571443552	379.3754153733077
193.09912418123403	380.6153846153843
194.33488969441217	360.2460803538973
205.5968257267489	325.1970518316042
210.63160974561728	334.51321869372
210.6585602788061	322.7801373318157
210.80418323369446	318.6793952037819
211.77059519424765	334.7278234426886
212.30378052817412	324.2307692307692
225.61287395325334	335.4750064455025
225.77453638899416	350.4182133380424
232.97462633065288	362.6168895629055
239.11529822806347	371.4790910812747
239.42168914315698	373.6153846153846
246.24408655991465	383.4496524493939
250.12386478042953	400.25178442060303
250.2325152513279	406.19294406771184
260.2176285505295	422.8838837473626
260.3847918054345	432.96692053477733
261.4683924372528	434.7217354047805
261.496479130369	447.4415436116372
263.5250430687479	452.1036046339682
277.3506714449214	457.1255651025898
277.45635935099483	473.535827330976
278.77410058211245	489.3431859862099
278.9570411843321	488.5234931587223
291.71767685663883	498.1862189360147
305.1633121477955	532.7820260832237
305.18263394612273	527.3894872051305
305.39515326266866	516.9913022835685
314.0529946247133	498.2241508025685
314.07972041526415	504.61150130443565
319.30926969191904	496.6361505543092
319.3854495625264	479.1058295701536
324.98855369746707	480.51161448876906
325.0182728109205	474.4777875975625
330.5763133675206	459.44596171545294
330.5763790561252	451.3997875254224
331.2136462286927	450.72812234100866
338.13505447593815	427.07641767155536
338.22740406317735	416.7807775773056
346.52012791983407	414.62904560619796
346.57818659484303	409.9593337960955
352.0452021165631	399.5799839069775
357.40609971020405	379.7511167550252
357.5405762664036	381.653846153846
362.4643728196543	353.9687655167255
362.4743288377013	366.0384615384614
371.0999946081803	345.5136216387938
371.13730128831395	325.25975131910457
372.17995305961057	321.12258475204754
381.25346521600244	328.87333784398294
381.27037110186956	338.2822577668891
394.111280297226	354.0739637727022
394.14841210492176	360.55162982005214
394.84454286000005	373.8310721287222
405.99902937344535	373.35083921460694
406.12268913324414	379.76798466238444
415.6687678101297	399.06713613946164
428.16876600456624	428.538629872335
431.59785857920195	430.5637347103479
431.67377455755235	434.7046903451676
441.0374861630684	444.7254570519544
449.91384694871726	450.0024520483842
449.9219640813063	454.7116443253178
451.0277221926943	474.59900646121844
466.4763842220593	482.04812600453033
480.3060762413672	507.06808723401394
480.33196305245747	510.1450661251147
488.5912763546695	522.8940288019924
491.3386626798371	514.4990723582812
500.2031370975545	480.05414920970475
500.2032344450472	450.51602337287505
505.6076088489179	428.38362918481965
505.62362155878674	439.5331841276531
511.0287559766873	378.4725067426379
516.9221323099658	395.80364844645044
516.9675124711363	380.8882391981587
522.4649216795952	379.8707246960817
522.4906965001518	368.9837373813735
527.9565310248307	330.6536866955583
530.3927193182393	335.2871170897762
530.436649487269	331.4405586574967
531.3931461543893	304.4193915002755
539.0083359227899	305.00350526999773
541.5963324522672	294.34484341654445
541.6004275356306	277.3998694637495
547.8500972977407	237.90951360555977
547.8613133615601	248.59498778286303
548.8250027822751	244.30769230769195
556.3090897865326	189.3811543024745
561.4543528574011	195.18164714167565
562.0	194.0