83.0	192.64268278289765
87.66123653494314	200.03846153846155
87.66627442466151	240.24454244876725
95.5704109790909	256.375057367913
98.0410938990761	265.29837496059247
98.09857725254356	296.8608617218843
103.1873422574746	289.42757122306443
103.20039233108851	311.6579892933341
103.4358398514532	310.9155314508102
106.1286597140971	339.4252116590151
108.37903504522961	343.46153846153857
117.97649092301063	362.7470183982182
120.50960109865434	417.28318562060764
120.70061684630585	406.8683301328824
128.39723309281197	410.61710824646735
128.40203648409965	428.8492288977352
128.72056488092866	435.9173771460444
135.72787600986985	472.51789231892667
135.86960213056034	491.2381683108703
137.71405688139043	502.9230976007221
137.96320598951658	524.8530578696619
148.9936415664577	512.9615384615387
151.44308437899696	510.7026561625341
151.4544936255822	514.6042340040548
151.985881367021	503.7717187443611
158.4848344814897	489.2672787058393
158.4869021039987	493.6923076923076
164.32606493544276	485.6153846153845
177.05598266677774	438.43469609222916
177.10245901007997	429.70436272219916
177.29220145054956	427.73331716319154
179.02247401548456	404.0720401411338
187.08100495621457	412.9230769230767
189.86376249452954	403.62724051755134
189.86703321665726	376.6027226692153
190.57550127841745	385.3040911219764
197.37209150199354	346.3248957234938
197.87010084952558	355.55014030528787
205.17316056115467	356.384615384615
205.34426543628834	336.49894281770815
205.38695915106652	326.1440466944696
205.86413246329133	319.3456987815117
208.33851909519782	317.5647637168307
222.66864266008545	325.1749183097742
222.70751817572545	350.18701600985383
233.02847783906174	360.20249720749257
236.55723333765675	369.31605075916104
236.57123312275482	366.60780208949865
242.6311486184287	375.69591185101643
243.07825329090903	393.79349990690775
243.1672076741055	398.30769230769226
257.2742857484281	409.38954132037645
260.1490297823216	430.7713513086387
260.2972751469014	422.99999999999994
260.32117067807513	469.1988530913487
262.8896315022717	454.43216575753104
275.1739182094589	480.6153846153845
291.234741925588	488.84615384615375
291.67038774484655	513.0178804210548
292.5135047488643	513.8501665040187
305.2769221364574	529.8712385720048
308.33828307746074	521.3816147328363
308.3682891740659	522.1923076923077
314.11237356673246	503.981901348152
314.11504561462516	480.85866260242096
327.32709117573154	462.93767671382795
327.3753401267584	460.3441944077142
332.81832132097253	459.7307692307692
335.36891885021413	451.9230769230769
335.48949854760366	443.5341409462383
340.8472770867237	425.93327800916046
343.6043290713216	415.3693419332294
343.76338106262534	405.3608601661681
349.634391312163	401.1534274134116
351.5911285068608	395.8591421797398
351.8501919037111	389.81282081885274
352.93965791381004	382.1431567256358
359.89195828125924	346.38514161737737
368.7809018498763	358.23076923076906
368.7897666714381	341.4367069255655
369.54741862575787	339.7258105946081
369.76427591335846	324.0300259561499
380.53380012383195	327.0
380.55460604041355	369.56380856338467
397.70471679370394	362.51778774626484
401.4920612619115	365.9829233827114
401.7660467193743	377.4429762765812
411.3173201643057	394.42881187705194
411.3520692857428	394.25395453443105
412.32515771703487	394.1538461538461
423.5817105311573	413.89390047291306
428.69182571786723	424.41541229514365
428.6918848908855	438.45725431487904
441.10572868534393	438.43179932935453
441.1136988038957	444.54556020149425
450.0442976886761	485.7819679824801
458.4305301817088	461.30769230769215
458.50182504104106	474.5145827056265
459.3632304353789	499.8081704687199
462.63573509797493	491.15384615384596
479.5128831719253	509.2031828429649
491.41386487595065	499.86663817267623
494.2673505270335	508.4230769230769
494.31404709623376	485.82699208903125
494.3309372520757	482.502567168633
495.2118575370795	466.5286213908975
495.36738649171014	456.12739884776556
508.2433008886444	439.0085603691729
514.0739530497657	397.0893502426092
514.1094505843412	394.6106560835441
514.4963549017793	367.3483425688309
522.2431655817863	346.62086832855846
544.5070391132647	276.22233811334047
544.5349819799175	258.6975681605225
550.2602785762955	249.99967281844687
550.3551468813373	213.53543639457646
551.3440268034063	227.5738358364198
558.3128964988006	217.33510131365495
561.6991629562056	206.57692307692275
562.0	194.0