83.0	199.51519869862256
83.09985445641183	205.34099183067642
83.96930233941545	228.18032011027043
92.58814161409423	227.24648978748917
92.59536732409676	252.78497717663046
98.06634101041317	263.6385091146381
100.65950852091788	272.0133229187029
100.69096366186251	298.3409262838636
105.5464782412576	312.6884392492607
105.64057209481564	345.8660572058248
106.31378942579784	331.57354484097226
108.12900926244289	346.8248873519678
118.11485552393188	376.32217919453797
120.67141210731971	383.57645331880536
120.69472527194725	389.9905921089425
120.98019159461738	409.0168136622799
128.06113219566112	417.95656601795383
128.16403759052167	432.0680954452789
133.27211583325243	444.70500890185576
133.42697722685642	447.8585782214073
138.36589452918187	468.0625996763737
140.62768152309098	485.18508900196974
140.7386756652688	496.26792771785625
145.7868686060369	507.5825032441121
145.846947164087	516.3983603647318
150.9234326273347	519.9032455884922
150.9862638328604	512.7003768256607
158.58566720238485	495.2854718805355
158.62140970492752	485.9990385441595
162.12532209803874	461.8470045138198
171.51911819483735	443.76560860241324
177.27425640159493	445.23076923076906
177.29397305272695	419.5138410054031
177.78278887584142	429.07692307692287
180.23292691353373	399.53030265560915
189.8029116436331	404.8461538461536
189.9385645004778	390.5892931290421
190.66328228220894	382.41317009398074
190.6899416297335	370.37254356016683
191.71347473055886	366.08107629294165
202.41317044730445	355.43812252778366
202.56893573446058	342.1682947709187
207.709646727901	348.3076923076919
207.7407002469084	335.13940142943335
215.83800561209839	320.0086241784115
215.88367967212253	322.3339755354265
218.22614338316026	336.0954055065447
229.71966086221443	359.2440294384016
229.7473422556031	367.1492569161424
229.98250794151045	362.1887850653019
239.5634514830505	381.74998189857877
253.69612604482023	403.4069285625235
253.71121031036162	410.2679701459366
260.20539144699103	431.84244315255336
260.36250402421075	433.1895033946171
261.10474355193446	437.61024647062885
262.8763267704343	447.4835029168372
274.74748608111395	447.6923076923076
285.1544238011567	480.092318708189
285.15968000442564	503.19380949086406
295.5418596522102	507.0941673157445
295.5423610692052	514.6714566913948
295.5769031401273	513.7699325116048
305.34780625257304	521.7692307692307
305.34868236398717	521.802848467376
306.2737651490724	509.5717899847502
313.4251972710909	505.36041841035603
314.50640077860896	491.0416581209009
322.26330934403245	486.33229143814805
324.3818779701961	482.043998278283
325.07062742216084	462.86300610318676
332.40721543415816	444.562804378015
337.9440817510395	431.70483023472843
338.0790911279729	427.5421739299676
344.14473624285904	427.1306035105288
349.3815851584052	403.3831755969492
349.47135913066705	404.4027957490177
355.1535977409708	397.26923076923066
355.1536257497592	373.0305728359628
362.4364229510125	373.8461538461537
362.53418124264545	340.73053901649735
366.13860749784897	334.19645004014006
381.0294041244759	330.32668578996555
385.279547036871	346.02641358947517
385.33246092887947	351.93457592115124
386.81872820638523	362.5545872044171
402.48304654692186	376.6830969302954
419.7439337536551	414.36026844999594
419.8156003132424	404.77793445885675
420.52167868381554	413.9395014296356
431.89462216045246	423.46040027671523
433.491822937408	438.9230769230768
450.047522211262	462.1147611280712
457.512061165126	469.6352670310173
457.54573891861304	468.7692307692306
461.134986073174	484.65101555618185
475.7986009242882	494.64179863183364
475.8484570037116	498.6153846153844
476.2771997049151	507.52389712700153
478.9140987439137	514.7831792469301
490.8871036935555	510.3047828250948
490.88965041964485	495.30284712921895
491.1768284692935	492.1731394415232
500.21046730354936	474.043807932181
500.2164908934676	445.07526278748526
500.5418240505192	442.8916027502034
502.9677279604402	419.00464766815963
513.6871191496941	390.37724082868374
513.853375585584	379.0825998465204
514.0040412764914	374.8718412171117
515.9411951513256	365.52417472688853
528.1291854477478	352.929515166605
533.3682830228237	325.9414981466837
533.3855029252859	289.3648230590122
539.0088518461824	283.44604931622615
550.5910446460813	245.21012419984893
552.8234729960858	196.74537273357544
553.3526271804014	203.3554001075893
555.1697663118962	196.10945314801816
562.0	194.0