time startPrice highestPrice lowestPrice endPrice transactionCount
20130815	123	123	123	2.1233733328419113	1234
20130815	123	123	123	2.1969259071025204	1234
20130815	123	123	123	14.720032156195785	1234
20130815	123	123	123	8.320372592731037	1234
20130815	123	123	123	19.158041006821854	1234
20130815	123	123	123	7.894496446832628	1234
20130815	123	123	123	1.6695037543289004	1234
20130815	123	123	123	4.658723457065848	1234
20130815	123	123	123	12.021861932759798	1234
20130815	123	123	123	11.222103483526613	1234
20130815	123	123	123	11.734277041592714	1234
20130815	123	123	123	18.968252857243378	1234
20130815	123	123	123	1.1851234466512928	1234
20130815	123	123	123	14.63265876410842	1234
20130815	123	123	123	5.424353119709564	1234
20130815	123	123	123	17.252708382745656	1234
20130815	123	123	123	0.19159845015411792	1234
20130815	123	123	123	5.280387095664267	1234
20130815	123	123	123	18.30183883922801	1234
20130815	123	123	123	15.119194801074991	1234
20130815	123	123	123	8.464820524917302	1234
20130815	123	123	123	17.501351094012108	1234
20130815	123	123	123	15.33424712907294	1234
20130815	123	123	123	3.0719748532864077	1234
20130815	123	123	123	3.032532940971695	1234
20130815	123	123	123	12.2195056928921	1234
20130815	123	123	123	11.773693386501783	1234
20130815	123	123	123	3.3243839181227286	1234
20130815	123	123	123	6.030273045318262	1234
20130815	123	123	123	7.74177485881649	1234
20130815	123	123	123	168.9637627219072	1234
20130815	123	123	123	205.9499741418529	1234
20130815	123	123	123	237.07117033364216	1234
20130815	123	123	123	244.30438931144877	1234
20130815	123	123	123	263.78193461135504	1234
20130815	123	123	123	282.71577096137474	1234
20130815	123	123	123	293.2147538069753	1234
20130815	123	123	123	293.92307692307696	1234
20130815	123	123	123	339.6569316883032	1234
20130815	123	123	123	346.7094168415409	1234
20130815	123	123	123	370.0119719839096	1234
20130815	123	123	123	365.3076923076923	1234
20130815	123	123	123	388.2401865797434	1234
20130815	123	123	123	398.3192247614739	1234
20130815	123	123	123	409.3369738674747	1234
20130815	123	123	123	426.4813115977563	1234
20130815	123	123	123	451.545273666149	1234
20130815	123	123	123	455.9384805329675	1234
20130815	123	123	123	475.9992239441428	1234
20130815	123	123	123	497.17832816585	1234
20130815	123	123	123	517.8017738380722	1234
20130815	123	123	123	471.75055653127316	1234
20130815	123	123	123	458.76923076923066	1234
20130815	123	123	123	447.9230769230768	1234
20130815	123	123	123	426.2634447204856	1234
20130815	123	123	123	393.2826867872686	1234
20130815	123	123	123	379.38965485045696	1234
20130815	123	123	123	388.14350857808466	1234
20130815	123	123	123	395.76459036967253	1234
20130815	123	123	123	406.9752936237708	1234
20130815	123	123	123	412.3571198703269	1234
20130815	123	123	123	447.56763131339005	1234
20130815	123	123	123	463.1819728766468	1234
20130815	123	123	123	476.701020621201	1234
20130815	123	123	123	474.5896899774351	1234
20130815	123	123	123	487.1680807323558	1234
20130815	123	123	123	499.5281261099908	1234
20130815	123	123	123	499.06495865106405	1234
20130815	123	123	123	485.44842505306286	1234
20130815	123	123	123	470.61361174208946	1234
20130815	123	123	123	461.0721170465017	1234
20130815	123	123	123	431.0789243352906	1234
20130815	123	123	123	428.20254256457486	1234
20130815	123	123	123	408.79045406564484	1234
20130815	123	123	123	401.15403609238325	1234
20130815	123	123	123	399.69230769230774	1234
20130815	123	123	123	388.771390773112	1234
20130815	123	123	123	375.42363306466603	1234
20130815	123	123	123	344.7800342493214	1234
20130815	123	123	123	328.71421197663904	1234
20130815	123	123	123	307.4491236377454	1234
20130815	123	123	123	292.5506532854825	1234
20130815	123	123	123	250.87925918534694	1234
20130815	123	123	123	252.07029328740245	1234
20130815	123	123	123	235.26549708953377	1234
20130815	123	123	123	217.05776556222068	1234
20130815	123	123	123	209.49904371046037	1234
20130815	123	123	123	183.2376233353079	1234
20130815	123	123	123	170.23525916042738	1234
20130815	123	123	123	168.0	1234
20130815	123	123	123	5.792093722711282	1234
20130815	123	123	123	16.35212711734436	1234
20130815	123	123	123	12.989575494660905	1234
20130815	123	123	123	1.5814405108740748	1234
20130815	123	123	123	1.5594984856214866	1234
20130815	123	123	123	18.39950713099243	1234
20130815	123	123	123	10.685834093278121	1234
20130815	123	123	123	8.749903007907033	1234
20130815	123	123	123	0.5347237933394489	1234
20130815	123	123	123	4.763414533832659	1234
20130815	123	123	123	12.715364398437991	1234
20130815	123	123	123	8.382657248856702	1234
20130815	123	123	123	3.4444789818000743	1234
20130815	123	123	123	17.9181810776351	1234
20130815	123	123	123	15.990761473615587	1234
20130815	123	123	123	17.61611353454898	1234
20130815	123	123	123	15.759216083096918	1234
20130815	123	123	123	14.407701586269736	1234
20130815	123	123	123	11.988166055591677	1234
20130815	123	123	123	19.307667727969594	1234
20130815	123	123	123	5.430965694375011	1234
20130815	123	123	123	9.919487661267025	1234
20130815	123	123	123	12.849597559941028	1234
20130815	123	123	123	18.49221029667419	1234
20130815	123	123	123	3.24043730016754	1234
20130815	123	123	123	18.068607574846382	1234
20130815	123	123	123	14.338019705464976	1234
20130815	123	123	123	11.39404511434279	1234
20130815	123	123	123	3.307721607198608	1234
20130815	123	123	123	5.157753408481332	1234