time startPrice highestPrice lowestPrice endPrice transactionCount
20130815	123	123	123	15.471874453026128	1234
20130815	123	123	123	9.492347233903542	1234
20130815	123	123	123	9.588937461803555	1234
20130815	123	123	123	4.242247341159022	1234
20130815	123	123	123	17.120558564053482	1234
20130815	123	123	123	0.9727499503206549	1234
20130815	123	123	123	16.216797109900526	1234
20130815	123	123	123	8.376972967138006	1234
20130815	123	123	123	8.58606344225497	1234
20130815	123	123	123	1.672693267947707	1234
20130815	123	123	123	12.81881499098504	1234
20130815	123	123	123	4.74908061067689	1234
20130815	123	123	123	7.101885339845413	1234
20130815	123	123	123	0.22009307049394744	1234
20130815	123	123	123	0.07932334851076694	1234
20130815	123	123	123	1.8031506368605177	1234
20130815	123	123	123	5.446752950330889	1234
20130815	123	123	123	18.405758659094282	1234
20130815	123	123	123	15.100960805271972	1234
20130815	123	123	123	19.76607838105872	1234
20130815	123	123	123	0.44920508960115013	1234
20130815	123	123	123	9.631844133689674	1234
20130815	123	123	123	0.2706658918545002	1234
20130815	123	123	123	12.263714995897526	1234
20130815	123	123	123	5.085022725410846	1234
20130815	123	123	123	12.314994847565403	1234
20130815	123	123	123	6.402420161424103	1234
20130815	123	123	123	15.48284697248102	1234
20130815	123	123	123	8.899565941466733	1234
20130815	123	123	123	9.172543975106862	1234
20130815	123	123	123	161.0	1234
20130815	123	123	123	203.3364640453074	1234
20130815	123	123	123	223.0149082099294	1234
20130815	123	123	123	232.07122331785993	1234
20130815	123	123	123	271.4353126484332	1234
20130815	123	123	123	288.10280138716524	1234
20130815	123	123	123	294.0934850694257	1234
20130815	123	123	123	309.87815208722435	1234
20130815	123	123	123	325.12008417964006	1234
20130815	123	123	123	355.58084738625007	1234
20130815	123	123	123	378.27438834864915	1234
20130815	123	123	123	406.1862466096591	1234
20130815	123	123	123	408.45930838447094	1234
20130815	123	123	123	453.60411388227266	1234
20130815	123	123	123	455.23987810332875	1234
20130815	123	123	123	468.0769726502748	1234
20130815	123	123	123	479.8203397362344	1234
20130815	123	123	123	492.6149053939551	1234
20130815	123	123	123	517.0454717774737	1234
20130815	123	123	123	503.91000873665666	1234
20130815	123	123	123	500.5787821855845	1234
20130815	123	123	123	485.58800457498927	1234
20130815	123	123	123	467.74181030287286	1234
20130815	123	123	123	434.3843140994443	1234
20130815	123	123	123	425.0726894119259	1234
20130815	123	123	123	423.1069663656692	1234
20130815	123	123	123	399.53210801392686	1234
20130815	123	123	123	388.4729637187665	1234
20130815	123	123	123	382.8736086219709	1234
20130815	123	123	123	366.6461417437476	1234
20130815	123	123	123	396.33899977371766	1234
20130815	123	123	123	403.6769826041694	1234
20130815	123	123	123	416.4297305445499	1234
20130815	123	123	123	444.79746711551434	1234
20130815	123	123	123	445.5050664111226	1234
20130815	123	123	123	462.0	1234
20130815	123	123	123	483.6996187541216	1234
20130815	123	123	123	489.49357472484184	1234
20130815	123	123	123	492.0	1234
20130815	123	123	123	501.30805961298535	1234
20130815	123	123	123	485.4278392069465	1234
20130815	123	123	123	454.8623424225869	1234
20130815	123	123	123	442.4505441547331	1234
20130815	123	123	123	430.34227206987447	1234
20130815	123	123	123	422.41627992075485	1234
20130815	123	123	123	403.944804078066	1234
20130815	123	123	123	395.989200917872	1234
20130815	123	123	123	381.33823526987953	1234
20130815	123	123	123	367.50774572154177	1234
20130815	123	123	123	369.0	1234
20130815	123	123	123	341.9848711281365	1234
20130815	123	123	123	299.79128538218816	1234
20130815	123	123	123	297.37871185051284	1234
20130815	123	123	123	282.71536149486985	1234
20130815	123	123	123	257.6538252749643	1234
20130815	123	123	123	260.76923076923083	1234
20130815	123	123	123	209.56126505794936	1234
20130815	123	123	123	201.52924224909827	1234
20130815	123	123	123	181.99620842089098	1234
20130815	123	123	123	168.0	1234
20130815	123	123	123	14.195438948017703	1234
20130815	123	123	123	8.004119868823418	1234
20130815	123	123	123	16.506614020832654	1234
20130815	123	123	123	0.37087653652985386	1234
20130815	123	123	123	18.378542744041162	1234
20130815	123	123	123	9.294806738974337	1234
20130815	123	123	123	14.559812159127228	1234
20130815	123	123	123	16.190874026712905	1234
20130815	123	123	123	4.868458809352738	1234
20130815	123	123	123	0.33858629053528544	1234
20130815	123	123	123	13.86238882461459	1234
20130815	123	123	123	13.166126069936297	1234
20130815	123	123	123	2.851852537142643	1234
20130815	123	123	123	15.992787424654015	1234
20130815	123	123	123	5.175312009091046	1234
20130815	123	123	123	16.57537636866256	1234
20130815	123	123	123	10.907900361278866	1234
20130815	123	123	123	15.40183529801057	1234
20130815	123	123	123	14.803604868578015	1234
20130815	123	123	123	11.721458632475414	1234
20130815	123	123	123	19.120265399706334	1234
20130815	123	123	123	4.158919358330415	1234
20130815	123	123	123	9.185060473927376	1234
20130815	123	123	123	6.604752407233844	1234
20130815	123	123	123	17.584354447473235	1234
20130815	123	123	123	19.896172995787992	1234
20130815	123	123	123	16.475128368175785	1234
20130815	123	123	123	9.399969039973978	1234
20130815	123	123	123	15.797772813101949	1234
20130815	123	123	123	1.5969519277583366	1234