time startPrice highestPrice lowestPrice endPrice transactionCount
20130815	123	123	123	17.631021999622966	1234
20130815	123	123	123	12.29117030050739	1234
20130815	123	123	123	9.964689787216912	1234
20130815	123	123	123	10.573439592690976	1234
20130815	123	123	123	0.9750473049457264	1234
20130815	123	123	123	6.589647072261659	1234
20130815	123	123	123	1.9576438696009846	1234
20130815	123	123	123	15.716119824400705	1234
20130815	123	123	123	15.659882906257232	1234
20130815	123	123	123	6.824391253329862	1234
20130815	123	123	123	10.244833613159967	1234
20130815	123	123	123	2.833195432784217	1234
20130815	123	123	123	4.535763313409797	1234
20130815	123	123	123	6.249324918234009	1234
20130815	123	123	123	5.457602703178539	1234
20130815	123	123	123	1.4203415674073483	1234
20130815	123	123	123	9.441254870559028	1234
20130815	123	123	123	19.63443866255849	1234
20130815	123	123	123	8.356775894237101	1234
20130815	123	123	123	5.536195761470855	1234
20130815	123	123	123	9.18655014313823	1234
20130815	123	123	123	2.507356320067309	1234
20130815	123	123	123	12.346685588768022	1234
20130815	123	123	123	7.427320198213421	1234
20130815	123	123	123	13.83348253665334	1234
20130815	123	123	123	1.1296247673181803	1234
20130815	123	123	123	14.044024396377555	1234
20130815	123	123	123	17.27150371714419	1234
20130815	123	123	123	4.340236010481231	1234
20130815	123	123	123	19.409519043242792	1234
20130815	123	123	123	170.7568907762894	1234
20130815	123	123	123	182.8003317707193	1234
20130815	123	123	123	212.33722197801362	1234
20130815	123	123	123	222.8474034881609	1234
20130815	123	123	123	234.84615384615387	1234
20130815	123	123	123	275.7262903139384	1234
20130815	123	123	123	280.22451789627183	1234
20130815	123	123	123	304.83220042180767	1234
20130815	123	123	123	322.2843044805153	1234
20130815	123	123	123	338.2307692307693	1234
20130815	123	123	123	365.3076923076923	1234
20130815	123	123	123	392.7441288024593	1234
20130815	123	123	123	396.0434098447274	1234
20130815	123	123	123	410.6650129865092	1234
20130815	123	123	123	431.63761369339556	1234
20130815	123	123	123	444.6019206434979	1234
20130815	123	123	123	444.19310779404435	1234
20130815	123	123	123	477.6464496616202	1234
20130815	123	123	123	482.55053950335474	1234
20130815	123	123	123	496.13042758521385	1234
20130815	123	123	123	501.0145388271517	1234
20130815	123	123	123	512.2414961753667	1234
20130815	123	123	123	481.9845076854483	1234
20130815	123	123	123	465.7827686807884	1234
20130815	123	123	123	456.0259267802426	1234
20130815	123	123	123	441.2890747347521	1234
20130815	123	123	123	423.01828407394186	1234
20130815	123	123	123	410.9941276302868	1234
20130815	123	123	123	404.2552596426055	1234
20130815	123	123	123	386.2515903658241	1234
20130815	123	123	123	375.7526110185515	1234
20130815	123	123	123	396.2258705893925	1234
20130815	123	123	123	408.6806784835455	1234
20130815	123	123	123	429.3986058661528	1234
20130815	123	123	123	449.59463253012785	1234
20130815	123	123	123	458.1996795445825	1234
20130815	123	123	123	488.1174670873016	1234
20130815	123	123	123	494.53595863753657	1234
20130815	123	123	123	504.26167707267297	1234
20130815	123	123	123	500.6081574312553	1234
20130815	123	123	123	487.70165118046896	1234
20130815	123	123	123	474.45493389202835	1234
20130815	123	123	123	462.2273157678936	1234
20130815	123	123	123	450.6410214313292	1234
20130815	123	123	123	450.84615384615387	1234
20130815	123	123	123	417.8354513153837	1234
20130815	123	123	123	409.92307692307696	1234
20130815	123	123	123	393.89179502538997	1234
20130815	123	123	123	383.8284531929349	1234
20130815	123	123	123	373.95367597709406	1234
20130815	123	123	123	333.67372001442635	1234
20130815	123	123	123	279.42329296874425	1234
20130815	123	123	123	283.4026994738119	1234
20130815	123	123	123	260.7509090596929	1234
20130815	123	123	123	252.85127232802023	1234
20130815	123	123	123	244.18085272847856	1234
20130815	123	123	123	223.105267921738	1234
20130815	123	123	123	208.35917267598688	1234
20130815	123	123	123	155.73521633073798	1234
20130815	123	123	123	168.0	1234
20130815	123	123	123	19.651159596061117	1234
20130815	123	123	123	1.8134437868730324	1234
20130815	123	123	123	0.40829132870292995	1234
20130815	123	123	123	4.753923119343	1234
20130815	123	123	123	3.9655766725665265	1234
20130815	123	123	123	18.280143985732835	1234
20130815	123	123	123	8.763649860192873	1234
20130815	123	123	123	11.287628806334304	1234
20130815	123	123	123	13.56414666856251	1234
20130815	123	123	123	14.201633081946788	1234
20130815	123	123	123	9.123933671469569	1234
20130815	123	123	123	15.919181130600002	1234
20130815	123	123	123	6.03294284048247	1234
20130815	123	123	123	8.625899017013543	1234
20130815	123	123	123	15.74747104797087	1234
20130815	123	123	123	0.4081794160286445	1234
20130815	123	123	123	3.0703704982845936	1234
20130815	123	123	123	5.705209935312574	1234
20130815	123	123	123	8.730023078951124	1234
20130815	123	123	123	10.889717475554443	1234
20130815	123	123	123	6.873392231738819	1234
20130815	123	123	123	17.74427798269394	1234
20130815	123	123	123	1.1093290493932484	1234
20130815	123	123	123	5.237436699793316	1234
20130815	123	123	123	6.423681728329999	1234
20130815	123	123	123	11.538998592127488	1234
20130815	123	123	123	15.357182756042953	1234
20130815	123	123	123	18.19744292326712	1234
20130815	123	123	123	3.122543498253576	1234
20130815	123	123	123	19.19778477662439	1234