time startPrice highestPrice lowestPrice endPrice transactionCount
20130815	123	123	123	17.98735923119866	1234
20130815	123	123	123	3.8373627330687765	1234
20130815	123	123	123	15.233484800804035	1234
20130815	123	123	123	9.233396583570222	1234
20130815	123	123	123	4.641028145363519	1234
20130815	123	123	123	6.665068222027468	1234
20130815	123	123	123	14.737161988507495	1234
20130815	123	123	123	6.354913825110096	1234
20130815	123	123	123	1.1069546779358008	1234
20130815	123	123	123	4.550133565892523	1234
20130815	123	123	123	10.05277734213858	1234
20130815	123	123	123	1.572305085093486	1234
20130815	123	123	123	4.009780094002817	1234
20130815	123	123	123	1.6875962404791234	1234
20130815	123	123	123	15.469393089915402	1234
20130815	123	123	123	18.72460069146452	1234
20130815	123	123	123	5.188742175373076	1234
20130815	123	123	123	5.537523181437707	1234
20130815	123	123	123	5.135589700563261	1234
20130815	123	123	123	15.512009794379116	1234
20130815	123	123	123	1.9553906234713159	1234
20130815	123	123	123	17.390216225807272	1234
20130815	123	123	123	13.081369024600209	1234
20130815	123	123	123	15.614022773971515	1234
20130815	123	123	123	15.5846612099714	1234
20130815	123	123	123	4.826426231290501	1234
20130815	123	123	123	3.436608213508656	1234
20130815	123	123	123	14.619329629434318	1234
20130815	123	123	123	18.298705134508733	1234
20130815	123	123	123	7.372012302040407	1234
20130815	123	123	123	177.58261650981893	1234
20130815	123	123	123	185.53701927567033	1234
20130815	123	123	123	205.69776221853067	1234
20130815	123	123	123	205.5005503484084	1234
20130815	123	123	123	220.2887618282915	1234
20130815	123	123	123	263.6847391136458	1234
20130815	123	123	123	281.18127042258743	1234
20130815	123	123	123	279.1538461538462	1234
20130815	123	123	123	323.61675236525883	1234
20130815	123	123	123	332.40191983962205	1234
20130815	123	123	123	352.3566168618524	1234
20130815	123	123	123	381.0588381635249	1234
20130815	123	123	123	386.3732092019081	1234
20130815	123	123	123	405.3805443749485	1234
20130815	123	123	123	423.11607371067214	1234
20130815	123	123	123	426.8461538461539	1234
20130815	123	123	123	446.65046040697723	1234
20130815	123	123	123	452.34667997489834	1234
20130815	123	123	123	483.39470301915145	1234
20130815	123	123	123	476.0769230769232	1234
20130815	123	123	123	500.6826644999211	1234
20130815	123	123	123	500.89914221488783	1234
20130815	123	123	123	507.39655223770586	1234
20130815	123	123	123	495.72522774272505	1234
20130815	123	123	123	491.30769230769226	1234
20130815	123	123	123	480.4615384615384	1234
20130815	123	123	123	465.6666294123509	1234
20130815	123	123	123	439.58322336874505	1234
20130815	123	123	123	428.4485798353426	1234
20130815	123	123	123	426.23076923076906	1234
20130815	123	123	123	409.58460664988047	1234
20130815	123	123	123	388.733660222205	1234
20130815	123	123	123	375.3330302160916	1234
20130815	123	123	123	390.03056633143683	1234
20130815	123	123	123	404.9688373196677	1234
20130815	123	123	123	402.0	1234
20130815	123	123	123	417.9841533119652	1234
20130815	123	123	123	453.92541757811387	1234
20130815	123	123	123	463.41638387515917	1234
20130815	123	123	123	470.98428281729247	1234
20130815	123	123	123	476.61360401439697	1234
20130815	123	123	123	482.0	1234
20130815	123	123	123	499.67538269669666	1234
20130815	123	123	123	486.5201023175917	1234
20130815	123	123	123	481.53846153846155	1234
20130815	123	123	123	448.93609576791164	1234
20130815	123	123	123	435.8823920546265	1234
20130815	123	123	123	438.59608696577925	1234
20130815	123	123	123	424.89491262995193	1234
20130815	123	123	123	404.0164931894806	1234
20130815	123	123	123	393.2536108304113	1234
20130815	123	123	123	378.6276889948555	1234
20130815	123	123	123	376.17372523113073	1234
20130815	123	123	123	345.7443100792787	1234
20130815	123	123	123	255.14805739820375	1234
20130815	123	123	123	245.30769230769238	1234
20130815	123	123	123	198.24513763658092	1234
20130815	123	123	123	197.29811901478894	1234
20130815	123	123	123	183.46153846153857	1234
20130815	123	123	123	168.0	1234
20130815	123	123	123	3.849605138676766	1234
20130815	123	123	123	14.201760824219088	1234
20130815	123	123	123	15.897403407386228	1234
20130815	123	123	123	0.5722674938974048	1234
20130815	123	123	123	7.316290270665875	1234
20130815	123	123	123	10.714732194830408	1234
20130815	123	123	123	15.709033056605321	1234
20130815	123	123	123	18.261913860958167	1234
20130815	123	123	123	5.462700108495467	1234
20130815	123	123	123	6.739968516806081	1234
20130815	123	123	123	7.679070807120243	1234
20130815	123	123	123	7.982542672698503	1234
20130815	123	123	123	19.780354991486885	1234
20130815	123	123	123	7.114540497101269	1234
20130815	123	123	123	0.18466559743687494	1234
20130815	123	123	123	10.300074051259342	1234
20130815	123	123	123	6.396199580103041	1234
20130815	123	123	123	4.573558985588917	1234
20130815	123	123	123	1.5568332206088131	1234
20130815	123	123	123	9.200566202642737	1234
20130815	123	123	123	4.66580557169237	1234
20130815	123	123	123	14.384125251739857	1234
20130815	123	123	123	3.3119572858774027	1234
20130815	123	123	123	17.793517085186934	1234
20130815	123	123	123	0.2105613008166829	1234
20130815	123	123	123	2.2094356034179086	1234
20130815	123	123	123	1.7387188055201763	1234
20130815	123	123	123	1.227548286251423	1234
20130815	123	123	123	18.97661186226012	1234
20130815	123	123	123	4.930209417427937	1234