time startPrice highestPrice lowestPrice endPrice transactionCount
20130815	123	123	123	11.23480414858458	1234
20130815	123	123	123	15.858354266300898	1234
20130815	123	123	123	11.42847880301642	1234
20130815	123	123	123	1.7659315895236993	1234
20130815	123	123	123	11.081778873513557	1234
20130815	123	123	123	10.259643045301193	1234
20130815	123	123	123	14.146898015236417	1234
20130815	123	123	123	0.6119541769853298	1234
20130815	123	123	123	17.827427147120805	1234
20130815	123	123	123	15.67213105197434	1234
20130815	123	123	123	13.359802685568024	1234
20130815	123	123	123	0.16471279290401375	1234
20130815	123	123	123	4.377321930469911	1234
20130815	123	123	123	18.410492037800672	1234
20130815	123	123	123	3.125519146330198	1234
20130815	123	123	123	17.79091957208329	1234
20130815	123	123	123	19.78066879206072	1234
20130815	123	123	123	13.935744037096265	1234
20130815	123	123	123	1.064442552461149	1234
20130815	123	123	123	2.0140410967203737	1234
20130815	123	123	123	1.2667381243412912	1234
20130815	123	123	123	17.701368382874918	1234
20130815	123	123	123	17.017566415432754	1234
20130815	123	123	123	1.2438805430604205	1234
20130815	123	123	123	2.3320389144187237	1234
20130815	123	123	123	11.219634202247715	1234
20130815	123	123	123	3.5470718728594797	1234
20130815	123	123	123	1.5962981012885824	1234
20130815	123	123	123	6.043882477102862	1234
20130815	123	123	123	9.803810827104321	1234
20130815	123	123	123	172.5449744574293	1234
20130815	123	123	123	181.27886726010811	1234
20130815	123	123	123	191.01890855258526	1234
20130815	123	123	123	227.95604355387403	1234
20130815	123	123	123	274.7485279892851	1234
20130815	123	123	123	286.0247620438695	1234
20130815	123	123	123	279.1538461538462	1234
20130815	123	123	123	317.957357770219	1234
20130815	123	123	123	325.2839022523433	1234
20130815	123	123	123	353.0	1234
20130815	123	123	123	373.5242937835248	1234
20130815	123	123	123	400.29010302736395	1234
20130815	123	123	123	410.1371352816624	1234
20130815	123	123	123	425.989083051366	1234
20130815	123	123	123	435.55269022570405	1234
20130815	123	123	123	441.5720484156685	1234
20130815	123	123	123	455.37589533333613	1234
20130815	123	123	123	486.9910612616913	1234
20130815	123	123	123	489.3579334941987	1234
20130815	123	123	123	491.9195496493748	1234
20130815	123	123	123	510.0946886723481	1234
20130815	123	123	123	492.8540006509607	1234
20130815	123	123	123	484.85002795563605	1234
20130815	123	123	123	487.2019271844323	1234
20130815	123	123	123	469.30124384274313	1234
20130815	123	123	123	450.16221769206527	1234
20130815	123	123	123	447.9230769230768	1234
20130815	123	123	123	410.817526485611	1234
20130815	123	123	123	414.1048869379182	1234
20130815	123	123	123	400.68221636502994	1234
20130815	123	123	123	387.0384493501156	1234
20130815	123	123	123	370.2104486476927	1234
20130815	123	123	123	385.085253900654	1234
20130815	123	123	123	383.05656647411683	1234
20130815	123	123	123	433.9960166181138	1234
20130815	123	123	123	435.97228146246044	1234
20130815	123	123	123	439.5615717946102	1234
20130815	123	123	123	455.19170740766407	1234
20130815	123	123	123	494.42675575589914	1234
20130815	123	123	123	486.6049201844007	1234
20130815	123	123	123	463.6836026763781	1234
20130815	123	123	123	471.3076923076923	1234
20130815	123	123	123	450.58907877903493	1234
20130815	123	123	123	446.194405210837	1234
20130815	123	123	123	432.9936754534672	1234
20130815	123	123	123	419.5546853056061	1234
20130815	123	123	123	418.85088341282744	1234
20130815	123	123	123	397.81567410957945	1234
20130815	123	123	123	399.1773151719231	1234
20130815	123	123	123	364.0408988952999	1234
20130815	123	123	123	349.1667222558148	1234
20130815	123	123	123	329.8945860057642	1234
20130815	123	123	123	296.9355119264474	1234
20130815	123	123	123	296.9285521200202	1234
20130815	123	123	123	278.60102748498133	1234
20130815	123	123	123	253.78613247244746	1234
20130815	123	123	123	210.67906682006335	1234
20130815	123	123	123	200.84921107909585	1234
20130815	123	123	123	173.93766508170643	1234
20130815	123	123	123	168.0	1234
20130815	123	123	123	12.68876597446392	1234
20130815	123	123	123	5.893521740639384	1234
20130815	123	123	123	4.620510540914768	1234
20130815	123	123	123	17.367746005288062	1234
20130815	123	123	123	0.5731925782392722	1234
20130815	123	123	123	2.673786029687595	1234
20130815	123	123	123	13.86750896838124	1234
20130815	123	123	123	13.215054459763786	1234
20130815	123	123	123	4.36426740289404	1234
20130815	123	123	123	1.4023145832256922	1234
20130815	123	123	123	14.194746122916404	1234
20130815	123	123	123	15.925951372448118	1234
20130815	123	123	123	4.421319314672727	1234
20130815	123	123	123	8.063942520866656	1234
20130815	123	123	123	8.707606381205604	1234
20130815	123	123	123	10.250544790777873	1234
20130815	123	123	123	18.672455720627365	1234
20130815	123	123	123	3.9309614727227316	1234
20130815	123	123	123	3.2608312539998496	1234
20130815	123	123	123	4.343180497570844	1234
20130815	123	123	123	15.894197883346454	1234
20130815	123	123	123	9.538042378738007	1234
20130815	123	123	123	3.3828020251859003	1234
20130815	123	123	123	6.723215826538674	1234
20130815	123	123	123	19.924360110657368	1234
20130815	123	123	123	5.7593845751425965	1234
20130815	123	123	123	8.622629743332823	1234
20130815	123	123	123	15.023381074619557	1234
20130815	123	123	123	7.792185538718355	1234
20130815	123	123	123	4.371507250449196	1234