time startPrice highestPrice lowestPrice endPrice transactionCount
20130815	123	123	123	0.11520825842635363	1234
20130815	123	123	123	17.19162099256263	1234
20130815	123	123	123	3.1758951934191937	1234
20130815	123	123	123	7.472942234601732	1234
20130815	123	123	123	8.117320209003498	1234
20130815	123	123	123	9.785192593920078	1234
20130815	123	123	123	11.204992282551514	1234
20130815	123	123	123	7.718861690151064	1234
20130815	123	123	123	4.4368249355466105	1234
20130815	123	123	123	0.8682410167172772	1234
20130815	123	123	123	9.22519930829288	1234
20130815	123	123	123	12.026117919528108	1234
20130815	123	123	123	1.9381507154611377	1234
20130815	123	123	123	0.8125890495633104	1234
20130815	123	123	123	3.242813457572584	1234
20130815	123	123	123	2.1934651862794996	1234
20130815	123	123	123	5.083980011988654	1234
20130815	123	123	123	4.460149090507857	1234
20130815	123	123	123	19.361426528007254	1234
20130815	123	123	123	6.296042270766796	1234
20130815	123	123	123	19.086039841375793	1234
20130815	123	123	123	11.720268617624283	1234
20130815	123	123	123	19.453790061014857	1234
20130815	123	123	123	17.96604833317686	1234
20130815	123	123	123	16.647763792518006	1234
20130815	123	123	123	10.519236272075542	1234
20130815	123	123	123	5.343837349168132	1234
20130815	123	123	123	15.225586403290825	1234
20130815	123	123	123	11.249639694012089	1234
20130815	123	123	123	15.999042918437494	1234
20130815	123	123	123	187.8187397191658	1234
20130815	123	123	123	209.7711107700002	1234
20130815	123	123	123	211.0926660283407	1234
20130815	123	123	123	256.43309429175184	1234
20130815	123	123	123	272.3257542814816	1234
20130815	123	123	123	264.3846153846154	1234
20130815	123	123	123	287.49769155724283	1234
20130815	123	123	123	302.9366507707741	1234
20130815	123	123	123	313.34731947594986	1234
20130815	123	123	123	329.39739762700975	1234
20130815	123	123	123	338.2307692307693	1234
20130815	123	123	123	364.08697105034815	1234
20130815	123	123	123	379.6055590694417	1234
20130815	123	123	123	389.4514780411644	1234
20130815	123	123	123	419.81950746675693	1234
20130815	123	123	123	432.031284574998	1234
20130815	123	123	123	439.5235920810799	1234
20130815	123	123	123	498.523315805342	1234
20130815	123	123	123	494.3464535031871	1234
20130815	123	123	123	505.54643416797273	1234
20130815	123	123	123	517.1832878815937	1234
20130815	123	123	123	505.93069135570585	1234
20130815	123	123	123	499.9078634084362	1234
20130815	123	123	123	487.2682692029675	1234
20130815	123	123	123	468.64532685153927	1234
20130815	123	123	123	462.54196290592336	1234
20130815	123	123	123	448.8367192724029	1234
20130815	123	123	123	406.487179404992	1234
20130815	123	123	123	379.44452204626145	1234
20130815	123	123	123	383.21145357777414	1234
20130815	123	123	123	393.7263994092337	1234
20130815	123	123	123	397.96648712462536	1234
20130815	123	123	123	407.28898905072833	1234
20130815	123	123	123	437.828095420463	1234
20130815	123	123	123	454.34757343891863	1234
20130815	123	123	123	462.433077061673	1234
20130815	123	123	123	501.11542452923186	1234
20130815	123	123	123	500.98502620601704	1234
20130815	123	123	123	491.7519454369124	1234
20130815	123	123	123	474.3051161033005	1234
20130815	123	123	123	461.4055583673543	1234
20130815	123	123	123	453.0682619264211	1234
20130815	123	123	123	450.84615384615387	1234
20130815	123	123	123	436.3919369963821	1234
20130815	123	123	123	408.42095178208126	1234
20130815	123	123	123	398.8078438297306	1234
20130815	123	123	123	399.69230769230774	1234
20130815	123	123	123	376.1630549623684	1234
20130815	123	123	123	368.84864233010353	1234
20130815	123	123	123	338.0769230769231	1234
20130815	123	123	123	317.93177835882244	1234
20130815	123	123	123	282.0513745769022	1234
20130815	123	123	123	285.9198100719756	1234
20130815	123	123	123	268.92753354163455	1234
20130815	123	123	123	258.96494456363365	1234
20130815	123	123	123	222.15410622367986	1234
20130815	123	123	123	204.93731030007518	1234
20130815	123	123	123	183.430510665628	1234
20130815	123	123	123	168.08836715609343	1234
20130815	123	123	123	168.0	1234
20130815	123	123	123	7.256299606535787	1234
20130815	123	123	123	12.466046735569897	1234
20130815	123	123	123	5.947575241264264	1234
20130815	123	123	123	11.913273945778586	1234
20130815	123	123	123	7.623399163627975	1234
20130815	123	123	123	19.031659007161178	1234
20130815	123	123	123	2.299151930112633	1234
20130815	123	123	123	12.84379586116284	1234
20130815	123	123	123	12.295121494918229	1234
20130815	123	123	123	8.353149115433748	1234
20130815	123	123	123	5.302166783103837	1234
20130815	123	123	123	19.162662102532003	1234
20130815	123	123	123	7.781617427216241	1234
20130815	123	123	123	2.6906959950531073	1234
20130815	123	123	123	7.1243902427881345	1234
20130815	123	123	123	10.589476254278251	1234
20130815	123	123	123	15.363295783864231	1234
20130815	123	123	123	10.283674504475563	1234
20130815	123	123	123	14.923004991767822	1234
20130815	123	123	123	18.745195978927963	1234
20130815	123	123	123	10.736213372931916	1234
20130815	123	123	123	14.067955371236856	1234
20130815	123	123	123	6.196717950474346	1234
20130815	123	123	123	14.279171794647405	1234
20130815	123	123	123	1.3173996850877723	1234
20130815	123	123	123	4.109807964172452	1234
20130815	123	123	123	8.883069413780921	1234
20130815	123	123	123	19.946978379950796	1234
20130815	123	123	123	2.41677150490609	1234
20130815	123	123	123	9.518730583855836	1234