time startPrice highestPrice lowestPrice endPrice transactionCount
20130815	123	123	123	5.668518136147799	1234
20130815	123	123	123	7.896102290794273	1234
20130815	123	123	123	5.275872463784936	1234
20130815	123	123	123	7.814318558578208	1234
20130815	123	123	123	17.640478748052217	1234
20130815	123	123	123	17.904521739095532	1234
20130815	123	123	123	13.311902250370299	1234
20130815	123	123	123	15.499787692407205	1234
20130815	123	123	123	12.7870388975969	1234
20130815	123	123	123	0.7034005123340559	1234
20130815	123	123	123	16.808717075795084	1234
20130815	123	123	123	10.401405942963413	1234
20130815	123	123	123	15.256979197848606	1234
20130815	123	123	123	3.648186947519818	1234
20130815	123	123	123	2.006023135794175	1234
20130815	123	123	123	17.40435891919338	1234
20130815	123	123	123	5.59787742441695	1234
20130815	123	123	123	15.752489592535493	1234
20130815	123	123	123	15.192125163012186	1234
20130815	123	123	123	1.6506701457737294	1234
20130815	123	123	123	16.758871616777466	1234
20130815	123	123	123	8.807593899456293	1234
20130815	123	123	123	9.971731072045111	1234
20130815	123	123	123	10.98883727449168	1234
20130815	123	123	123	6.12341391111586	1234
20130815	123	123	123	18.418231032824977	1234
20130815	123	123	123	11.335532820165277	1234
20130815	123	123	123	15.158871529073943	1234
20130815	123	123	123	7.386096791025878	1234
20130815	123	123	123	9.496218599987277	1234
20130815	123	123	123	165.07543495409985	1234
20130815	123	123	123	252.13922391511107	1234
20130815	123	123	123	251.32476250041543	1234
20130815	123	123	123	262.7796740952012	1234
20130815	123	123	123	267.90500556538194	1234
20130815	123	123	123	293.74919358696377	1234
20130815	123	123	123	294.9631125478785	1234
20130815	123	123	123	309.9775689775711	1234
20130815	123	123	123	331.7096712977844	1234
20130815	123	123	123	361.6535518327539	1234
20130815	123	123	123	374.5881688273346	1234
20130815	123	123	123	386.70095185888795	1234
20130815	123	123	123	390.0414692138047	1234
20130815	123	123	123	421.27194764636465	1234
20130815	123	123	123	414.8611596365969	1234
20130815	123	123	123	444.5068261664774	1234
20130815	123	123	123	456.9298457040908	1234
20130815	123	123	123	468.69740578241624	1234
20130815	123	123	123	480.1202762407705	1234
20130815	123	123	123	491.1419957844896	1234
20130815	123	123	123	508.46073594726033	1234
20130815	123	123	123	495.40046735031467	1234
20130815	123	123	123	481.68146265962554	1234
20130815	123	123	123	461.66474108048885	1234
20130815	123	123	123	469.0614903174189	1234
20130815	123	123	123	449.07778642131245	1234
20130815	123	123	123	435.11747836546687	1234
20130815	123	123	123	417.26835628744107	1234
20130815	123	123	123	406.5187132952312	1234
20130815	123	123	123	404.5384615384613	1234
20130815	123	123	123	367.5557909634511	1234
20130815	123	123	123	386.6937983918748	1234
20130815	123	123	123	382.0	1234
20130815	123	123	123	395.26134854577253	1234
20130815	123	123	123	412.0	1234
20130815	123	123	123	443.8127213547709	1234
20130815	123	123	123	455.7606358713947	1234
20130815	123	123	123	463.95617530791685	1234
20130815	123	123	123	481.2889579218106	1234
20130815	123	123	123	509.6752292222962	1234
20130815	123	123	123	501.7468093231559	1234
20130815	123	123	123	487.31569055550386	1234
20130815	123	123	123	475.6688698822521	1234
20130815	123	123	123	467.83715086811105	1234
20130815	123	123	123	460.96037154023077	1234
20130815	123	123	123	443.0557189676017	1234
20130815	123	123	123	432.1688516039875	1234
20130815	123	123	123	412.5092477096489	1234
20130815	123	123	123	391.8488389183775	1234
20130815	123	123	123	383.21258783580157	1234
20130815	123	123	123	359.8245463143399	1234
20130815	123	123	123	344.0134447670802	1234
20130815	123	123	123	353.53846153846155	1234
20130815	123	123	123	338.0769230769231	1234
20130815	123	123	123	291.9655262175748	1234
20130815	123	123	123	277.4625270387197	1234
20130815	123	123	123	207.57864190806507	1234
20130815	123	123	123	187.69955652453797	1234
20130815	123	123	123	177.0547278780071	1234
20130815	123	123	123	168.0	1234
20130815	123	123	123	19.96479404265109	1234
20130815	123	123	123	11.264127023523741	1234
20130815	123	123	123	16.73217378588507	1234
20130815	123	123	123	18.429383996580157	1234
20130815	123	123	123	16.161197767794707	1234
20130815	123	123	123	10.569598397365578	1234
20130815	123	123	123	14.047917963304307	1234
20130815	123	123	123	12.443956868140196	1234
20130815	123	123	123	4.3742501279231805	1234
20130815	123	123	123	17.779637019041765	1234
20130815	123	123	123	1.784508257158719	1234
20130815	123	123	123	15.60440325053548	1234
20130815	123	123	123	6.505555841820336	1234
20130815	123	123	123	0.6863217957007728	1234
20130815	123	123	123	1.617646141714908	1234
20130815	123	123	123	0.4454464256645152	1234
20130815	123	123	123	5.001325140424169	1234
20130815	123	123	123	5.443002512372097	1234
20130815	123	123	123	2.1896507585204072	1234
20130815	123	123	123	14.406817157628193	1234
20130815	123	123	123	15.201485799394021	1234
20130815	123	123	123	0.7058127981280293	1234
20130815	123	123	123	19.990308066021974	1234
20130815	123	123	123	1.0420320011641615	1234
20130815	123	123	123	10.495825680365446	1234
20130815	123	123	123	12.499230751638441	1234
20130815	123	123	123	19.827274409537083	1234
20130815	123	123	123	7.398311146200694	1234
20130815	123	123	123	13.544604969539174	1234
20130815	123	123	123	0.9000485495761357	1234