time startPrice highestPrice lowestPrice endPrice transactionCount
20130815	123	123	123	19.578351834365893	1234
20130815	123	123	123	12.899260492629523	1234
20130815	123	123	123	19.619339406259762	1234
20130815	123	123	123	2.827127254650861	1234
20130815	123	123	123	5.057660659446839	1234
20130815	123	123	123	6.621490312804104	1234
20130815	123	123	123	16.708937840252307	1234
20130815	123	123	123	8.139975050116613	1234
20130815	123	123	123	11.454552888671795	1234
20130815	123	123	123	3.1432091098478265	1234
20130815	123	123	123	14.462705175281394	1234
20130815	123	123	123	12.89792347254686	1234
20130815	123	123	123	3.12973221142961	1234
20130815	123	123	123	14.165647191982252	1234
20130815	123	123	123	15.51002755458444	1234
20130815	123	123	123	3.177980779761489	1234
20130815	123	123	123	19.845737267307623	1234
20130815	123	123	123	12.393957760775136	1234
20130815	123	123	123	5.2413290299271935	1234
20130815	123	123	123	10.216312531094582	1234
20130815	123	123	123	4.697634291853616	1234
20130815	123	123	123	0.5873211676300971	1234
20130815	123	123	123	14.082113652657908	1234
20130815	123	123	123	4.479562477837944	1234
20130815	123	123	123	7.936369590651113	1234
20130815	123	123	123	14.54323913198788	1234
20130815	123	123	123	14.390439972135542	1234
20130815	123	123	123	1.1828807720092183	1234
20130815	123	123	123	16.26058642097071	1234
20130815	123	123	123	19.53811795194	1234
20130815	123	123	123	170.302536586909	1234
20130815	123	123	123	196.3708414725347	1234
20130815	123	123	123	237.08284956472957	1234
20130815	123	123	123	236.46382304661742	1234
20130815	123	123	123	265.1964953533479	1234
20130815	123	123	123	289.16572145864563	1234
20130815	123	123	123	313.3633706650344	1234
20130815	123	123	123	313.07365407070176	1234
20130815	123	123	123	330.8878108609136	1234
20130815	123	123	123	384.3825135971124	1234
20130815	123	123	123	392.3648764279044	1234
20130815	123	123	123	417.2182103181638	1234
20130815	123	123	123	446.14397420487023	1234
20130815	123	123	123	453.61329125409435	1234
20130815	123	123	123	477.27084268960533	1234
20130815	123	123	123	496.458116341617	1234
20130815	123	123	123	508.17453933354545	1234
20130815	123	123	123	502.15384615384613	1234
20130815	123	123	123	479.98433315575124	1234
20130815	123	123	123	441.22348249467245	1234
20130815	123	123	123	435.3942235240582	1234
20130815	123	123	123	422.6939658306854	1234
20130815	123	123	123	413.8544315650448	1234
20130815	123	123	123	397.02498757920216	1234
20130815	123	123	123	386.9536077791696	1234
20130815	123	123	123	374.7860206421043	1234
20130815	123	123	123	372.0	1234
20130815	123	123	123	397.45961876833076	1234
20130815	123	123	123	392.5182989753855	1234
20130815	123	123	123	405.76989125959335	1234
20130815	123	123	123	418.2864091176894	1234
20130815	123	123	123	430.7585868289751	1234
20130815	123	123	123	442.5482130519326	1234
20130815	123	123	123	476.0961945481562	1234
20130815	123	123	123	472.0	1234
20130815	123	123	123	484.0380104957419	1234
20130815	123	123	123	492.0	1234
20130815	123	123	123	493.1462143690484	1234
20130815	123	123	123	490.34894637257753	1234
20130815	123	123	123	473.73240813051933	1234
20130815	123	123	123	453.23218849068206	1234
20130815	123	123	123	428.2501686283206	1234
20130815	123	123	123	420.3880975888406	1234
20130815	123	123	123	416.00694323274905	1234
20130815	123	123	123	397.86051792884814	1234
20130815	123	123	123	389.4615384615385	1234
20130815	123	123	123	366.26948657708056	1234
20130815	123	123	123	365.7220350119073	1234
20130815	123	123	123	334.06125013016265	1234
20130815	123	123	123	335.554180351951	1234
20130815	123	123	123	322.61538461538464	1234
20130815	123	123	123	301.89976928546685	1234
20130815	123	123	123	288.0355528173099	1234
20130815	123	123	123	232.0677523128034	1234
20130815	123	123	123	238.9816243448561	1234
20130815	123	123	123	227.57624054491203	1234
20130815	123	123	123	206.42443541735287	1234
20130815	123	123	123	185.6644622991969	1234
20130815	123	123	123	182.55839348996656	1234
20130815	123	123	123	168.0	1234
20130815	123	123	123	18.360272354897972	1234
20130815	123	123	123	6.4740156853149	1234
20130815	123	123	123	17.172241992971742	1234
20130815	123	123	123	11.797016272261745	1234
20130815	123	123	123	18.645190170107778	1234
20130815	123	123	123	13.366111571545876	1234
20130815	123	123	123	3.635892971822301	1234
20130815	123	123	123	9.24120933222672	1234
20130815	123	123	123	14.373960495609976	1234
20130815	123	123	123	6.990139338838661	1234
20130815	123	123	123	15.551051472135333	1234
20130815	123	123	123	9.063016273408635	1234
20130815	123	123	123	11.811516724239649	1234
20130815	123	123	123	19.8511575805856	1234
20130815	123	123	123	1.4415367619013608	1234
20130815	123	123	123	3.60310444845513	1234
20130815	123	123	123	1.12591104601647	1234
20130815	123	123	123	9.510894037720432	1234
20130815	123	123	123	6.285291431026707	1234
20130815	123	123	123	0.5562748034343512	1234
20130815	123	123	123	8.553848878554255	1234
20130815	123	123	123	13.48241395797128	1234
20130815	123	123	123	9.5526490321064	1234
20130815	123	123	123	8.70750686381195	1234
20130815	123	123	123	6.714433940750091	1234
20130815	123	123	123	9.110920272714939	1234
20130815	123	123	123	11.290582640028564	1234
20130815	123	123	123	6.20083103578316	1234
20130815	123	123	123	14.902789576385725	1234
20130815	123	123	123	9.828016885795863	1234