time startPrice highestPrice lowestPrice endPrice transactionCount
20130815	123	123	123	0.34509698446978376	1234
20130815	123	123	123	19.224323172041455	1234
20130815	123	123	123	16.012087275329225	1234
20130815	123	123	123	16.08299569570731	1234
20130815	123	123	123	13.899648409716196	1234
20130815	123	123	123	12.571688539355241	1234
20130815	123	123	123	7.071338368264382	1234
20130815	123	123	123	12.090597757674209	1234
20130815	123	123	123	6.2111949010992396	1234
20130815	123	123	123	3.8874674246016894	1234
20130815	123	123	123	8.129324616995262	1234
20130815	123	123	123	4.952636090660551	1234
20130815	123	123	123	7.737870903099031	1234
20130815	123	123	123	12.334330356104953	1234
20130815	123	123	123	16.86504710719284	1234
20130815	123	123	123	10.783536169060131	1234
20130815	123	123	123	3.270130787534742	1234
20130815	123	123	123	17.828410651497897	1234
20130815	123	123	123	16.24606350816572	1234
20130815	123	123	123	16.693075710370827	1234
20130815	123	123	123	4.3931540449191875	1234
20130815	123	123	123	7.090602483838085	1234
20130815	123	123	123	4.974374481442525	1234
20130815	123	123	123	12.823253150717214	1234
20130815	123	123	123	11.489362153009846	1234
20130815	123	123	123	4.115439079628547	1234
20130815	123	123	123	0.8125780243736314	1234
20130815	123	123	123	10.299632994256097	1234
20130815	123	123	123	17.825619636763467	1234
20130815	123	123	123	16.29841821927951	1234
20130815	123	123	123	170.11700539938943	1234
20130815	123	123	123	175.76923076923077	1234
20130815	123	123	123	201.26818220484296	1234
20130815	123	123	123	206.88237001323097	1234
20130815	123	123	123	234.41476422633977	1234
20130815	123	123	123	246.76953304395644	1234
20130815	123	123	123	256.868830146571	1234
20130815	123	123	123	295.26382272439525	1234
20130815	123	123	123	306.22555269980813	1234
20130815	123	123	123	326.46939427791494	1234
20130815	123	123	123	342.53190831791096	1234
20130815	123	123	123	362.55260912068564	1234
20130815	123	123	123	366.74968650609577	1234
20130815	123	123	123	388.56120514092987	1234
20130815	123	123	123	399.71193211398435	1234
20130815	123	123	123	424.98858785553426	1234
20130815	123	123	123	434.46530444130946	1234
20130815	123	123	123	439.94270229355885	1234
20130815	123	123	123	454.4562759407966	1234
20130815	123	123	123	468.96627613683415	1234
20130815	123	123	123	487.4981131693074	1234
20130815	123	123	123	507.19497190213633	1234
20130815	123	123	123	513.0	1234
20130815	123	123	123	468.87881035469695	1234
20130815	123	123	123	451.41675426546215	1234
20130815	123	123	123	446.44001812190254	1234
20130815	123	123	123	437.0769230769229	1234
20130815	123	123	123	406.78409885675177	1234
20130815	123	123	123	411.36284671180624	1234
20130815	123	123	123	399.8035574488435	1234
20130815	123	123	123	393.1229713632975	1234
20130815	123	123	123	381.79195946588555	1234
20130815	123	123	123	381.899953732772	1234
20130815	123	123	123	382.07257262756644	1234
20130815	123	123	123	392.55438819258075	1234
20130815	123	123	123	402.0	1234
20130815	123	123	123	414.8034188661608	1234
20130815	123	123	123	451.0705081753539	1234
20130815	123	123	123	545.3121998750576	1234
20130815	123	123	123	494.8141419280336	1234
20130815	123	123	123	482.7310773332134	1234
20130815	123	123	123	481.53846153846155	1234
20130815	123	123	123	465.65749623642773	1234
20130815	123	123	123	449.65454480107746	1234
20130815	123	123	123	434.91326627406403	1234
20130815	123	123	123	421.87942709432207	1234
20130815	123	123	123	420.1538461538462	1234
20130815	123	123	123	405.910112763656	1234
20130815	123	123	123	380.2350725345004	1234
20130815	123	123	123	379.2307692307693	1234
20130815	123	123	123	326.94807579794866	1234
20130815	123	123	123	310.93853415124806	1234
20130815	123	123	123	287.4971892489799	1234
20130815	123	123	123	282.6252446561253	1234
20130815	123	123	123	267.17188794485713	1234
20130815	123	123	123	251.21897417052907	1234
20130815	123	123	123	217.89384014830438	1234
20130815	123	123	123	185.57444828837322	1234
20130815	123	123	123	180.96328910598217	1234
20130815	123	123	123	168.0	1234
20130815	123	123	123	13.641487668532452	1234
20130815	123	123	123	13.535281602081792	1234
20130815	123	123	123	3.2891874273435695	1234
20130815	123	123	123	14.513379331282207	1234
20130815	123	123	123	15.432443732106906	1234
20130815	123	123	123	10.188681234157213	1234
20130815	123	123	123	15.981062601319193	1234
20130815	123	123	123	13.10735715967554	1234
20130815	123	123	123	10.274574339994766	1234
20130815	123	123	123	7.565298384858277	1234
20130815	123	123	123	6.144845592650174	1234
20130815	123	123	123	4.081088652379945	1234
20130815	123	123	123	9.179297191928825	1234
20130815	123	123	123	0.36575902893489776	1234
20130815	123	123	123	18.803816406678244	1234
20130815	123	123	123	8.649150084823871	1234
20130815	123	123	123	1.5913851369616494	1234
20130815	123	123	123	1.4218659034325531	1234
20130815	123	123	123	8.998433205860046	1234
20130815	123	123	123	18.92446764854049	1234
20130815	123	123	123	8.367943435640901	1234
20130815	123	123	123	4.424976922035491	1234
20130815	123	123	123	16.660997331968048	1234
20130815	123	123	123	12.647745045383944	1234
20130815	123	123	123	19.4436874050159	1234
20130815	123	123	123	15.6395376284805	1234
20130815	123	123	123	6.933756590809219	1234
20130815	123	123	123	14.683109740760267	1234
20130815	123	123	123	3.482933163679789	1234
20130815	123	123	123	10.20785255735493	1234