time startPrice highestPrice lowestPrice endPrice transactionCount
20130815	123	123	123	16.677515257415493	1234
20130815	123	123	123	19.316597768531608	1234
20130815	123	123	123	3.1586205331060135	1234
20130815	123	123	123	18.34189449002143	1234
20130815	123	123	123	12.505756037763742	1234
20130815	123	123	123	19.061412604704127	1234
20130815	123	123	123	17.5809549052305	1234
20130815	123	123	123	13.578948793181166	1234
20130815	123	123	123	5.173090295340477	1234
20130815	123	123	123	11.148905117934575	1234
20130815	123	123	123	9.432599873766192	1234
20130815	123	123	123	13.699810402389918	1234
20130815	123	123	123	1.244630198407033	1234
20130815	123	123	123	9.136437336637206	1234
20130815	123	123	123	14.419595243731727	1234
20130815	123	123	123	14.921693340316892	1234
20130815	123	123	123	14.365369819592102	1234
20130815	123	123	123	17.084207429906428	1234
20130815	123	123	123	13.109753793235264	1234
20130815	123	123	123	4.582149931603299	1234
20130815	123	123	123	15.559997632738868	1234
20130815	123	123	123	12.304120592836178	1234
20130815	123	123	123	0.42506596251846274	1234
20130815	123	123	123	12.142191939542863	1234
20130815	123	123	123	0.30549397040031234	1234
20130815	123	123	123	7.581182364101757	1234
20130815	123	123	123	9.407191781184011	1234
20130815	123	123	123	17.975232403160238	1234
20130815	123	123	123	14.8038787453296	1234
20130815	123	123	123	1.803575401844384	1234
20130815	123	123	123	177.87679174033758	1234
20130815	123	123	123	187.21331028775631	1234
20130815	123	123	123	190.53846153846155	1234
20130815	123	123	123	221.1662933063558	1234
20130815	123	123	123	223.64858226675827	1234
20130815	123	123	123	245.01238250841845	1234
20130815	123	123	123	264.3846153846154	1234
20130815	123	123	123	279.1538461538462	1234
20130815	123	123	123	330.5804423394437	1234
20130815	123	123	123	323.4615384615385	1234
20130815	123	123	123	349.49522507362883	1234
20130815	123	123	123	353.0	1234
20130815	123	123	123	374.426916947678	1234
20130815	123	123	123	407.3241105129883	1234
20130815	123	123	123	416.05230373403725	1234
20130815	123	123	123	424.2469250587354	1234
20130815	123	123	123	428.6905241221378	1234
20130815	123	123	123	453.59441753864553	1234
20130815	123	123	123	451.46153846153857	1234
20130815	123	123	123	468.48423501012695	1234
20130815	123	123	123	481.7000070293121	1234
20130815	123	123	123	500.75146714804686	1234
20130815	123	123	123	509.3706369947184	1234
20130815	123	123	123	504.43892991072613	1234
20130815	123	123	123	482.3634996218138	1234
20130815	123	123	123	473.691280875383	1234
20130815	123	123	123	469.6153846153845	1234
20130815	123	123	123	456.6001679564472	1234
20130815	123	123	123	418.15934681623537	1234
20130815	123	123	123	418.1755588865098	1234
20130815	123	123	123	411.3072852297963	1234
20130815	123	123	123	401.86566027116925	1234
20130815	123	123	123	369.5980997489671	1234
20130815	123	123	123	380.5500477031762	1234
20130815	123	123	123	385.0076053060709	1234
20130815	123	123	123	392.7909572548221	1234
20130815	123	123	123	402.0	1234
20130815	123	123	123	422.0	1234
20130815	123	123	123	445.7458903221335	1234
20130815	123	123	123	460.909369286424	1234
20130815	123	123	123	466.9143841307107	1234
20130815	123	123	123	474.2054745757568	1234
20130815	123	123	123	504.36736355158524	1234
20130815	123	123	123	501.2523195843491	1234
20130815	123	123	123	431.9714230827843	1234
20130815	123	123	123	434.0667268662344	1234
20130815	123	123	123	428.80085465603673	1234
20130815	123	123	123	377.1599734205739	1234
20130815	123	123	123	362.2954851001384	1234
20130815	123	123	123	350.71070118905897	1234
20130815	123	123	123	323.5440578496866	1234
20130815	123	123	123	322.61538461538464	1234
20130815	123	123	123	303.0101632102267	1234
20130815	123	123	123	289.80207268304184	1234
20130815	123	123	123	276.2307692307693	1234
20130815	123	123	123	223.03324351176312	1234
20130815	123	123	123	222.67510999793708	1234
20130815	123	123	123	211.93973480085575	1234
20130815	123	123	123	183.46153846153857	1234
20130815	123	123	123	168.0	1234
20130815	123	123	123	4.115053264250261	1234
20130815	123	123	123	19.200260820527784	1234
20130815	123	123	123	5.152019227189855	1234
20130815	123	123	123	11.238349026687118	1234
20130815	123	123	123	13.095565759086014	1234
20130815	123	123	123	2.930967051915052	1234
20130815	123	123	123	9.999912563062159	1234
20130815	123	123	123	17.61545172910243	1234
20130815	123	123	123	17.07558081493924	1234
20130815	123	123	123	19.050789696881484	1234
20130815	123	123	123	9.808419894710408	1234
20130815	123	123	123	13.733601190958781	1234
20130815	123	123	123	12.355138789338497	1234
20130815	123	123	123	16.98716051676316	1234
20130815	123	123	123	13.961936896280797	1234
20130815	123	123	123	12.47727468661057	1234
20130815	123	123	123	4.83917282715876	1234
20130815	123	123	123	13.946494083988398	1234
20130815	123	123	123	10.76102725002327	1234
20130815	123	123	123	10.934884907016784	1234
20130815	123	123	123	8.72682145105098	1234
20130815	123	123	123	15.68474644146885	1234
20130815	123	123	123	4.714573012983141	1234
20130815	123	123	123	7.733987357474097	1234
20130815	123	123	123	8.58454932448704	1234
20130815	123	123	123	15.12665692441616	1234
20130815	123	123	123	0.5705346344208162	1234
20130815	123	123	123	18.76013955516476	1234
20130815	123	123	123	13.86130634587277	1234
20130815	123	123	123	9.010066313215102	1234