time startPrice highestPrice lowestPrice endPrice transactionCount
20130815	123	123	123	8.900315534512021	1234
20130815	123	123	123	16.920260743573397	1234
20130815	123	123	123	10.090059242609001	1234
20130815	123	123	123	5.795363980260597	1234
20130815	123	123	123	0.5049614612165509	1234
20130815	123	123	123	16.8661493111534	1234
20130815	123	123	123	19.0080457151717	1234
20130815	123	123	123	10.526037902328982	1234
20130815	123	123	123	9.922744813915635	1234
20130815	123	123	123	5.418841897885476	1234
20130815	123	123	123	10.63446877680499	1234
20130815	123	123	123	14.856025467020253	1234
20130815	123	123	123	19.018297038807127	1234
20130815	123	123	123	1.7358105469485197	1234
20130815	123	123	123	5.164162460283186	1234
20130815	123	123	123	18.14924937824579	1234
20130815	123	123	123	0.7357114942414533	1234
20130815	123	123	123	0.6100377506468257	1234
20130815	123	123	123	2.481477029096142	1234
20130815	123	123	123	13.072348510590352	1234
20130815	123	123	123	17.686607117748725	1234
20130815	123	123	123	3.405056884117481	1234
20130815	123	123	123	7.7921894461730545	1234
20130815	123	123	123	8.384738021278899	1234
20130815	123	123	123	1.411731233444975	1234
20130815	123	123	123	3.979481211749083	1234
20130815	123	123	123	4.247618602227341	1234
20130815	123	123	123	5.959188981091326	1234
20130815	123	123	123	15.973941873061213	1234
20130815	123	123	123	17.736403368968926	1234
20130815	123	123	123	164.06257669919202	1234
20130815	123	123	123	183.11861898056614	1234
20130815	123	123	123	196.68444648053514	1234
20130815	123	123	123	208.09175349166244	1234
20130815	123	123	123	228.81506370971636	1234
20130815	123	123	123	245.4692010573247	1234
20130815	123	123	123	254.2343683431053	1234
20130815	123	123	123	264.95015141929724	1234
20130815	123	123	123	296.9653401408247	1234
20130815	123	123	123	295.3750531654017	1234
20130815	123	123	123	321.21619143592517	1234
20130815	123	123	123	334.8184569995551	1234
20130815	123	123	123	352.8506665675465	1234
20130815	123	123	123	376.18287270589906	1234
20130815	123	123	123	385.8544121580242	1234
20130815	123	123	123	400.3625373334712	1234
20130815	123	123	123	408.7310052708942	1234
20130815	123	123	123	417.1402857898285	1234
20130815	123	123	123	438.3981289653762	1234
20130815	123	123	123	444.18838597352106	1234
20130815	123	123	123	532.0934582328024	1234
20130815	123	123	123	505.4970988258853	1234
20130815	123	123	123	509.42623916287033	1234
20130815	123	123	123	497.93528939627384	1234
20130815	123	123	123	479.0920328215277	1234
20130815	123	123	123	456.5603998571113	1234
20130815	123	123	123	449.8358253134924	1234
20130815	123	123	123	445.0761734294086	1234
20130815	123	123	123	433.307736774802	1234
20130815	123	123	123	414.79213740907755	1234
20130815	123	123	123	384.79844172282736	1234
20130815	123	123	123	386.1689819677121	1234
20130815	123	123	123	382.8461538461536	1234
20130815	123	123	123	377.5024541673063	1234
20130815	123	123	123	392.0	1234
20130815	123	123	123	413.9718483040405	1234
20130815	123	123	123	417.9131679682778	1234
20130815	123	123	123	429.1588408762734	1234
20130815	123	123	123	436.4565591561382	1234
20130815	123	123	123	458.9040756906572	1234
20130815	123	123	123	477.6856091687754	1234
20130815	123	123	123	465.1911778689441	1234
20130815	123	123	123	435.1190424246394	1234
20130815	123	123	123	421.0731309988797	1234
20130815	123	123	123	411.26829008936227	1234
20130815	123	123	123	406.68049385287634	1234
20130815	123	123	123	378.46816722520515	1234
20130815	123	123	123	358.3117048172599	1234
20130815	123	123	123	328.23739605533694	1234
20130815	123	123	123	317.01889210145714	1234
20130815	123	123	123	290.0882581474414	1234
20130815	123	123	123	271.05114453344197	1234
20130815	123	123	123	257.82801396379085	1234
20130815	123	123	123	257.7930415851275	1234
20130815	123	123	123	235.09803000418074	1234
20130815	123	123	123	228.503738202934	1234
20130815	123	123	123	201.91396083497506	1234
20130815	123	123	123	177.76254689474277	1234
20130815	123	123	123	182.34139923352595	1234
20130815	123	123	123	168.0	1234
20130815	123	123	123	13.337926614687001	1234
20130815	123	123	123	2.678066536829109	1234
20130815	123	123	123	15.18493982201224	1234
20130815	123	123	123	4.608814489702584	1234
20130815	123	123	123	14.788613756099503	1234
20130815	123	123	123	8.338652280377145	1234
20130815	123	123	123	4.03764363212733	1234
20130815	123	123	123	0.0929872546882815	1234
20130815	123	123	123	14.276241908472345	1234
20130815	123	123	123	1.8142521070445516	1234
20130815	123	123	123	11.810642992922467	1234
20130815	123	123	123	12.367541202129955	1234
20130815	123	123	123	9.486468046646575	1234
20130815	123	123	123	9.456077452428078	1234
20130815	123	123	123	16.83069285093321	1234
20130815	123	123	123	8.086691770243146	1234
20130815	123	123	123	12.869480293227525	1234
20130815	123	123	123	2.0841657329887475	1234
20130815	123	123	123	11.023736816763002	1234
20130815	123	123	123	14.611960041786084	1234
20130815	123	123	123	2.9049772774815907	1234
20130815	123	123	123	9.903885809701897	1234
20130815	123	123	123	16.154490689457752	1234
20130815	123	123	123	12.247417835997169	1234
20130815	123	123	123	14.770849815724517	1234
20130815	123	123	123	8.297860518858675	1234
20130815	123	123	123	3.0491348264353624	1234
20130815	123	123	123	16.469300356625574	1234
20130815	123	123	123	6.016767743395032	1234
20130815	123	123	123	11.68141467610862	1234