time startPrice highestPrice lowestPrice endPrice transactionCount
20130815	123	123	123	2.7722180165621757	1234
20130815	123	123	123	0.14573265334299146	1234
20130815	123	123	123	5.077541738153098	1234
20130815	123	123	123	14.943596782096158	1234
20130815	123	123	123	2.139241923586086	1234
20130815	123	123	123	13.459971451544487	1234
20130815	123	123	123	12.904776322858332	1234
20130815	123	123	123	17.32876209648126	1234
20130815	123	123	123	15.76305914338353	1234
20130815	123	123	123	12.951533030033186	1234
20130815	123	123	123	8.964780714208644	1234
20130815	123	123	123	2.396608523969237	1234
20130815	123	123	123	4.6508813698542735	1234
20130815	123	123	123	1.8949966923898254	1234
20130815	123	123	123	5.305936245143295	1234
20130815	123	123	123	14.6038022000175	1234
20130815	123	123	123	9.922527707325553	1234
20130815	123	123	123	5.031108835829281	1234
20130815	123	123	123	4.871506359860202	1234
20130815	123	123	123	6.512380082714742	1234
20130815	123	123	123	3.9408677247450496	1234
20130815	123	123	123	4.947955384615968	1234
20130815	123	123	123	1.0649205592575006	1234
20130815	123	123	123	14.01751662224305	1234
20130815	123	123	123	16.05989795098507	1234
20130815	123	123	123	14.45625763296282	1234
20130815	123	123	123	1.669323810668495	1234
20130815	123	123	123	15.69716560214118	1234
20130815	123	123	123	3.1717295512061283	1234
20130815	123	123	123	18.055113891362787	1234
20130815	123	123	123	194.8199090745564	1234
20130815	123	123	123	197.16279324841457	1234
20130815	123	123	123	211.87547877876077	1234
20130815	123	123	123	220.0769230769231	1234
20130815	123	123	123	236.51345078616652	1234
20130815	123	123	123	256.75941507592694	1234
20130815	123	123	123	281.8532096777065	1234
20130815	123	123	123	280.15088396830413	1234
20130815	123	123	123	318.7447665847221	1234
20130815	123	123	123	334.70966347771156	1234
20130815	123	123	123	344.9970883979384	1234
20130815	123	123	123	355.2000744985639	1234
20130815	123	123	123	365.3076923076923	1234
20130815	123	123	123	389.92307692307696	1234
20130815	123	123	123	409.46811605879105	1234
20130815	123	123	123	414.5384615384616	1234
20130815	123	123	123	433.75722070800987	1234
20130815	123	123	123	459.78807502884933	1234
20130815	123	123	123	469.89212929423684	1234
20130815	123	123	123	471.38379533570935	1234
20130815	123	123	123	481.9716015459305	1234
20130815	123	123	123	500.91679299993876	1234
20130815	123	123	123	484.3079566131478	1234
20130815	123	123	123	491.30769230769226	1234
20130815	123	123	123	480.2878026527304	1234
20130815	123	123	123	469.6153846153845	1234
20130815	123	123	123	458.76923076923066	1234
20130815	123	123	123	434.2490149543265	1234
20130815	123	123	123	418.7525695219224	1234
20130815	123	123	123	411.24233014933685	1234
20130815	123	123	123	387.7655510230607	1234
20130815	123	123	123	393.69230769230745	1234
20130815	123	123	123	382.8461538461536	1234
20130815	123	123	123	372.0	1234
20130815	123	123	123	405.6569001639091	1234
20130815	123	123	123	420.7838516855677	1234
20130815	123	123	123	430.3370327362461	1234
20130815	123	123	123	438.79055115317186	1234
20130815	123	123	123	452.0	1234
20130815	123	123	123	462.0	1234
20130815	123	123	123	481.8199384811334	1234
20130815	123	123	123	411.05319723772834	1234
20130815	123	123	123	429.40454299912705	1234
20130815	123	123	123	417.4096017268792	1234
20130815	123	123	123	403.93824460871207	1234
20130815	123	123	123	399.69230769230774	1234
20130815	123	123	123	370.9535270470234	1234
20130815	123	123	123	357.5207425944009	1234
20130815	123	123	123	335.99571342931233	1234
20130815	123	123	123	316.76174188638333	1234
20130815	123	123	123	316.2283715105629	1234
20130815	123	123	123	282.76716333708225	1234
20130815	123	123	123	290.0247302144717	1234
20130815	123	123	123	245.2042711035433	1234
20130815	123	123	123	241.35039559277897	1234
20130815	123	123	123	228.1230799156837	1234
20130815	123	123	123	209.93345692240533	1234
20130815	123	123	123	185.993324589888	1234
20130815	123	123	123	169.99275533075945	1234
20130815	123	123	123	168.0	1234
20130815	123	123	123	18.796807519795355	1234
20130815	123	123	123	1.2646584723436405	1234
20130815	123	123	123	19.6282843874678	1234
20130815	123	123	123	7.010277100862572	1234
20130815	123	123	123	16.24976923492245	1234
20130815	123	123	123	3.3436160364181733	1234
20130815	123	123	123	1.1330477670423722	1234
20130815	123	123	123	4.617847333047016	1234
20130815	123	123	123	1.008881011359728	1234
20130815	123	123	123	6.647818386907563	1234
20130815	123	123	123	12.842734711399391	1234
20130815	123	123	123	10.902032960741305	1234
20130815	123	123	123	6.51916799263121	1234
20130815	123	123	123	19.136953171227116	1234
20130815	123	123	123	3.188279858391636	1234
20130815	123	123	123	9.296422087747835	1234
20130815	123	123	123	2.0277459210400672	1234
20130815	123	123	123	10.832449054080326	1234
20130815	123	123	123	11.819071818980596	1234
20130815	123	123	123	11.783983617526285	1234
20130815	123	123	123	14.43378234949761	1234
20130815	123	123	123	17.715876673044406	1234
20130815	123	123	123	2.5939029042786133	1234
20130815	123	123	123	13.521794657342838	1234
20130815	123	123	123	6.943285827148187	1234
20130815	123	123	123	10.495686707655658	1234
20130815	123	123	123	10.686617132717597	1234
20130815	123	123	123	3.1522847833809875	1234
20130815	123	123	123	2.2783622591732566	1234
20130815	123	123	123	1.0163318452738834	1234