time startPrice highestPrice lowestPrice endPrice transactionCount
20130815	123	123	123	0.7011217780802848	1234
20130815	123	123	123	3.1541368029502226	1234
20130815	123	123	123	9.168493764653778	1234
20130815	123	123	123	15.22734693983585	1234
20130815	123	123	123	7.987177707358491	1234
20130815	123	123	123	4.086078119573305	1234
20130815	123	123	123	9.825057048432795	1234
20130815	123	123	123	18.19838973885803	1234
20130815	123	123	123	8.028780328204592	1234
20130815	123	123	123	12.369749741552319	1234
20130815	123	123	123	13.953695698298638	1234
20130815	123	123	123	9.010812053981834	1234
20130815	123	123	123	19.775476968448405	1234
20130815	123	123	123	9.98846939786568	1234
20130815	123	123	123	2.5910168726110805	1234
20130815	123	123	123	16.250687272166754	1234
20130815	123	123	123	12.54007114884823	1234
20130815	123	123	123	4.6209272685408065	1234
20130815	123	123	123	14.740972720379517	1234
20130815	123	123	123	10.97186196724926	1234
20130815	123	123	123	18.928058773992987	1234
20130815	123	123	123	0.3364502099980493	1234
20130815	123	123	123	14.012267653825967	1234
20130815	123	123	123	9.135463755673538	1234
20130815	123	123	123	19.879203459773972	1234
20130815	123	123	123	7.1451180542874155	1234
20130815	123	123	123	3.4228993400955354	1234
20130815	123	123	123	19.459738029688605	1234
20130815	123	123	123	8.232995984161631	1234
20130815	123	123	123	16.698255806768483	1234
20130815	123	123	123	164.08845551370328	1234
20130815	123	123	123	195.7960868001165	1234
20130815	123	123	123	215.36491436602824	1234
20130815	123	123	123	221.48809165967273	1234
20130815	123	123	123	242.69123026879075	1234
20130815	123	123	123	249.61538461538464	1234
20130815	123	123	123	276.9562119163364	1234
20130815	123	123	123	288.8191039510351	1234
20130815	123	123	123	318.2377421460839	1234
20130815	123	123	123	350.00034074165103	1234
20130815	123	123	123	354.09612495391997	1234
20130815	123	123	123	374.4716999241026	1234
20130815	123	123	123	392.47713414072734	1234
20130815	123	123	123	408.6163368013919	1234
20130815	123	123	123	414.5384615384616	1234
20130815	123	123	123	430.1923665363112	1234
20130815	123	123	123	465.32766898362416	1234
20130815	123	123	123	492.02177259588836	1234
20130815	123	123	123	494.16064627027606	1234
20130815	123	123	123	502.239386653695	1234
20130815	123	123	123	473.36121650523756	1234
20130815	123	123	123	461.1440094604913	1234
20130815	123	123	123	465.1808659166845	1234
20130815	123	123	123	439.7164825415	1234
20130815	123	123	123	437.0769230769229	1234
20130815	123	123	123	414.347029221999	1234
20130815	123	123	123	408.14518630592494	1234
20130815	123	123	123	399.2306892505595	1234
20130815	123	123	123	389.4602866935403	1234
20130815	123	123	123	365.23281493049194	1234
20130815	123	123	123	374.14266306985087	1234
20130815	123	123	123	388.67736908561835	1234
20130815	123	123	123	407.30386292696204	1234
20130815	123	123	123	403.4005608407273	1234
20130815	123	123	123	425.33665605813115	1234
20130815	123	123	123	435.2242146308397	1234
20130815	123	123	123	446.3151344220171	1234
20130815	123	123	123	450.3398269877372	1234
20130815	123	123	123	473.87955812369825	1234
20130815	123	123	123	472.0	1234
20130815	123	123	123	500.95260533207903	1234
20130815	123	123	123	475.3445476190626	1234
20130815	123	123	123	475.7040614702591	1234
20130815	123	123	123	470.1762942566812	1234
20130815	123	123	123	432.44020001543277	1234
20130815	123	123	123	409.92307692307696	1234
20130815	123	123	123	393.0257850937289	1234
20130815	123	123	123	376.65361140237	1234
20130815	123	123	123	359.8022956096619	1234
20130815	123	123	123	343.6174316530567	1234
20130815	123	123	123	286.6557426926612	1234
20130815	123	123	123	267.0835679828703	1234
20130815	123	123	123	262.9720311662438	1234
20130815	123	123	123	250.55074492687697	1234
20130815	123	123	123	239.71626910113454	1234
20130815	123	123	123	227.98696674159368	1234
20130815	123	123	123	199.45379882175496	1234
20130815	123	123	123	180.37210413509104	1234
20130815	123	123	123	181.7195923263274	1234
20130815	123	123	123	168.0	1234
20130815	123	123	123	10.965214535602449	1234
20130815	123	123	123	8.048011643501024	1234
20130815	123	123	123	5.999272993532236	1234
20130815	123	123	123	2.2356203363862903	1234
20130815	123	123	123	12.60690040577118	1234
20130815	123	123	123	9.775859582445632	1234
20130815	123	123	123	14.909798500726016	1234
20130815	123	123	123	12.3013744797678	1234
20130815	123	123	123	9.110351720225221	1234
20130815	123	123	123	5.656838704660013	1234
20130815	123	123	123	19.846147016054733	1234
20130815	123	123	123	19.801722186995036	1234
20130815	123	123	123	8.384893925879704	1234
20130815	123	123	123	5.269425775070696	1234
20130815	123	123	123	0.3837562455920063	1234
20130815	123	123	123	0.6528675092646719	1234
20130815	123	123	123	6.043374457794799	1234
20130815	123	123	123	3.8160885913216647	1234
20130815	123	123	123	16.961545238667945	1234
20130815	123	123	123	9.568729852536723	1234
20130815	123	123	123	3.4166528955105524	1234
20130815	123	123	123	4.498687903393613	1234
20130815	123	123	123	5.081034675642801	1234
20130815	123	123	123	14.4636409120512	1234
20130815	123	123	123	14.486573586719318	1234
20130815	123	123	123	8.632699948651938	1234
20130815	123	123	123	13.458427471244036	1234
20130815	123	123	123	5.496018568628331	1234
20130815	123	123	123	11.030012866361513	1234
20130815	123	123	123	18.286023932741358	1234