time startPrice highestPrice lowestPrice endPrice transactionCount
20130815	123	123	123	14.80892732420412	1234
20130815	123	123	123	8.370172841220953	1234
20130815	123	123	123	4.4430391884381	1234
20130815	123	123	123	8.937454513596958	1234
20130815	123	123	123	9.141097741647389	1234
20130815	123	123	123	8.72317326702305	1234
20130815	123	123	123	8.994198655110633	1234
20130815	123	123	123	19.108061553629415	1234
20130815	123	123	123	2.7609494788857347	1234
20130815	123	123	123	4.932237406642361	1234
20130815	123	123	123	13.76557404905035	1234
20130815	123	123	123	13.68145821907159	1234
20130815	123	123	123	19.189778327125214	1234
20130815	123	123	123	10.931548144723092	1234
20130815	123	123	123	14.277782493661434	1234
20130815	123	123	123	11.248508641066934	1234
20130815	123	123	123	12.810417035226342	1234
20130815	123	123	123	8.019847997031246	1234
20130815	123	123	123	16.155185021147773	1234
20130815	123	123	123	10.118406075486144	1234
20130815	123	123	123	17.784239784327273	1234
20130815	123	123	123	2.4241631931554064	1234
20130815	123	123	123	6.203313682532087	1234
20130815	123	123	123	3.4155209076943227	1234
20130815	123	123	123	4.896344830569939	1234
20130815	123	123	123	11.465078992368575	1234
20130815	123	123	123	6.619864453193777	1234
20130815	123	123	123	5.1242925607600975	1234
20130815	123	123	123	14.947694392325317	1234
20130815	123	123	123	7.3573835182956016	1234
20130815	123	123	123	167.54140764938208	1234
20130815	123	123	123	183.0393104728274	1234
20130815	123	123	123	206.4478066684383	1234
20130815	123	123	123	205.30769230769232	1234
20130815	123	123	123	228.9474022601509	1234
20130815	123	123	123	279.47802715040586	1234
20130815	123	123	123	292.7694385640853	1234
20130815	123	123	123	314.6081202975365	1234
20130815	123	123	123	326.22213459025085	1234
20130815	123	123	123	347.9499449074306	1234
20130815	123	123	123	360.8839113165507	1234
20130815	123	123	123	407.08103171163174	1234
20130815	123	123	123	421.6594636135652	1234
20130815	123	123	123	441.723991992461	1234
20130815	123	123	123	444.07301353491664	1234
20130815	123	123	123	462.14464889167004	1234
20130815	123	123	123	463.7692307692309	1234
20130815	123	123	123	494.48198722005253	1234
20130815	123	123	123	516.0300692123028	1234
20130815	123	123	123	485.3578550516883	1234
20130815	123	123	123	491.1080525320721	1234
20130815	123	123	123	437.1241885852617	1234
20130815	123	123	123	438.368080274066	1234
20130815	123	123	123	437.0769230769229	1234
20130815	123	123	123	410.7307335269426	1234
20130815	123	123	123	404.5384615384613	1234
20130815	123	123	123	383.5074732697256	1234
20130815	123	123	123	380.6076105118681	1234
20130815	123	123	123	386.9308113200383	1234
20130815	123	123	123	402.3288728980152	1234
20130815	123	123	123	417.1701044519304	1234
20130815	123	123	123	412.81808984480847	1234
20130815	123	123	123	422.0	1234
20130815	123	123	123	443.75892006417627	1234
20130815	123	123	123	451.98981649174243	1234
20130815	123	123	123	455.15084260005733	1234
20130815	123	123	123	463.22132363958843	1234
20130815	123	123	123	496.2687292965018	1234
20130815	123	123	123	498.7284766696255	1234
20130815	123	123	123	479.3588377770008	1234
20130815	123	123	123	469.81196230974655	1234
20130815	123	123	123	454.869468599889	1234
20130815	123	123	123	446.5780141078563	1234
20130815	123	123	123	387.30664295861175	1234
20130815	123	123	123	390.1886295313699	1234
20130815	123	123	123	383.890458285844	1234
20130815	123	123	123	365.4809436139691	1234
20130815	123	123	123	364.2658242124003	1234
20130815	123	123	123	337.75422197511995	1234
20130815	123	123	123	331.87800463103736	1234
20130815	123	123	123	314.3706816689256	1234
20130815	123	123	123	307.1538461538462	1234
20130815	123	123	123	288.0224036903401	1234
20130815	123	123	123	272.32684843479916	1234
20130815	123	123	123	260.2030220001584	1234
20130815	123	123	123	220.69486328552375	1234
20130815	123	123	123	209.53150057340196	1234
20130815	123	123	123	186.20873587049684	1234
20130815	123	123	123	167.90086211835606	1234
20130815	123	123	123	168.0	1234
20130815	123	123	123	7.452170909587242	1234
20130815	123	123	123	3.000750981014404	1234
20130815	123	123	123	11.707514940913509	1234
20130815	123	123	123	9.10566352946394	1234
20130815	123	123	123	12.121098019455252	1234
20130815	123	123	123	13.507524595977715	1234
20130815	123	123	123	7.458793229607304	1234
20130815	123	123	123	15.005242326479038	1234
20130815	123	123	123	16.16334200380152	1234
20130815	123	123	123	3.7924765419142403	1234
20130815	123	123	123	19.81424128050805	1234
20130815	123	123	123	10.934607131422837	1234
20130815	123	123	123	10.301145198555608	1234
20130815	123	123	123	6.2193913622231385	1234
20130815	123	123	123	19.74962389687883	1234
20130815	123	123	123	12.926267485882555	1234
20130815	123	123	123	15.530454432831771	1234
20130815	123	123	123	2.0724210123766307	1234
20130815	123	123	123	7.695883822731107	1234
20130815	123	123	123	6.428763558574078	1234
20130815	123	123	123	0.12561026627149197	1234
20130815	123	123	123	12.794266838211625	1234
20130815	123	123	123	7.051024284914547	1234
20130815	123	123	123	9.223327871710442	1234
20130815	123	123	123	16.290657122736274	1234
20130815	123	123	123	9.481373886023764	1234
20130815	123	123	123	12.617241657629666	1234
20130815	123	123	123	10.134480647897178	1234
20130815	123	123	123	7.644414037617928	1234
20130815	123	123	123	14.347677505805116	1234