time startPrice highestPrice lowestPrice endPrice transactionCount
20130815	123	123	123	7.800279755074044	1234
20130815	123	123	123	3.4874655955795175	1234
20130815	123	123	123	8.924240088698074	1234
20130815	123	123	123	16.465024656626124	1234
20130815	123	123	123	10.809842288585212	1234
20130815	123	123	123	1.5252137271917943	1234
20130815	123	123	123	3.1043271449836274	1234
20130815	123	123	123	12.905147317242394	1234
20130815	123	123	123	10.719853302047142	1234
20130815	123	123	123	15.773998384658036	1234
20130815	123	123	123	13.817066325026426	1234
20130815	123	123	123	19.4432010914977	1234
20130815	123	123	123	17.17875017764623	1234
20130815	123	123	123	17.00922828835887	1234
20130815	123	123	123	19.268434503404897	1234
20130815	123	123	123	17.28645656508887	1234
20130815	123	123	123	1.2396207502511092	1234
20130815	123	123	123	7.014774083886428	1234
20130815	123	123	123	15.020009601022393	1234
20130815	123	123	123	19.81239237688498	1234
20130815	123	123	123	14.236292495569007	1234
20130815	123	123	123	17.1145385987287	1234
20130815	123	123	123	4.375769186153573	1234
20130815	123	123	123	7.131615087928451	1234
20130815	123	123	123	1.7207824579201936	1234
20130815	123	123	123	5.226845446401745	1234
20130815	123	123	123	12.072734986672174	1234
20130815	123	123	123	5.4165793563280555	1234
20130815	123	123	123	18.248852485270785	1234
20130815	123	123	123	13.112171991188218	1234
20130815	123	123	123	167.35444360105416	1234
20130815	123	123	123	193.65377664372977	1234
20130815	123	123	123	193.65473330245425	1234
20130815	123	123	123	205.30769230769232	1234
20130815	123	123	123	224.87711915835453	1234
20130815	123	123	123	238.3171649221918	1234
20130815	123	123	123	249.61538461538464	1234
20130815	123	123	123	276.58111359779406	1234
20130815	123	123	123	304.7733045186633	1234
20130815	123	123	123	312.985557971029	1234
20130815	123	123	123	339.73163835123097	1234
20130815	123	123	123	338.2307692307693	1234
20130815	123	123	123	377.61538461538464	1234
20130815	123	123	123	401.36666142075217	1234
20130815	123	123	123	416.4441174520816	1234
20130815	123	123	123	425.68453071547583	1234
20130815	123	123	123	438.0241985387881	1234
20130815	123	123	123	455.3523970354317	1234
20130815	123	123	123	515.9940282892935	1234
20130815	123	123	123	508.40438518803234	1234
20130815	123	123	123	497.3797459052345	1234
20130815	123	123	123	487.3844352869261	1234
20130815	123	123	123	471.731529717658	1234
20130815	123	123	123	450.58658500429794	1234
20130815	123	123	123	445.58400873115886	1234
20130815	123	123	123	379.81482429749025	1234
20130815	123	123	123	396.30485970815425	1234
20130815	123	123	123	372.29064390272293	1234
20130815	123	123	123	376.7523313957124	1234
20130815	123	123	123	415.2863628020941	1234
20130815	123	123	123	410.7608418050328	1234
20130815	123	123	123	443.9182610362055	1234
20130815	123	123	123	445.3011680270467	1234
20130815	123	123	123	455.0971497715624	1234
20130815	123	123	123	453.2851007051258	1234
20130815	123	123	123	487.93804695601705	1234
20130815	123	123	123	486.81424236982315	1234
20130815	123	123	123	503.75810682212784	1234
20130815	123	123	123	498.4498645412914	1234
20130815	123	123	123	483.5066893793253	1234
20130815	123	123	123	477.27771421345466	1234
20130815	123	123	123	468.30716526154214	1234
20130815	123	123	123	449.1316369849857	1234
20130815	123	123	123	438.5182324320076	1234
20130815	123	123	123	410.0297067453844	1234
20130815	123	123	123	402.97664229850636	1234
20130815	123	123	123	392.85576135615634	1234
20130815	123	123	123	386.93164210619545	1234
20130815	123	123	123	353.7863737199193	1234
20130815	123	123	123	335.6312227086203	1234
20130815	123	123	123	298.1293990109617	1234
20130815	123	123	123	275.41557329912104	1234
20130815	123	123	123	260.8275517454566	1234
20130815	123	123	123	256.3056283734135	1234
20130815	123	123	123	234.28724687641918	1234
20130815	123	123	123	218.81808346521322	1234
20130815	123	123	123	209.68175480663487	1234
20130815	123	123	123	178.95110773796355	1234
20130815	123	123	123	160.00719292771032	1234
20130815	123	123	123	168.0	1234
20130815	123	123	123	13.24386264430452	1234
20130815	123	123	123	6.738900188479155	1234
20130815	123	123	123	17.569934947930523	1234
20130815	123	123	123	16.285545966126932	1234
20130815	123	123	123	13.703572943703701	1234
20130815	123	123	123	3.7713412967346116	1234
20130815	123	123	123	17.17224844927911	1234
20130815	123	123	123	10.490697873853819	1234
20130815	123	123	123	7.313386690031926	1234
20130815	123	123	123	2.948834367725941	1234
20130815	123	123	123	16.15342824157575	1234
20130815	123	123	123	10.683844390712059	1234
20130815	123	123	123	11.517131344518013	1234
20130815	123	123	123	19.546177143412685	1234
20130815	123	123	123	1.0315442265080144	1234
20130815	123	123	123	11.150764186670475	1234
20130815	123	123	123	3.092232401833057	1234
20130815	123	123	123	8.618326550949003	1234
20130815	123	123	123	5.380911242026382	1234
20130815	123	123	123	8.68159660143576	1234
20130815	123	123	123	2.745627595525233	1234
20130815	123	123	123	6.862497649571666	1234
20130815	123	123	123	16.071609728027354	1234
20130815	123	123	123	4.653592866408061	1234
20130815	123	123	123	9.389875362357342	1234
20130815	123	123	123	12.199548036891734	1234
20130815	123	123	123	1.4111927064910468	1234
20130815	123	123	123	16.422812573631905	1234
20130815	123	123	123	2.7670634306408526	1234
20130815	123	123	123	10.235417064836405	1234