time startPrice highestPrice lowestPrice endPrice transactionCount
20130815	123	123	123	5.054428258176755	1234
20130815	123	123	123	1.0056695605023247	1234
20130815	123	123	123	7.273568852771746	1234
20130815	123	123	123	2.1327068753177003	1234
20130815	123	123	123	8.467606136537997	1234
20130815	123	123	123	14.532104087374066	1234
20130815	123	123	123	7.201511125585323	1234
20130815	123	123	123	0.476368174680617	1234
20130815	123	123	123	12.6497378074239	1234
20130815	123	123	123	18.000842335736877	1234
20130815	123	123	123	17.31975537744884	1234
20130815	123	123	123	11.110365833209688	1234
20130815	123	123	123	6.985139808340019	1234
20130815	123	123	123	5.3350970002745	1234
20130815	123	123	123	3.010188832893077	1234
20130815	123	123	123	18.57443223641111	1234
20130815	123	123	123	14.318419624694215	1234
20130815	123	123	123	14.75408236080179	1234
20130815	123	123	123	3.309374117292123	1234
20130815	123	123	123	1.6099073321491275	1234
20130815	123	123	123	16.456469843814766	1234
20130815	123	123	123	5.328804565379903	1234
20130815	123	123	123	15.830180625007648	1234
20130815	123	123	123	3.0601084187391514	1234
20130815	123	123	123	2.4051548851088667	1234
20130815	123	123	123	1.5113459029899357	1234
20130815	123	123	123	11.059048203469233	1234
20130815	123	123	123	5.82311710807989	1234
20130815	123	123	123	6.29932101611216	1234
20130815	123	123	123	10.355057670412283	1234
20130815	123	123	123	173.76442898130736	1234
20130815	123	123	123	185.72951170328673	1234
20130815	123	123	123	205.5157131349545	1234
20130815	123	123	123	207.35739025430664	1234
20130815	123	123	123	228.9500462626792	1234
20130815	123	123	123	241.39717118811893	1234
20130815	123	123	123	276.3445228351785	1234
20130815	123	123	123	294.21006793388324	1234
20130815	123	123	123	293.92307692307696	1234
20130815	123	123	123	354.1319957793653	1234
20130815	123	123	123	345.13231202541783	1234
20130815	123	123	123	370.21944640792003	1234
20130815	123	123	123	377.61538461538464	1234
20130815	123	123	123	399.005048598209	1234
20130815	123	123	123	406.34166994299136	1234
20130815	123	123	123	436.1730048319043	1234
20130815	123	123	123	448.89053586229517	1234
20130815	123	123	123	452.9331434752807	1234
20130815	123	123	123	470.37517871985847	1234
20130815	123	123	123	480.57890404160094	1234
20130815	123	123	123	488.38461538461553	1234
20130815	123	123	123	517.8527174511789	1234
20130815	123	123	123	513.0	1234
20130815	123	123	123	494.65849871931385	1234
20130815	123	123	123	490.5416621877083	1234
20130815	123	123	123	479.2469208447137	1234
20130815	123	123	123	404.5384615384613	1234
20130815	123	123	123	388.71605017977413	1234
20130815	123	123	123	374.5765061537704	1234
20130815	123	123	123	407.3981632346024	1234
20130815	123	123	123	392.5376746024099	1234
20130815	123	123	123	412.6962269255609	1234
20130815	123	123	123	412.0	1234
20130815	123	123	123	422.0	1234
20130815	123	123	123	438.95705051175133	1234
20130815	123	123	123	443.0671645550219	1234
20130815	123	123	123	471.86365510514713	1234
20130815	123	123	123	483.0232329605811	1234
20130815	123	123	123	483.4213565392447	1234
20130815	123	123	123	492.74157422739825	1234
20130815	123	123	123	470.6453677191249	1234
20130815	123	123	123	443.59833782552226	1234
20130815	123	123	123	441.5757946895057	1234
20130815	123	123	123	439.0357629054493	1234
20130815	123	123	123	420.1538461538462	1234
20130815	123	123	123	403.6653676205519	1234
20130815	123	123	123	391.3764743236968	1234
20130815	123	123	123	389.4615384615385	1234
20130815	123	123	123	352.3514344591022	1234
20130815	123	123	123	343.3566194923038	1234
20130815	123	123	123	333.43438827380345	1234
20130815	123	123	123	296.29165408587266	1234
20130815	123	123	123	276.02493058816026	1234
20130815	123	123	123	256.8629441882786	1234
20130815	123	123	123	238.99252673721085	1234
20130815	123	123	123	202.60888223049776	1234
20130815	123	123	123	205.90476303195214	1234
20130815	123	123	123	180.64827063879136	1234
20130815	123	123	123	170.5531380547659	1234
20130815	123	123	123	168.0	1234
20130815	123	123	123	7.919136197493546	1234
20130815	123	123	123	2.3966592622680483	1234
20130815	123	123	123	8.254268567729753	1234
20130815	123	123	123	4.44384757548538	1234
20130815	123	123	123	4.07165082719859	1234
20130815	123	123	123	1.6680290862621616	1234
20130815	123	123	123	13.261376725452468	1234
20130815	123	123	123	12.474532488560888	1234
20130815	123	123	123	1.634674758780219	1234
20130815	123	123	123	3.3402892797634043	1234
20130815	123	123	123	0.7700819541999993	1234
20130815	123	123	123	8.9870063842232	1234
20130815	123	123	123	1.8308463583264167	1234
20130815	123	123	123	7.749273851234402	1234
20130815	123	123	123	10.74296326710462	1234
20130815	123	123	123	4.9127554468962265	1234
20130815	123	123	123	0.5322739524222797	1234
20130815	123	123	123	16.81418268228243	1234
20130815	123	123	123	0.7402036869672868	1234
20130815	123	123	123	11.41303575868024	1234
20130815	123	123	123	0.7531060642681031	1234
20130815	123	123	123	0.47784770020519396	1234
20130815	123	123	123	12.984231613518775	1234
20130815	123	123	123	0.9038086792514011	1234
20130815	123	123	123	7.847191188768676	1234
20130815	123	123	123	12.231036787781349	1234
20130815	123	123	123	10.374886181050142	1234
20130815	123	123	123	1.2153022837076	1234
20130815	123	123	123	8.500319951988274	1234
20130815	123	123	123	17.17843111343153	1234