time startPrice highestPrice lowestPrice endPrice transactionCount
20130815	123	123	123	11.018911474513107	1234
20130815	123	123	123	2.12644190315036	1234
20130815	123	123	123	4.827193915277128	1234
20130815	123	123	123	11.58499371104196	1234
20130815	123	123	123	3.1835772644837212	1234
20130815	123	123	123	10.653877869702104	1234
20130815	123	123	123	6.534221134011933	1234
20130815	123	123	123	3.101191007999289	1234
20130815	123	123	123	15.932848454249724	1234
20130815	123	123	123	2.1738148196010743	1234
20130815	123	123	123	15.73180525960144	1234
20130815	123	123	123	5.506631763110739	1234
20130815	123	123	123	7.062947077077881	1234
20130815	123	123	123	6.812657718780151	1234
20130815	123	123	123	19.352558008879893	1234
20130815	123	123	123	0.12356951845285513	1234
20130815	123	123	123	15.500785558018567	1234
20130815	123	123	123	1.8576078696620213	1234
20130815	123	123	123	3.9037830004757867	1234
20130815	123	123	123	0.5689570161181989	1234
20130815	123	123	123	8.475328410679976	1234
20130815	123	123	123	17.180150640349993	1234
20130815	123	123	123	12.816226860730248	1234
20130815	123	123	123	0.9301718318842433	1234
20130815	123	123	123	13.578801903981606	1234
20130815	123	123	123	12.111438292318656	1234
20130815	123	123	123	3.087286505604081	1234
20130815	123	123	123	3.6571020303090473	1234
20130815	123	123	123	14.922466097734466	1234
20130815	123	123	123	4.326816076948261	1234
20130815	123	123	123	184.7867383334052	1234
20130815	123	123	123	208.45596091892887	1234
20130815	123	123	123	216.4803838013629	1234
20130815	123	123	123	230.94175636240996	1234
20130815	123	123	123	258.83757857229756	1234
20130815	123	123	123	272.0036574635554	1234
20130815	123	123	123	287.7621092009176	1234
20130815	123	123	123	294.34383675989653	1234
20130815	123	123	123	318.85824934561873	1234
20130815	123	123	123	347.40497382162164	1234
20130815	123	123	123	365.8580126074754	1234
20130815	123	123	123	371.9997677228749	1234
20130815	123	123	123	380.9569991562409	1234
20130815	123	123	123	404.3837785227565	1234
20130815	123	123	123	410.37624866552045	1234
20130815	123	123	123	425.09585307100366	1234
20130815	123	123	123	444.0562735179097	1234
20130815	123	123	123	439.15384615384625	1234
20130815	123	123	123	466.3875596842608	1234
20130815	123	123	123	476.1532601092925	1234
20130815	123	123	123	490.6002456228359	1234
20130815	123	123	123	504.2602999848438	1234
20130815	123	123	123	499.4107824082586	1234
20130815	123	123	123	491.1713998148062	1234
20130815	123	123	123	459.54718556304493	1234
20130815	123	123	123	460.6159885292568	1234
20130815	123	123	123	438.5102085967437	1234
20130815	123	123	123	430.3480374198337	1234
20130815	123	123	123	407.57331002786617	1234
20130815	123	123	123	398.4197028553068	1234
20130815	123	123	123	382.33946573876864	1234
20130815	123	123	123	382.8461538461536	1234
20130815	123	123	123	376.5489286943461	1234
20130815	123	123	123	392.11998759194216	1234
20130815	123	123	123	394.9730949236899	1234
20130815	123	123	123	411.45002536653266	1234
20130815	123	123	123	460.5311527343741	1234
20130815	123	123	123	468.7191060086809	1234
20130815	123	123	123	472.017959968836	1234
20130815	123	123	123	498.7295900082149	1234
20130815	123	123	123	496.90509550373395	1234
20130815	123	123	123	465.06283088972424	1234
20130815	123	123	123	462.7594019512025	1234
20130815	123	123	123	457.4548806486399	1234
20130815	123	123	123	450.84615384615387	1234
20130815	123	123	123	405.16255473022983	1234
20130815	123	123	123	392.89249044328886	1234
20130815	123	123	123	374.7460551518332	1234
20130815	123	123	123	340.7432067941146	1234
20130815	123	123	123	351.3108124712087	1234
20130815	123	123	123	325.397021577828	1234
20130815	123	123	123	296.05793557151515	1234
20130815	123	123	123	283.63433259882265	1234
20130815	123	123	123	262.5076349456405	1234
20130815	123	123	123	242.4979768408412	1234
20130815	123	123	123	225.2794142416108	1234
20130815	123	123	123	212.59128887008913	1234
20130815	123	123	123	197.7258705845876	1234
20130815	123	123	123	183.39804696762965	1234
20130815	123	123	123	168.0	1234
20130815	123	123	123	6.292517709219858	1234
20130815	123	123	123	8.987605224050732	1234
20130815	123	123	123	15.736195681990043	1234
20130815	123	123	123	11.47252324390626	1234
20130815	123	123	123	7.496336098901457	1234
20130815	123	123	123	5.711640300336254	1234
20130815	123	123	123	8.530634726715435	1234
20130815	123	123	123	7.068386582296653	1234
20130815	123	123	123	9.674819927184314	1234
20130815	123	123	123	11.69265245934531	1234
20130815	123	123	123	8.335245525367114	1234
20130815	123	123	123	13.646092631116812	1234
20130815	123	123	123	10.970563835130392	1234
20130815	123	123	123	11.803068496781046	1234
20130815	123	123	123	14.545071705220424	1234
20130815	123	123	123	18.133427008876634	1234
20130815	123	123	123	7.431560959791284	1234
20130815	123	123	123	10.794044761185424	1234
20130815	123	123	123	12.553598994086157	1234
20130815	123	123	123	17.170627341161737	1234
20130815	123	123	123	4.843121754959192	1234
20130815	123	123	123	19.10789777306605	1234
20130815	123	123	123	7.618602181857308	1234
20130815	123	123	123	3.3457898796846552	1234
20130815	123	123	123	19.843866722033646	1234
20130815	123	123	123	0.7549058151947818	1234
20130815	123	123	123	0.30241343593506054	1234
20130815	123	123	123	7.262058277784435	1234
20130815	123	123	123	12.723873278189338	1234
20130815	123	123	123	14.114486212320665	1234