time startPrice highestPrice lowestPrice endPrice transactionCount
20130815	123	123	123	16.27245640072188	1234
20130815	123	123	123	10.751626081549993	1234
20130815	123	123	123	8.438001983570798	1234
20130815	123	123	123	11.17615420693423	1234
20130815	123	123	123	2.047790406618062	1234
20130815	123	123	123	17.49228788762933	1234
20130815	123	123	123	17.456864909976375	1234
20130815	123	123	123	5.583428562899235	1234
20130815	123	123	123	1.855970670835203	1234
20130815	123	123	123	12.865369116556282	1234
20130815	123	123	123	5.154751384078868	1234
20130815	123	123	123	15.23871470190132	1234
20130815	123	123	123	3.6084707181618403	1234
20130815	123	123	123	2.4252724290230576	1234
20130815	123	123	123	13.607629498637797	1234
20130815	123	123	123	9.288330320510088	1234
20130815	123	123	123	9.395128500436478	1234
20130815	123	123	123	15.937611282246692	1234
20130815	123	123	123	8.8260487072158	1234
20130815	123	123	123	13.283912776558521	1234
20130815	123	123	123	9.410193317630139	1234
20130815	123	123	123	14.036756928063008	1234
20130815	123	123	123	6.859312170512424	1234
20130815	123	123	123	10.544102490288463	1234
20130815	123	123	123	14.593900774800971	1234
20130815	123	123	123	11.782048315763252	1234
20130815	123	123	123	14.855717481907643	1234
20130815	123	123	123	1.452804671518455	1234
20130815	123	123	123	10.24117489095536	1234
20130815	123	123	123	19.59180552649487	1234
20130815	123	123	123	175.2331892878952	1234
20130815	123	123	123	177.3218465612083	1234
20130815	123	123	123	209.76521265161617	1234
20130815	123	123	123	211.0311155496774	1234
20130815	123	123	123	234.84615384615387	1234
20130815	123	123	123	270.2252848030931	1234
20130815	123	123	123	294.8304085284265	1234
20130815	123	123	123	293.92307692307696	1234
20130815	123	123	123	311.94080427788504	1234
20130815	123	123	123	341.8189016227559	1234
20130815	123	123	123	353.3924682144183	1234
20130815	123	123	123	353.93434328532646	1234
20130815	123	123	123	379.74575723074497	1234
20130815	123	123	123	397.77353002843637	1234
20130815	123	123	123	410.21293832287114	1234
20130815	123	123	123	421.091150277692	1234
20130815	123	123	123	426.9122261742025	1234
20130815	123	123	123	449.8710503173505	1234
20130815	123	123	123	467.6923348131857	1234
20130815	123	123	123	465.6771797646187	1234
20130815	123	123	123	486.50873150381756	1234
20130815	123	123	123	492.34875768390407	1234
20130815	123	123	123	501.17772575698325	1234
20130815	123	123	123	510.2435021859345	1234
20130815	123	123	123	439.1315491904245	1234
20130815	123	123	123	447.9230769230768	1234
20130815	123	123	123	429.9144469658437	1234
20130815	123	123	123	424.1210932167206	1234
20130815	123	123	123	401.9801408471673	1234
20130815	123	123	123	391.4844686124436	1234
20130815	123	123	123	371.7322511889632	1234
20130815	123	123	123	381.0076022414394	1234
20130815	123	123	123	405.98406319982985	1234
20130815	123	123	123	419.54395270515334	1234
20130815	123	123	123	420.5439664680412	1234
20130815	123	123	123	461.7921440936107	1234
20130815	123	123	123	457.52030773094293	1234
20130815	123	123	123	471.8653679061441	1234
20130815	123	123	123	476.0098522835581	1234
20130815	123	123	123	489.81518075399754	1234
20130815	123	123	123	477.06146594376503	1234
20130815	123	123	123	458.85352277060815	1234
20130815	123	123	123	448.50775387757596	1234
20130815	123	123	123	426.83773388752047	1234
20130815	123	123	123	426.4368438302768	1234
20130815	123	123	123	420.1538461538462	1234
20130815	123	123	123	381.58130746481646	1234
20130815	123	123	123	372.03130396452923	1234
20130815	123	123	123	366.9673326330336	1234
20130815	123	123	123	334.1305277906206	1234
20130815	123	123	123	305.14499899648735	1234
20130815	123	123	123	307.1538461538462	1234
20130815	123	123	123	290.56764512511694	1234
20130815	123	123	123	276.2307692307693	1234
20130815	123	123	123	256.3947357049657	1234
20130815	123	123	123	245.30769230769238	1234
20130815	123	123	123	206.41169310834368	1234
20130815	123	123	123	180.03824054464147	1234
20130815	123	123	123	182.9327802265949	1234
20130815	123	123	123	168.0	1234
20130815	123	123	123	3.949602957496663	1234
20130815	123	123	123	1.182907551828074	1234
20130815	123	123	123	13.473564483821939	1234
20130815	123	123	123	19.710041744190047	1234
20130815	123	123	123	16.802951524433908	1234
20130815	123	123	123	11.82264751868366	1234
20130815	123	123	123	13.740073712566748	1234
20130815	123	123	123	14.66156886475321	1234
20130815	123	123	123	4.211344915515376	1234
20130815	123	123	123	10.995059067381929	1234
20130815	123	123	123	7.407055059605225	1234
20130815	123	123	123	3.076964644941542	1234
20130815	123	123	123	2.3910916148280936	1234
20130815	123	123	123	15.799253092228438	1234
20130815	123	123	123	5.016891248238771	1234
20130815	123	123	123	17.819652941983254	1234
20130815	123	123	123	5.396375183168773	1234
20130815	123	123	123	8.265541919576672	1234
20130815	123	123	123	12.93969452859248	1234
20130815	123	123	123	1.5231264051968019	1234
20130815	123	123	123	15.572312938940831	1234
20130815	123	123	123	6.504701060367135	1234
20130815	123	123	123	9.911810371058174	1234
20130815	123	123	123	15.447131131116521	1234
20130815	123	123	123	9.031837055151787	1234
20130815	123	123	123	14.344953644784226	1234
20130815	123	123	123	13.34942148986206	1234
20130815	123	123	123	18.98740101122588	1234
20130815	123	123	123	12.851343142459514	1234
20130815	123	123	123	1.488539193107974	1234