time startPrice highestPrice lowestPrice endPrice transactionCount
20130815	123	123	123	16.935824198497787	1234
20130815	123	123	123	5.748616547317075	1234
20130815	123	123	123	19.42820591682676	1234
20130815	123	123	123	11.07912168899053	1234
20130815	123	123	123	7.096090779993613	1234
20130815	123	123	123	17.221078918678963	1234
20130815	123	123	123	13.223503783700462	1234
20130815	123	123	123	13.75655989783012	1234
20130815	123	123	123	12.649387756951732	1234
20130815	123	123	123	8.34807450802174	1234
20130815	123	123	123	17.0701668307321	1234
20130815	123	123	123	13.814411142011867	1234
20130815	123	123	123	15.083312474431033	1234
20130815	123	123	123	11.850281460085721	1234
20130815	123	123	123	4.842016464676773	1234
20130815	123	123	123	17.224114476901242	1234
20130815	123	123	123	7.857660133211732	1234
20130815	123	123	123	2.7245821938308024	1234
20130815	123	123	123	15.049098553770248	1234
20130815	123	123	123	13.741631783023735	1234
20130815	123	123	123	15.615388991277827	1234
20130815	123	123	123	9.21270882268946	1234
20130815	123	123	123	6.03353760099851	1234
20130815	123	123	123	7.602820601326408	1234
20130815	123	123	123	1.0995947891285018	1234
20130815	123	123	123	0.29380684860893735	1234
20130815	123	123	123	7.3970959757971055	1234
20130815	123	123	123	5.722029085956983	1234
20130815	123	123	123	18.160901819926792	1234
20130815	123	123	123	4.12534939566042	1234
20130815	123	123	123	167.77763942518408	1234
20130815	123	123	123	177.01522017302585	1234
20130815	123	123	123	200.42985993442161	1234
20130815	123	123	123	212.64705348958617	1234
20130815	123	123	123	220.0769230769231	1234
20130815	123	123	123	234.84615384615387	1234
20130815	123	123	123	270.4107154671908	1234
20130815	123	123	123	264.3846153846154	1234
20130815	123	123	123	301.40564475051684	1234
20130815	123	123	123	308.69230769230774	1234
20130815	123	123	123	324.3619834019328	1234
20130815	123	123	123	358.1582591169397	1234
20130815	123	123	123	356.4824780506314	1234
20130815	123	123	123	371.16766338108806	1234
20130815	123	123	123	380.1916944955969	1234
20130815	123	123	123	395.1970169987842	1234
20130815	123	123	123	409.5176975643149	1234
20130815	123	123	123	428.5448417828764	1234
20130815	123	123	123	436.645389861724	1234
20130815	123	123	123	451.10040985598937	1234
20130815	123	123	123	460.837727779698	1234
20130815	123	123	123	467.07485617348317	1234
20130815	123	123	123	490.1762854324171	1234
20130815	123	123	123	512.2514979004274	1234
20130815	123	123	123	467.9561662861638	1234
20130815	123	123	123	462.91654724759195	1234
20130815	123	123	123	437.2905934048785	1234
20130815	123	123	123	437.0769230769229	1234
20130815	123	123	123	421.8467742510372	1234
20130815	123	123	123	415.3846153846152	1234
20130815	123	123	123	397.5857967301222	1234
20130815	123	123	123	359.5353306757097	1234
20130815	123	123	123	381.4771570341879	1234
20130815	123	123	123	382.0	1234
20130815	123	123	123	394.48875200208613	1234
20130815	123	123	123	441.7866763318459	1234
20130815	123	123	123	447.1028615726699	1234
20130815	123	123	123	461.3563223083584	1234
20130815	123	123	123	465.86193978263753	1234
20130815	123	123	123	475.7112157741774	1234
20130815	123	123	123	489.91918270259555	1234
20130815	123	123	123	496.6988697477784	1234
20130815	123	123	123	479.189926842492	1234
20130815	123	123	123	479.9429091460226	1234
20130815	123	123	123	459.457750013847	1234
20130815	123	123	123	449.8527784024296	1234
20130815	123	123	123	431.30216546671556	1234
20130815	123	123	123	413.931725341064	1234
20130815	123	123	123	412.48913085974885	1234
20130815	123	123	123	384.7661479177575	1234
20130815	123	123	123	366.7198982979105	1234
20130815	123	123	123	347.1221809669073	1234
20130815	123	123	123	338.0769230769231	1234
20130815	123	123	123	296.39866468906837	1234
20130815	123	123	123	264.0405431572953	1234
20130815	123	123	123	260.76923076923083	1234
20130815	123	123	123	229.84615384615392	1234
20130815	123	123	123	214.38461538461547	1234
20130815	123	123	123	177.3470136985604	1234
20130815	123	123	123	168.0	1234
20130815	123	123	123	8.788984970347602	1234
20130815	123	123	123	10.953118813622657	1234
20130815	123	123	123	16.134193840696135	1234
20130815	123	123	123	5.782623663490618	1234
20130815	123	123	123	19.389489611824548	1234
20130815	123	123	123	19.710402579744493	1234
20130815	123	123	123	3.3831500685874816	1234
20130815	123	123	123	7.197793067856669	1234
20130815	123	123	123	9.257025053868514	1234
20130815	123	123	123	5.6102570321635685	1234
20130815	123	123	123	15.955577507363948	1234
20130815	123	123	123	7.375312694919273	1234
20130815	123	123	123	7.163239747485603	1234
20130815	123	123	123	3.7824680177299075	1234
20130815	123	123	123	11.062071500078162	1234
20130815	123	123	123	16.761265771705418	1234
20130815	123	123	123	18.62284641139479	1234
20130815	123	123	123	14.11362875095337	1234
20130815	123	123	123	14.48504580887338	1234
20130815	123	123	123	16.069963554752935	1234
20130815	123	123	123	2.531867040505178	1234
20130815	123	123	123	15.923205902358857	1234
20130815	123	123	123	16.044734532379255	1234
20130815	123	123	123	6.921933608225885	1234
20130815	123	123	123	5.160026222765161	1234
20130815	123	123	123	11.43616459122539	1234
20130815	123	123	123	7.893273794959312	1234
20130815	123	123	123	19.323209199532972	1234
20130815	123	123	123	16.200042181184887	1234
20130815	123	123	123	10.904323000787969	1234