time startPrice highestPrice lowestPrice endPrice transactionCount
20130815	123	123	123	12.92847340449759	1234
20130815	123	123	123	0.5710536574620795	1234
20130815	123	123	123	2.900972084775213	1234
20130815	123	123	123	10.8490121280016	1234
20130815	123	123	123	7.271488217087175	1234
20130815	123	123	123	13.598999060730128	1234
20130815	123	123	123	7.738062649748747	1234
20130815	123	123	123	16.007129726776398	1234
20130815	123	123	123	17.975850962472208	1234
20130815	123	123	123	17.793087796386132	1234
20130815	123	123	123	12.277517166837342	1234
20130815	123	123	123	12.352137919355492	1234
20130815	123	123	123	10.702179094075404	1234
20130815	123	123	123	5.060404100652169	1234
20130815	123	123	123	1.1880024233037023	1234
20130815	123	123	123	11.579976720844725	1234
20130815	123	123	123	8.102170689089105	1234
20130815	123	123	123	13.652002846648836	1234
20130815	123	123	123	3.1241641579859936	1234
20130815	123	123	123	5.016724547167739	1234
20130815	123	123	123	11.328549853203258	1234
20130815	123	123	123	5.925323556288471	1234
20130815	123	123	123	11.308929382096098	1234
20130815	123	123	123	9.197643166387014	1234
20130815	123	123	123	11.934746552922695	1234
20130815	123	123	123	14.733177618062562	1234
20130815	123	123	123	13.939433206028625	1234
20130815	123	123	123	11.413431764287411	1234
20130815	123	123	123	16.396356805078028	1234
20130815	123	123	123	6.867659392193337	1234
20130815	123	123	123	172.1146091444241	1234
20130815	123	123	123	218.25941212831793	1234
20130815	123	123	123	237.02905987909617	1234
20130815	123	123	123	243.22142395595972	1234
20130815	123	123	123	277.8113466439638	1234
20130815	123	123	123	286.2586590385537	1234
20130815	123	123	123	298.149219778318	1234
20130815	123	123	123	318.7389101552666	1234
20130815	123	123	123	332.9627112771772	1234
20130815	123	123	123	363.5870758750442	1234
20130815	123	123	123	354.8736071886689	1234
20130815	123	123	123	368.44344606559173	1234
20130815	123	123	123	392.73669989402106	1234
20130815	123	123	123	407.1396780168199	1234
20130815	123	123	123	433.4374602592377	1234
20130815	123	123	123	439.15384615384625	1234
20130815	123	123	123	462.55604603483005	1234
20130815	123	123	123	476.73463814697647	1234
20130815	123	123	123	505.4801613871408	1234
20130815	123	123	123	503.45256854492914	1234
20130815	123	123	123	502.15384615384613	1234
20130815	123	123	123	472.077621203305	1234
20130815	123	123	123	469.6153846153845	1234
20130815	123	123	123	438.7898520898084	1234
20130815	123	123	123	434.2244329279506	1234
20130815	123	123	123	423.06795183578583	1234
20130815	123	123	123	408.1547172592159	1234
20130815	123	123	123	401.6743193648107	1234
20130815	123	123	123	389.0259399317147	1234
20130815	123	123	123	374.31580232511686	1234
20130815	123	123	123	372.0	1234
20130815	123	123	123	451.50094919368905	1234
20130815	123	123	123	459.9609081470073	1234
20130815	123	123	123	472.0	1234
20130815	123	123	123	487.7509782391659	1234
20130815	123	123	123	493.72919648987204	1234
20130815	123	123	123	490.31525629386704	1234
20130815	123	123	123	480.7890243154745	1234
20130815	123	123	123	465.47394591504695	1234
20130815	123	123	123	459.07452924498335	1234
20130815	123	123	123	454.0764199987208	1234
20130815	123	123	123	443.54792601708874	1234
20130815	123	123	123	440.61538461538464	1234
20130815	123	123	123	425.0776583602316	1234
20130815	123	123	123	408.4751530830877	1234
20130815	123	123	123	392.0612366478975	1234
20130815	123	123	123	379.66506028462385	1234
20130815	123	123	123	349.3741188266108	1234
20130815	123	123	123	339.34981239942243	1234
20130815	123	123	123	310.13354709909544	1234
20130815	123	123	123	304.89961252084623	1234
20130815	123	123	123	280.04575254125876	1234
20130815	123	123	123	273.4850014188751	1234
20130815	123	123	123	242.65436558048228	1234
20130815	123	123	123	235.4086891111528	1234
20130815	123	123	123	219.9248816999482	1234
20130815	123	123	123	188.44959652148302	1234
20130815	123	123	123	198.92307692307702	1234
20130815	123	123	123	183.46153846153857	1234
20130815	123	123	123	168.0	1234
20130815	123	123	123	15.955268043081784	1234
20130815	123	123	123	15.84930739184623	1234
20130815	123	123	123	10.505973175350388	1234
20130815	123	123	123	9.03810253296717	1234
20130815	123	123	123	14.039787681505931	1234
20130815	123	123	123	15.805795710530898	1234
20130815	123	123	123	11.53751036769248	1234
20130815	123	123	123	19.537985250392772	1234
20130815	123	123	123	12.68222041936603	1234
20130815	123	123	123	12.978414460228045	1234
20130815	123	123	123	12.345661125252416	1234
20130815	123	123	123	7.056484753816001	1234
20130815	123	123	123	0.7103795743047114	1234
20130815	123	123	123	10.886694494720334	1234
20130815	123	123	123	13.460678216598389	1234
20130815	123	123	123	17.01613752854855	1234
20130815	123	123	123	4.9107987618423055	1234
20130815	123	123	123	6.2812801924945205	1234
20130815	123	123	123	6.758185534643064	1234
20130815	123	123	123	5.368865117688233	1234
20130815	123	123	123	0.18513983751471175	1234
20130815	123	123	123	9.721120567454932	1234
20130815	123	123	123	17.428261418388082	1234
20130815	123	123	123	19.95839335478363	1234
20130815	123	123	123	4.1487578906228055	1234
20130815	123	123	123	4.50105513877908	1234
20130815	123	123	123	9.737575648757296	1234
20130815	123	123	123	10.357881355098954	1234
20130815	123	123	123	18.159340491115966	1234
20130815	123	123	123	1.7233683780867848	1234