time startPrice highestPrice lowestPrice endPrice transactionCount
20130815	123	123	123	13.952949343921805	1234
20130815	123	123	123	2.347211440364858	1234
20130815	123	123	123	2.516425623103904	1234
20130815	123	123	123	0.1743016008990761	1234
20130815	123	123	123	16.89460762129815	1234
20130815	123	123	123	10.392400945666598	1234
20130815	123	123	123	6.257720632822721	1234
20130815	123	123	123	16.859640920908422	1234
20130815	123	123	123	11.786486382811416	1234
20130815	123	123	123	12.74173821935838	1234
20130815	123	123	123	18.34711404369932	1234
20130815	123	123	123	13.859883591581799	1234
20130815	123	123	123	13.296910015818426	1234
20130815	123	123	123	16.998942908399663	1234
20130815	123	123	123	1.393048992717314	1234
20130815	123	123	123	5.032929102653261	1234
20130815	123	123	123	14.606248941249675	1234
20130815	123	123	123	15.483695484517003	1234
20130815	123	123	123	8.342570755056597	1234
20130815	123	123	123	18.605802637011863	1234
20130815	123	123	123	11.794902001574595	1234
20130815	123	123	123	12.961319056726147	1234
20130815	123	123	123	5.837905974276143	1234
20130815	123	123	123	16.201192357066013	1234
20130815	123	123	123	13.315835006401205	1234
20130815	123	123	123	4.7055831291694155	1234
20130815	123	123	123	15.333674487100357	1234
20130815	123	123	123	3.9674311035735754	1234
20130815	123	123	123	5.143103088299261	1234
20130815	123	123	123	11.057343259223039	1234
20130815	123	123	123	179.19055283345756	1234
20130815	123	123	123	196.13227018696708	1234
20130815	123	123	123	276.92078632006894	1234
20130815	123	123	123	279.1538461538462	1234
20130815	123	123	123	301.11265020639837	1234
20130815	123	123	123	312.7434173441212	1234
20130815	123	123	123	330.96846843885197	1234
20130815	123	123	123	342.8193660640339	1234
20130815	123	123	123	353.52341526421156	1234
20130815	123	123	123	373.62700735290326	1234
20130815	123	123	123	378.79342339998175	1234
20130815	123	123	123	465.0193546028104	1234
20130815	123	123	123	458.1971631695028	1234
20130815	123	123	123	464.33291470767153	1234
20130815	123	123	123	498.3779940525593	1234
20130815	123	123	123	504.55000652089694	1234
20130815	123	123	123	484.20012679636903	1234
20130815	123	123	123	455.4515230796648	1234
20130815	123	123	123	446.9105016882201	1234
20130815	123	123	123	422.115901599784	1234
20130815	123	123	123	422.21865237683323	1234
20130815	123	123	123	407.36056488323453	1234
20130815	123	123	123	391.97333142467045	1234
20130815	123	123	123	389.8355827279696	1234
20130815	123	123	123	372.47223235844996	1234
20130815	123	123	123	379.78208412154	1234
20130815	123	123	123	385.37908130310376	1234
20130815	123	123	123	396.7652225504246	1234
20130815	123	123	123	421.1274130111032	1234
20130815	123	123	123	437.5555681913644	1234
20130815	123	123	123	434.89060351670565	1234
20130815	123	123	123	476.4324915424889	1234
20130815	123	123	123	477.51927285585646	1234
20130815	123	123	123	473.99156278856174	1234
20130815	123	123	123	482.0	1234
20130815	123	123	123	498.58312936587976	1234
20130815	123	123	123	480.13516334792934	1234
20130815	123	123	123	458.40311526763435	1234
20130815	123	123	123	454.66618546587927	1234
20130815	123	123	123	450.84615384615387	1234
20130815	123	123	123	411.2111302460126	1234
20130815	123	123	123	418.7871294058972	1234
20130815	123	123	123	408.9607165354379	1234
20130815	123	123	123	391.548315149663	1234
20130815	123	123	123	387.5212804015257	1234
20130815	123	123	123	374.9279157102629	1234
20130815	123	123	123	342.49747028551565	1234
20130815	123	123	123	340.71594033779513	1234
20130815	123	123	123	328.1712413081663	1234
20130815	123	123	123	322.61538461538464	1234
20130815	123	123	123	298.4217772549032	1234
20130815	123	123	123	291.69230769230774	1234
20130815	123	123	123	266.08686055120137	1234
20130815	123	123	123	241.15722757084137	1234
20130815	123	123	123	231.1538594266638	1234
20130815	123	123	123	225.26946594855605	1234
20130815	123	123	123	202.3600809950787	1234
20130815	123	123	123	186.5724790819185	1234
20130815	123	123	123	172.94263241234376	1234
20130815	123	123	123	168.0	1234
20130815	123	123	123	15.622818980509841	1234
20130815	123	123	123	17.921904668547622	1234
20130815	123	123	123	14.707314201284376	1234
20130815	123	123	123	19.19251965936366	1234
20130815	123	123	123	18.25134279779983	1234
20130815	123	123	123	17.981156574560913	1234
20130815	123	123	123	4.873537212092341	1234
20130815	123	123	123	7.988698055193155	1234
20130815	123	123	123	0.7589958902703486	1234
20130815	123	123	123	8.139234518570337	1234
20130815	123	123	123	12.98666783979753	1234
20130815	123	123	123	17.680415607932996	1234
20130815	123	123	123	1.7650731567931266	1234
20130815	123	123	123	13.869111055193173	1234
20130815	123	123	123	9.403815188408771	1234
20130815	123	123	123	12.418975816799705	1234
20130815	123	123	123	6.6255198151237416	1234
20130815	123	123	123	12.060283582076792	1234
20130815	123	123	123	4.952794330631482	1234
20130815	123	123	123	10.90341843891455	1234
20130815	123	123	123	2.719574112423311	1234
20130815	123	123	123	3.6689511173295086	1234
20130815	123	123	123	7.400341505756874	1234
20130815	123	123	123	7.925054495853909	1234
20130815	123	123	123	19.381202514768407	1234
20130815	123	123	123	4.7454377908107315	1234
20130815	123	123	123	13.283203222255624	1234
20130815	123	123	123	17.96874836951941	1234
20130815	123	123	123	9.072621252388258	1234
20130815	123	123	123	7.616813123573047	1234