time startPrice highestPrice lowestPrice endPrice transactionCount
20130815	123	123	123	12.044555410942374	1234
20130815	123	123	123	2.1315464737696366	1234
20130815	123	123	123	1.9733460044329099	1234
20130815	123	123	123	9.19948949147064	1234
20130815	123	123	123	18.632805456152518	1234
20130815	123	123	123	6.172740824180432	1234
20130815	123	123	123	9.094182261655448	1234
20130815	123	123	123	14.379083984566245	1234
20130815	123	123	123	6.381371725054512	1234
20130815	123	123	123	2.6248746949522594	1234
20130815	123	123	123	18.984599847724677	1234
20130815	123	123	123	18.162062836015757	1234
20130815	123	123	123	2.1459335160404303	1234
20130815	123	123	123	1.4365710594785153	1234
20130815	123	123	123	3.3428402146994673	1234
20130815	123	123	123	10.517044548405428	1234
20130815	123	123	123	12.843368822391847	1234
20130815	123	123	123	3.2692093803555533	1234
20130815	123	123	123	3.1668025416617995	1234
20130815	123	123	123	4.490912816647494	1234
20130815	123	123	123	15.651392146373485	1234
20130815	123	123	123	15.282219604775719	1234
20130815	123	123	123	0.3130196167910504	1234
20130815	123	123	123	14.631910031824962	1234
20130815	123	123	123	19.29494430033038	1234
20130815	123	123	123	13.107207012001078	1234
20130815	123	123	123	2.2911270736284295	1234
20130815	123	123	123	8.000788782951734	1234
20130815	123	123	123	12.518571968430605	1234
20130815	123	123	123	13.493942368515397	1234
20130815	123	123	123	198.3034138226928	1234
20130815	123	123	123	214.6413522356293	1234
20130815	123	123	123	222.99366359078783	1234
20130815	123	123	123	234.84615384615387	1234
20130815	123	123	123	258.3820814944906	1234
20130815	123	123	123	279.66048282540754	1234
20130815	123	123	123	293.92307692307696	1234
20130815	123	123	123	324.2364854732804	1234
20130815	123	123	123	343.1692393100961	1234
20130815	123	123	123	357.1428828070401	1234
20130815	123	123	123	365.3076923076923	1234
20130815	123	123	123	377.61538461538464	1234
20130815	123	123	123	389.92307692307696	1234
20130815	123	123	123	402.2307692307693	1234
20130815	123	123	123	445.6038287670226	1234
20130815	123	123	123	439.15384615384625	1234
20130815	123	123	123	451.46153846153857	1234
20130815	123	123	123	493.0070836580269	1234
20130815	123	123	123	494.0554854860898	1234
20130815	123	123	123	507.99990811849193	1234
20130815	123	123	123	496.3911939644421	1234
20130815	123	123	123	496.4412882974967	1234
20130815	123	123	123	472.42512323520197	1234
20130815	123	123	123	455.76072502483197	1234
20130815	123	123	123	434.8211856435447	1234
20130815	123	123	123	436.5871616851335	1234
20130815	123	123	123	413.7011063005751	1234
20130815	123	123	123	415.3846153846152	1234
20130815	123	123	123	382.6289669253745	1234
20130815	123	123	123	371.0088694695578	1234
20130815	123	123	123	374.20663060217436	1234
20130815	123	123	123	405.87308240876314	1234
20130815	123	123	123	419.83099303659634	1234
20130815	123	123	123	423.9542682852818	1234
20130815	123	123	123	442.7467035495306	1234
20130815	123	123	123	450.0372575611974	1234
20130815	123	123	123	452.0	1234
20130815	123	123	123	471.57730907910576	1234
20130815	123	123	123	483.07033300711595	1234
20130815	123	123	123	496.4698180572404	1234
20130815	123	123	123	481.48441896193793	1234
20130815	123	123	123	465.02791848486436	1234
20130815	123	123	123	455.37146753986053	1234
20130815	123	123	123	446.8811925654394	1234
20130815	123	123	123	424.29993910789875	1234
20130815	123	123	123	430.25336733643434	1234
20130815	123	123	123	409.92307692307696	1234
20130815	123	123	123	398.4196632814709	1234
20130815	123	123	123	375.2355247277542	1234
20130815	123	123	123	370.4232984217306	1234
20130815	123	123	123	349.83640178051564	1234
20130815	123	123	123	353.53846153846155	1234
20130815	123	123	123	321.1569515747611	1234
20130815	123	123	123	322.46852391476034	1234
20130815	123	123	123	293.4675435052485	1234
20130815	123	123	123	207.869196384389	1234
20130815	123	123	123	194.50983111370238	1234
20130815	123	123	123	194.68102938268274	1234
20130815	123	123	123	164.29691510213996	1234
20130815	123	123	123	168.0	1234
20130815	123	123	123	7.574710844279895	1234
20130815	123	123	123	11.325324326237343	1234
20130815	123	123	123	14.613576720122563	1234
20130815	123	123	123	2.912026499486753	1234
20130815	123	123	123	12.791442757450753	1234
20130815	123	123	123	6.466767902937656	1234
20130815	123	123	123	17.263237845021916	1234
20130815	123	123	123	8.817829550557105	1234
20130815	123	123	123	2.862457053298215	1234
20130815	123	123	123	5.605098266471591	1234
20130815	123	123	123	16.98894466066649	1234
20130815	123	123	123	2.3470759368286287	1234
20130815	123	123	123	10.492940976993738	1234
20130815	123	123	123	7.413213681723631	1234
20130815	123	123	123	3.1246052728667117	1234
20130815	123	123	123	3.8692344032122783	1234
20130815	123	123	123	2.3729492916245465	1234
20130815	123	123	123	15.97849123572866	1234
20130815	123	123	123	7.516238189861673	1234
20130815	123	123	123	6.140654314137457	1234
20130815	123	123	123	6.029482868868	1234
20130815	123	123	123	15.343409350065155	1234
20130815	123	123	123	19.038166731519024	1234
20130815	123	123	123	13.719158588551599	1234
20130815	123	123	123	13.477905009486776	1234
20130815	123	123	123	14.275229104864568	1234
20130815	123	123	123	18.536787014314115	1234
20130815	123	123	123	1.8536094739736542	1234
20130815	123	123	123	5.652791808025606	1234
20130815	123	123	123	8.237990336921385	1234