time startPrice highestPrice lowestPrice endPrice transactionCount
20130815	123	123	123	4.791414896035273	1234
20130815	123	123	123	7.795268027592197	1234
20130815	123	123	123	6.639011150092138	1234
20130815	123	123	123	15.645430894493833	1234
20130815	123	123	123	15.417601795048508	1234
20130815	123	123	123	5.076675426710375	1234
20130815	123	123	123	7.166524261661618	1234
20130815	123	123	123	6.407145829201264	1234
20130815	123	123	123	0.7213165976740221	1234
20130815	123	123	123	16.37259759357927	1234
20130815	123	123	123	3.15596658731369	1234
20130815	123	123	123	12.455551243680382	1234
20130815	123	123	123	4.899439306683247	1234
20130815	123	123	123	11.051962247891067	1234
20130815	123	123	123	18.72166921175783	1234
20130815	123	123	123	9.629953594522787	1234
20130815	123	123	123	4.4331946041544334	1234
20130815	123	123	123	17.625675863974838	1234
20130815	123	123	123	14.906124027307444	1234
20130815	123	123	123	0.5595986630444805	1234
20130815	123	123	123	1.4216564347688898	1234
20130815	123	123	123	11.293259726008213	1234
20130815	123	123	123	5.212978582413175	1234
20130815	123	123	123	3.8449896675714768	1234
20130815	123	123	123	15.54656360476704	1234
20130815	123	123	123	13.919159195412568	1234
20130815	123	123	123	16.226719235591254	1234
20130815	123	123	123	19.265379844983872	1234
20130815	123	123	123	5.787209863994082	1234
20130815	123	123	123	17.97254723861934	1234
20130815	123	123	123	176.25065568507316	1234
20130815	123	123	123	176.34967902557074	1234
20130815	123	123	123	259.80944074946615	1234
20130815	123	123	123	253.9330261618868	1234
20130815	123	123	123	296.7653237005401	1234
20130815	123	123	123	317.7309058566692	1234
20130815	123	123	123	327.65264130162257	1234
20130815	123	123	123	351.9045367385345	1234
20130815	123	123	123	394.5691352617016	1234
20130815	123	123	123	380.7952207367878	1234
20130815	123	123	123	403.3659041489458	1234
20130815	123	123	123	421.77519759038114	1234
20130815	123	123	123	443.92997732141765	1234
20130815	123	123	123	450.23121832821744	1234
20130815	123	123	123	476.21668897940833	1234
20130815	123	123	123	482.57618315125086	1234
20130815	123	123	123	490.540395733164	1234
20130815	123	123	123	510.4072844377487	1234
20130815	123	123	123	477.9650025850265	1234
20130815	123	123	123	469.539960807806	1234
20130815	123	123	123	426.34098168212864	1234
20130815	123	123	123	423.4249253201926	1234
20130815	123	123	123	409.2808796130421	1234
20130815	123	123	123	397.81346972898785	1234
20130815	123	123	123	391.47598087827	1234
20130815	123	123	123	381.86615949347316	1234
20130815	123	123	123	396.150426027482	1234
20130815	123	123	123	395.1905854725825	1234
20130815	123	123	123	410.7923387059003	1234
20130815	123	123	123	415.1858529473886	1234
20130815	123	123	123	431.7661823176597	1234
20130815	123	123	123	437.55491809688294	1234
20130815	123	123	123	449.2925949429946	1234
20130815	123	123	123	464.4010981269609	1234
20130815	123	123	123	472.9844687194298	1234
20130815	123	123	123	499.5082922920717	1234
20130815	123	123	123	497.9447984704475	1234
20130815	123	123	123	478.97534547512834	1234
20130815	123	123	123	477.7832255465064	1234
20130815	123	123	123	459.15053487170434	1234
20130815	123	123	123	454.35349072168617	1234
20130815	123	123	123	441.453554589858	1234
20130815	123	123	123	438.8290818161394	1234
20130815	123	123	123	428.1620837112388	1234
20130815	123	123	123	409.0528680287279	1234
20130815	123	123	123	395.60345104501266	1234
20130815	123	123	123	387.70585697653473	1234
20130815	123	123	123	376.19210084013895	1234
20130815	123	123	123	327.1645558627867	1234
20130815	123	123	123	305.2913893043075	1234
20130815	123	123	123	284.11292621358683	1234
20130815	123	123	123	272.29916755768	1234
20130815	123	123	123	276.2307692307693	1234
20130815	123	123	123	248.73292164715923	1234
20130815	123	123	123	219.1527674377399	1234
20130815	123	123	123	211.38732874876536	1234
20130815	123	123	123	190.36977192270103	1234
20130815	123	123	123	184.69445408376183	1234
20130815	123	123	123	177.66955013830164	1234
20130815	123	123	123	168.0	1234
20130815	123	123	123	10.931958968765986	1234
20130815	123	123	123	7.431015526924247	1234
20130815	123	123	123	7.398724035247657	1234
20130815	123	123	123	7.390207308665957	1234
20130815	123	123	123	12.052277733255735	1234
20130815	123	123	123	1.5369915603253093	1234
20130815	123	123	123	19.686572433725246	1234
20130815	123	123	123	10.372879709139433	1234
20130815	123	123	123	8.060585379676994	1234
20130815	123	123	123	18.73885896961716	1234
20130815	123	123	123	5.75464953184402	1234
20130815	123	123	123	1.801224326748636	1234
20130815	123	123	123	15.470026716777056	1234
20130815	123	123	123	19.158412910530096	1234
20130815	123	123	123	6.673861054095522	1234
20130815	123	123	123	16.2583390810112	1234
20130815	123	123	123	7.596459190500684	1234
20130815	123	123	123	11.641357420491891	1234
20130815	123	123	123	9.412627657438446	1234
20130815	123	123	123	16.57155555246965	1234
20130815	123	123	123	2.190582963441261	1234
20130815	123	123	123	7.126837229735745	1234
20130815	123	123	123	0.3902715029295645	1234
20130815	123	123	123	7.3370083322943636	1234
20130815	123	123	123	8.169815108323661	1234
20130815	123	123	123	12.852104237135663	1234
20130815	123	123	123	4.658777750707285	1234
20130815	123	123	123	8.066265037830622	1234
20130815	123	123	123	5.137055567654318	1234
20130815	123	123	123	3.603860586514276	1234