time startPrice highestPrice lowestPrice endPrice transactionCount
20130815	123	123	123	9.677736428894415	1234
20130815	123	123	123	10.563337015089019	1234
20130815	123	123	123	1.0480930973809888	1234
20130815	123	123	123	1.6977023577340011	1234
20130815	123	123	123	8.504033501396664	1234
20130815	123	123	123	17.847406237356395	1234
20130815	123	123	123	9.128893519654609	1234
20130815	123	123	123	17.807153126501984	1234
20130815	123	123	123	9.964636503938443	1234
20130815	123	123	123	1.6874926449223837	1234
20130815	123	123	123	8.366362586960008	1234
20130815	123	123	123	18.918927122488412	1234
20130815	123	123	123	3.3717158519257606	1234
20130815	123	123	123	12.840862671599783	1234
20130815	123	123	123	2.563270695758766	1234
20130815	123	123	123	5.9529815938808355	1234
20130815	123	123	123	1.1554679346838403	1234
20130815	123	123	123	5.468817460685765	1234
20130815	123	123	123	3.327546532600556	1234
20130815	123	123	123	6.3181074681789395	1234
20130815	123	123	123	11.419689686641316	1234
20130815	123	123	123	11.49664259387677	1234
20130815	123	123	123	3.0933315204347145	1234
20130815	123	123	123	8.77314216866255	1234
20130815	123	123	123	6.822752346803805	1234
20130815	123	123	123	2.1578765793487875	1234
20130815	123	123	123	14.34078489549048	1234
20130815	123	123	123	17.955713428414573	1234
20130815	123	123	123	7.426184479371014	1234
20130815	123	123	123	13.217641161042533	1234
20130815	123	123	123	171.86219581438323	1234
20130815	123	123	123	175.76923076923077	1234
20130815	123	123	123	190.53846153846155	1234
20130815	123	123	123	336.50451994672676	1234
20130815	123	123	123	327.7368392369467	1234
20130815	123	123	123	338.2859634393569	1234
20130815	123	123	123	369.7488840032263	1234
20130815	123	123	123	368.1764013083021	1234
20130815	123	123	123	404.65612135438863	1234
20130815	123	123	123	414.41210969929534	1234
20130815	123	123	123	415.65775128093975	1234
20130815	123	123	123	436.3659098545212	1234
20130815	123	123	123	447.5702284483739	1234
20130815	123	123	123	453.3370126721608	1234
20130815	123	123	123	480.5429476059325	1234
20130815	123	123	123	483.033986002092	1234
20130815	123	123	123	494.51421254638274	1234
20130815	123	123	123	505.0563556025815	1234
20130815	123	123	123	502.15384615384613	1234
20130815	123	123	123	487.8179850072263	1234
20130815	123	123	123	453.8374470606173	1234
20130815	123	123	123	450.1477504378595	1234
20130815	123	123	123	442.1629006684152	1234
20130815	123	123	123	436.10629076775507	1234
20130815	123	123	123	419.9859231361154	1234
20130815	123	123	123	415.36711532018643	1234
20130815	123	123	123	391.78442563297244	1234
20130815	123	123	123	393.69230769230745	1234
20130815	123	123	123	378.17577392015255	1234
20130815	123	123	123	382.06373907181404	1234
20130815	123	123	123	397.02092622365427	1234
20130815	123	123	123	434.18175153758864	1234
20130815	123	123	123	431.6324281827344	1234
20130815	123	123	123	442.3073748607308	1234
20130815	123	123	123	449.2430893061753	1234
20130815	123	123	123	470.1981072254653	1234
20130815	123	123	123	485.09187209388386	1234
20130815	123	123	123	496.7328713831171	1234
20130815	123	123	123	498.2067514905861	1234
20130815	123	123	123	486.4890066322127	1234
20130815	123	123	123	459.42579724078433	1234
20130815	123	123	123	449.99934906560645	1234
20130815	123	123	123	450.84615384615387	1234
20130815	123	123	123	430.3846153846154	1234
20130815	123	123	123	401.4131150195777	1234
20130815	123	123	123	389.42139849222644	1234
20130815	123	123	123	389.4615384615385	1234
20130815	123	123	123	369.7620932753689	1234
20130815	123	123	123	348.82326465130245	1234
20130815	123	123	123	311.77781121779753	1234
20130815	123	123	123	299.25132502451333	1234
20130815	123	123	123	289.9680408305043	1234
20130815	123	123	123	270.52733823287844	1234
20130815	123	123	123	260.76923076923083	1234
20130815	123	123	123	227.81802927162707	1234
20130815	123	123	123	229.84615384615392	1234
20130815	123	123	123	203.83027476268245	1234
20130815	123	123	123	180.67125041619525	1234
20130815	123	123	123	180.84996178785258	1234
20130815	123	123	123	168.0	1234
20130815	123	123	123	13.525989959639395	1234
20130815	123	123	123	1.3330270702573865	1234
20130815	123	123	123	8.297608301596968	1234
20130815	123	123	123	0.5455723518164501	1234
20130815	123	123	123	6.689346310452238	1234
20130815	123	123	123	9.317500134287071	1234
20130815	123	123	123	11.424300232247017	1234
20130815	123	123	123	3.509661126805188	1234
20130815	123	123	123	17.792862535667677	1234
20130815	123	123	123	7.903319881355911	1234
20130815	123	123	123	5.888187792940478	1234
20130815	123	123	123	5.088101643531024	1234
20130815	123	123	123	10.543797911197831	1234
20130815	123	123	123	12.418283253185422	1234
20130815	123	123	123	0.27261271633410855	1234
20130815	123	123	123	9.647020793575633	1234
20130815	123	123	123	9.79412724710787	1234
20130815	123	123	123	10.848565361740087	1234
20130815	123	123	123	6.915734407401266	1234
20130815	123	123	123	12.007745804485577	1234
20130815	123	123	123	9.562338363639867	1234
20130815	123	123	123	15.682331828340493	1234
20130815	123	123	123	8.894968997115736	1234
20130815	123	123	123	4.728053817847937	1234
20130815	123	123	123	1.3061066165153568	1234
20130815	123	123	123	4.331410285574211	1234
20130815	123	123	123	7.521396758746903	1234
20130815	123	123	123	4.447612942112171	1234
20130815	123	123	123	8.281409632215746	1234
20130815	123	123	123	19.928493010288722	1234