time startPrice highestPrice lowestPrice endPrice transactionCount
20130815	123	123	123	1.9170829537683254	1234
20130815	123	123	123	16.006254634545765	1234
20130815	123	123	123	9.54897162434593	1234
20130815	123	123	123	15.719005231335501	1234
20130815	123	123	123	19.284073060403333	1234
20130815	123	123	123	15.233255306054247	1234
20130815	123	123	123	1.351278769619293	1234
20130815	123	123	123	2.7179047626744057	1234
20130815	123	123	123	3.8373055214617624	1234
20130815	123	123	123	7.450156900092422	1234
20130815	123	123	123	17.970458619525417	1234
20130815	123	123	123	19.294384089694052	1234
20130815	123	123	123	4.737027550454915	1234
20130815	123	123	123	1.5059959782948762	1234
20130815	123	123	123	9.491608670854589	1234
20130815	123	123	123	19.239269223755187	1234
20130815	123	123	123	14.501553229037112	1234
20130815	123	123	123	4.366329510660085	1234
20130815	123	123	123	17.58724026101145	1234
20130815	123	123	123	17.543528962331333	1234
20130815	123	123	123	1.9535418618007716	1234
20130815	123	123	123	16.692138698891043	1234
20130815	123	123	123	17.03572394889489	1234
20130815	123	123	123	10.805823776757178	1234
20130815	123	123	123	2.0995815034676446	1234
20130815	123	123	123	15.68360742305263	1234
20130815	123	123	123	18.147959331215688	1234
20130815	123	123	123	18.052221531548568	1234
20130815	123	123	123	4.4134192470959	1234
20130815	123	123	123	3.636661745087273	1234
20130815	123	123	123	165.38210124925072	1234
20130815	123	123	123	180.11767688107463	1234
20130815	123	123	123	202.31141258743733	1234
20130815	123	123	123	223.99244250510003	1234
20130815	123	123	123	240.21987298105418	1234
20130815	123	123	123	251.07258278464542	1234
20130815	123	123	123	265.33937166025765	1234
20130815	123	123	123	270.0340409372494	1234
20130815	123	123	123	283.14195739857377	1234
20130815	123	123	123	310.75935440302896	1234
20130815	123	123	123	308.69230769230774	1234
20130815	123	123	123	331.1771748676679	1234
20130815	123	123	123	357.50028636112796	1234
20130815	123	123	123	363.01044198029916	1234
20130815	123	123	123	374.72015737855327	1234
20130815	123	123	123	384.69878844772103	1234
20130815	123	123	123	409.6453392926072	1234
20130815	123	123	123	421.36473578247984	1234
20130815	123	123	123	438.4783813982736	1234
20130815	123	123	123	442.3721680565769	1234
20130815	123	123	123	451.46153846153857	1234
20130815	123	123	123	472.9197355676637	1234
20130815	123	123	123	487.9831172930562	1234
20130815	123	123	123	490.05149860762737	1234
20130815	123	123	123	501.7053642470014	1234
20130815	123	123	123	498.3535292529608	1234
20130815	123	123	123	490.18981968403085	1234
20130815	123	123	123	480.2052466180361	1234
20130815	123	123	123	468.67269499821003	1234
20130815	123	123	123	452.474054362147	1234
20130815	123	123	123	438.0197030705194	1234
20130815	123	123	123	396.62944377708504	1234
20130815	123	123	123	379.810657737309	1234
20130815	123	123	123	436.39913433075395	1234
20130815	123	123	123	432.0	1234
20130815	123	123	123	448.9025531958194	1234
20130815	123	123	123	453.00772521156154	1234
20130815	123	123	123	465.3408073058188	1234
20130815	123	123	123	475.33602828096275	1234
20130815	123	123	123	489.20894258025265	1234
20130815	123	123	123	460.8013063912201	1234
20130815	123	123	123	461.7818784011332	1234
20130815	123	123	123	454.98905070083896	1234
20130815	123	123	123	404.649665258164	1234
20130815	123	123	123	402.68070540061524	1234
20130815	123	123	123	390.5535971376395	1234
20130815	123	123	123	382.57070869564274	1234
20130815	123	123	123	370.67849390973305	1234
20130815	123	123	123	359.7177622800301	1234
20130815	123	123	123	348.79425482356373	1234
20130815	123	123	123	335.6167109402147	1234
20130815	123	123	123	322.61538461538464	1234
20130815	123	123	123	296.4413822397725	1234
20130815	123	123	123	269.56189523196116	1234
20130815	123	123	123	218.04984435388536	1234
20130815	123	123	123	222.89520065594087	1234
20130815	123	123	123	197.1091468397511	1234
20130815	123	123	123	180.9256565862472	1234
20130815	123	123	123	179.38772276186717	1234
20130815	123	123	123	168.0	1234
20130815	123	123	123	13.691738484052902	1234
20130815	123	123	123	7.925708752127017	1234
20130815	123	123	123	16.63770359061989	1234
20130815	123	123	123	13.335922233226096	1234
20130815	123	123	123	14.86032543847665	1234
20130815	123	123	123	8.691427572370536	1234
20130815	123	123	123	12.488638703138639	1234
20130815	123	123	123	14.708509270688864	1234
20130815	123	123	123	7.413779829953013	1234
20130815	123	123	123	18.61683858762347	1234
20130815	123	123	123	18.542480194663028	1234
20130815	123	123	123	1.0889213898202965	1234
20130815	123	123	123	11.328601703057327	1234
20130815	123	123	123	6.024298680532012	1234
20130815	123	123	123	18.1023398685185	1234
20130815	123	123	123	7.995985181520595	1234
20130815	123	123	123	5.123297264366331	1234
20130815	123	123	123	10.676817097728756	1234
20130815	123	123	123	7.9882822078884015	1234
20130815	123	123	123	12.498665284492663	1234
20130815	123	123	123	19.484502390413386	1234
20130815	123	123	123	11.146036774849568	1234
20130815	123	123	123	17.963248813809873	1234
20130815	123	123	123	17.04828800061431	1234
20130815	123	123	123	13.900329264508722	1234
20130815	123	123	123	6.424777261327677	1234
20130815	123	123	123	11.901857310959748	1234
20130815	123	123	123	18.080533008388223	1234
20130815	123	123	123	4.714623722211493	1234
20130815	123	123	123	14.284740186504251	1234