time startPrice highestPrice lowestPrice endPrice transactionCount
20130815	123	123	123	15.371339107161013	1234
20130815	123	123	123	17.84282175195059	1234
20130815	123	123	123	14.472816755993012	1234
20130815	123	123	123	1.173078567982364	1234
20130815	123	123	123	5.655039886944023	1234
20130815	123	123	123	10.966424259189669	1234
20130815	123	123	123	8.986052983040867	1234
20130815	123	123	123	0.7496439894513607	1234
20130815	123	123	123	0.7607643984883117	1234
20130815	123	123	123	14.198892489003143	1234
20130815	123	123	123	7.287328943792781	1234
20130815	123	123	123	12.837790652323928	1234
20130815	123	123	123	14.490837396744471	1234
20130815	123	123	123	18.73827033722439	1234
20130815	123	123	123	16.71879640881596	1234
20130815	123	123	123	1.8646361027451652	1234
20130815	123	123	123	6.599748924454872	1234
20130815	123	123	123	15.918313619527868	1234
20130815	123	123	123	16.098706424402362	1234
20130815	123	123	123	5.553883154193846	1234
20130815	123	123	123	8.925339800012475	1234
20130815	123	123	123	10.572061729466459	1234
20130815	123	123	123	13.390159148266953	1234
20130815	123	123	123	15.890569435079245	1234
20130815	123	123	123	0.18974785921055837	1234
20130815	123	123	123	19.3000602751887	1234
20130815	123	123	123	14.266474376705265	1234
20130815	123	123	123	19.59282146365719	1234
20130815	123	123	123	6.9756038165010565	1234
20130815	123	123	123	5.782519366966133	1234
20130815	123	123	123	258.5826279555621	1234
20130815	123	123	123	263.9626795462484	1234
20130815	123	123	123	322.30312345585617	1234
20130815	123	123	123	337.24169778334567	1234
20130815	123	123	123	352.6835897943545	1234
20130815	123	123	123	380.9669478567782	1234
20130815	123	123	123	405.88838714107817	1234
20130815	123	123	123	423.670324146053	1234
20130815	123	123	123	441.9306765739829	1234
20130815	123	123	123	424.47655856757945	1234
20130815	123	123	123	426.4555780278753	1234
20130815	123	123	123	414.68955997665006	1234
20130815	123	123	123	406.98965325154234	1234
20130815	123	123	123	398.41214175197734	1234
20130815	123	123	123	397.8036413469287	1234
20130815	123	123	123	394.30769230769255	1234
20130815	123	123	123	386.28850400084355	1234
20130815	123	123	123	405.64879732696846	1234
20130815	123	123	123	408.30769230769226	1234
20130815	123	123	123	426.2892721637924	1234
20130815	123	123	123	456.0568200375811	1234
20130815	123	123	123	474.1677645451204	1234
20130815	123	123	123	477.9473945025257	1234
20130815	123	123	123	500.6299546838299	1234
20130815	123	123	123	505.1675033528995	1234
20130815	123	123	123	528.3889552484793	1234
20130815	123	123	123	531.3460306439385	1234
20130815	123	123	123	515.949942210945	1234
20130815	123	123	123	501.916534166554	1234
20130815	123	123	123	503.74180502670254	1234
20130815	123	123	123	488.3187490865024	1234
20130815	123	123	123	472.18464107583895	1234
20130815	123	123	123	464.340044858663	1234
20130815	123	123	123	464.53846153846143	1234
20130815	123	123	123	451.7318739213228	1234
20130815	123	123	123	436.34506913719355	1234
20130815	123	123	123	417.56645371369535	1234
20130815	123	123	123	408.5836416321956	1234
20130815	123	123	123	400.6303955540428	1234
20130815	123	123	123	390.87311380966605	1234
20130815	123	123	123	394.71911295657947	1234
20130815	123	123	123	408.13663706549823	1234
20130815	123	123	123	425.79957131325716	1234
20130815	123	123	123	428.77581867101446	1234
20130815	123	123	123	431.56483410356725	1234
20130815	123	123	123	439.9802557154336	1234
20130815	123	123	123	452.8772964411462	1234
20130815	123	123	123	436.0686987181275	1234
20130815	123	123	123	426.5647643487251	1234
20130815	123	123	123	413.8170426748252	1234
20130815	123	123	123	390.7281075311382	1234
20130815	123	123	123	385.3225930236302	1234
20130815	123	123	123	377.5384615384616	1234
20130815	123	123	123	342.1012649169081	1234
20130815	123	123	123	311.02544012624907	1234
20130815	123	123	123	299.13675483413243	1234
20130815	123	123	123	302.15085429251894	1234
20130815	123	123	123	275.89471774576964	1234
20130815	123	123	123	262.3672008141137	1234
20130815	123	123	123	260.0	1234
20130815	123	123	123	12.760328440941937	1234
20130815	123	123	123	11.802162748349765	1234
20130815	123	123	123	12.152501344824362	1234
20130815	123	123	123	11.075467253224554	1234
20130815	123	123	123	14.265810110636048	1234
20130815	123	123	123	10.317211934294026	1234
20130815	123	123	123	11.423301455061383	1234
20130815	123	123	123	3.256748454523508	1234
20130815	123	123	123	5.869598511688423	1234
20130815	123	123	123	1.9338690738421138	1234
20130815	123	123	123	13.679350691458684	1234
20130815	123	123	123	17.838486640310904	1234
20130815	123	123	123	19.31949129827909	1234
20130815	123	123	123	7.31839363908292	1234
20130815	123	123	123	11.498239857403505	1234
20130815	123	123	123	8.038425763452576	1234
20130815	123	123	123	7.895536151377476	1234
20130815	123	123	123	16.328040193496452	1234
20130815	123	123	123	14.387244745986209	1234
20130815	123	123	123	12.303334305063059	1234
20130815	123	123	123	0.031063075369552884	1234
20130815	123	123	123	1.807205540950243	1234
20130815	123	123	123	19.27013495873682	1234
20130815	123	123	123	15.403441159714307	1234
20130815	123	123	123	19.73793124721916	1234
20130815	123	123	123	6.625327851313103	1234
20130815	123	123	123	10.234561285858534	1234
20130815	123	123	123	8.967657873907356	1234
20130815	123	123	123	16.722350155230934	1234
20130815	123	123	123	16.086049715903087	1234