time startPrice highestPrice lowestPrice endPrice transactionCount
20130815	123	123	123	1.8614691593653965	1234
20130815	123	123	123	8.616691638315736	1234
20130815	123	123	123	13.500160080178068	1234
20130815	123	123	123	5.000077203003414	1234
20130815	123	123	123	5.98457279315326	1234
20130815	123	123	123	17.919849956350614	1234
20130815	123	123	123	10.69221341346066	1234
20130815	123	123	123	19.08059372170522	1234
20130815	123	123	123	8.75454914913431	1234
20130815	123	123	123	9.192958820313102	1234
20130815	123	123	123	4.176369685203889	1234
20130815	123	123	123	14.302119028813234	1234
20130815	123	123	123	9.601433518238725	1234
20130815	123	123	123	6.364571194107514	1234
20130815	123	123	123	10.793069060903381	1234
20130815	123	123	123	11.03635392331243	1234
20130815	123	123	123	16.413589982314257	1234
20130815	123	123	123	18.67843038597871	1234
20130815	123	123	123	18.42547690066819	1234
20130815	123	123	123	14.259747735430608	1234
20130815	123	123	123	1.6697961554862828	1234
20130815	123	123	123	6.446095150260309	1234
20130815	123	123	123	0.4852293775802585	1234
20130815	123	123	123	11.816662000937209	1234
20130815	123	123	123	17.509029674035542	1234
20130815	123	123	123	15.775865719632243	1234
20130815	123	123	123	12.25610910642226	1234
20130815	123	123	123	4.063924412622503	1234
20130815	123	123	123	2.2239143912171233	1234
20130815	123	123	123	17.36652032132174	1234
20130815	123	123	123	262.6081677644255	1234
20130815	123	123	123	277.3554511862753	1234
20130815	123	123	123	290.0789508571493	1234
20130815	123	123	123	298.0630914042011	1234
20130815	123	123	123	336.87872073280374	1234
20130815	123	123	123	353.98867078733105	1234
20130815	123	123	123	368.89928529738387	1234
20130815	123	123	123	386.197742315738	1234
20130815	123	123	123	398.09639535683397	1234
20130815	123	123	123	413.66802803594504	1234
20130815	123	123	123	447.16951563486833	1234
20130815	123	123	123	437.04507325388687	1234
20130815	123	123	123	431.69230769230774	1234
20130815	123	123	123	418.6277097292725	1234
20130815	123	123	123	410.5029422745233	1234
20130815	123	123	123	403.4857487253183	1234
20130815	123	123	123	399.8822861754455	1234
20130815	123	123	123	394.73486670406265	1234
20130815	123	123	123	389.7002473153096	1234
20130815	123	123	123	397.4390770137977	1234
20130815	123	123	123	423.87941215766824	1234
20130815	123	123	123	459.6528500075399	1234
20130815	123	123	123	471.9315402873908	1234
20130815	123	123	123	471.37001258351927	1234
20130815	123	123	123	475.23076923076906	1234
20130815	123	123	123	489.8739920991586	1234
20130815	123	123	123	503.26456369908203	1234
20130815	123	123	123	510.75743312987186	1234
20130815	123	123	123	525.0698755115129	1234
20130815	123	123	123	517.3028920795808	1234
20130815	123	123	123	509.9101909635882	1234
20130815	123	123	123	508.8461538461538	1234
20130815	123	123	123	480.6957693679134	1234
20130815	123	123	123	471.17033246774275	1234
20130815	123	123	123	451.03266056085954	1234
20130815	123	123	123	453.46153846153834	1234
20130815	123	123	123	438.89350408398934	1234
20130815	123	123	123	418.43350760982935	1234
20130815	123	123	123	388.1967197814352	1234
20130815	123	123	123	398.07692307692287	1234
20130815	123	123	123	395.42590571711617	1234
20130815	123	123	123	392.78851817511725	1234
20130815	123	123	123	418.8549685599572	1234
20130815	123	123	123	421.46153846153834	1234
20130815	123	123	123	441.952435104302	1234
20130815	123	123	123	447.27655249946383	1234
20130815	123	123	123	449.2688095586564	1234
20130815	123	123	123	446.47203531850676	1234
20130815	123	123	123	433.4691440578154	1234
20130815	123	123	123	405.6058120011903	1234
20130815	123	123	123	389.6765586316084	1234
20130815	123	123	123	373.9804670569958	1234
20130815	123	123	123	361.90212997007023	1234
20130815	123	123	123	349.75838462963463	1234
20130815	123	123	123	329.0197168193804	1234
20130815	123	123	123	327.51479954750727	1234
20130815	123	123	123	303.21710708614853	1234
20130815	123	123	123	280.0569587694784	1234
20130815	123	123	123	263.094514115858	1234
20130815	123	123	123	260.0	1234
20130815	123	123	123	19.950752005224594	1234
20130815	123	123	123	13.745049044190251	1234
20130815	123	123	123	18.80833124520576	1234
20130815	123	123	123	9.630140972732324	1234
20130815	123	123	123	6.792520794875139	1234
20130815	123	123	123	7.930670193293072	1234
20130815	123	123	123	9.959205295521624	1234
20130815	123	123	123	12.209095192547935	1234
20130815	123	123	123	19.51670657575593	1234
20130815	123	123	123	17.47501477248409	1234
20130815	123	123	123	13.327031700509677	1234
20130815	123	123	123	2.3780118337162026	1234
20130815	123	123	123	3.392260156760676	1234
20130815	123	123	123	3.676526161775737	1234
20130815	123	123	123	15.82922552595464	1234
20130815	123	123	123	13.872384181955423	1234
20130815	123	123	123	4.197276468551303	1234
20130815	123	123	123	16.694030558708032	1234
20130815	123	123	123	16.484917638173272	1234
20130815	123	123	123	5.361205573953809	1234
20130815	123	123	123	11.538490656038995	1234
20130815	123	123	123	15.758121214587932	1234
20130815	123	123	123	13.499334291032778	1234
20130815	123	123	123	14.081820087420551	1234
20130815	123	123	123	19.487082287965837	1234
20130815	123	123	123	17.330708647475365	1234
20130815	123	123	123	13.220458122501025	1234
20130815	123	123	123	19.080969433859845	1234
20130815	123	123	123	7.710097125980875	1234
20130815	123	123	123	4.1039799482076145	1234