time startPrice highestPrice lowestPrice endPrice transactionCount
20130815	123	123	123	2.1592468227411743	1234
20130815	123	123	123	15.071813558305225	1234
20130815	123	123	123	4.930829645498314	1234
20130815	123	123	123	13.644909799805527	1234
20130815	123	123	123	6.928029476374132	1234
20130815	123	123	123	11.291604385896811	1234
20130815	123	123	123	11.868007807809471	1234
20130815	123	123	123	7.067166476083759	1234
20130815	123	123	123	8.094801224040804	1234
20130815	123	123	123	5.030169725142059	1234
20130815	123	123	123	6.651767705109259	1234
20130815	123	123	123	5.558847420848966	1234
20130815	123	123	123	4.801424956157336	1234
20130815	123	123	123	15.831453129428796	1234
20130815	123	123	123	18.48625467482575	1234
20130815	123	123	123	19.863500722636502	1234
20130815	123	123	123	0.7568474306729467	1234
20130815	123	123	123	13.383151848736805	1234
20130815	123	123	123	10.73167994161242	1234
20130815	123	123	123	17.377720767401442	1234
20130815	123	123	123	7.965388483558888	1234
20130815	123	123	123	7.16009907755126	1234
20130815	123	123	123	4.271671460296178	1234
20130815	123	123	123	9.89710871722319	1234
20130815	123	123	123	13.467440552291254	1234
20130815	123	123	123	4.138193014455176	1234
20130815	123	123	123	8.883575620047937	1234
20130815	123	123	123	9.220685741104841	1234
20130815	123	123	123	8.844164031052454	1234
20130815	123	123	123	12.557998272796487	1234
20130815	123	123	123	257.5546553681319	1234
20130815	123	123	123	277.8325829412195	1234
20130815	123	123	123	296.825229212027	1234
20130815	123	123	123	301.4778555429976	1234
20130815	123	123	123	326.2610155384318	1234
20130815	123	123	123	326.941526447364	1234
20130815	123	123	123	351.18728279439523	1234
20130815	123	123	123	359.12909562803225	1234
20130815	123	123	123	385.8918867424376	1234
20130815	123	123	123	392.6847191795336	1234
20130815	123	123	123	403.78792464906564	1234
20130815	123	123	123	410.61538461538447	1234
20130815	123	123	123	432.3623859674613	1234
20130815	123	123	123	434.5381317749824	1234
20130815	123	123	123	392.71956789793336	1234
20130815	123	123	123	395.0174302393496	1234
20130815	123	123	123	391.4070805881716	1234
20130815	123	123	123	385.35748935238274	1234
20130815	123	123	123	386.56062485801885	1234
20130815	123	123	123	418.0750727045894	1234
20130815	123	123	123	422.519781926953	1234
20130815	123	123	123	436.3146357301655	1234
20130815	123	123	123	461.6046248705845	1234
20130815	123	123	123	468.5533579591121	1234
20130815	123	123	123	490.02137570662234	1234
20130815	123	123	123	500.7147551398755	1234
20130815	123	123	123	510.7636055448913	1234
20130815	123	123	123	536.2193730942845	1234
20130815	123	123	123	529.0346402926234	1234
20130815	123	123	123	498.3262917015121	1234
20130815	123	123	123	478.7184784339915	1234
20130815	123	123	123	480.75873805257885	1234
20130815	123	123	123	475.6153846153845	1234
20130815	123	123	123	464.53846153846143	1234
20130815	123	123	123	450.21590970831767	1234
20130815	123	123	123	430.38046727083946	1234
20130815	123	123	123	422.2088732140119	1234
20130815	123	123	123	419.38926470430374	1234
20130815	123	123	123	400.52624117614215	1234
20130815	123	123	123	390.31948893661735	1234
20130815	123	123	123	393.75632426075197	1234
20130815	123	123	123	433.89419125781063	1234
20130815	123	123	123	419.7612296391015	1234
20130815	123	123	123	433.9306307400929	1234
20130815	123	123	123	439.16369105239403	1234
20130815	123	123	123	442.5037293501885	1234
20130815	123	123	123	433.6579695799885	1234
20130815	123	123	123	422.53735380575006	1234
20130815	123	123	123	416.88418324488424	1234
20130815	123	123	123	399.29157592381875	1234
20130815	123	123	123	387.25226850345035	1234
20130815	123	123	123	363.80589220954585	1234
20130815	123	123	123	351.9658250832112	1234
20130815	123	123	123	343.8803543913167	1234
20130815	123	123	123	332.2137415397962	1234
20130815	123	123	123	306.01880911779267	1234
20130815	123	123	123	296.8886642152503	1234
20130815	123	123	123	265.561511679586	1234
20130815	123	123	123	256.818550598583	1234
20130815	123	123	123	260.0	1234
20130815	123	123	123	16.98243697402622	1234
20130815	123	123	123	8.602641758968609	1234
20130815	123	123	123	2.8822988064383304	1234
20130815	123	123	123	7.392921613686367	1234
20130815	123	123	123	0.0664093321634418	1234
20130815	123	123	123	3.528597988578712	1234
20130815	123	123	123	14.06473438408766	1234
20130815	123	123	123	11.477660493074088	1234
20130815	123	123	123	19.773396401200685	1234
20130815	123	123	123	11.406838310350643	1234
20130815	123	123	123	11.447031437052793	1234
20130815	123	123	123	5.178381409231894	1234
20130815	123	123	123	2.665734799722468	1234
20130815	123	123	123	6.503239374154271	1234
20130815	123	123	123	19.999593668238052	1234
20130815	123	123	123	17.036892528452018	1234
20130815	123	123	123	10.691778407604344	1234
20130815	123	123	123	13.811920048657738	1234
20130815	123	123	123	9.639742074975908	1234
20130815	123	123	123	7.996830823257753	1234
20130815	123	123	123	7.730265494667856	1234
20130815	123	123	123	3.5419083492373793	1234
20130815	123	123	123	5.947462077403185	1234
20130815	123	123	123	2.6206854325553186	1234
20130815	123	123	123	16.705381098946685	1234
20130815	123	123	123	16.513404766272696	1234
20130815	123	123	123	14.953132061990786	1234
20130815	123	123	123	2.132248660865199	1234
20130815	123	123	123	1.4674678828983145	1234
20130815	123	123	123	9.995496011058393	1234