time startPrice highestPrice lowestPrice endPrice transactionCount
20130815	123	123	123	16.96002660760543	1234
20130815	123	123	123	8.911962849572515	1234
20130815	123	123	123	3.677258683135103	1234
20130815	123	123	123	14.223317228609144	1234
20130815	123	123	123	11.533074905896836	1234
20130815	123	123	123	12.866186833474533	1234
20130815	123	123	123	13.363585943164962	1234
20130815	123	123	123	15.332373526730944	1234
20130815	123	123	123	9.411260651041813	1234
20130815	123	123	123	19.20999915304009	1234
20130815	123	123	123	10.898198338492177	1234
20130815	123	123	123	16.439084342283113	1234
20130815	123	123	123	7.819357703810759	1234
20130815	123	123	123	8.639427322777246	1234
20130815	123	123	123	6.297323069677027	1234
20130815	123	123	123	15.802196986149708	1234
20130815	123	123	123	7.104901500202699	1234
20130815	123	123	123	19.128055443415352	1234
20130815	123	123	123	1.5676376046452245	1234
20130815	123	123	123	13.22280671755703	1234
20130815	123	123	123	12.149718758813744	1234
20130815	123	123	123	1.4022962932447536	1234
20130815	123	123	123	16.0607556933784	1234
20130815	123	123	123	13.499832042725044	1234
20130815	123	123	123	4.967084230709746	1234
20130815	123	123	123	4.112577615202935	1234
20130815	123	123	123	11.431615029795992	1234
20130815	123	123	123	14.28141729576418	1234
20130815	123	123	123	12.435307683395267	1234
20130815	123	123	123	17.597533015673935	1234
20130815	123	123	123	249.0	1234
20130815	123	123	123	272.4236661105101	1234
20130815	123	123	123	290.18649899911327	1234
20130815	123	123	123	307.1121116490877	1234
20130815	123	123	123	319.7994262990939	1234
20130815	123	123	123	325.79710731966975	1234
20130815	123	123	123	337.44103230226114	1234
20130815	123	123	123	356.6937728693273	1234
20130815	123	123	123	389.19645070861685	1234
20130815	123	123	123	397.0215508468784	1234
20130815	123	123	123	427.9116787112601	1234
20130815	123	123	123	449.3202553530529	1234
20130815	123	123	123	430.07830070075113	1234
20130815	123	123	123	415.918942645417	1234
20130815	123	123	123	414.0342417390856	1234
20130815	123	123	123	408.1336498142115	1234
20130815	123	123	123	402.7557397024557	1234
20130815	123	123	123	397.9417570455944	1234
20130815	123	123	123	384.6769626056944	1234
20130815	123	123	123	386.55306460020864	1234
20130815	123	123	123	405.6196118675698	1234
20130815	123	123	123	429.75782106496155	1234
20130815	123	123	123	432.036847787603	1234
20130815	123	123	123	450.7993536516859	1234
20130815	123	123	123	458.37150547845465	1234
20130815	123	123	123	484.5007734584617	1234
20130815	123	123	123	526.1006579972627	1234
20130815	123	123	123	519.2475835622652	1234
20130815	123	123	123	508.8461538461538	1234
20130815	123	123	123	489.22917918346974	1234
20130815	123	123	123	471.1105230258938	1234
20130815	123	123	123	475.53158414754677	1234
20130815	123	123	123	459.22024088690773	1234
20130815	123	123	123	452.7265713112462	1234
20130815	123	123	123	439.6464120248488	1234
20130815	123	123	123	416.9920508966594	1234
20130815	123	123	123	390.49673377956196	1234
20130815	123	123	123	398.07692307692287	1234
20130815	123	123	123	403.2036509345909	1234
20130815	123	123	123	402.3341549402014	1234
20130815	123	123	123	407.6327029009805	1234
20130815	123	123	123	415.73490196831324	1234
20130815	123	123	123	416.9043930191502	1234
20130815	123	123	123	435.831162798785	1234
20130815	123	123	123	438.18843240090456	1234
20130815	123	123	123	454.2030607195667	1234
20130815	123	123	123	441.5974409074905	1234
20130815	123	123	123	433.2125493878438	1234
20130815	123	123	123	421.61538461538464	1234
20130815	123	123	123	388.7210945997981	1234
20130815	123	123	123	377.9567877663753	1234
20130815	123	123	123	364.21325931132156	1234
20130815	123	123	123	361.40051606643226	1234
20130815	123	123	123	327.53531309874023	1234
20130815	123	123	123	329.78349164701467	1234
20130815	123	123	123	306.72882270704645	1234
20130815	123	123	123	279.4719749381803	1234
20130815	123	123	123	273.91835001288626	1234
20130815	123	123	123	270.8605934935967	1234
20130815	123	123	123	260.0	1234
20130815	123	123	123	6.958210331582119	1234
20130815	123	123	123	6.906617082499724	1234
20130815	123	123	123	13.13809319178623	1234
20130815	123	123	123	17.189074558063947	1234
20130815	123	123	123	11.312153432975187	1234
20130815	123	123	123	18.695006093459195	1234
20130815	123	123	123	2.926535941744415	1234
20130815	123	123	123	19.68200704808184	1234
20130815	123	123	123	17.826565700265284	1234
20130815	123	123	123	15.630139537314282	1234
20130815	123	123	123	10.087154765715018	1234
20130815	123	123	123	19.892616909801884	1234
20130815	123	123	123	16.88984242086226	1234
20130815	123	123	123	5.496063414581515	1234
20130815	123	123	123	17.894893180673925	1234
20130815	123	123	123	8.156461840385155	1234
20130815	123	123	123	11.300865439655475	1234
20130815	123	123	123	13.264363289166536	1234
20130815	123	123	123	14.849550037335238	1234
20130815	123	123	123	4.166355807256938	1234
20130815	123	123	123	18.253262233660937	1234
20130815	123	123	123	2.8925203864578175	1234
20130815	123	123	123	11.038633745227862	1234
20130815	123	123	123	17.727337482480614	1234
20130815	123	123	123	5.073341861593601	1234
20130815	123	123	123	12.682614751137027	1234
20130815	123	123	123	12.83916306617255	1234
20130815	123	123	123	2.806182105388546	1234
20130815	123	123	123	14.918384971337018	1234
20130815	123	123	123	14.962715578694155	1234