time startPrice highestPrice lowestPrice endPrice transactionCount
20130815	123	123	123	0.1778366781270213	1234
20130815	123	123	123	11.647930268527142	1234
20130815	123	123	123	2.376562073192423	1234
20130815	123	123	123	12.157831796748432	1234
20130815	123	123	123	7.314527346926328	1234
20130815	123	123	123	16.64507804149547	1234
20130815	123	123	123	16.414159700336352	1234
20130815	123	123	123	9.588481434536591	1234
20130815	123	123	123	0.07514440673982214	1234
20130815	123	123	123	0.95896564713434	1234
20130815	123	123	123	19.53281711327247	1234
20130815	123	123	123	14.57981683474233	1234
20130815	123	123	123	19.86327505154586	1234
20130815	123	123	123	4.36372911475442	1234
20130815	123	123	123	11.50848539078644	1234
20130815	123	123	123	8.219235005893237	1234
20130815	123	123	123	7.599533961554803	1234
20130815	123	123	123	5.8748931533538595	1234
20130815	123	123	123	18.969267002057464	1234
20130815	123	123	123	10.81681452361468	1234
20130815	123	123	123	8.086484724485981	1234
20130815	123	123	123	10.024564720610968	1234
20130815	123	123	123	2.5445420825763	1234
20130815	123	123	123	8.085462645478225	1234
20130815	123	123	123	3.8422774106223567	1234
20130815	123	123	123	7.243554824646356	1234
20130815	123	123	123	18.961630623928453	1234
20130815	123	123	123	12.4854139667993	1234
20130815	123	123	123	1.9436347189684278	1234
20130815	123	123	123	4.181106253866805	1234
20130815	123	123	123	259.19436384814566	1234
20130815	123	123	123	265.24416804268145	1234
20130815	123	123	123	278.38461538461536	1234
20130815	123	123	123	298.7653975874776	1234
20130815	123	123	123	314.92772505180227	1234
20130815	123	123	123	327.8991821442868	1234
20130815	123	123	123	337.1538461538461	1234
20130815	123	123	123	387.5981840764416	1234
20130815	123	123	123	400.97686823911164	1234
20130815	123	123	123	424.0511508688394	1234
20130815	123	123	123	422.4886020977744	1234
20130815	123	123	123	448.76249716396	1234
20130815	123	123	123	440.0	1234
20130815	123	123	123	435.84615384615387	1234
20130815	123	123	123	425.7467557547664	1234
20130815	123	123	123	423.3846153846155	1234
20130815	123	123	123	418.31036808072537	1234
20130815	123	123	123	412.29622891477254	1234
20130815	123	123	123	410.9230769230771	1234
20130815	123	123	123	402.12987829927215	1234
20130815	123	123	123	399.33624944354915	1234
20130815	123	123	123	391.2543934779077	1234
20130815	123	123	123	389.392444209112	1234
20130815	123	123	123	403.76175131346474	1234
20130815	123	123	123	410.29934489180954	1234
20130815	123	123	123	413.0716400441323	1234
20130815	123	123	123	419.4615384615384	1234
20130815	123	123	123	438.38701692087955	1234
20130815	123	123	123	470.31151145636954	1234
20130815	123	123	123	470.94491036965184	1234
20130815	123	123	123	513.1370138960159	1234
20130815	123	123	123	528.0332597560256	1234
20130815	123	123	123	512.8720921469014	1234
20130815	123	123	123	502.5270730466431	1234
20130815	123	123	123	497.4082239786095	1234
20130815	123	123	123	486.6923076923076	1234
20130815	123	123	123	465.35070874610386	1234
20130815	123	123	123	460.17263539728975	1234
20130815	123	123	123	442.3744430400848	1234
20130815	123	123	123	419.85868417322524	1234
20130815	123	123	123	399.65899664625357	1234
20130815	123	123	123	380.757291757283	1234
20130815	123	123	123	404.88933543517663	1234
20130815	123	123	123	407.47459895043363	1234
20130815	123	123	123	412.74743942061656	1234
20130815	123	123	123	417.4302749699988	1234
20130815	123	123	123	421.78957626530513	1234
20130815	123	123	123	431.56237854590916	1234
20130815	123	123	123	443.56712671630237	1234
20130815	123	123	123	451.0	1234
20130815	123	123	123	424.9208626334261	1234
20130815	123	123	123	414.18132616930376	1234
20130815	123	123	123	391.0959564029801	1234
20130815	123	123	123	360.29329194313584	1234
20130815	123	123	123	337.3776107407419	1234
20130815	123	123	123	347.08456537319137	1234
20130815	123	123	123	319.21586909983733	1234
20130815	123	123	123	318.7692307692309	1234
20130815	123	123	123	272.59334901589585	1234
20130815	123	123	123	260.0	1234
20130815	123	123	123	6.874766996539878	1234
20130815	123	123	123	11.19854270108133	1234
20130815	123	123	123	9.313383241307156	1234
20130815	123	123	123	18.718704253972852	1234
20130815	123	123	123	2.4182192933560898	1234
20130815	123	123	123	8.936215743185716	1234
20130815	123	123	123	19.40723155839	1234
20130815	123	123	123	13.985217111754682	1234
20130815	123	123	123	13.307397245370023	1234
20130815	123	123	123	1.14771537660592	1234
20130815	123	123	123	16.399041733587147	1234
20130815	123	123	123	5.85640125028545	1234
20130815	123	123	123	8.76884117133914	1234
20130815	123	123	123	11.184513583797681	1234
20130815	123	123	123	1.7333695737302013	1234
20130815	123	123	123	19.222583073388307	1234
20130815	123	123	123	16.661998164294744	1234
20130815	123	123	123	13.588993784889203	1234
20130815	123	123	123	2.308576387734733	1234
20130815	123	123	123	9.734111723917307	1234
20130815	123	123	123	18.8627396279342	1234
20130815	123	123	123	4.914464699464305	1234
20130815	123	123	123	9.57335191775444	1234
20130815	123	123	123	9.784960458244614	1234
20130815	123	123	123	1.3105910896138018	1234
20130815	123	123	123	13.34662245241827	1234
20130815	123	123	123	4.46401706172233	1234
20130815	123	123	123	0.17063412396845834	1234
20130815	123	123	123	6.078688451908361	1234
20130815	123	123	123	18.884870030701098	1234