time startPrice highestPrice lowestPrice endPrice transactionCount
20130815	123	123	123	18.44613343714032	1234
20130815	123	123	123	12.984094682213085	1234
20130815	123	123	123	1.461511049811235	1234
20130815	123	123	123	7.817041805002378	1234
20130815	123	123	123	2.986154937051777	1234
20130815	123	123	123	8.778199356529719	1234
20130815	123	123	123	12.99512685149887	1234
20130815	123	123	123	18.65793744312598	1234
20130815	123	123	123	11.593666756614123	1234
20130815	123	123	123	8.193244405245983	1234
20130815	123	123	123	12.787685354094116	1234
20130815	123	123	123	18.9269100083045	1234
20130815	123	123	123	5.882501062130614	1234
20130815	123	123	123	7.20366118677672	1234
20130815	123	123	123	3.739327601055138	1234
20130815	123	123	123	15.95330365898471	1234
20130815	123	123	123	10.278283285177123	1234
20130815	123	123	123	0.3281126954400926	1234
20130815	123	123	123	6.429509701717777	1234
20130815	123	123	123	9.42817360708956	1234
20130815	123	123	123	17.34490693824503	1234
20130815	123	123	123	9.439879550892032	1234
20130815	123	123	123	2.5490303807644543	1234
20130815	123	123	123	11.517630501473711	1234
20130815	123	123	123	13.598397180426673	1234
20130815	123	123	123	11.457728836088418	1234
20130815	123	123	123	14.81584905822529	1234
20130815	123	123	123	16.259803237655586	1234
20130815	123	123	123	6.165211679764193	1234
20130815	123	123	123	16.470610216070444	1234
20130815	123	123	123	259.34229312541254	1234
20130815	123	123	123	277.9471308896186	1234
20130815	123	123	123	287.5752228782067	1234
20130815	123	123	123	315.4413410461186	1234
20130815	123	123	123	329.0173067160952	1234
20130815	123	123	123	348.3083114121437	1234
20130815	123	123	123	368.6559089371325	1234
20130815	123	123	123	371.0067031876768	1234
20130815	123	123	123	388.40386717482534	1234
20130815	123	123	123	400.7561578698021	1234
20130815	123	123	123	410.8462747797441	1234
20130815	123	123	123	436.9147943905892	1234
20130815	123	123	123	433.1897140377489	1234
20130815	123	123	123	428.3187378169696	1234
20130815	123	123	123	416.13876805558067	1234
20130815	123	123	123	402.0022650357559	1234
20130815	123	123	123	398.5715628924029	1234
20130815	123	123	123	390.0706297579219	1234
20130815	123	123	123	388.53258240447826	1234
20130815	123	123	123	397.15384615384613	1234
20130815	123	123	123	420.65549446954833	1234
20130815	123	123	123	430.0532337045062	1234
20130815	123	123	123	431.0453588412209	1234
20130815	123	123	123	445.07628493098883	1234
20130815	123	123	123	477.78561215190797	1234
20130815	123	123	123	485.2530456805737	1234
20130815	123	123	123	496.34170103261295	1234
20130815	123	123	123	497.5384615384613	1234
20130815	123	123	123	508.69230769230745	1234
20130815	123	123	123	521.63053611963	1234
20130815	123	123	123	531.0	1234
20130815	123	123	123	502.88229674967295	1234
20130815	123	123	123	497.1856575818556	1234
20130815	123	123	123	474.9181060259177	1234
20130815	123	123	123	438.64788793574405	1234
20130815	123	123	123	429.11041494549175	1234
20130815	123	123	123	424.030990679299	1234
20130815	123	123	123	388.89406821047504	1234
20130815	123	123	123	396.669949978267	1234
20130815	123	123	123	390.84651719451057	1234
20130815	123	123	123	397.00773227097284	1234
20130815	123	123	123	406.6923076923076	1234
20130815	123	123	123	413.357801546034	1234
20130815	123	123	123	417.43732274924463	1234
20130815	123	123	123	423.9880188435935	1234
20130815	123	123	123	443.4537552324932	1234
20130815	123	123	123	443.640200828667	1234
20130815	123	123	123	448.77272332368085	1234
20130815	123	123	123	440.65402244695804	1234
20130815	123	123	123	431.08239192326363	1234
20130815	123	123	123	417.6897924799222	1234
20130815	123	123	123	405.47106161215345	1234
20130815	123	123	123	358.91046539247907	1234
20130815	123	123	123	339.36972655983504	1234
20130815	123	123	123	321.62239708959515	1234
20130815	123	123	123	311.59890395939874	1234
20130815	123	123	123	296.965528982123	1234
20130815	123	123	123	268.70755206968994	1234
20130815	123	123	123	274.69230769230785	1234
20130815	123	123	123	260.0	1234
20130815	123	123	123	13.03837870566327	1234
20130815	123	123	123	11.996033745472861	1234
20130815	123	123	123	15.661569254935795	1234
20130815	123	123	123	4.900303954959567	1234
20130815	123	123	123	16.321989928080246	1234
20130815	123	123	123	15.450189319043478	1234
20130815	123	123	123	1.3149268406442727	1234
20130815	123	123	123	9.981926946803954	1234
20130815	123	123	123	7.371479357756083	1234
20130815	123	123	123	1.5582706018123993	1234
20130815	123	123	123	0.6182470846789512	1234
20130815	123	123	123	10.142990157687384	1234
20130815	123	123	123	6.424294034182192	1234
20130815	123	123	123	9.263767978529176	1234
20130815	123	123	123	17.702244238629564	1234
20130815	123	123	123	14.78747069598201	1234
20130815	123	123	123	9.556335373242938	1234
20130815	123	123	123	0.23249850549815987	1234
20130815	123	123	123	2.130319351085368	1234
20130815	123	123	123	6.542154615957221	1234
20130815	123	123	123	18.934191896857655	1234
20130815	123	123	123	14.803945888859793	1234
20130815	123	123	123	2.9654206556899543	1234
20130815	123	123	123	3.198281389942834	1234
20130815	123	123	123	1.0446869828154326	1234
20130815	123	123	123	7.484395211489019	1234
20130815	123	123	123	1.7276144144296812	1234
20130815	123	123	123	3.3822995115815813	1234
20130815	123	123	123	3.014654151772631	1234
20130815	123	123	123	12.900447113843152	1234