time startPrice highestPrice lowestPrice endPrice transactionCount
20130815	123	123	123	2.9935482642228006	1234
20130815	123	123	123	11.224680157615698	1234
20130815	123	123	123	0.5429535345242797	1234
20130815	123	123	123	10.443076426140966	1234
20130815	123	123	123	2.4457803340628548	1234
20130815	123	123	123	0.7490959448991563	1234
20130815	123	123	123	0.910655565801961	1234
20130815	123	123	123	8.829897826032234	1234
20130815	123	123	123	2.743940916042138	1234
20130815	123	123	123	8.481475681956447	1234
20130815	123	123	123	14.083011014339457	1234
20130815	123	123	123	19.294327983729133	1234
20130815	123	123	123	9.384289215990938	1234
20130815	123	123	123	6.1268839008191645	1234
20130815	123	123	123	16.657993183154357	1234
20130815	123	123	123	7.949110222947695	1234
20130815	123	123	123	1.112533498250976	1234
20130815	123	123	123	10.286386498238384	1234
20130815	123	123	123	0.3835481626778958	1234
20130815	123	123	123	2.578156787894186	1234
20130815	123	123	123	4.520172251330146	1234
20130815	123	123	123	15.462843798164892	1234
20130815	123	123	123	16.341428996439035	1234
20130815	123	123	123	16.298325493725617	1234
20130815	123	123	123	16.428029509018575	1234
20130815	123	123	123	19.926673826224462	1234
20130815	123	123	123	10.96148732858071	1234
20130815	123	123	123	19.406182478785233	1234
20130815	123	123	123	19.25778150221428	1234
20130815	123	123	123	4.588687034123417	1234
20130815	123	123	123	249.57907835464337	1234
20130815	123	123	123	278.3663927175133	1234
20130815	123	123	123	282.35637645655515	1234
20130815	123	123	123	309.18689064077194	1234
20130815	123	123	123	309.65097333012267	1234
20130815	123	123	123	335.03226946261316	1234
20130815	123	123	123	358.3286881868886	1234
20130815	123	123	123	387.63740694544555	1234
20130815	123	123	123	396.2837044543471	1234
20130815	123	123	123	399.74595489062074	1234
20130815	123	123	123	425.7590860721916	1234
20130815	123	123	123	435.8760401604509	1234
20130815	123	123	123	435.6680340385685	1234
20130815	123	123	123	431.10052002973106	1234
20130815	123	123	123	426.1346713892007	1234
20130815	123	123	123	416.1544230360814	1234
20130815	123	123	123	408.9044916050361	1234
20130815	123	123	123	396.5593440892111	1234
20130815	123	123	123	394.23905328192745	1234
20130815	123	123	123	390.1538461538464	1234
20130815	123	123	123	386.3849197540894	1234
20130815	123	123	123	414.0246806919853	1234
20130815	123	123	123	409.4903489059749	1234
20130815	123	123	123	428.3065257904338	1234
20130815	123	123	123	437.2715494869392	1234
20130815	123	123	123	446.08513601347715	1234
20130815	123	123	123	459.8032955267463	1234
20130815	123	123	123	474.4839027904969	1234
20130815	123	123	123	478.64703520941663	1234
20130815	123	123	123	490.0553726758016	1234
20130815	123	123	123	521.186969298507	1234
20130815	123	123	123	530.5310410785971	1234
20130815	123	123	123	531.0	1234
20130815	123	123	123	508.36892620494245	1234
20130815	123	123	123	479.95874205313504	1234
20130815	123	123	123	477.0283756770547	1234
20130815	123	123	123	469.79160175830475	1234
20130815	123	123	123	456.88147637649644	1234
20130815	123	123	123	426.65282011924035	1234
20130815	123	123	123	420.3113235360455	1234
20130815	123	123	123	403.068941441837	1234
20130815	123	123	123	409.15384615384596	1234
20130815	123	123	123	377.9597442624813	1234
20130815	123	123	123	401.34882192107506	1234
20130815	123	123	123	410.5440662057238	1234
20130815	123	123	123	414.44693179516946	1234
20130815	123	123	123	434.26304424146645	1234
20130815	123	123	123	436.4671801644141	1234
20130815	123	123	123	441.15384615384596	1234
20130815	123	123	123	446.07692307692287	1234
20130815	123	123	123	443.8096914207817	1234
20130815	123	123	123	425.77083956709333	1234
20130815	123	123	123	413.0665093927782	1234
20130815	123	123	123	382.0754664466086	1234
20130815	123	123	123	366.64307748203646	1234
20130815	123	123	123	355.77864494777396	1234
20130815	123	123	123	332.34403264900413	1234
20130815	123	123	123	281.4647899660561	1234
20130815	123	123	123	267.5995642728279	1234
20130815	123	123	123	260.0	1234
20130815	123	123	123	5.873881149243648	1234
20130815	123	123	123	19.254110202775802	1234
20130815	123	123	123	14.61181874464903	1234
20130815	123	123	123	17.07786458378475	1234
20130815	123	123	123	8.93866557381819	1234
20130815	123	123	123	7.8634036941919465	1234
20130815	123	123	123	15.926304827891311	1234
20130815	123	123	123	5.8977390891829895	1234
20130815	123	123	123	4.7492814466729705	1234
20130815	123	123	123	7.470280093412034	1234
20130815	123	123	123	12.331837837892014	1234
20130815	123	123	123	2.835814384365951	1234
20130815	123	123	123	19.488479278181433	1234
20130815	123	123	123	5.313999910316509	1234
20130815	123	123	123	2.7506405508893206	1234
20130815	123	123	123	5.726247916463181	1234
20130815	123	123	123	7.222251156609123	1234
20130815	123	123	123	0.714590535289048	1234
20130815	123	123	123	1.7787425479064534	1234
20130815	123	123	123	8.21678952654091	1234
20130815	123	123	123	2.549372346256813	1234
20130815	123	123	123	9.850936753113507	1234
20130815	123	123	123	17.046149348664677	1234
20130815	123	123	123	18.366768978501483	1234
20130815	123	123	123	7.981186230873341	1234
20130815	123	123	123	6.638285536646773	1234
20130815	123	123	123	11.517518521331356	1234
20130815	123	123	123	3.7036860617322276	1234
20130815	123	123	123	13.508298106525272	1234
20130815	123	123	123	1.7174951945982397	1234