time startPrice highestPrice lowestPrice endPrice transactionCount
20130815	123	123	123	16.735509731045212	1234
20130815	123	123	123	18.68306845740848	1234
20130815	123	123	123	3.573613391295112	1234
20130815	123	123	123	2.6270887560212652	1234
20130815	123	123	123	7.828838942235123	1234
20130815	123	123	123	5.479401350437079	1234
20130815	123	123	123	12.368924222102393	1234
20130815	123	123	123	18.850108126219347	1234
20130815	123	123	123	2.4663094468681734	1234
20130815	123	123	123	12.577867097767992	1234
20130815	123	123	123	19.20470435224899	1234
20130815	123	123	123	16.4691551270522	1234
20130815	123	123	123	5.039392010378789	1234
20130815	123	123	123	13.630233598720622	1234
20130815	123	123	123	0.7928207535944298	1234
20130815	123	123	123	0.7084070309802271	1234
20130815	123	123	123	2.7884876635825173	1234
20130815	123	123	123	18.558089360857835	1234
20130815	123	123	123	18.971460677781483	1234
20130815	123	123	123	14.178201834994692	1234
20130815	123	123	123	10.002639713756189	1234
20130815	123	123	123	19.531295125790333	1234
20130815	123	123	123	17.028035360377586	1234
20130815	123	123	123	11.164808997966109	1234
20130815	123	123	123	14.008508973378087	1234
20130815	123	123	123	5.336804232282857	1234
20130815	123	123	123	16.356577635278963	1234
20130815	123	123	123	3.3406610652464286	1234
20130815	123	123	123	16.684575769513582	1234
20130815	123	123	123	10.476353614624633	1234
20130815	123	123	123	257.64680968979854	1234
20130815	123	123	123	281.19537304664664	1234
20130815	123	123	123	295.9173391037266	1234
20130815	123	123	123	322.7911421959593	1234
20130815	123	123	123	341.75778954852876	1234
20130815	123	123	123	350.33231610945074	1234
20130815	123	123	123	360.24722149159555	1234
20130815	123	123	123	367.8380377855758	1234
20130815	123	123	123	383.4933368931914	1234
20130815	123	123	123	406.9923441137148	1234
20130815	123	123	123	429.7287485568825	1234
20130815	123	123	123	425.30769230769215	1234
20130815	123	123	123	438.4043637858589	1234
20130815	123	123	123	435.84615384615387	1234
20130815	123	123	123	412.82376439679183	1234
20130815	123	123	123	402.4193150721817	1234
20130815	123	123	123	398.13300700929017	1234
20130815	123	123	123	387.84888009721965	1234
20130815	123	123	123	385.0445276905147	1234
20130815	123	123	123	398.9765191777757	1234
20130815	123	123	123	415.0280279843905	1234
20130815	123	123	123	419.4615384615384	1234
20130815	123	123	123	456.64582973156035	1234
20130815	123	123	123	464.5489033142317	1234
20130815	123	123	123	464.0769230769229	1234
20130815	123	123	123	475.23076923076906	1234
20130815	123	123	123	498.56439210192116	1234
20130815	123	123	123	508.83112650310034	1234
20130815	123	123	123	521.7792159760187	1234
20130815	123	123	123	529.3601298804667	1234
20130815	123	123	123	509.57194561602984	1234
20130815	123	123	123	500.0303738381668	1234
20130815	123	123	123	485.5671109002856	1234
20130815	123	123	123	484.5146829087216	1234
20130815	123	123	123	469.3743269883833	1234
20130815	123	123	123	447.921807004143	1234
20130815	123	123	123	424.5786358918212	1234
20130815	123	123	123	428.80997662365144	1234
20130815	123	123	123	411.17983409189986	1234
20130815	123	123	123	385.12629804054836	1234
20130815	123	123	123	393.36996764640463	1234
20130815	123	123	123	400.7450985579225	1234
20130815	123	123	123	423.40597334705734	1234
20130815	123	123	123	419.0318752924122	1234
20130815	123	123	123	434.3949080986435	1234
20130815	123	123	123	445.23414158905945	1234
20130815	123	123	123	447.9338826493713	1234
20130815	123	123	123	437.9838500437435	1234
20130815	123	123	123	436.3076923076923	1234
20130815	123	123	123	409.52407748336134	1234
20130815	123	123	123	379.6287530683808	1234
20130815	123	123	123	374.646829914905	1234
20130815	123	123	123	357.9435201370394	1234
20130815	123	123	123	345.67086561357917	1234
20130815	123	123	123	333.46153846153857	1234
20130815	123	123	123	318.05635791400215	1234
20130815	123	123	123	303.51135098679384	1234
20130815	123	123	123	281.74301004814964	1234
20130815	123	123	123	268.4069064818475	1234
20130815	123	123	123	260.0	1234
20130815	123	123	123	5.554731049670036	1234
20130815	123	123	123	16.99330885784526	1234
20130815	123	123	123	13.381059639060439	1234
20130815	123	123	123	10.507307603136516	1234
20130815	123	123	123	7.522467915065034	1234
20130815	123	123	123	4.859652732436479	1234
20130815	123	123	123	14.89558752083816	1234
20130815	123	123	123	0.9417185737850153	1234
20130815	123	123	123	9.206700657748858	1234
20130815	123	123	123	9.2652782123564	1234
20130815	123	123	123	17.549156769937746	1234
20130815	123	123	123	3.4444472167880247	1234
20130815	123	123	123	3.3429845118129875	1234
20130815	123	123	123	17.507002737929113	1234
20130815	123	123	123	1.4264903455100408	1234
20130815	123	123	123	10.121969104477962	1234
20130815	123	123	123	1.877531850533134	1234
20130815	123	123	123	5.280029433524982	1234
20130815	123	123	123	7.489391170270496	1234
20130815	123	123	123	4.369277972118095	1234
20130815	123	123	123	16.70980891414684	1234
20130815	123	123	123	9.43937771070501	1234
20130815	123	123	123	10.541255269008465	1234
20130815	123	123	123	5.0430689530102235	1234
20130815	123	123	123	4.977992540564749	1234
20130815	123	123	123	7.49854812987885	1234
20130815	123	123	123	6.9154178019926	1234
20130815	123	123	123	9.655173753177191	1234
20130815	123	123	123	3.31661804122529	1234
20130815	123	123	123	8.006652510948172	1234