time startPrice highestPrice lowestPrice endPrice transactionCount
20130815	123	123	123	14.718112813934374	1234
20130815	123	123	123	12.277898405231793	1234
20130815	123	123	123	6.6423849315776025	1234
20130815	123	123	123	16.09817113345046	1234
20130815	123	123	123	16.92181282877426	1234
20130815	123	123	123	9.065075577066064	1234
20130815	123	123	123	12.770380112498202	1234
20130815	123	123	123	9.56861679831948	1234
20130815	123	123	123	16.38989266080571	1234
20130815	123	123	123	0.26968244550386267	1234
20130815	123	123	123	11.873513085321477	1234
20130815	123	123	123	11.764190999992596	1234
20130815	123	123	123	13.085954576572954	1234
20130815	123	123	123	10.916246628274768	1234
20130815	123	123	123	11.33282310074935	1234
20130815	123	123	123	19.14485311867106	1234
20130815	123	123	123	16.126299258093248	1234
20130815	123	123	123	14.33807972155357	1234
20130815	123	123	123	19.99481829384725	1234
20130815	123	123	123	1.886898281999565	1234
20130815	123	123	123	14.090132875800654	1234
20130815	123	123	123	2.62895799537469	1234
20130815	123	123	123	5.6482113673006555	1234
20130815	123	123	123	13.13362653890039	1234
20130815	123	123	123	11.805317852165198	1234
20130815	123	123	123	14.419498102033154	1234
20130815	123	123	123	2.8143949349896036	1234
20130815	123	123	123	4.36251702288156	1234
20130815	123	123	123	7.619067631004377	1234
20130815	123	123	123	15.027664654670172	1234
20130815	123	123	123	262.005051071709	1234
20130815	123	123	123	271.73035438482015	1234
20130815	123	123	123	281.8561704839446	1234
20130815	123	123	123	309.16072405513023	1234
20130815	123	123	123	327.4394225036292	1234
20130815	123	123	123	346.50502147435594	1234
20130815	123	123	123	347.0721130879507	1234
20130815	123	123	123	368.04391763894756	1234
20130815	123	123	123	366.53846153846143	1234
20130815	123	123	123	388.73300064044065	1234
20130815	123	123	123	416.28216120936605	1234
20130815	123	123	123	425.30769230769215	1234
20130815	123	123	123	435.8915861199827	1234
20130815	123	123	123	424.1725246820474	1234
20130815	123	123	123	421.814776855168	1234
20130815	123	123	123	413.0308678676531	1234
20130815	123	123	123	401.4312855335097	1234
20130815	123	123	123	397.47501902240015	1234
20130815	123	123	123	392.5356313461324	1234
20130815	123	123	123	385.17316131583533	1234
20130815	123	123	123	404.68462550043665	1234
20130815	123	123	123	411.6303666669195	1234
20130815	123	123	123	420.10588389263427	1234
20130815	123	123	123	438.0972643548654	1234
20130815	123	123	123	446.53540242054413	1234
20130815	123	123	123	458.59147082530376	1234
20130815	123	123	123	466.10415870760954	1234
20130815	123	123	123	478.8642922232889	1234
20130815	123	123	123	488.5597507850139	1234
20130815	123	123	123	508.92062116087345	1234
20130815	123	123	123	521.7605427199805	1234
20130815	123	123	123	512.0246772951001	1234
20130815	123	123	123	507.26642001960914	1234
20130815	123	123	123	508.8461538461538	1234
20130815	123	123	123	489.68320781746314	1234
20130815	123	123	123	469.8599233983339	1234
20130815	123	123	123	474.2314376243757	1234
20130815	123	123	123	462.1364166130022	1234
20130815	123	123	123	452.07312983952505	1234
20130815	123	123	123	442.38461538461524	1234
20130815	123	123	123	428.58038680151867	1234
20130815	123	123	123	411.99319766721607	1234
20130815	123	123	123	397.05286646344075	1234
20130815	123	123	123	395.5637020480484	1234
20130815	123	123	123	387.24131473454634	1234
20130815	123	123	123	396.3896707609877	1234
20130815	123	123	123	396.8461538461538	1234
20130815	123	123	123	402.69663434972705	1234
20130815	123	123	123	415.0660546608564	1234
20130815	123	123	123	412.639280142081	1234
20130815	123	123	123	419.7521370732972	1234
20130815	123	123	123	454.31122734406404	1234
20130815	123	123	123	453.6343534104841	1234
20130815	123	123	123	438.8132398140499	1234
20130815	123	123	123	328.64011343284284	1234
20130815	123	123	123	302.7743397179752	1234
20130815	123	123	123	297.0667576995845	1234
20130815	123	123	123	288.8418458358359	1234
20130815	123	123	123	270.4540620242569	1234
20130815	123	123	123	260.0	1234
20130815	123	123	123	17.60519603704562	1234
20130815	123	123	123	5.053114306057616	1234
20130815	123	123	123	12.057515251774758	1234
20130815	123	123	123	17.958636245762197	1234
20130815	123	123	123	8.608484768320794	1234
20130815	123	123	123	16.578102423253497	1234
20130815	123	123	123	11.297617145130566	1234
20130815	123	123	123	11.280020678827789	1234
20130815	123	123	123	0.5942314952876848	1234
20130815	123	123	123	12.603345760517541	1234
20130815	123	123	123	17.019387315764234	1234
20130815	123	123	123	7.5742123602834965	1234
20130815	123	123	123	11.290656965400842	1234
20130815	123	123	123	11.270934687878993	1234
20130815	123	123	123	17.97598402030384	1234
20130815	123	123	123	11.970446263886927	1234
20130815	123	123	123	0.5621302984753784	1234
20130815	123	123	123	8.052570918750646	1234
20130815	123	123	123	18.013706082995512	1234
20130815	123	123	123	19.184899335501576	1234
20130815	123	123	123	6.027518281666195	1234
20130815	123	123	123	12.398899619052353	1234
20130815	123	123	123	10.293485410976917	1234
20130815	123	123	123	7.547962046358412	1234
20130815	123	123	123	9.489711493170834	1234
20130815	123	123	123	16.17368250105066	1234
20130815	123	123	123	18.109993226708198	1234
20130815	123	123	123	15.673588771593316	1234
20130815	123	123	123	4.50408252947637	1234
20130815	123	123	123	17.349981101937697	1234