time startPrice highestPrice lowestPrice endPrice transactionCount
20130815	123	123	123	7.021307645495662	1234
20130815	123	123	123	12.717819495906689	1234
20130815	123	123	123	8.431773948781661	1234
20130815	123	123	123	7.644874865293865	1234
20130815	123	123	123	9.584663189303512	1234
20130815	123	123	123	5.239280610695767	1234
20130815	123	123	123	0.9905864873864401	1234
20130815	123	123	123	12.758385728726394	1234
20130815	123	123	123	16.046357385015146	1234
20130815	123	123	123	5.835921217271734	1234
20130815	123	123	123	17.991001142208503	1234
20130815	123	123	123	10.739733841912733	1234
20130815	123	123	123	8.442870740844334	1234
20130815	123	123	123	2.1532951032594894	1234
20130815	123	123	123	3.684637747931605	1234
20130815	123	123	123	0.917913931730876	1234
20130815	123	123	123	13.080774174429823	1234
20130815	123	123	123	16.742093530583492	1234
20130815	123	123	123	11.821061462317308	1234
20130815	123	123	123	1.6407897700781815	1234
20130815	123	123	123	15.728163308476768	1234
20130815	123	123	123	5.986179316463707	1234
20130815	123	123	123	12.604443280144013	1234
20130815	123	123	123	3.5212168096358942	1234
20130815	123	123	123	6.292504110439008	1234
20130815	123	123	123	0.30856028706162997	1234
20130815	123	123	123	5.367400409681036	1234
20130815	123	123	123	18.973627919143187	1234
20130815	123	123	123	17.560692890882954	1234
20130815	123	123	123	0.1774037421803576	1234
20130815	123	123	123	262.04339648877425	1234
20130815	123	123	123	270.54535456118026	1234
20130815	123	123	123	278.38461538461536	1234
20130815	123	123	123	318.80675986681985	1234
20130815	123	123	123	327.7521569840904	1234
20130815	123	123	123	350.9143517163638	1234
20130815	123	123	123	352.42196659512814	1234
20130815	123	123	123	387.7553810479481	1234
20130815	123	123	123	389.49509303139405	1234
20130815	123	123	123	453.2262855256806	1234
20130815	123	123	123	438.71154057948564	1234
20130815	123	123	123	434.6393167341383	1234
20130815	123	123	123	428.1193561303052	1234
20130815	123	123	123	412.7579853096809	1234
20130815	123	123	123	396.49151866419436	1234
20130815	123	123	123	397.8271726398128	1234
20130815	123	123	123	394.30769230769255	1234
20130815	123	123	123	386.69065873419987	1234
20130815	123	123	123	396.7634128325697	1234
20130815	123	123	123	399.88779318634124	1234
20130815	123	123	123	438.13334423217196	1234
20130815	123	123	123	431.8234989714578	1234
20130815	123	123	123	441.76923076923066	1234
20130815	123	123	123	463.04490349744054	1234
20130815	123	123	123	478.82424027096437	1234
20130815	123	123	123	502.87730539645275	1234
20130815	123	123	123	508.4394403593096	1234
20130815	123	123	123	523.7821551098532	1234
20130815	123	123	123	524.1700612600062	1234
20130815	123	123	123	502.3401478421005	1234
20130815	123	123	123	489.08329013799204	1234
20130815	123	123	123	475.8272817947946	1234
20130815	123	123	123	460.4332328749648	1234
20130815	123	123	123	464.53846153846143	1234
20130815	123	123	123	442.38461538461524	1234
20130815	123	123	123	430.78935636489973	1234
20130815	123	123	123	414.59008025775927	1234
20130815	123	123	123	406.1072967704153	1234
20130815	123	123	123	386.94451812094735	1234
20130815	123	123	123	391.9193236033822	1234
20130815	123	123	123	400.49173193880955	1234
20130815	123	123	123	403.7711009809971	1234
20130815	123	123	123	410.4292064554243	1234
20130815	123	123	123	420.096306230776	1234
20130815	123	123	123	416.53846153846143	1234
20130815	123	123	123	421.46153846153834	1234
20130815	123	123	123	426.5667387065238	1234
20130815	123	123	123	441.41108750135345	1234
20130815	123	123	123	437.0864395649515	1234
20130815	123	123	123	427.6223584291904	1234
20130815	123	123	123	416.73553146801004	1234
20130815	123	123	123	377.4954254025865	1234
20130815	123	123	123	374.53224778936334	1234
20130815	123	123	123	341.14991234599205	1234
20130815	123	123	123	331.8205883777893	1234
20130815	123	123	123	293.33921939704555	1234
20130815	123	123	123	290.69905682356597	1234
20130815	123	123	123	274.9680070524772	1234
20130815	123	123	123	273.75320792876596	1234
20130815	123	123	123	260.0	1234
20130815	123	123	123	18.3444656189296	1234
20130815	123	123	123	12.260428798801977	1234
20130815	123	123	123	2.59666212567643	1234
20130815	123	123	123	14.48496056698576	1234
20130815	123	123	123	12.259662946383722	1234
20130815	123	123	123	14.130851098962411	1234
20130815	123	123	123	11.036412627816844	1234
20130815	123	123	123	0.5480630575572665	1234
20130815	123	123	123	5.399698932418227	1234
20130815	123	123	123	15.623186453784148	1234
20130815	123	123	123	15.789856998466895	1234
20130815	123	123	123	18.279629554923137	1234
20130815	123	123	123	4.426306312018151	1234
20130815	123	123	123	16.714602782406345	1234
20130815	123	123	123	8.55341827533563	1234
20130815	123	123	123	5.0063986947559	1234
20130815	123	123	123	17.388316414630815	1234
20130815	123	123	123	17.24103215782374	1234
20130815	123	123	123	5.056834279591255	1234
20130815	123	123	123	11.9588954826835	1234
20130815	123	123	123	3.2260584341966103	1234
20130815	123	123	123	19.87289047606732	1234
20130815	123	123	123	19.112169793613504	1234
20130815	123	123	123	18.635404372512593	1234
20130815	123	123	123	15.517721640497832	1234
20130815	123	123	123	7.920685394723517	1234
20130815	123	123	123	18.30255610691021	1234
20130815	123	123	123	17.042523541093736	1234
20130815	123	123	123	7.299345765929173	1234
20130815	123	123	123	4.357832137743598	1234