time startPrice highestPrice lowestPrice endPrice transactionCount
20130815	123	123	123	3.2392217597112816	1234
20130815	123	123	123	14.466821141883845	1234
20130815	123	123	123	14.406371509657493	1234
20130815	123	123	123	8.538979803815433	1234
20130815	123	123	123	19.22773363567056	1234
20130815	123	123	123	9.98325054395952	1234
20130815	123	123	123	9.935305136714703	1234
20130815	123	123	123	5.112023114189508	1234
20130815	123	123	123	15.669289771836134	1234
20130815	123	123	123	2.2563390432703123	1234
20130815	123	123	123	17.06315886457306	1234
20130815	123	123	123	5.445095019153612	1234
20130815	123	123	123	13.00002796953173	1234
20130815	123	123	123	6.517573498024085	1234
20130815	123	123	123	9.056729164900666	1234
20130815	123	123	123	6.8151966968874556	1234
20130815	123	123	123	1.4635521622821601	1234
20130815	123	123	123	10.011697082727537	1234
20130815	123	123	123	1.8102992355725145	1234
20130815	123	123	123	15.740936744168977	1234
20130815	123	123	123	14.36755385618463	1234
20130815	123	123	123	14.644220554022935	1234
20130815	123	123	123	13.222950264655314	1234
20130815	123	123	123	2.272360749100697	1234
20130815	123	123	123	14.225279589503085	1234
20130815	123	123	123	17.742820449204984	1234
20130815	123	123	123	16.066495530193656	1234
20130815	123	123	123	6.782168156492212	1234
20130815	123	123	123	15.107650164214771	1234
20130815	123	123	123	14.204706987226398	1234
20130815	123	123	123	268.72341828881883	1234
20130815	123	123	123	267.1683274666201	1234
20130815	123	123	123	314.3504293787461	1234
20130815	123	123	123	324.48300880756466	1234
20130815	123	123	123	337.3734287308822	1234
20130815	123	123	123	362.6531886518218	1234
20130815	123	123	123	370.60592717633637	1234
20130815	123	123	123	387.35106206883233	1234
20130815	123	123	123	421.16673726596156	1234
20130815	123	123	123	425.30769230769215	1234
20130815	123	123	123	435.3285451803028	1234
20130815	123	123	123	424.5879264060135	1234
20130815	123	123	123	423.3846153846155	1234
20130815	123	123	123	409.46241483565717	1234
20130815	123	123	123	400.2190168011664	1234
20130815	123	123	123	394.3816047247041	1234
20130815	123	123	123	386.65467752851185	1234
20130815	123	123	123	396.973384516344	1234
20130815	123	123	123	405.04327729602744	1234
20130815	123	123	123	423.21194150836595	1234
20130815	123	123	123	424.3066030528455	1234
20130815	123	123	123	442.6011197110244	1234
20130815	123	123	123	444.50528903424106	1234
20130815	123	123	123	461.2108359541827	1234
20130815	123	123	123	465.98769669774487	1234
20130815	123	123	123	488.2774141331562	1234
20130815	123	123	123	491.2684556992957	1234
20130815	123	123	123	507.1195910365418	1234
20130815	123	123	123	510.44791672707566	1234
20130815	123	123	123	521.8808068397901	1234
20130815	123	123	123	531.0	1234
20130815	123	123	123	515.9993770030603	1234
20130815	123	123	123	495.01313801990364	1234
20130815	123	123	123	474.58143012982646	1234
20130815	123	123	123	469.15993720293596	1234
20130815	123	123	123	461.5873305610201	1234
20130815	123	123	123	442.2215620903159	1234
20130815	123	123	123	437.1177361957266	1234
20130815	123	123	123	408.95130637190283	1234
20130815	123	123	123	391.04912164180973	1234
20130815	123	123	123	401.60364124781916	1234
20130815	123	123	123	406.6923076923076	1234
20130815	123	123	123	413.2855760729162	1234
20130815	123	123	123	420.581591362437	1234
20130815	123	123	123	421.46153846153834	1234
20130815	123	123	123	446.07692307692287	1234
20130815	123	123	123	438.55958593205287	1234
20130815	123	123	123	433.90213567038205	1234
20130815	123	123	123	403.78614010664086	1234
20130815	123	123	123	394.88572590088216	1234
20130815	123	123	123	381.6169998786126	1234
20130815	123	123	123	369.0250785063667	1234
20130815	123	123	123	353.09647866405703	1234
20130815	123	123	123	347.5572150723016	1234
20130815	123	123	123	331.57819490427136	1234
20130815	123	123	123	304.679192981994	1234
20130815	123	123	123	299.5843244002865	1234
20130815	123	123	123	279.6020566526816	1234
20130815	123	123	123	264.42612560945287	1234
20130815	123	123	123	260.0	1234
20130815	123	123	123	4.476479346351452	1234
20130815	123	123	123	12.227689437454789	1234
20130815	123	123	123	4.551369130996132	1234
20130815	123	123	123	15.352845712234648	1234
20130815	123	123	123	9.53071920061063	1234
20130815	123	123	123	14.716249737530324	1234
20130815	123	123	123	4.012885016087777	1234
20130815	123	123	123	12.49968612448004	1234
20130815	123	123	123	0.33689969796722563	1234
20130815	123	123	123	15.694855830985848	1234
20130815	123	123	123	18.12761194501874	1234
20130815	123	123	123	6.5178374526751615	1234
20130815	123	123	123	13.632760077090072	1234
20130815	123	123	123	0.19840078614007384	1234
20130815	123	123	123	9.928335649883515	1234
20130815	123	123	123	18.64291040754717	1234
20130815	123	123	123	7.109446235684689	1234
20130815	123	123	123	17.328876144833572	1234
20130815	123	123	123	1.6962691263059249	1234
20130815	123	123	123	12.284526139336553	1234
20130815	123	123	123	9.500624291904868	1234
20130815	123	123	123	1.5013592060894143	1234
20130815	123	123	123	19.262747313278307	1234
20130815	123	123	123	10.797274337940678	1234
20130815	123	123	123	3.9369995574344863	1234
20130815	123	123	123	5.980817484751171	1234
20130815	123	123	123	11.349091415939338	1234
20130815	123	123	123	11.964185933626164	1234
20130815	123	123	123	10.147897867572214	1234
20130815	123	123	123	3.8470674322879717	1234