time startPrice highestPrice lowestPrice endPrice transactionCount
20130815	123	123	123	17.996664971002303	1234
20130815	123	123	123	17.815557772699773	1234
20130815	123	123	123	12.172203368505418	1234
20130815	123	123	123	10.226642672329728	1234
20130815	123	123	123	10.61213190851728	1234
20130815	123	123	123	19.68220028071363	1234
20130815	123	123	123	1.1957622145959146	1234
20130815	123	123	123	13.210958961140253	1234
20130815	123	123	123	14.718364063338925	1234
20130815	123	123	123	1.6833352450205252	1234
20130815	123	123	123	4.906188345801765	1234
20130815	123	123	123	3.1028134842750776	1234
20130815	123	123	123	0.37459184779593313	1234
20130815	123	123	123	16.11422484672953	1234
20130815	123	123	123	1.4912115744855248	1234
20130815	123	123	123	17.364597967145713	1234
20130815	123	123	123	11.22684884694918	1234
20130815	123	123	123	17.96916305810837	1234
20130815	123	123	123	18.108757558743925	1234
20130815	123	123	123	4.77155817825402	1234
20130815	123	123	123	2.6040151804125	1234
20130815	123	123	123	4.644136302529738	1234
20130815	123	123	123	2.2365542410232364	1234
20130815	123	123	123	5.864739469752451	1234
20130815	123	123	123	12.374803596675035	1234
20130815	123	123	123	3.5562272048007726	1234
20130815	123	123	123	11.124785234528403	1234
20130815	123	123	123	18.022640922704166	1234
20130815	123	123	123	0.6454009013199902	1234
20130815	123	123	123	0.112000577703808	1234
20130815	123	123	123	261.3823895600039	1234
20130815	123	123	123	263.6923076923077	1234
20130815	123	123	123	297.37605508009835	1234
20130815	123	123	123	322.53498592634793	1234
20130815	123	123	123	328.8922159231187	1234
20130815	123	123	123	338.2717922814757	1234
20130815	123	123	123	372.28462155787884	1234
20130815	123	123	123	385.0353890976725	1234
20130815	123	123	123	404.2793088680433	1234
20130815	123	123	123	417.3764219588662	1234
20130815	123	123	123	430.1972041102482	1234
20130815	123	123	123	440.0	1234
20130815	123	123	123	431.69230769230774	1234
20130815	123	123	123	419.09194808807644	1234
20130815	123	123	123	411.90695365645274	1234
20130815	123	123	123	410.4622326743424	1234
20130815	123	123	123	394.5619566747864	1234
20130815	123	123	123	390.1538461538464	1234
20130815	123	123	123	389.5480065640372	1234
20130815	123	123	123	403.0869207181889	1234
20130815	123	123	123	412.40797622406046	1234
20130815	123	123	123	419.4615384615384	1234
20130815	123	123	123	501.5446237982776	1234
20130815	123	123	123	499.4015092153707	1234
20130815	123	123	123	508.69230769230745	1234
20130815	123	123	123	521.9272065576594	1234
20130815	123	123	123	519.982940034168	1234
20130815	123	123	123	518.3378417074365	1234
20130815	123	123	123	497.5599443474349	1234
20130815	123	123	123	497.7692307692307	1234
20130815	123	123	123	486.6923076923076	1234
20130815	123	123	123	473.1199812623175	1234
20130815	123	123	123	455.71515766185985	1234
20130815	123	123	123	443.54603711721376	1234
20130815	123	123	123	442.38461538461524	1234
20130815	123	123	123	427.65355396857854	1234
20130815	123	123	123	420.23076923076906	1234
20130815	123	123	123	400.0024918949838	1234
20130815	123	123	123	397.7839409345511	1234
20130815	123	123	123	396.8461538461538	1234
20130815	123	123	123	416.0220491907939	1234
20130815	123	123	123	417.6843650522811	1234
20130815	123	123	123	425.38829766751627	1234
20130815	123	123	123	431.5698987238239	1234
20130815	123	123	123	440.66492202902344	1234
20130815	123	123	123	442.6584919263343	1234
20130815	123	123	123	439.5163348648924	1234
20130815	123	123	123	413.6536580504605	1234
20130815	123	123	123	403.8031346973943	1234
20130815	123	123	123	406.49685218004777	1234
20130815	123	123	123	378.4732065962209	1234
20130815	123	123	123	377.5384615384616	1234
20130815	123	123	123	351.6243246304442	1234
20130815	123	123	123	325.89760794875554	1234
20130815	123	123	123	325.89848947394927	1234
20130815	123	123	123	307.63147673394354	1234
20130815	123	123	123	291.879039003419	1234
20130815	123	123	123	278.4842052596548	1234
20130815	123	123	123	266.11393097940504	1234
20130815	123	123	123	260.0	1234
20130815	123	123	123	11.300642560327969	1234
20130815	123	123	123	8.843578432010839	1234
20130815	123	123	123	17.52201382697763	1234
20130815	123	123	123	18.63291303869914	1234
20130815	123	123	123	8.530663458204712	1234
20130815	123	123	123	19.5190766227286	1234
20130815	123	123	123	16.932082058070886	1234
20130815	123	123	123	9.64655336307866	1234
20130815	123	123	123	2.7287598673539626	1234
20130815	123	123	123	8.49184229354757	1234
20130815	123	123	123	8.892475306357412	1234
20130815	123	123	123	18.378310951173464	1234
20130815	123	123	123	2.004898573635465	1234
20130815	123	123	123	4.930207081291218	1234
20130815	123	123	123	12.63250503162473	1234
20130815	123	123	123	11.32885153693133	1234
20130815	123	123	123	15.38139938313101	1234
20130815	123	123	123	11.414156510212003	1234
20130815	123	123	123	18.62412316099733	1234
20130815	123	123	123	0.498549215035724	1234
20130815	123	123	123	14.660861917008496	1234
20130815	123	123	123	15.71638739927163	1234
20130815	123	123	123	8.841198720171406	1234
20130815	123	123	123	8.120822842918392	1234
20130815	123	123	123	12.511769093054765	1234
20130815	123	123	123	2.6750846841677856	1234
20130815	123	123	123	1.4643182551491063	1234
20130815	123	123	123	18.69208701939014	1234
20130815	123	123	123	6.044825309019137	1234
20130815	123	123	123	18.893409920567176	1234