time startPrice highestPrice lowestPrice endPrice transactionCount
20130815	123	123	123	15.184185353556625	1234
20130815	123	123	123	18.120110779689767	1234
20130815	123	123	123	18.18811784972487	1234
20130815	123	123	123	12.624997445143443	1234
20130815	123	123	123	17.33238626429563	1234
20130815	123	123	123	2.9930786474658833	1234
20130815	123	123	123	8.5084684611601	1234
20130815	123	123	123	7.539594469229296	1234
20130815	123	123	123	2.121293010753953	1234
20130815	123	123	123	7.621652956229554	1234
20130815	123	123	123	6.86113915399199	1234
20130815	123	123	123	12.99142216904055	1234
20130815	123	123	123	6.386720936907664	1234
20130815	123	123	123	17.336384689011425	1234
20130815	123	123	123	1.4138960118836774	1234
20130815	123	123	123	11.676764080246196	1234
20130815	123	123	123	8.032142681878575	1234
20130815	123	123	123	6.645397912841553	1234
20130815	123	123	123	4.622545982873065	1234
20130815	123	123	123	9.662600153412304	1234
20130815	123	123	123	0.7960282430455035	1234
20130815	123	123	123	7.938672287199626	1234
20130815	123	123	123	13.890999153584008	1234
20130815	123	123	123	9.202987422873534	1234
20130815	123	123	123	13.660007639795229	1234
20130815	123	123	123	7.9967543679555835	1234
20130815	123	123	123	11.042385555338917	1234
20130815	123	123	123	13.014966510490595	1234
20130815	123	123	123	9.88382504943743	1234
20130815	123	123	123	9.89240774452246	1234
20130815	123	123	123	249.87035640599748	1234
20130815	123	123	123	266.31904022344486	1234
20130815	123	123	123	281.62191381679185	1234
20130815	123	123	123	293.7831132519571	1234
20130815	123	123	123	317.00437446368437	1234
20130815	123	123	123	324.8617603532324	1234
20130815	123	123	123	337.1538461538461	1234
20130815	123	123	123	362.8432371076425	1234
20130815	123	123	123	370.871273393395	1234
20130815	123	123	123	397.21295680847226	1234
20130815	123	123	123	395.9230769230768	1234
20130815	123	123	123	442.98273652451326	1234
20130815	123	123	123	439.8511728518404	1234
20130815	123	123	123	434.7442140780443	1234
20130815	123	123	123	428.3289949958832	1234
20130815	123	123	123	417.7908969903424	1234
20130815	123	123	123	405.6114433845846	1234
20130815	123	123	123	401.57877266512094	1234
20130815	123	123	123	388.20055795112734	1234
20130815	123	123	123	392.2097633975958	1234
20130815	123	123	123	389.57688058464066	1234
20130815	123	123	123	386.0	1234
20130815	123	123	123	397.5511953594707	1234
20130815	123	123	123	410.52606864935524	1234
20130815	123	123	123	437.427116773552	1234
20130815	123	123	123	448.48086727684125	1234
20130815	123	123	123	453.42764307262723	1234
20130815	123	123	123	489.3654613273819	1234
20130815	123	123	123	503.9975909335903	1234
20130815	123	123	123	504.24020940664724	1234
20130815	123	123	123	514.84813983717	1234
20130815	123	123	123	530.8990824704678	1234
20130815	123	123	123	515.0785592443104	1234
20130815	123	123	123	508.4860181577954	1234
20130815	123	123	123	503.4631360901116	1234
20130815	123	123	123	488.3591272195565	1234
20130815	123	123	123	479.70351592183	1234
20130815	123	123	123	464.95598334784455	1234
20130815	123	123	123	417.55685720410816	1234
20130815	123	123	123	421.0657977756866	1234
20130815	123	123	123	411.3526867681999	1234
20130815	123	123	123	400.2766211092109	1234
20130815	123	123	123	387.0	1234
20130815	123	123	123	396.9572585802698	1234
20130815	123	123	123	406.2541633381452	1234
20130815	123	123	123	412.36009772514217	1234
20130815	123	123	123	414.1820412772698	1234
20130815	123	123	123	416.56865057177254	1234
20130815	123	123	123	430.00173609247383	1234
20130815	123	123	123	430.2728398331256	1234
20130815	123	123	123	441.8378660094786	1234
20130815	123	123	123	446.07692307692287	1234
20130815	123	123	123	430.9386909692875	1234
20130815	123	123	123	362.8461538461539	1234
20130815	123	123	123	332.14131053072424	1234
20130815	123	123	123	299.0491076814051	1234
20130815	123	123	123	301.6839322196104	1234
20130815	123	123	123	277.92490576033777	1234
20130815	123	123	123	257.14100188671074	1234
20130815	123	123	123	260.0	1234
20130815	123	123	123	13.956327910888042	1234
20130815	123	123	123	11.362253158467439	1234
20130815	123	123	123	8.797576158687963	1234
20130815	123	123	123	3.0494696670880983	1234
20130815	123	123	123	7.184506807333239	1234
20130815	123	123	123	6.283269476779383	1234
20130815	123	123	123	17.251249055012806	1234
20130815	123	123	123	10.023994397282362	1234
20130815	123	123	123	17.43867962245172	1234
20130815	123	123	123	0.9133373380411336	1234
20130815	123	123	123	17.016129530507556	1234
20130815	123	123	123	4.99851482041427	1234
20130815	123	123	123	4.552351191736205	1234
20130815	123	123	123	6.089152980234685	1234
20130815	123	123	123	9.45215676872882	1234
20130815	123	123	123	6.03105594721137	1234
20130815	123	123	123	8.849326588808456	1234
20130815	123	123	123	11.286923608651016	1234
20130815	123	123	123	9.399842615363728	1234
20130815	123	123	123	10.77630395735504	1234
20130815	123	123	123	11.809398541968342	1234
20130815	123	123	123	12.433851108714899	1234
20130815	123	123	123	6.5249113019372125	1234
20130815	123	123	123	13.697119483700298	1234
20130815	123	123	123	8.503466111019183	1234
20130815	123	123	123	5.245903397929112	1234
20130815	123	123	123	14.23833725884807	1234
20130815	123	123	123	11.7103672155958	1234
20130815	123	123	123	17.477399915468872	1234
20130815	123	123	123	19.483121189842596	1234