time startPrice highestPrice lowestPrice endPrice transactionCount
20130815	123	123	123	9.911933509479155	1234
20130815	123	123	123	15.740934632983901	1234
20130815	123	123	123	5.313490632747897	1234
20130815	123	123	123	0.6181112006376588	1234
20130815	123	123	123	5.202325035804812	1234
20130815	123	123	123	4.3956034499481405	1234
20130815	123	123	123	14.308427957306433	1234
20130815	123	123	123	1.8698368141290977	1234
20130815	123	123	123	11.182236253346092	1234
20130815	123	123	123	2.2201649104372057	1234
20130815	123	123	123	7.9099536626464495	1234
20130815	123	123	123	14.837299787228602	1234
20130815	123	123	123	14.565347521927531	1234
20130815	123	123	123	19.72322431440769	1234
20130815	123	123	123	3.5271834275367953	1234
20130815	123	123	123	11.701745239750776	1234
20130815	123	123	123	6.032761969753397	1234
20130815	123	123	123	15.70932333738714	1234
20130815	123	123	123	14.545364119010653	1234
20130815	123	123	123	8.028055092767616	1234
20130815	123	123	123	7.83136165090154	1234
20130815	123	123	123	0.6524693494801337	1234
20130815	123	123	123	4.528323205699511	1234
20130815	123	123	123	6.037420642325082	1234
20130815	123	123	123	19.208183752906553	1234
20130815	123	123	123	13.056588203064257	1234
20130815	123	123	123	11.581455759533641	1234
20130815	123	123	123	15.72321311800482	1234
20130815	123	123	123	13.944118616444145	1234
20130815	123	123	123	0.5125050100232564	1234
20130815	123	123	123	267.7180438972841	1234
20130815	123	123	123	280.2439551803422	1234
20130815	123	123	123	284.9714881886949	1234
20130815	123	123	123	300.43181983590387	1234
20130815	123	123	123	308.86891712160633	1234
20130815	123	123	123	322.4615384615384	1234
20130815	123	123	123	363.25550713427754	1234
20130815	123	123	123	373.262422736513	1234
20130815	123	123	123	391.01297462041265	1234
20130815	123	123	123	438.3403963936365	1234
20130815	123	123	123	436.79080375831444	1234
20130815	123	123	123	425.6534418994669	1234
20130815	123	123	123	429.12434117550737	1234
20130815	123	123	123	425.092337742672	1234
20130815	123	123	123	420.40234327303756	1234
20130815	123	123	123	419.23076923076934	1234
20130815	123	123	123	413.4959533065966	1234
20130815	123	123	123	410.00216531384814	1234
20130815	123	123	123	404.665020870845	1234
20130815	123	123	123	392.0226565717991	1234
20130815	123	123	123	391.4019393497398	1234
20130815	123	123	123	388.6850371070989	1234
20130815	123	123	123	405.97324138176936	1234
20130815	123	123	123	426.6342858845977	1234
20130815	123	123	123	431.9620946135549	1234
20130815	123	123	123	460.8134330270004	1234
20130815	123	123	123	466.48545521164846	1234
20130815	123	123	123	470.44488570116476	1234
20130815	123	123	123	475.23076923076906	1234
20130815	123	123	123	490.8169150221596	1234
20130815	123	123	123	507.34015355730924	1234
20130815	123	123	123	511.02958312425005	1234
20130815	123	123	123	530.5357427178764	1234
20130815	123	123	123	524.5899269477601	1234
20130815	123	123	123	511.36884921767984	1234
20130815	123	123	123	503.7130707628346	1234
20130815	123	123	123	485.0133755290362	1234
20130815	123	123	123	484.74266239387964	1234
20130815	123	123	123	460.780344416817	1234
20130815	123	123	123	455.6538397900783	1234
20130815	123	123	123	445.1343108113085	1234
20130815	123	123	123	423.37756775410287	1234
20130815	123	123	123	393.9783628941494	1234
20130815	123	123	123	405.37477184845426	1234
20130815	123	123	123	398.07692307692287	1234
20130815	123	123	123	443.0537847935587	1234
20130815	123	123	123	445.25091945272186	1234
20130815	123	123	123	453.6039133411768	1234
20130815	123	123	123	438.11150253242556	1234
20130815	123	123	123	416.2690472282776	1234
20130815	123	123	123	419.09501109888737	1234
20130815	123	123	123	402.02982316941564	1234
20130815	123	123	123	391.9303130901345	1234
20130815	123	123	123	352.3489968691949	1234
20130815	123	123	123	342.32654979858546	1234
20130815	123	123	123	322.0955387369594	1234
20130815	123	123	123	318.7579813726859	1234
20130815	123	123	123	304.0769230769232	1234
20130815	123	123	123	272.0345585221109	1234
20130815	123	123	123	260.0	1234
20130815	123	123	123	8.945202190324263	1234
20130815	123	123	123	10.216896250471903	1234
20130815	123	123	123	14.269769465385938	1234
20130815	123	123	123	19.21181414512661	1234
20130815	123	123	123	13.22099084369481	1234
20130815	123	123	123	1.674135404386281	1234
20130815	123	123	123	11.090838815295552	1234
20130815	123	123	123	8.353812577364739	1234
20130815	123	123	123	2.5886535893570772	1234
20130815	123	123	123	4.43951737538171	1234
20130815	123	123	123	1.7199444598031555	1234
20130815	123	123	123	19.18242073442077	1234
20130815	123	123	123	3.9563582089504545	1234
20130815	123	123	123	3.361590525012217	1234
20130815	123	123	123	13.206290713043721	1234
20130815	123	123	123	2.315820464199818	1234
20130815	123	123	123	10.191122071278071	1234
20130815	123	123	123	6.868207825057995	1234
20130815	123	123	123	11.874165465377049	1234
20130815	123	123	123	1.5823040099437868	1234
20130815	123	123	123	16.410017192894664	1234
20130815	123	123	123	16.77543808690086	1234
20130815	123	123	123	7.825744560558925	1234
20130815	123	123	123	7.75162070134499	1234
20130815	123	123	123	17.76919665967925	1234
20130815	123	123	123	9.791598692476288	1234
20130815	123	123	123	6.9332380213248985	1234
20130815	123	123	123	11.351884281728601	1234
20130815	123	123	123	10.26990765746608	1234
20130815	123	123	123	19.291232678726264	1234