time startPrice highestPrice lowestPrice endPrice transactionCount
20130815	123	123	123	16.28416539582465	1234
20130815	123	123	123	13.60457555629053	1234
20130815	123	123	123	16.529442891857432	1234
20130815	123	123	123	10.17251351243339	1234
20130815	123	123	123	1.0207849661984958	1234
20130815	123	123	123	6.711797089670981	1234
20130815	123	123	123	4.540732175151581	1234
20130815	123	123	123	16.87872217378484	1234
20130815	123	123	123	8.122422338576458	1234
20130815	123	123	123	18.66312682951812	1234
20130815	123	123	123	2.0657479306501347	1234
20130815	123	123	123	14.44181566016871	1234
20130815	123	123	123	17.49547185583276	1234
20130815	123	123	123	17.220381406867208	1234
20130815	123	123	123	6.867872301126821	1234
20130815	123	123	123	16.586334666086227	1234
20130815	123	123	123	1.996633814572164	1234
20130815	123	123	123	15.326351753125515	1234
20130815	123	123	123	8.814526829502828	1234
20130815	123	123	123	18.792709243544746	1234
20130815	123	123	123	5.609464690490618	1234
20130815	123	123	123	5.364449208335438	1234
20130815	123	123	123	15.578833617812704	1234
20130815	123	123	123	6.975706549201153	1234
20130815	123	123	123	15.254066796757755	1234
20130815	123	123	123	5.727785691192575	1234
20130815	123	123	123	2.990343691492632	1234
20130815	123	123	123	15.926231545343743	1234
20130815	123	123	123	11.938528769541755	1234
20130815	123	123	123	13.165097971985455	1234
20130815	123	123	123	272.3707392924959	1234
20130815	123	123	123	290.85907044044257	1234
20130815	123	123	123	296.62801721831283	1234
20130815	123	123	123	343.89040259970005	1234
20130815	123	123	123	338.5967041701997	1234
20130815	123	123	123	353.7334477632527	1234
20130815	123	123	123	371.5449632577792	1234
20130815	123	123	123	381.2307692307691	1234
20130815	123	123	123	422.5083690362139	1234
20130815	123	123	123	442.8465855596252	1234
20130815	123	123	123	437.5337651913352	1234
20130815	123	123	123	420.12475425441977	1234
20130815	123	123	123	413.1063274533153	1234
20130815	123	123	123	401.04622358963246	1234
20130815	123	123	123	381.82984200155664	1234
20130815	123	123	123	388.76223625923456	1234
20130815	123	123	123	402.45072053454356	1234
20130815	123	123	123	425.06498166105024	1234
20130815	123	123	123	429.74983010010146	1234
20130815	123	123	123	433.74518552087164	1234
20130815	123	123	123	453.08141971817093	1234
20130815	123	123	123	457.2468999405781	1234
20130815	123	123	123	471.2126024091556	1234
20130815	123	123	123	482.7188568572145	1234
20130815	123	123	123	494.21408280914903	1234
20130815	123	123	123	510.4101026608956	1234
20130815	123	123	123	533.8366472345605	1234
20130815	123	123	123	530.3967983261804	1234
20130815	123	123	123	516.9402515401642	1234
20130815	123	123	123	499.8637716843813	1234
20130815	123	123	123	492.41023529986694	1234
20130815	123	123	123	485.32371426599707	1234
20130815	123	123	123	471.2819902716047	1234
20130815	123	123	123	464.53846153846143	1234
20130815	123	123	123	444.2233965829482	1234
20130815	123	123	123	439.5325709870568	1234
20130815	123	123	123	404.4251777283574	1234
20130815	123	123	123	391.17037582357574	1234
20130815	123	123	123	392.31457878900903	1234
20130815	123	123	123	393.13911649929764	1234
20130815	123	123	123	400.25540066047097	1234
20130815	123	123	123	405.2892794014002	1234
20130815	123	123	123	407.84894015939085	1234
20130815	123	123	123	424.7841751079083	1234
20130815	123	123	123	440.1148080190766	1234
20130815	123	123	123	447.88756485697786	1234
20130815	123	123	123	449.98451052448814	1234
20130815	123	123	123	441.83217148335666	1234
20130815	123	123	123	424.34030167369394	1234
20130815	123	123	123	406.27884279509834	1234
20130815	123	123	123	400.03886793773387	1234
20130815	123	123	123	373.0422417179191	1234
20130815	123	123	123	362.8461538461539	1234
20130815	123	123	123	343.2303326473927	1234
20130815	123	123	123	328.9750623949225	1234
20130815	123	123	123	304.15063069015923	1234
20130815	123	123	123	295.04195880143885	1234
20130815	123	123	123	283.00692585108067	1234
20130815	123	123	123	271.5587231169812	1234
20130815	123	123	123	260.0	1234
20130815	123	123	123	0.6750919276610645	1234
20130815	123	123	123	13.806157850139995	1234
20130815	123	123	123	13.230277307528404	1234
20130815	123	123	123	2.67170577180023	1234
20130815	123	123	123	5.207266808255653	1234
20130815	123	123	123	5.099137740421982	1234
20130815	123	123	123	0.920005564146773	1234
20130815	123	123	123	5.619471724466076	1234
20130815	123	123	123	0.20181801910335917	1234
20130815	123	123	123	11.158634441927504	1234
20130815	123	123	123	5.270404041959999	1234
20130815	123	123	123	6.370513844246686	1234
20130815	123	123	123	15.6093518251644	1234
20130815	123	123	123	4.8576838452761955	1234
20130815	123	123	123	10.386431162160166	1234
20130815	123	123	123	7.795204465931014	1234
20130815	123	123	123	16.93170347588422	1234
20130815	123	123	123	3.8331901399823076	1234
20130815	123	123	123	14.013394999940994	1234
20130815	123	123	123	6.915765916139074	1234
20130815	123	123	123	19.15859336014053	1234
20130815	123	123	123	5.430833939077287	1234
20130815	123	123	123	19.46365889545712	1234
20130815	123	123	123	13.322563594984365	1234
20130815	123	123	123	9.932821689771687	1234
20130815	123	123	123	15.69494969157205	1234
20130815	123	123	123	17.392301669768443	1234
20130815	123	123	123	15.060965038867524	1234
20130815	123	123	123	1.7834728572650427	1234
20130815	123	123	123	4.611017509495651	1234