time startPrice highestPrice lowestPrice endPrice transactionCount
20130815	123	123	123	18.302908624685298	1234
20130815	123	123	123	11.735182509136878	1234
20130815	123	123	123	18.23809684411653	1234
20130815	123	123	123	0.11973157155904524	1234
20130815	123	123	123	6.088318053302291	1234
20130815	123	123	123	9.48798285039686	1234
20130815	123	123	123	12.438729264916786	1234
20130815	123	123	123	8.94866757610683	1234
20130815	123	123	123	1.906958294953769	1234
20130815	123	123	123	15.562071257215313	1234
20130815	123	123	123	7.180901251393859	1234
20130815	123	123	123	5.803743065502931	1234
20130815	123	123	123	17.729040739965743	1234
20130815	123	123	123	11.189286195056077	1234
20130815	123	123	123	14.67461945441536	1234
20130815	123	123	123	12.434743143939066	1234
20130815	123	123	123	9.89976896288989	1234
20130815	123	123	123	8.324642517869666	1234
20130815	123	123	123	17.947482502849358	1234
20130815	123	123	123	2.7175485527058196	1234
20130815	123	123	123	11.237648456542395	1234
20130815	123	123	123	5.387698685573435	1234
20130815	123	123	123	5.34023051779521	1234
20130815	123	123	123	7.044345969636883	1234
20130815	123	123	123	14.69866990638144	1234
20130815	123	123	123	6.063481886104352	1234
20130815	123	123	123	18.72668135918318	1234
20130815	123	123	123	12.198021907914967	1234
20130815	123	123	123	2.381392727701548	1234
20130815	123	123	123	11.603041227804006	1234
20130815	123	123	123	262.5131090613688	1234
20130815	123	123	123	266.9610055601856	1234
20130815	123	123	123	280.1261658120802	1234
20130815	123	123	123	308.39015211384856	1234
20130815	123	123	123	350.25819865401286	1234
20130815	123	123	123	363.66650491214875	1234
20130815	123	123	123	366.53846153846143	1234
20130815	123	123	123	384.8205700870354	1234
20130815	123	123	123	414.3817548539123	1234
20130815	123	123	123	434.117000671883	1234
20130815	123	123	123	427.3170522667825	1234
20130815	123	123	123	438.7420280851737	1234
20130815	123	123	123	431.1279519091529	1234
20130815	123	123	123	419.92985127766286	1234
20130815	123	123	123	415.39424251138206	1234
20130815	123	123	123	409.6747631516773	1234
20130815	123	123	123	403.54235655592987	1234
20130815	123	123	123	395.2375035182441	1234
20130815	123	123	123	387.7506663473227	1234
20130815	123	123	123	406.9206697729589	1234
20130815	123	123	123	413.7513055439897	1234
20130815	123	123	123	410.90389717448744	1234
20130815	123	123	123	422.7870454803531	1234
20130815	123	123	123	438.9431743502714	1234
20130815	123	123	123	449.56832756128756	1234
20130815	123	123	123	452.9230769230768	1234
20130815	123	123	123	469.90125845142734	1234
20130815	123	123	123	475.23076923076906	1234
20130815	123	123	123	489.25890282814964	1234
20130815	123	123	123	506.77338413061943	1234
20130815	123	123	123	540.3385751888163	1234
20130815	123	123	123	524.7483201721384	1234
20130815	123	123	123	506.07154706515973	1234
20130815	123	123	123	497.7230646357849	1234
20130815	123	123	123	481.5520386832468	1234
20130815	123	123	123	465.85773344019174	1234
20130815	123	123	123	458.925514583438	1234
20130815	123	123	123	450.39207322127544	1234
20130815	123	123	123	440.08106720091206	1234
20130815	123	123	123	412.6795665786535	1234
20130815	123	123	123	393.1290719928342	1234
20130815	123	123	123	387.30738887043566	1234
20130815	123	123	123	387.0	1234
20130815	123	123	123	431.96896661597026	1234
20130815	123	123	123	446.40177629740367	1234
20130815	123	123	123	441.15384615384596	1234
20130815	123	123	123	449.4084481965842	1234
20130815	123	123	123	447.6386395142327	1234
20130815	123	123	123	419.9943858528461	1234
20130815	123	123	123	402.2743654675838	1234
20130815	123	123	123	380.78258054824704	1234
20130815	123	123	123	355.8431778045348	1234
20130815	123	123	123	357.14012235525036	1234
20130815	123	123	123	337.48850057860454	1234
20130815	123	123	123	333.46153846153857	1234
20130815	123	123	123	310.67190908353354	1234
20130815	123	123	123	287.79500290236075	1234
20130815	123	123	123	280.98287800316706	1234
20130815	123	123	123	259.8191884861393	1234
20130815	123	123	123	260.0	1234
20130815	123	123	123	18.22721104833298	1234
20130815	123	123	123	16.53556315929576	1234
20130815	123	123	123	13.042489281971752	1234
20130815	123	123	123	3.4894597113931636	1234
20130815	123	123	123	10.891986477264288	1234
20130815	123	123	123	4.543579182072197	1234
20130815	123	123	123	16.311823961503297	1234
20130815	123	123	123	0.3859655291949027	1234
20130815	123	123	123	1.1621634827557892	1234
20130815	123	123	123	19.6923342938713	1234
20130815	123	123	123	12.440701642680377	1234
20130815	123	123	123	0.9585422367675012	1234
20130815	123	123	123	16.874325150343605	1234
20130815	123	123	123	0.0029666505068282056	1234
20130815	123	123	123	2.686421655026321	1234
20130815	123	123	123	12.466225070912078	1234
20130815	123	123	123	6.155435505414458	1234
20130815	123	123	123	16.855842501932038	1234
20130815	123	123	123	17.330824876860945	1234
20130815	123	123	123	13.93806002801165	1234
20130815	123	123	123	7.7626396684106735	1234
20130815	123	123	123	4.30628685786715	1234
20130815	123	123	123	5.850042978008718	1234
20130815	123	123	123	12.30646763784084	1234
20130815	123	123	123	10.254258923584834	1234
20130815	123	123	123	3.537203149617776	1234
20130815	123	123	123	6.897195187448575	1234
20130815	123	123	123	0.04255278488753733	1234
20130815	123	123	123	13.835366984319226	1234
20130815	123	123	123	15.06638288792641	1234