time startPrice highestPrice lowestPrice endPrice transactionCount
20130815	123	123	123	18.010487970708976	1234
20130815	123	123	123	3.187548199330432	1234
20130815	123	123	123	12.252252018069091	1234
20130815	123	123	123	13.639733996180217	1234
20130815	123	123	123	1.3502522105071901	1234
20130815	123	123	123	12.624333080972136	1234
20130815	123	123	123	14.415714850786607	1234
20130815	123	123	123	18.304325878005237	1234
20130815	123	123	123	4.049443614399668	1234
20130815	123	123	123	0.7627737237506649	1234
20130815	123	123	123	9.075683200951447	1234
20130815	123	123	123	0.9891476692188794	1234
20130815	123	123	123	3.5346408088097303	1234
20130815	123	123	123	11.068649893256081	1234
20130815	123	123	123	8.534549976336665	1234
20130815	123	123	123	6.921396356084204	1234
20130815	123	123	123	16.34499083496732	1234
20130815	123	123	123	5.871613108275573	1234
20130815	123	123	123	3.367905446852233	1234
20130815	123	123	123	15.14240546492426	1234
20130815	123	123	123	6.620860998204976	1234
20130815	123	123	123	2.3698836545873636	1234
20130815	123	123	123	18.69068081079123	1234
20130815	123	123	123	1.5248313253978996	1234
20130815	123	123	123	10.659098373801484	1234
20130815	123	123	123	6.146408062467128	1234
20130815	123	123	123	18.472621835425272	1234
20130815	123	123	123	13.268894215210523	1234
20130815	123	123	123	13.145859405458335	1234
20130815	123	123	123	5.409986983183153	1234
20130815	123	123	123	261.2427411483482	1234
20130815	123	123	123	299.4947789792386	1234
20130815	123	123	123	308.00644973775195	1234
20130815	123	123	123	334.4225993557174	1234
20130815	123	123	123	363.42312907006016	1234
20130815	123	123	123	366.7031205225494	1234
20130815	123	123	123	394.4202486305479	1234
20130815	123	123	123	396.7569325632554	1234
20130815	123	123	123	434.1111984345084	1234
20130815	123	123	123	425.30769230769215	1234
20130815	123	123	123	438.07665735126795	1234
20130815	123	123	123	431.0213195946796	1234
20130815	123	123	123	419.9680477212502	1234
20130815	123	123	123	417.0534385273902	1234
20130815	123	123	123	413.5599943945527	1234
20130815	123	123	123	410.9230769230771	1234
20130815	123	123	123	405.04587516345345	1234
20130815	123	123	123	392.3083387158893	1234
20130815	123	123	123	388.8949113498035	1234
20130815	123	123	123	407.81712057246983	1234
20130815	123	123	123	423.78075874488553	1234
20130815	123	123	123	425.49290155505247	1234
20130815	123	123	123	448.288732298422	1234
20130815	123	123	123	451.0458879542707	1234
20130815	123	123	123	460.71133018871217	1234
20130815	123	123	123	488.98743758096157	1234
20130815	123	123	123	504.8326365642421	1234
20130815	123	123	123	520.145036020671	1234
20130815	123	123	123	517.6385753384072	1234
20130815	123	123	123	512.1970340850883	1234
20130815	123	123	123	506.3615850442742	1234
20130815	123	123	123	497.6231336864791	1234
20130815	123	123	123	481.4564281176716	1234
20130815	123	123	123	458.279117583375	1234
20130815	123	123	123	455.0128297535592	1234
20130815	123	123	123	449.1386205720878	1234
20130815	123	123	123	411.11036702844746	1234
20130815	123	123	123	416.41331847449885	1234
20130815	123	123	123	397.183762175455	1234
20130815	123	123	123	391.2928277144133	1234
20130815	123	123	123	389.318772334134	1234
20130815	123	123	123	397.6888647698569	1234
20130815	123	123	123	400.41366871998895	1234
20130815	123	123	123	401.7692307692307	1234
20130815	123	123	123	413.1309204484139	1234
20130815	123	123	123	442.33470877835697	1234
20130815	123	123	123	450.7591694965665	1234
20130815	123	123	123	443.71423639073913	1234
20130815	123	123	123	421.7297238442173	1234
20130815	123	123	123	417.39740554889073	1234
20130815	123	123	123	403.27332240266327	1234
20130815	123	123	123	386.377135201692	1234
20130815	123	123	123	375.5238832277205	1234
20130815	123	123	123	362.8461538461539	1234
20130815	123	123	123	331.5223116254124	1234
20130815	123	123	123	316.7266158035208	1234
20130815	123	123	123	306.86452821268125	1234
20130815	123	123	123	301.1844348952876	1234
20130815	123	123	123	260.0161816703709	1234
20130815	123	123	123	260.0	1234
20130815	123	123	123	1.8832061716769566	1234
20130815	123	123	123	1.8509413756035342	1234
20130815	123	123	123	18.822501460885473	1234
20130815	123	123	123	14.350642210994346	1234
20130815	123	123	123	9.103130667717743	1234
20130815	123	123	123	4.385874708810798	1234
20130815	123	123	123	7.1095663266035665	1234
20130815	123	123	123	19.799296127028096	1234
20130815	123	123	123	13.121531768896572	1234
20130815	123	123	123	16.97827785582948	1234
20130815	123	123	123	16.608403820711175	1234
20130815	123	123	123	11.807609901888112	1234
20130815	123	123	123	18.74514679814227	1234
20130815	123	123	123	7.875348648469416	1234
20130815	123	123	123	1.4195266814997587	1234
20130815	123	123	123	5.814594908992696	1234
20130815	123	123	123	0.3776279841171237	1234
20130815	123	123	123	13.098035058948145	1234
20130815	123	123	123	11.861315418292795	1234
20130815	123	123	123	11.742417289769083	1234
20130815	123	123	123	6.084281103453799	1234
20130815	123	123	123	2.715034771316147	1234
20130815	123	123	123	18.442218789898043	1234
20130815	123	123	123	13.664577412612662	1234
20130815	123	123	123	17.039511326184964	1234
20130815	123	123	123	2.037630539976536	1234
20130815	123	123	123	19.834136012686194	1234
20130815	123	123	123	12.615434413442046	1234
20130815	123	123	123	18.66130106426874	1234
20130815	123	123	123	18.751579054424173	1234