time startPrice highestPrice lowestPrice endPrice transactionCount
20130815	123	123	123	0.5826402592623037	1234
20130815	123	123	123	13.090727212898837	1234
20130815	123	123	123	4.705389782071299	1234
20130815	123	123	123	18.46721404291763	1234
20130815	123	123	123	17.746656905527022	1234
20130815	123	123	123	10.816260885072108	1234
20130815	123	123	123	17.77223100191927	1234
20130815	123	123	123	16.442058490471933	1234
20130815	123	123	123	2.700564702057675	1234
20130815	123	123	123	6.34701444946198	1234
20130815	123	123	123	11.814783335216358	1234
20130815	123	123	123	1.4785193218710546	1234
20130815	123	123	123	1.319208093014419	1234
20130815	123	123	123	8.480522046804172	1234
20130815	123	123	123	12.092480655374303	1234
20130815	123	123	123	11.26741841026871	1234
20130815	123	123	123	10.780183480645997	1234
20130815	123	123	123	14.216955604372197	1234
20130815	123	123	123	12.443885534822881	1234
20130815	123	123	123	5.124519488869666	1234
20130815	123	123	123	14.160394332524302	1234
20130815	123	123	123	2.324052203954401	1234
20130815	123	123	123	9.576629722898868	1234
20130815	123	123	123	0.4242738019382797	1234
20130815	123	123	123	0.11654410776838153	1234
20130815	123	123	123	15.608578109252111	1234
20130815	123	123	123	0.26386377441867337	1234
20130815	123	123	123	14.891278319469613	1234
20130815	123	123	123	13.377728006529795	1234
20130815	123	123	123	17.412509471661053	1234
20130815	123	123	123	259.58593699906703	1234
20130815	123	123	123	332.1369028882056	1234
20130815	123	123	123	316.8295011524994	1234
20130815	123	123	123	322.4615384615384	1234
20130815	123	123	123	350.00153215717836	1234
20130815	123	123	123	353.74137958529167	1234
20130815	123	123	123	366.9252601449121	1234
20130815	123	123	123	389.41390601005014	1234
20130815	123	123	123	405.82961443218164	1234
20130815	123	123	123	419.3707385473272	1234
20130815	123	123	123	425.30769230769215	1234
20130815	123	123	123	437.93271064234216	1234
20130815	123	123	123	389.70246751528595	1234
20130815	123	123	123	390.1538461538464	1234
20130815	123	123	123	429.0661790691144	1234
20130815	123	123	123	419.4615384615384	1234
20130815	123	123	123	441.6467134418206	1234
20130815	123	123	123	441.76923076923066	1234
20130815	123	123	123	460.2833143340977	1234
20130815	123	123	123	475.741250713444	1234
20130815	123	123	123	476.52769086424763	1234
20130815	123	123	123	486.3846153846152	1234
20130815	123	123	123	511.07109170421813	1234
20130815	123	123	123	514.7481059674489	1234
20130815	123	123	123	527.518917720733	1234
20130815	123	123	123	529.8976416329099	1234
20130815	123	123	123	515.9629416822919	1234
20130815	123	123	123	500.34353026604134	1234
20130815	123	123	123	491.24515406390657	1234
20130815	123	123	123	473.2347229627396	1234
20130815	123	123	123	458.58929212718067	1234
20130815	123	123	123	454.00588773134905	1234
20130815	123	123	123	445.15264361854275	1234
20130815	123	123	123	436.41173176304176	1234
20130815	123	123	123	418.0273809644181	1234
20130815	123	123	123	418.2181394490443	1234
20130815	123	123	123	409.15384615384596	1234
20130815	123	123	123	396.9709637837458	1234
20130815	123	123	123	390.5926272721729	1234
20130815	123	123	123	407.70790345928083	1234
20130815	123	123	123	407.6867949296476	1234
20130815	123	123	123	412.8700032972248	1234
20130815	123	123	123	417.42969409151874	1234
20130815	123	123	123	421.77378107018825	1234
20130815	123	123	123	433.2837792038767	1234
20130815	123	123	123	436.4713662355039	1234
20130815	123	123	123	436.4816968567937	1234
20130815	123	123	123	449.3241162315799	1234
20130815	123	123	123	426.1119147424407	1234
20130815	123	123	123	424.4499605282502	1234
20130815	123	123	123	405.86274928902424	1234
20130815	123	123	123	403.6268353680824	1234
20130815	123	123	123	344.44888085013986	1234
20130815	123	123	123	352.53485837671656	1234
20130815	123	123	123	348.15384615384625	1234
20130815	123	123	123	301.647236059078	1234
20130815	123	123	123	289.2147496939267	1234
20130815	123	123	123	276.7894545705087	1234
20130815	123	123	123	270.6369059084684	1234
20130815	123	123	123	260.0	1234
20130815	123	123	123	7.419510031636625	1234
20130815	123	123	123	10.902409656271516	1234
20130815	123	123	123	3.6727889228252053	1234
20130815	123	123	123	16.777905033854285	1234
20130815	123	123	123	8.23164404820195	1234
20130815	123	123	123	4.690855801112055	1234
20130815	123	123	123	18.234664921664468	1234
20130815	123	123	123	6.275218922348158	1234
20130815	123	123	123	10.36534870428735	1234
20130815	123	123	123	0.7065761704081419	1234
20130815	123	123	123	16.168460626415058	1234
20130815	123	123	123	6.665584943880665	1234
20130815	123	123	123	0.703429354127274	1234
20130815	123	123	123	19.375976131702373	1234
20130815	123	123	123	11.73952114110758	1234
20130815	123	123	123	3.368388735267529	1234
20130815	123	123	123	15.175408925778601	1234
20130815	123	123	123	5.116883342559808	1234
20130815	123	123	123	18.032313152137547	1234
20130815	123	123	123	11.131222317775183	1234
20130815	123	123	123	7.932241044163133	1234
20130815	123	123	123	10.703181640406916	1234
20130815	123	123	123	2.4504531588554723	1234
20130815	123	123	123	15.350092141356058	1234
20130815	123	123	123	13.456225119342529	1234
20130815	123	123	123	13.936745356248675	1234
20130815	123	123	123	1.1727444250717145	1234
20130815	123	123	123	11.163544154700858	1234
20130815	123	123	123	16.152628970541095	1234
20130815	123	123	123	13.072597776186418	1234