time startPrice highestPrice lowestPrice endPrice transactionCount
20130815	123	123	123	5.891872406407009	1234
20130815	123	123	123	12.77625864541651	1234
20130815	123	123	123	1.2132913152992497	1234
20130815	123	123	123	2.179098924532674	1234
20130815	123	123	123	5.011251772720497	1234
20130815	123	123	123	0.33692625997568726	1234
20130815	123	123	123	8.23307910422277	1234
20130815	123	123	123	19.795542676247205	1234
20130815	123	123	123	9.760073177947291	1234
20130815	123	123	123	6.913534061821068	1234
20130815	123	123	123	4.449594242048416	1234
20130815	123	123	123	8.517044593105044	1234
20130815	123	123	123	19.79492391834365	1234
20130815	123	123	123	6.795544690316726	1234
20130815	123	123	123	11.69461895564374	1234
20130815	123	123	123	12.870373687429456	1234
20130815	123	123	123	10.052644453736674	1234
20130815	123	123	123	1.2678562079145395	1234
20130815	123	123	123	11.938708628788424	1234
20130815	123	123	123	4.203056481866656	1234
20130815	123	123	123	16.969446792449162	1234
20130815	123	123	123	6.304549766373809	1234
20130815	123	123	123	14.882462599315945	1234
20130815	123	123	123	5.173248864459266	1234
20130815	123	123	123	7.736241001636968	1234
20130815	123	123	123	11.770075203595677	1234
20130815	123	123	123	12.861658776040484	1234
20130815	123	123	123	5.6814269654368665	1234
20130815	123	123	123	2.0097345993290894	1234
20130815	123	123	123	15.243713047559993	1234
20130815	123	123	123	254.08507220325362	1234
20130815	123	123	123	300.07844411963373	1234
20130815	123	123	123	305.2026615770439	1234
20130815	123	123	123	314.3556531830595	1234
20130815	123	123	123	333.1382382877805	1234
20130815	123	123	123	395.72805714260824	1234
20130815	123	123	123	387.1957975151061	1234
20130815	123	123	123	398.46020001472664	1234
20130815	123	123	123	421.12852556119094	1234
20130815	123	123	123	443.6155189903166	1234
20130815	123	123	123	438.5017847386529	1234
20130815	123	123	123	434.96927329483833	1234
20130815	123	123	123	426.3893083520695	1234
20130815	123	123	123	409.04600101610265	1234
20130815	123	123	123	402.6153846153848	1234
20130815	123	123	123	387.71105510274583	1234
20130815	123	123	123	393.2634634218422	1234
20130815	123	123	123	412.347914398867	1234
20130815	123	123	123	410.16765636731384	1234
20130815	123	123	123	419.4615384615384	1234
20130815	123	123	123	441.76923076923066	1234
20130815	123	123	123	467.7641719928196	1234
20130815	123	123	123	482.3112809548388	1234
20130815	123	123	123	494.2872098871528	1234
20130815	123	123	123	510.1407717428288	1234
20130815	123	123	123	511.7841851486542	1234
20130815	123	123	123	537.4229753631973	1234
20130815	123	123	123	524.6633736512446	1234
20130815	123	123	123	507.00838530666846	1234
20130815	123	123	123	507.96676200112705	1234
20130815	123	123	123	486.3415446337976	1234
20130815	123	123	123	485.4371266823134	1234
20130815	123	123	123	475.21268467679846	1234
20130815	123	123	123	454.73786193576115	1234
20130815	123	123	123	449.85750492400865	1234
20130815	123	123	123	436.20682098313506	1234
20130815	123	123	123	424.67463295936824	1234
20130815	123	123	123	409.15093449079416	1234
20130815	123	123	123	408.61450713949966	1234
20130815	123	123	123	394.91090959297634	1234
20130815	123	123	123	394.8372515606925	1234
20130815	123	123	123	401.06697350824425	1234
20130815	123	123	123	415.96371416167193	1234
20130815	123	123	123	425.5318496137703	1234
20130815	123	123	123	430.6103006328574	1234
20130815	123	123	123	431.67787976331675	1234
20130815	123	123	123	439.843319454805	1234
20130815	123	123	123	436.57192273807465	1234
20130815	123	123	123	430.76992079162926	1234
20130815	123	123	123	414.334336286383	1234
20130815	123	123	123	392.2730903148198	1234
20130815	123	123	123	367.3061550790901	1234
20130815	123	123	123	351.1310910622586	1234
20130815	123	123	123	339.16609109762544	1234
20130815	123	123	123	321.7003371995998	1234
20130815	123	123	123	307.20031964915614	1234
20130815	123	123	123	299.0401914129113	1234
20130815	123	123	123	272.4369102111332	1234
20130815	123	123	123	264.3440054854954	1234
20130815	123	123	123	260.0	1234
20130815	123	123	123	6.7924454527388	1234
20130815	123	123	123	0.5570145608348831	1234
20130815	123	123	123	10.518383953365717	1234
20130815	123	123	123	0.6339451489997061	1234
20130815	123	123	123	17.21481816795982	1234
20130815	123	123	123	14.176329219219246	1234
20130815	123	123	123	5.646821328246658	1234
20130815	123	123	123	19.42513440067026	1234
20130815	123	123	123	10.449643828492185	1234
20130815	123	123	123	2.676531641947173	1234
20130815	123	123	123	5.35190462363656	1234
20130815	123	123	123	0.6997103725484433	1234
20130815	123	123	123	11.466514573840467	1234
20130815	123	123	123	0.5435198521006357	1234
20130815	123	123	123	13.658070430363436	1234
20130815	123	123	123	5.0048211042666075	1234
20130815	123	123	123	2.266762328342151	1234
20130815	123	123	123	5.090013853641889	1234
20130815	123	123	123	18.499202870263584	1234
20130815	123	123	123	6.683209697848412	1234
20130815	123	123	123	17.417979081722407	1234
20130815	123	123	123	9.703341577794495	1234
20130815	123	123	123	0.818762275285756	1234
20130815	123	123	123	19.463845756531363	1234
20130815	123	123	123	6.833428454670316	1234
20130815	123	123	123	4.730725943025451	1234
20130815	123	123	123	17.60944552259111	1234
20130815	123	123	123	10.908620987856022	1234
20130815	123	123	123	19.97176826087341	1234
20130815	123	123	123	3.483151405623761	1234