time startPrice highestPrice lowestPrice endPrice transactionCount
20130815	123	123	123	10.348743958203032	1234
20130815	123	123	123	16.71711063794313	1234
20130815	123	123	123	12.972929953840499	1234
20130815	123	123	123	17.678413371097548	1234
20130815	123	123	123	9.483478894561655	1234
20130815	123	123	123	13.55107427440679	1234
20130815	123	123	123	8.188203044031885	1234
20130815	123	123	123	19.48598467570491	1234
20130815	123	123	123	13.491271943618493	1234
20130815	123	123	123	18.996841932556908	1234
20130815	123	123	123	10.263146359262102	1234
20130815	123	123	123	13.076243853407334	1234
20130815	123	123	123	18.648020793006605	1234
20130815	123	123	123	7.145399729822419	1234
20130815	123	123	123	12.361069643133787	1234
20130815	123	123	123	10.208016355345524	1234
20130815	123	123	123	7.968789336953361	1234
20130815	123	123	123	5.828603277313398	1234
20130815	123	123	123	3.123095351553964	1234
20130815	123	123	123	16.7497352502274	1234
20130815	123	123	123	9.503125985077652	1234
20130815	123	123	123	7.4024740532871425	1234
20130815	123	123	123	7.889895055523237	1234
20130815	123	123	123	2.3624308156753338	1234
20130815	123	123	123	5.252662393516969	1234
20130815	123	123	123	7.886676239985744	1234
20130815	123	123	123	19.169052549007088	1234
20130815	123	123	123	9.772126298258888	1234
20130815	123	123	123	5.85318968997538	1234
20130815	123	123	123	8.454940741478064	1234
20130815	123	123	123	275.73699670332314	1234
20130815	123	123	123	270.4661696508177	1234
20130815	123	123	123	280.2312104158594	1234
20130815	123	123	123	294.7263248881636	1234
20130815	123	123	123	350.7414520354412	1234
20130815	123	123	123	343.0022637179423	1234
20130815	123	123	123	363.2884145762894	1234
20130815	123	123	123	375.4512905766491	1234
20130815	123	123	123	414.2777188604359	1234
20130815	123	123	123	428.4821039324997	1234
20130815	123	123	123	432.5177127321474	1234
20130815	123	123	123	440.0	1234
20130815	123	123	123	435.33233736474136	1234
20130815	123	123	123	430.686087703682	1234
20130815	123	123	123	420.0979748189026	1234
20130815	123	123	123	413.2979345939374	1234
20130815	123	123	123	410.5697073117505	1234
20130815	123	123	123	397.1255686217568	1234
20130815	123	123	123	393.1714366121147	1234
20130815	123	123	123	389.87467508488015	1234
20130815	123	123	123	389.9704798729086	1234
20130815	123	123	123	411.1988052527596	1234
20130815	123	123	123	414.9091734984169	1234
20130815	123	123	123	431.5268448185464	1234
20130815	123	123	123	433.22251272787645	1234
20130815	123	123	123	465.89157935549076	1234
20130815	123	123	123	478.9837738833471	1234
20130815	123	123	123	502.77872243879426	1234
20130815	123	123	123	505.84487375296516	1234
20130815	123	123	123	514.2945238127555	1234
20130815	123	123	123	523.7537608838771	1234
20130815	123	123	123	518.8287941074576	1234
20130815	123	123	123	489.9066321802542	1234
20130815	123	123	123	466.29219980218875	1234
20130815	123	123	123	459.41550000627313	1234
20130815	123	123	123	431.41199653468834	1234
20130815	123	123	123	423.12325807867063	1234
20130815	123	123	123	412.5017636043535	1234
20130815	123	123	123	400.63099722924443	1234
20130815	123	123	123	390.2681015356812	1234
20130815	123	123	123	390.69415105233526	1234
20130815	123	123	123	397.5045366792348	1234
20130815	123	123	123	398.0695772031344	1234
20130815	123	123	123	402.23556145024094	1234
20130815	123	123	123	409.50577484646976	1234
20130815	123	123	123	416.06017347409323	1234
20130815	123	123	123	427.25002993782425	1234
20130815	123	123	123	431.4564121812616	1234
20130815	123	123	123	436.23076923076906	1234
20130815	123	123	123	445.42691444948423	1234
20130815	123	123	123	450.87171567284264	1234
20130815	123	123	123	438.6289843907585	1234
20130815	123	123	123	434.4476571147532	1234
20130815	123	123	123	416.10000758444465	1234
20130815	123	123	123	390.03899703241757	1234
20130815	123	123	123	296.21551764797164	1234
20130815	123	123	123	295.1192751737098	1234
20130815	123	123	123	279.1590681677266	1234
20130815	123	123	123	271.99780629405967	1234
20130815	123	123	123	260.0	1234
20130815	123	123	123	12.359405808677593	1234
20130815	123	123	123	13.88615262430698	1234
20130815	123	123	123	19.307964993224132	1234
20130815	123	123	123	3.4469596016968462	1234
20130815	123	123	123	1.2007461629856908	1234
20130815	123	123	123	8.99618653517485	1234
20130815	123	123	123	10.828521040306667	1234
20130815	123	123	123	9.873067321347955	1234
20130815	123	123	123	11.499295527527618	1234
20130815	123	123	123	0.9240835483550458	1234
20130815	123	123	123	15.233783118868496	1234
20130815	123	123	123	4.808802581649538	1234
20130815	123	123	123	1.386405589217814	1234
20130815	123	123	123	10.204871463732621	1234
20130815	123	123	123	3.3778262505581513	1234
20130815	123	123	123	9.127228463792385	1234
20130815	123	123	123	11.69995706976608	1234
20130815	123	123	123	12.264546244839318	1234
20130815	123	123	123	19.72115344002363	1234
20130815	123	123	123	8.692665908390966	1234
20130815	123	123	123	11.034966874148521	1234
20130815	123	123	123	11.03858699548352	1234
20130815	123	123	123	19.429877525573463	1234
20130815	123	123	123	17.440280578318394	1234
20130815	123	123	123	6.591942886693873	1234
20130815	123	123	123	3.590402774363932	1234
20130815	123	123	123	0.2817508383502343	1234
20130815	123	123	123	0.6917422720032462	1234
20130815	123	123	123	4.158560714102366	1234
20130815	123	123	123	5.027189884220964	1234