time startPrice highestPrice lowestPrice endPrice transactionCount
20130815	123	123	123	13.59040640214943	1234
20130815	123	123	123	16.791755038621254	1234
20130815	123	123	123	0.5178747728152877	1234
20130815	123	123	123	15.806636948886066	1234
20130815	123	123	123	2.867659702609755	1234
20130815	123	123	123	12.416523174196088	1234
20130815	123	123	123	2.55727433929827	1234
20130815	123	123	123	8.528846017099402	1234
20130815	123	123	123	0.12508465572441674	1234
20130815	123	123	123	5.165477994442076	1234
20130815	123	123	123	1.3967711424777596	1234
20130815	123	123	123	19.318588578182293	1234
20130815	123	123	123	6.2650323213349335	1234
20130815	123	123	123	14.485324340000407	1234
20130815	123	123	123	8.42615899113498	1234
20130815	123	123	123	3.12180173177397	1234
20130815	123	123	123	6.94108551451248	1234
20130815	123	123	123	3.2224056452510985	1234
20130815	123	123	123	18.62705712545491	1234
20130815	123	123	123	0.34364383520679054	1234
20130815	123	123	123	7.058557658078362	1234
20130815	123	123	123	15.203518581700271	1234
20130815	123	123	123	7.19477390986791	1234
20130815	123	123	123	7.86086599325567	1234
20130815	123	123	123	2.5000485785763593	1234
20130815	123	123	123	17.59015546538994	1234
20130815	123	123	123	7.340607255022924	1234
20130815	123	123	123	15.904109998534757	1234
20130815	123	123	123	15.194829579317595	1234
20130815	123	123	123	14.539983183060132	1234
20130815	123	123	123	268.244328467857	1234
20130815	123	123	123	281.807861796761	1234
20130815	123	123	123	290.63169336011794	1234
20130815	123	123	123	293.07692307692304	1234
20130815	123	123	123	333.42163834611057	1234
20130815	123	123	123	335.6632251103231	1234
20130815	123	123	123	353.4777406730922	1234
20130815	123	123	123	369.92262460053973	1234
20130815	123	123	123	393.15221028804115	1234
20130815	123	123	123	398.7605872755194	1234
20130815	123	123	123	416.1503864966805	1234
20130815	123	123	123	436.7093460849778	1234
20130815	123	123	123	425.8313045871486	1234
20130815	123	123	123	427.32485676107007	1234
20130815	123	123	123	411.4233384036884	1234
20130815	123	123	123	410.9230769230771	1234
20130815	123	123	123	400.7463785280097	1234
20130815	123	123	123	398.4615384615387	1234
20130815	123	123	123	385.7952380031065	1234
20130815	123	123	123	402.9651526653427	1234
20130815	123	123	123	397.49917603312235	1234
20130815	123	123	123	410.6406842909767	1234
20130815	123	123	123	419.4615384615384	1234
20130815	123	123	123	432.9915916146904	1234
20130815	123	123	123	442.97313529082805	1234
20130815	123	123	123	462.94039464687415	1234
20130815	123	123	123	470.2463814575013	1234
20130815	123	123	123	485.126004147999	1234
20130815	123	123	123	496.5944793162345	1234
20130815	123	123	123	497.89385907715496	1234
20130815	123	123	123	518.4101062890066	1234
20130815	123	123	123	528.3962076408188	1234
20130815	123	123	123	515.1913433214595	1234
20130815	123	123	123	519.3572258528567	1234
20130815	123	123	123	503.20764053662754	1234
20130815	123	123	123	491.6905515343374	1234
20130815	123	123	123	478.73119374940046	1234
20130815	123	123	123	474.4226845151599	1234
20130815	123	123	123	439.4855180383392	1234
20130815	123	123	123	431.6746050892574	1234
20130815	123	123	123	424.0106216090603	1234
20130815	123	123	123	416.16718716868877	1234
20130815	123	123	123	409.15384615384596	1234
20130815	123	123	123	387.9000380280937	1234
20130815	123	123	123	400.2061783535763	1234
20130815	123	123	123	412.2424269806351	1234
20130815	123	123	123	415.63580067639265	1234
20130815	123	123	123	432.90072612920414	1234
20130815	123	123	123	436.7286881175696	1234
20130815	123	123	123	446.7218561576377	1234
20130815	123	123	123	427.2586639106442	1234
20130815	123	123	123	417.8937410343909	1234
20130815	123	123	123	405.78015278501226	1234
20130815	123	123	123	406.92307692307696	1234
20130815	123	123	123	382.0221520646381	1234
20130815	123	123	123	318.7692307692309	1234
20130815	123	123	123	304.0769230769232	1234
20130815	123	123	123	281.021751417393	1234
20130815	123	123	123	274.69230769230785	1234
20130815	123	123	123	260.0	1234
20130815	123	123	123	1.8874986444519815	1234
20130815	123	123	123	4.228705693209189	1234
20130815	123	123	123	12.045364041484651	1234
20130815	123	123	123	0.13515855717699088	1234
20130815	123	123	123	0.9789900547657426	1234
20130815	123	123	123	10.230830123217437	1234
20130815	123	123	123	18.243800489958378	1234
20130815	123	123	123	0.5878537730264877	1234
20130815	123	123	123	3.553456428357793	1234
20130815	123	123	123	11.529173374253679	1234
20130815	123	123	123	1.1558096670756046	1234
20130815	123	123	123	18.409148255927473	1234
20130815	123	123	123	11.192626016565082	1234
20130815	123	123	123	6.020526845968071	1234
20130815	123	123	123	2.218655121336297	1234
20130815	123	123	123	14.528228060683668	1234
20130815	123	123	123	19.535426460664674	1234
20130815	123	123	123	3.531004401969615	1234
20130815	123	123	123	11.194942975427926	1234
20130815	123	123	123	8.274609093788479	1234
20130815	123	123	123	14.65522916379414	1234
20130815	123	123	123	4.922880624777521	1234
20130815	123	123	123	9.642997607553552	1234
20130815	123	123	123	19.686887491268706	1234
20130815	123	123	123	9.630596109912366	1234
20130815	123	123	123	16.88030953290687	1234
20130815	123	123	123	18.609367720647747	1234
20130815	123	123	123	3.7873007439630024	1234
20130815	123	123	123	9.996657931967432	1234
20130815	123	123	123	13.585473369931641	1234