time startPrice highestPrice lowestPrice endPrice transactionCount
20130815	123	123	123	10.786605381304984	1234
20130815	123	123	123	9.362427177877699	1234
20130815	123	123	123	14.223643103373977	1234
20130815	123	123	123	10.296690022815467	1234
20130815	123	123	123	7.803763459349069	1234
20130815	123	123	123	8.894250181682029	1234
20130815	123	123	123	13.091227848644706	1234
20130815	123	123	123	15.950559572892743	1234
20130815	123	123	123	13.98575120483494	1234
20130815	123	123	123	8.128213483328924	1234
20130815	123	123	123	6.71834047359898	1234
20130815	123	123	123	15.10615125418806	1234
20130815	123	123	123	17.899804549605463	1234
20130815	123	123	123	8.97910089409969	1234
20130815	123	123	123	16.346966978429684	1234
20130815	123	123	123	3.1019080810986788	1234
20130815	123	123	123	2.397517709408865	1234
20130815	123	123	123	0.03989230569817925	1234
20130815	123	123	123	1.665492900685075	1234
20130815	123	123	123	5.666214401967871	1234
20130815	123	123	123	7.455070187564948	1234
20130815	123	123	123	19.541185975525984	1234
20130815	123	123	123	11.422754919359917	1234
20130815	123	123	123	19.129789758012446	1234
20130815	123	123	123	19.951645608507317	1234
20130815	123	123	123	8.588200223181232	1234
20130815	123	123	123	3.7833329070013244	1234
20130815	123	123	123	11.016061299891538	1234
20130815	123	123	123	10.762629213091198	1234
20130815	123	123	123	18.279476398852484	1234
20130815	123	123	123	249.0	1234
20130815	123	123	123	263.6923076923077	1234
20130815	123	123	123	293.9918097922233	1234
20130815	123	123	123	293.07692307692304	1234
20130815	123	123	123	320.26610775029144	1234
20130815	123	123	123	333.64315654977844	1234
20130815	123	123	123	349.90144552362597	1234
20130815	123	123	123	358.59316371758115	1234
20130815	123	123	123	377.19303878286945	1234
20130815	123	123	123	391.0274229411908	1234
20130815	123	123	123	416.5153955964649	1234
20130815	123	123	123	425.30769230769215	1234
20130815	123	123	123	440.0	1234
20130815	123	123	123	428.3296546594775	1234
20130815	123	123	123	418.80940666383816	1234
20130815	123	123	123	412.01693591977937	1234
20130815	123	123	123	406.76923076923094	1234
20130815	123	123	123	399.7819472407354	1234
20130815	123	123	123	389.14425011013634	1234
20130815	123	123	123	394.21603230540524	1234
20130815	123	123	123	397.5006262187305	1234
20130815	123	123	123	422.286399655323	1234
20130815	123	123	123	428.2041515743633	1234
20130815	123	123	123	432.20655167460967	1234
20130815	123	123	123	441.76923076923066	1234
20130815	123	123	123	452.9230769230768	1234
20130815	123	123	123	464.0769230769229	1234
20130815	123	123	123	477.78082688497966	1234
20130815	123	123	123	493.6619462315809	1234
20130815	123	123	123	522.4376706042083	1234
20130815	123	123	123	526.4173473042613	1234
20130815	123	123	123	446.1681956311116	1234
20130815	123	123	123	419.9752184025719	1234
20130815	123	123	123	429.1401974692453	1234
20130815	123	123	123	411.015487899172	1234
20130815	123	123	123	405.80801927151253	1234
20130815	123	123	123	394.3487182973444	1234
20130815	123	123	123	387.49981677346335	1234
20130815	123	123	123	397.6931248234594	1234
20130815	123	123	123	423.4346159956284	1234
20130815	123	123	123	423.2753481058021	1234
20130815	123	123	123	431.45128069612144	1234
20130815	123	123	123	434.19803547677327	1234
20130815	123	123	123	437.634969271754	1234
20130815	123	123	123	447.86906263694084	1234
20130815	123	123	123	449.1750450549587	1234
20130815	123	123	123	429.6325970084075	1234
20130815	123	123	123	417.9040968036303	1234
20130815	123	123	123	418.0575992811953	1234
20130815	123	123	123	406.3600342468754	1234
20130815	123	123	123	367.578408544593	1234
20130815	123	123	123	359.2004977597927	1234
20130815	123	123	123	347.270780525179	1234
20130815	123	123	123	342.04053210393147	1234
20130815	123	123	123	333.46153846153857	1234
20130815	123	123	123	308.32511718124783	1234
20130815	123	123	123	300.0631603087862	1234
20130815	123	123	123	264.98309503852346	1234
20130815	123	123	123	264.7794980014155	1234
20130815	123	123	123	260.0	1234
20130815	123	123	123	1.419791684746834	1234
20130815	123	123	123	14.623408298420033	1234
20130815	123	123	123	0.18869971715423706	1234
20130815	123	123	123	11.987187972651071	1234
20130815	123	123	123	12.294644267464413	1234
20130815	123	123	123	6.701448145027493	1234
20130815	123	123	123	9.011465813422708	1234
20130815	123	123	123	2.3797553262745885	1234
20130815	123	123	123	18.666817469813704	1234
20130815	123	123	123	3.436822777789572	1234
20130815	123	123	123	4.360828645748165	1234
20130815	123	123	123	1.6932192565876147	1234
20130815	123	123	123	14.064447872224582	1234
20130815	123	123	123	6.702215503705437	1234
20130815	123	123	123	17.09878238209488	1234
20130815	123	123	123	3.3086423348479177	1234
20130815	123	123	123	10.797856945476735	1234
20130815	123	123	123	19.88562065247368	1234
20130815	123	123	123	10.568896452746564	1234
20130815	123	123	123	12.868553783086172	1234
20130815	123	123	123	9.043590923060119	1234
20130815	123	123	123	10.605157687847127	1234
20130815	123	123	123	19.330247652280757	1234
20130815	123	123	123	7.966263050899172	1234
20130815	123	123	123	12.612438757850226	1234
20130815	123	123	123	6.228015599485845	1234
20130815	123	123	123	10.889121804595593	1234
20130815	123	123	123	6.867632513280033	1234
20130815	123	123	123	16.22137570105145	1234
20130815	123	123	123	7.350380745036875	1234