time startPrice highestPrice lowestPrice endPrice transactionCount
20130815	123	123	123	12.590455473696586	1234
20130815	123	123	123	1.5347358967815805	1234
20130815	123	123	123	15.67131886483683	1234
20130815	123	123	123	6.530365912713616	1234
20130815	123	123	123	8.796611949258084	1234
20130815	123	123	123	16.936085221360983	1234
20130815	123	123	123	0.6634325842302213	1234
20130815	123	123	123	9.79582789915683	1234
20130815	123	123	123	2.1923046748382102	1234
20130815	123	123	123	12.742013601253763	1234
20130815	123	123	123	3.540213243770085	1234
20130815	123	123	123	4.485904762388784	1234
20130815	123	123	123	18.836863134799373	1234
20130815	123	123	123	19.557093551297847	1234
20130815	123	123	123	11.719945226015906	1234
20130815	123	123	123	14.286252631412108	1234
20130815	123	123	123	1.0465605679929157	1234
20130815	123	123	123	4.1119136909133935	1234
20130815	123	123	123	2.011283550734826	1234
20130815	123	123	123	11.463863010361802	1234
20130815	123	123	123	0.8262377450794567	1234
20130815	123	123	123	18.283562139769927	1234
20130815	123	123	123	3.946999731304124	1234
20130815	123	123	123	15.049083724989183	1234
20130815	123	123	123	18.704687682554372	1234
20130815	123	123	123	9.154181873311039	1234
20130815	123	123	123	9.586253857653077	1234
20130815	123	123	123	7.63658546789782	1234
20130815	123	123	123	2.0613392523636143	1234
20130815	123	123	123	13.360165172441187	1234
20130815	123	123	123	254.66258613200043	1234
20130815	123	123	123	279.9628205895559	1234
20130815	123	123	123	278.38461538461536	1234
20130815	123	123	123	308.5488687785742	1234
20130815	123	123	123	307.7692307692307	1234
20130815	123	123	123	327.7104387558976	1234
20130815	123	123	123	341.16061221162573	1234
20130815	123	123	123	372.77663936686173	1234
20130815	123	123	123	376.1596745044184	1234
20130815	123	123	123	396.6107815773953	1234
20130815	123	123	123	395.9230769230768	1234
20130815	123	123	123	431.46095292662187	1234
20130815	123	123	123	447.88025734482096	1234
20130815	123	123	123	435.2464300783095	1234
20130815	123	123	123	424.1076361639655	1234
20130815	123	123	123	407.3192680394884	1234
20130815	123	123	123	412.9994657231097	1234
20130815	123	123	123	410.8472345532595	1234
20130815	123	123	123	405.7572810131256	1234
20130815	123	123	123	399.38284746858204	1234
20130815	123	123	123	389.20125450925855	1234
20130815	123	123	123	385.36187913246215	1234
20130815	123	123	123	388.7238029396578	1234
20130815	123	123	123	406.4713403019518	1234
20130815	123	123	123	409.5153942486895	1234
20130815	123	123	123	437.13819443836695	1234
20130815	123	123	123	455.548959884899	1234
20130815	123	123	123	462.0099798531593	1234
20130815	123	123	123	468.58051043794137	1234
20130815	123	123	123	486.81171150113033	1234
20130815	123	123	123	516.745686731749	1234
20130815	123	123	123	523.7659177578884	1234
20130815	123	123	123	520.5158861012893	1234
20130815	123	123	123	505.46170651776026	1234
20130815	123	123	123	481.39638936578234	1234
20130815	123	123	123	476.2180626584586	1234
20130815	123	123	123	458.8628725316457	1234
20130815	123	123	123	464.53846153846143	1234
20130815	123	123	123	446.7729338034514	1234
20130815	123	123	123	442.38461538461524	1234
20130815	123	123	123	421.36800394500943	1234
20130815	123	123	123	406.64804489109514	1234
20130815	123	123	123	386.5265016380632	1234
20130815	123	123	123	400.5605740065384	1234
20130815	123	123	123	419.92084133828064	1234
20130815	123	123	123	417.8963202647094	1234
20130815	123	123	123	424.3137865121447	1234
20130815	123	123	123	429.47221710258646	1234
20130815	123	123	123	440.4714836048768	1234
20130815	123	123	123	452.7729516128793	1234
20130815	123	123	123	435.1771574406167	1234
20130815	123	123	123	411.4832719379275	1234
20130815	123	123	123	388.5854096584546	1234
20130815	123	123	123	352.5336481307951	1234
20130815	123	123	123	331.18294302519223	1234
20130815	123	123	123	316.21423010683566	1234
20130815	123	123	123	296.95678733797234	1234
20130815	123	123	123	269.66512263947766	1234
20130815	123	123	123	261.13702731378794	1234
20130815	123	123	123	260.0	1234
20130815	123	123	123	17.867052421527223	1234
20130815	123	123	123	8.442604063428295	1234
20130815	123	123	123	6.42627691816128	1234
20130815	123	123	123	15.410329895349859	1234
20130815	123	123	123	16.29759714967744	1234
20130815	123	123	123	14.494068064344214	1234
20130815	123	123	123	8.255205567636192	1234
20130815	123	123	123	6.702205848957079	1234
20130815	123	123	123	3.1072444655116427	1234
20130815	123	123	123	6.6885034379967205	1234
20130815	123	123	123	18.32545715272754	1234
20130815	123	123	123	19.641336565371677	1234
20130815	123	123	123	18.93483985060557	1234
20130815	123	123	123	12.95188802513708	1234
20130815	123	123	123	1.168705296871948	1234
20130815	123	123	123	9.569283706104471	1234
20130815	123	123	123	8.714212382047785	1234
20130815	123	123	123	6.834910544192385	1234
20130815	123	123	123	17.850558851273142	1234
20130815	123	123	123	16.131807527526536	1234
20130815	123	123	123	11.62365410116692	1234
20130815	123	123	123	16.626368889362734	1234
20130815	123	123	123	16.926749590665892	1234
20130815	123	123	123	15.2694721460231	1234
20130815	123	123	123	19.798238609573517	1234
20130815	123	123	123	7.425723908617876	1234
20130815	123	123	123	1.5501565067687983	1234
20130815	123	123	123	13.188709006046285	1234
20130815	123	123	123	14.96085487976061	1234
20130815	123	123	123	16.60510744954435	1234