time startPrice highestPrice lowestPrice endPrice transactionCount
20130815	123	123	123	1.9162840633017764	1234
20130815	123	123	123	6.584877341880338	1234
20130815	123	123	123	10.941607186438059	1234
20130815	123	123	123	7.386982498493683	1234
20130815	123	123	123	1.3676874266782346	1234
20130815	123	123	123	6.789911717321768	1234
20130815	123	123	123	3.896453944894569	1234
20130815	123	123	123	16.019605605730426	1234
20130815	123	123	123	1.895719550261239	1234
20130815	123	123	123	11.983174884815057	1234
20130815	123	123	123	3.4169530137968662	1234
20130815	123	123	123	0.37166382742789716	1234
20130815	123	123	123	2.9840337999741107	1234
20130815	123	123	123	0.3126947251007306	1234
20130815	123	123	123	10.702055392737172	1234
20130815	123	123	123	8.822634313991337	1234
20130815	123	123	123	13.952598575550326	1234
20130815	123	123	123	10.076166599074101	1234
20130815	123	123	123	14.367512401337413	1234
20130815	123	123	123	13.770897995164532	1234
20130815	123	123	123	9.926629620542329	1234
20130815	123	123	123	10.666559797328393	1234
20130815	123	123	123	4.23807354470032	1234
20130815	123	123	123	1.5858549537213462	1234
20130815	123	123	123	17.97734674674895	1234
20130815	123	123	123	1.452770774222627	1234
20130815	123	123	123	12.040336693125864	1234
20130815	123	123	123	12.802521756911428	1234
20130815	123	123	123	19.475223339438287	1234
20130815	123	123	123	16.926013565026487	1234
20130815	123	123	123	258.89068331075856	1234
20130815	123	123	123	268.32543993578173	1234
20130815	123	123	123	311.1921639610148	1234
20130815	123	123	123	307.7692307692307	1234
20130815	123	123	123	326.83463848497473	1234
20130815	123	123	123	344.8652935823643	1234
20130815	123	123	123	360.3725814302348	1234
20130815	123	123	123	382.77842648388736	1234
20130815	123	123	123	389.58923376124795	1234
20130815	123	123	123	404.2512349426311	1234
20130815	123	123	123	443.0309131606474	1234
20130815	123	123	123	434.9479862212637	1234
20130815	123	123	123	425.31882328650835	1234
20130815	123	123	123	381.4169309350047	1234
20130815	123	123	123	388.9772954442357	1234
20130815	123	123	123	386.0	1234
20130815	123	123	123	400.3879926179843	1234
20130815	123	123	123	411.6724493802487	1234
20130815	123	123	123	463.0932701319775	1234
20130815	123	123	123	471.85973052968416	1234
20130815	123	123	123	488.874995861185	1234
20130815	123	123	123	488.58162503900934	1234
20130815	123	123	123	512.382011400174	1234
20130815	123	123	123	515.2013647544671	1234
20130815	123	123	123	519.8461538461536	1234
20130815	123	123	123	525.1210275638927	1234
20130815	123	123	123	492.7863539196121	1234
20130815	123	123	123	494.8711633259044	1234
20130815	123	123	123	480.7153787880241	1234
20130815	123	123	123	474.7038910978092	1234
20130815	123	123	123	464.53846153846143	1234
20130815	123	123	123	442.51112586958516	1234
20130815	123	123	123	428.9477805433359	1234
20130815	123	123	123	426.865844053134	1234
20130815	123	123	123	401.51084497075396	1234
20130815	123	123	123	386.4817183561465	1234
20130815	123	123	123	392.78134702171906	1234
20130815	123	123	123	403.61827131518135	1234
20130815	123	123	123	414.914233202495	1234
20130815	123	123	123	415.12023787496673	1234
20130815	123	123	123	422.44865970127466	1234
20130815	123	123	123	422.7154730953156	1234
20130815	123	123	123	426.38461538461524	1234
20130815	123	123	123	440.31690677189886	1234
20130815	123	123	123	438.0845434122921	1234
20130815	123	123	123	441.15384615384596	1234
20130815	123	123	123	451.0	1234
20130815	123	123	123	422.2477631532925	1234
20130815	123	123	123	405.8467309257939	1234
20130815	123	123	123	396.1869441445932	1234
20130815	123	123	123	388.863136566981	1234
20130815	123	123	123	366.2791666829412	1234
20130815	123	123	123	351.259308845475	1234
20130815	123	123	123	348.15384615384625	1234
20130815	123	123	123	330.52584526321846	1234
20130815	123	123	123	312.7875422044895	1234
20130815	123	123	123	303.6510395121208	1234
20130815	123	123	123	283.90301469809503	1234
20130815	123	123	123	268.58531265238196	1234
20130815	123	123	123	260.0	1234
20130815	123	123	123	10.281038804360602	1234
20130815	123	123	123	6.524065565041239	1234
20130815	123	123	123	6.5908911037556495	1234
20130815	123	123	123	15.368414458699052	1234
20130815	123	123	123	17.80261837249929	1234
20130815	123	123	123	19.736007427929053	1234
20130815	123	123	123	18.39842311246406	1234
20130815	123	123	123	7.851062542538831	1234
20130815	123	123	123	3.339889368393416	1234
20130815	123	123	123	19.599113982110413	1234
20130815	123	123	123	5.180235052074713	1234
20130815	123	123	123	4.544551207602028	1234
20130815	123	123	123	6.858720810287822	1234
20130815	123	123	123	4.7762734030787595	1234
20130815	123	123	123	8.302378435224913	1234
20130815	123	123	123	16.125818270658133	1234
20130815	123	123	123	12.539630737738669	1234
20130815	123	123	123	0.46193612694205965	1234
20130815	123	123	123	17.423531974410757	1234
20130815	123	123	123	9.490886514068272	1234
20130815	123	123	123	6.976242331657058	1234
20130815	123	123	123	11.020979229544379	1234
20130815	123	123	123	16.82052829588195	1234
20130815	123	123	123	19.033872101430283	1234
20130815	123	123	123	1.4905831282268855	1234
20130815	123	123	123	4.007138551364515	1234
20130815	123	123	123	18.25778479881855	1234
20130815	123	123	123	17.428428973082394	1234
20130815	123	123	123	8.424233032254122	1234
20130815	123	123	123	19.819428590106952	1234