time startPrice highestPrice lowestPrice endPrice transactionCount
20130815	123	123	123	17.56546982143488	1234
20130815	123	123	123	7.678799808781569	1234
20130815	123	123	123	13.348968776827526	1234
20130815	123	123	123	5.091558656358273	1234
20130815	123	123	123	14.689594833418695	1234
20130815	123	123	123	1.0296537618891888	1234
20130815	123	123	123	7.021066378242473	1234
20130815	123	123	123	9.650409087933706	1234
20130815	123	123	123	0.905388053642131	1234
20130815	123	123	123	11.53309688828413	1234
20130815	123	123	123	11.700674945941687	1234
20130815	123	123	123	19.17428184601279	1234
20130815	123	123	123	12.576967944086837	1234
20130815	123	123	123	16.747318563131813	1234
20130815	123	123	123	18.385759916095644	1234
20130815	123	123	123	16.887969122240655	1234
20130815	123	123	123	11.006720267438844	1234
20130815	123	123	123	16.077375328624534	1234
20130815	123	123	123	3.5273426195764013	1234
20130815	123	123	123	11.650616832895782	1234
20130815	123	123	123	3.4775433648731546	1234
20130815	123	123	123	2.1145493089694067	1234
20130815	123	123	123	12.173577181189234	1234
20130815	123	123	123	10.675860663724732	1234
20130815	123	123	123	6.168590659034359	1234
20130815	123	123	123	4.835072207794735	1234
20130815	123	123	123	11.317708555538964	1234
20130815	123	123	123	5.582824474608774	1234
20130815	123	123	123	13.813278003341615	1234
20130815	123	123	123	3.942025635734896	1234
20130815	123	123	123	252.63364841053223	1234
20130815	123	123	123	268.19951144938625	1234
20130815	123	123	123	316.42246694594115	1234
20130815	123	123	123	312.6540036641599	1234
20130815	123	123	123	330.66223415351	1234
20130815	123	123	123	343.25844619948737	1234
20130815	123	123	123	376.16495141525627	1234
20130815	123	123	123	385.83834798685683	1234
20130815	123	123	123	422.22166768343806	1234
20130815	123	123	123	434.4202355854053	1234
20130815	123	123	123	435.95192703146296	1234
20130815	123	123	123	432.7744368631841	1234
20130815	123	123	123	431.69230769230774	1234
20130815	123	123	123	425.25961118566056	1234
20130815	123	123	123	420.8078394340428	1234
20130815	123	123	123	418.4212684839396	1234
20130815	123	123	123	385.11877135981945	1234
20130815	123	123	123	393.8328316745696	1234
20130815	123	123	123	387.0811223934489	1234
20130815	123	123	123	393.2476453600212	1234
20130815	123	123	123	402.04389311858284	1234
20130815	123	123	123	421.94519638811784	1234
20130815	123	123	123	437.10460713710535	1234
20130815	123	123	123	439.06063552421045	1234
20130815	123	123	123	455.0864637909371	1234
20130815	123	123	123	453.41359424590104	1234
20130815	123	123	123	475.16469873619855	1234
20130815	123	123	123	480.4724323750267	1234
20130815	123	123	123	487.5725505746072	1234
20130815	123	123	123	497.5384615384613	1234
20130815	123	123	123	516.083512786422	1234
20130815	123	123	123	530.5971258115866	1234
20130815	123	123	123	527.4742110574698	1234
20130815	123	123	123	514.6497815078104	1234
20130815	123	123	123	505.74359697094616	1234
20130815	123	123	123	489.8052239500504	1234
20130815	123	123	123	486.6923076923076	1234
20130815	123	123	123	473.92003739702193	1234
20130815	123	123	123	449.29463677680496	1234
20130815	123	123	123	445.4981159512767	1234
20130815	123	123	123	425.05224134823436	1234
20130815	123	123	123	391.4165061746582	1234
20130815	123	123	123	385.4311238882001	1234
20130815	123	123	123	396.7099444945214	1234
20130815	123	123	123	397.74981735408846	1234
20130815	123	123	123	433.58971547469105	1234
20130815	123	123	123	425.687653909471	1234
20130815	123	123	123	435.39751308360434	1234
20130815	123	123	123	437.63553710827625	1234
20130815	123	123	123	452.3853435083931	1234
20130815	123	123	123	434.3404730091402	1234
20130815	123	123	123	406.92307692307696	1234
20130815	123	123	123	378.66076524069666	1234
20130815	123	123	123	365.8365282576271	1234
20130815	123	123	123	358.67941165199295	1234
20130815	123	123	123	341.2436092151975	1234
20130815	123	123	123	316.80524868615345	1234
20130815	123	123	123	304.0769230769232	1234
20130815	123	123	123	270.926310448393	1234
20130815	123	123	123	260.0	1234
20130815	123	123	123	4.812817306087556	1234
20130815	123	123	123	13.946555431714046	1234
20130815	123	123	123	15.362864866693197	1234
20130815	123	123	123	6.060014018896551	1234
20130815	123	123	123	0.9233055385168876	1234
20130815	123	123	123	17.754762019490467	1234
20130815	123	123	123	4.938446942159731	1234
20130815	123	123	123	5.542982426180501	1234
20130815	123	123	123	8.915095511160843	1234
20130815	123	123	123	10.04099048991662	1234
20130815	123	123	123	2.9987255202660745	1234
20130815	123	123	123	10.331344551077501	1234
20130815	123	123	123	12.04355508447286	1234
20130815	123	123	123	1.452666439175505	1234
20130815	123	123	123	3.9204551106886854	1234
20130815	123	123	123	17.595348703903497	1234
20130815	123	123	123	0.8801870387187449	1234
20130815	123	123	123	9.625703213540088	1234
20130815	123	123	123	3.0830004294775604	1234
20130815	123	123	123	7.827411154877694	1234
20130815	123	123	123	13.1261495044434	1234
20130815	123	123	123	15.975668135016507	1234
20130815	123	123	123	9.067961760620872	1234
20130815	123	123	123	10.596909030938104	1234
20130815	123	123	123	13.892721850497267	1234
20130815	123	123	123	6.878762360217765	1234
20130815	123	123	123	14.72936666590478	1234
20130815	123	123	123	0.35672550367799705	1234
20130815	123	123	123	3.8858365430181463	1234
20130815	123	123	123	19.204173723945246	1234