time startPrice highestPrice lowestPrice endPrice transactionCount
20130815	123	123	123	15.091765194573734	1234
20130815	123	123	123	7.448616899800678	1234
20130815	123	123	123	17.84086371601084	1234
20130815	123	123	123	19.7456253568212	1234
20130815	123	123	123	15.44923948869676	1234
20130815	123	123	123	11.342978524688252	1234
20130815	123	123	123	12.800174006272194	1234
20130815	123	123	123	1.1000297161271333	1234
20130815	123	123	123	8.56790353332455	1234
20130815	123	123	123	12.41981354139208	1234
20130815	123	123	123	12.122702728425152	1234
20130815	123	123	123	9.788433295124811	1234
20130815	123	123	123	12.676865764021255	1234
20130815	123	123	123	19.178681744206443	1234
20130815	123	123	123	3.48873969526599	1234
20130815	123	123	123	10.045828496720478	1234
20130815	123	123	123	16.066073926978383	1234
20130815	123	123	123	7.369291184906648	1234
20130815	123	123	123	3.5251058898478416	1234
20130815	123	123	123	15.60646006694683	1234
20130815	123	123	123	16.712563608283798	1234
20130815	123	123	123	17.700046314471972	1234
20130815	123	123	123	14.841158945290147	1234
20130815	123	123	123	4.406251112819839	1234
20130815	123	123	123	7.994680451817089	1234
20130815	123	123	123	17.988604626729195	1234
20130815	123	123	123	1.00854177234448	1234
20130815	123	123	123	13.364745376793437	1234
20130815	123	123	123	16.32007962057917	1234
20130815	123	123	123	15.526530720454295	1234
20130815	123	123	123	257.2416772035564	1234
20130815	123	123	123	275.0076286992873	1234
20130815	123	123	123	293.07692307692304	1234
20130815	123	123	123	307.7692307692307	1234
20130815	123	123	123	325.66157813193246	1234
20130815	123	123	123	353.9844440863654	1234
20130815	123	123	123	364.62588978394007	1234
20130815	123	123	123	380.45121458642114	1234
20130815	123	123	123	382.2057848848743	1234
20130815	123	123	123	398.21185899529206	1234
20130815	123	123	123	435.1086457726543	1234
20130815	123	123	123	436.5484614374386	1234
20130815	123	123	123	413.4194477062462	1234
20130815	123	123	123	404.80465230894237	1234
20130815	123	123	123	400.5067410229335	1234
20130815	123	123	123	392.68855365822765	1234
20130815	123	123	123	386.94057366749365	1234
20130815	123	123	123	389.7568636859795	1234
20130815	123	123	123	392.0152739371371	1234
20130815	123	123	123	414.94685826991093	1234
20130815	123	123	123	417.00611162131975	1234
20130815	123	123	123	425.4230692164009	1234
20130815	123	123	123	457.22154074427914	1234
20130815	123	123	123	465.90121551815025	1234
20130815	123	123	123	477.39799223316095	1234
20130815	123	123	123	488.3578669269447	1234
20130815	123	123	123	512.0680142584941	1234
20130815	123	123	123	514.659870673557	1234
20130815	123	123	123	520.7899114649811	1234
20130815	123	123	123	527.5803219129994	1234
20130815	123	123	123	516.4560277410748	1234
20130815	123	123	123	478.9218830320886	1234
20130815	123	123	123	484.6794496659786	1234
20130815	123	123	123	467.69015070203574	1234
20130815	123	123	123	444.643518007354	1234
20130815	123	123	123	428.999332460704	1234
20130815	123	123	123	417.5842410265746	1234
20130815	123	123	123	402.13298191455664	1234
20130815	123	123	123	398.07692307692287	1234
20130815	123	123	123	399.3675189193558	1234
20130815	123	123	123	402.1552287028419	1234
20130815	123	123	123	412.73379807623576	1234
20130815	123	123	123	416.95317415459704	1234
20130815	123	123	123	422.1238191046561	1234
20130815	123	123	123	432.1599915644956	1234
20130815	123	123	123	431.7146598885311	1234
20130815	123	123	123	436.3738690789643	1234
20130815	123	123	123	452.32880014563614	1234
20130815	123	123	123	450.791083774861	1234
20130815	123	123	123	415.89296927442666	1234
20130815	123	123	123	393.46317279658143	1234
20130815	123	123	123	377.4706886181904	1234
20130815	123	123	123	375.0395518108173	1234
20130815	123	123	123	351.4495963736818	1234
20130815	123	123	123	301.57644318025785	1234
20130815	123	123	123	315.3038528029742	1234
20130815	123	123	123	301.75841095613987	1234
20130815	123	123	123	273.33157368416437	1234
20130815	123	123	123	274.69230769230785	1234
20130815	123	123	123	260.0	1234
20130815	123	123	123	2.117124578162175	1234
20130815	123	123	123	8.715927044703557	1234
20130815	123	123	123	16.51283510281305	1234
20130815	123	123	123	17.480927237867704	1234
20130815	123	123	123	8.871611058626446	1234
20130815	123	123	123	7.220563819297878	1234
20130815	123	123	123	6.44953367040949	1234
20130815	123	123	123	9.83170087899942	1234
20130815	123	123	123	14.150326209127194	1234
20130815	123	123	123	14.08098523929617	1234
20130815	123	123	123	13.703747303983128	1234
20130815	123	123	123	18.643894593548495	1234
20130815	123	123	123	7.529718466288182	1234
20130815	123	123	123	4.4925149749933535	1234
20130815	123	123	123	13.852820496296921	1234
20130815	123	123	123	11.40031838728805	1234
20130815	123	123	123	10.485153562641498	1234
20130815	123	123	123	7.504026824202191	1234
20130815	123	123	123	2.620427051667118	1234
20130815	123	123	123	10.670465548895953	1234
20130815	123	123	123	7.810595519216901	1234
20130815	123	123	123	13.223406191938459	1234
20130815	123	123	123	2.1728966696378804	1234
20130815	123	123	123	7.567508045079747	1234
20130815	123	123	123	14.256816155724113	1234
20130815	123	123	123	17.391953648458756	1234
20130815	123	123	123	15.656829900301085	1234
20130815	123	123	123	18.245926893417924	1234
20130815	123	123	123	4.469791143994925	1234
20130815	123	123	123	0.9650630707335917	1234