time startPrice highestPrice lowestPrice endPrice transactionCount
20130815	123	123	123	11.542240928294252	1234
20130815	123	123	123	4.40260617048388	1234
20130815	123	123	123	9.14432705066918	1234
20130815	123	123	123	7.6134366203772235	1234
20130815	123	123	123	16.818995328517303	1234
20130815	123	123	123	14.419097144316236	1234
20130815	123	123	123	1.5309486919466853	1234
20130815	123	123	123	17.118947051637903	1234
20130815	123	123	123	9.340302618702749	1234
20130815	123	123	123	0.8856310604932416	1234
20130815	123	123	123	10.47621303548632	1234
20130815	123	123	123	0.731041513492503	1234
20130815	123	123	123	6.556676294493542	1234
20130815	123	123	123	19.885144209697184	1234
20130815	123	123	123	19.959611065287874	1234
20130815	123	123	123	13.223034870566403	1234
20130815	123	123	123	3.6145778057951805	1234
20130815	123	123	123	13.565748259268279	1234
20130815	123	123	123	6.206977240067017	1234
20130815	123	123	123	4.111918408758049	1234
20130815	123	123	123	2.9868422004504347	1234
20130815	123	123	123	8.981235238153221	1234
20130815	123	123	123	11.384416932782347	1234
20130815	123	123	123	5.7299831116234134	1234
20130815	123	123	123	9.099160132375019	1234
20130815	123	123	123	11.40959571963198	1234
20130815	123	123	123	1.2046082764206156	1234
20130815	123	123	123	7.769392141301803	1234
20130815	123	123	123	13.368256167252792	1234
20130815	123	123	123	4.855244577122397	1234
20130815	123	123	123	251.11662018225772	1234
20130815	123	123	123	285.97082110736113	1234
20130815	123	123	123	332.92278967276206	1234
20130815	123	123	123	343.0124234594319	1234
20130815	123	123	123	353.3607411339987	1234
20130815	123	123	123	372.1573873288376	1234
20130815	123	123	123	366.53846153846143	1234
20130815	123	123	123	396.82522115667496	1234
20130815	123	123	123	398.3214956203153	1234
20130815	123	123	123	411.0062012422022	1234
20130815	123	123	123	437.08600912539674	1234
20130815	123	123	123	436.178203489247	1234
20130815	123	123	123	432.7419528655378	1234
20130815	123	123	123	420.45709678671034	1234
20130815	123	123	123	415.04591486950125	1234
20130815	123	123	123	413.0475100284928	1234
20130815	123	123	123	410.9230769230771	1234
20130815	123	123	123	406.3083702978781	1234
20130815	123	123	123	399.42918559453517	1234
20130815	123	123	123	392.8569104298081	1234
20130815	123	123	123	391.97994659879777	1234
20130815	123	123	123	397.15384615384613	1234
20130815	123	123	123	423.465956318633	1234
20130815	123	123	123	420.53980854784123	1234
20130815	123	123	123	444.3854659543772	1234
20130815	123	123	123	477.4388614278265	1234
20130815	123	123	123	503.46417878278305	1234
20130815	123	123	123	524.6305663967408	1234
20130815	123	123	123	525.0227547723875	1234
20130815	123	123	123	522.1548005417461	1234
20130815	123	123	123	517.1098546850616	1234
20130815	123	123	123	483.2942045470757	1234
20130815	123	123	123	473.3664747443392	1234
20130815	123	123	123	475.6153846153845	1234
20130815	123	123	123	456.4286496016315	1234
20130815	123	123	123	446.08508691420934	1234
20130815	123	123	123	442.38461538461524	1234
20130815	123	123	123	429.8321417817167	1234
20130815	123	123	123	406.464736447627	1234
20130815	123	123	123	380.0698534080039	1234
20130815	123	123	123	396.36152681920066	1234
20130815	123	123	123	402.1285490340468	1234
20130815	123	123	123	402.06757697311645	1234
20130815	123	123	123	428.98761263134924	1234
20130815	123	123	123	430.22977975974555	1234
20130815	123	123	123	438.14884063814475	1234
20130815	123	123	123	436.351989192107	1234
20130815	123	123	123	442.9867421740917	1234
20130815	123	123	123	446.07692307692287	1234
20130815	123	123	123	442.24593063627134	1234
20130815	123	123	123	415.01080156741403	1234
20130815	123	123	123	385.96948424405707	1234
20130815	123	123	123	384.21056729723165	1234
20130815	123	123	123	362.299837825538	1234
20130815	123	123	123	350.7703039853921	1234
20130815	123	123	123	346.7460975181432	1234
20130815	123	123	123	333.46153846153857	1234
20130815	123	123	123	261.2873175718661	1234
20130815	123	123	123	256.2178100151047	1234
20130815	123	123	123	260.0	1234
20130815	123	123	123	7.105267566317075	1234
20130815	123	123	123	16.64016027703022	1234
20130815	123	123	123	6.96195433533771	1234
20130815	123	123	123	11.366419997948894	1234
20130815	123	123	123	10.866597212117776	1234
20130815	123	123	123	14.72026880111696	1234
20130815	123	123	123	6.110832710789127	1234
20130815	123	123	123	0.3500059836420144	1234
20130815	123	123	123	12.366570933339379	1234
20130815	123	123	123	1.939939171009879	1234
20130815	123	123	123	17.945718416431724	1234
20130815	123	123	123	19.2418150182274	1234
20130815	123	123	123	9.629938742281539	1234
20130815	123	123	123	0.13036068913150123	1234
20130815	123	123	123	13.604790442237862	1234
20130815	123	123	123	17.691138662718767	1234
20130815	123	123	123	14.408866773772555	1234
20130815	123	123	123	9.180449360040168	1234
20130815	123	123	123	9.748603802148361	1234
20130815	123	123	123	18.84416410534382	1234
20130815	123	123	123	6.240160924625124	1234
20130815	123	123	123	3.2835024388413614	1234
20130815	123	123	123	9.640864934409741	1234
20130815	123	123	123	13.361636446744834	1234
20130815	123	123	123	13.256046039770549	1234
20130815	123	123	123	5.418883771898397	1234
20130815	123	123	123	0.5973282215686981	1234
20130815	123	123	123	14.481912276926199	1234
20130815	123	123	123	18.982515915311396	1234
20130815	123	123	123	18.70217301821352	1234