time startPrice highestPrice lowestPrice endPrice transactionCount
20130815	123	123	123	11.497107221439354	1234
20130815	123	123	123	12.995945096344814	1234
20130815	123	123	123	14.244680605010325	1234
20130815	123	123	123	0.19742480155217512	1234
20130815	123	123	123	7.1487350611699725	1234
20130815	123	123	123	11.120103390920894	1234
20130815	123	123	123	16.47596654926101	1234
20130815	123	123	123	4.756284807412379	1234
20130815	123	123	123	12.883922027871684	1234
20130815	123	123	123	12.977481634189562	1234
20130815	123	123	123	10.892189954737201	1234
20130815	123	123	123	9.492378566916376	1234
20130815	123	123	123	17.283105940731488	1234
20130815	123	123	123	17.850467394242816	1234
20130815	123	123	123	13.088893398923737	1234
20130815	123	123	123	19.158884994489295	1234
20130815	123	123	123	18.155715519344334	1234
20130815	123	123	123	9.150420756242559	1234
20130815	123	123	123	13.426324866911823	1234
20130815	123	123	123	7.186873104953115	1234
20130815	123	123	123	17.821349138704793	1234
20130815	123	123	123	12.504813996011674	1234
20130815	123	123	123	3.0068033045663656	1234
20130815	123	123	123	19.123557515570063	1234
20130815	123	123	123	9.806678002791408	1234
20130815	123	123	123	16.763547390946933	1234
20130815	123	123	123	19.261484407510164	1234
20130815	123	123	123	15.105758936168662	1234
20130815	123	123	123	14.365924522173838	1234
20130815	123	123	123	9.809823499319247	1234
20130815	123	123	123	260.2282075960035	1234
20130815	123	123	123	264.98786589652985	1234
20130815	123	123	123	281.41345991193884	1234
20130815	123	123	123	304.37347806903716	1234
20130815	123	123	123	337.63297576496427	1234
20130815	123	123	123	337.1538461538461	1234
20130815	123	123	123	357.3122449354537	1234
20130815	123	123	123	366.53846153846143	1234
20130815	123	123	123	381.990181970371	1234
20130815	123	123	123	422.81028864666075	1234
20130815	123	123	123	410.61538461538447	1234
20130815	123	123	123	425.30769230769215	1234
20130815	123	123	123	431.17523682892823	1234
20130815	123	123	123	416.52466838421014	1234
20130815	123	123	123	403.6101305684366	1234
20130815	123	123	123	404.8224416329803	1234
20130815	123	123	123	399.59473337173046	1234
20130815	123	123	123	408.30769230769226	1234
20130815	123	123	123	434.16575691206083	1234
20130815	123	123	123	441.76923076923066	1234
20130815	123	123	123	452.9497453279293	1234
20130815	123	123	123	469.77672700650396	1234
20130815	123	123	123	486.5914047657693	1234
20130815	123	123	123	492.13045084995935	1234
20130815	123	123	123	505.63893018195927	1234
20130815	123	123	123	510.55088845925377	1234
20130815	123	123	123	523.9111796919757	1234
20130815	123	123	123	506.24600735708333	1234
20130815	123	123	123	495.56975434283265	1234
20130815	123	123	123	497.7692307692307	1234
20130815	123	123	123	479.9906020468783	1234
20130815	123	123	123	467.71798536766016	1234
20130815	123	123	123	457.81772425730054	1234
20130815	123	123	123	448.26582967536194	1234
20130815	123	123	123	434.23369261927303	1234
20130815	123	123	123	431.30769230769215	1234
20130815	123	123	123	409.15384615384596	1234
20130815	123	123	123	395.7850764699346	1234
20130815	123	123	123	388.01114803873435	1234
20130815	123	123	123	391.9230769230769	1234
20130815	123	123	123	406.25899550473457	1234
20130815	123	123	123	406.6923076923076	1234
20130815	123	123	123	423.5242996202275	1234
20130815	123	123	123	427.6944089227369	1234
20130815	123	123	123	431.9167005897888	1234
20130815	123	123	123	441.85427903342963	1234
20130815	123	123	123	445.8880048973031	1234
20130815	123	123	123	449.8122730793833	1234
20130815	123	123	123	434.1732213851051	1234
20130815	123	123	123	406.31600539288263	1234
20130815	123	123	123	406.92307692307696	1234
20130815	123	123	123	392.2307692307693	1234
20130815	123	123	123	376.42848154289	1234
20130815	123	123	123	358.0731865646185	1234
20130815	123	123	123	346.5285116779224	1234
20130815	123	123	123	322.51351026595324	1234
20130815	123	123	123	272.8662595252019	1234
20130815	123	123	123	274.77406200420796	1234
20130815	123	123	123	272.62886538526243	1234
20130815	123	123	123	260.0	1234
20130815	123	123	123	5.67349422919458	1234
20130815	123	123	123	5.763709684411181	1234
20130815	123	123	123	5.877264630761174	1234
20130815	123	123	123	3.7367280165574956	1234
20130815	123	123	123	11.12144440680705	1234
20130815	123	123	123	16.43863241581682	1234
20130815	123	123	123	16.437073192707523	1234
20130815	123	123	123	7.251463700245971	1234
20130815	123	123	123	10.9093680551752	1234
20130815	123	123	123	5.710791693470143	1234
20130815	123	123	123	16.8684287992418	1234
20130815	123	123	123	7.09495136535627	1234
20130815	123	123	123	13.756144402093348	1234
20130815	123	123	123	5.973006417043612	1234
20130815	123	123	123	8.879847776894954	1234
20130815	123	123	123	4.815303721977921	1234
20130815	123	123	123	6.849524954548456	1234
20130815	123	123	123	6.147885788454492	1234
20130815	123	123	123	10.254735332106467	1234
20130815	123	123	123	0.4094494540486182	1234
20130815	123	123	123	4.526878365793161	1234
20130815	123	123	123	19.63534519471435	1234
20130815	123	123	123	18.721584643194653	1234
20130815	123	123	123	0.14797337419363288	1234
20130815	123	123	123	5.226836247976403	1234
20130815	123	123	123	14.190218387203458	1234
20130815	123	123	123	19.549471715223135	1234
20130815	123	123	123	12.324021087000398	1234
20130815	123	123	123	6.063023966435928	1234
20130815	123	123	123	4.668087904889974	1234