time startPrice highestPrice lowestPrice endPrice transactionCount
20130815	123	123	123	10.533075547268398	1234
20130815	123	123	123	11.00963969259233	1234
20130815	123	123	123	19.1310059203683	1234
20130815	123	123	123	12.690853039007862	1234
20130815	123	123	123	14.483756157702299	1234
20130815	123	123	123	8.616489228673194	1234
20130815	123	123	123	3.1265597883334872	1234
20130815	123	123	123	4.918679521585014	1234
20130815	123	123	123	9.217811156411496	1234
20130815	123	123	123	8.459665223843713	1234
20130815	123	123	123	17.17722361053609	1234
20130815	123	123	123	15.76802610896249	1234
20130815	123	123	123	2.1647959636387593	1234
20130815	123	123	123	19.596169938610487	1234
20130815	123	123	123	18.09899418108005	1234
20130815	123	123	123	9.374537785751603	1234
20130815	123	123	123	7.285208133412442	1234
20130815	123	123	123	4.909938774187575	1234
20130815	123	123	123	2.540786993331585	1234
20130815	123	123	123	5.348255481842942	1234
20130815	123	123	123	15.730387397868492	1234
20130815	123	123	123	3.496160514684139	1234
20130815	123	123	123	4.946977001865356	1234
20130815	123	123	123	2.6858053476096377	1234
20130815	123	123	123	5.584161277471422	1234
20130815	123	123	123	5.896416977297598	1234
20130815	123	123	123	2.951591947832901	1234
20130815	123	123	123	9.055689093486173	1234
20130815	123	123	123	10.906571345122384	1234
20130815	123	123	123	9.382514105806825	1234
20130815	123	123	123	255.6605031139917	1234
20130815	123	123	123	265.7780144631943	1234
20130815	123	123	123	299.3987280658968	1234
20130815	123	123	123	313.0145315227886	1234
20130815	123	123	123	322.7562437961738	1234
20130815	123	123	123	344.2122611456275	1234
20130815	123	123	123	344.28804960888885	1234
20130815	123	123	123	354.61052512737865	1234
20130815	123	123	123	374.2100350634375	1234
20130815	123	123	123	382.72777540614436	1234
20130815	123	123	123	400.1398674783754	1234
20130815	123	123	123	411.44988591275796	1234
20130815	123	123	123	429.7295864357744	1234
20130815	123	123	123	423.90843048414877	1234
20130815	123	123	123	413.0491258703488	1234
20130815	123	123	123	400.66494687578677	1234
20130815	123	123	123	391.26419250435464	1234
20130815	123	123	123	386.0	1234
20130815	123	123	123	402.2284605791879	1234
20130815	123	123	123	418.34539764657336	1234
20130815	123	123	123	437.3174961269248	1234
20130815	123	123	123	442.34413345162255	1234
20130815	123	123	123	448.26734846083434	1234
20130815	123	123	123	461.6822800536417	1234
20130815	123	123	123	469.3597244440423	1234
20130815	123	123	123	479.220418542154	1234
20130815	123	123	123	500.94247805136865	1234
20130815	123	123	123	516.0582099069474	1234
20130815	123	123	123	523.5317006724682	1234
20130815	123	123	123	513.2366401554568	1234
20130815	123	123	123	508.8461538461538	1234
20130815	123	123	123	497.7692307692307	1234
20130815	123	123	123	486.6923076923076	1234
20130815	123	123	123	470.17024979458415	1234
20130815	123	123	123	451.4710921073171	1234
20130815	123	123	123	451.31202649577955	1234
20130815	123	123	123	437.6361153487388	1234
20130815	123	123	123	415.55295977651065	1234
20130815	123	123	123	402.27544502390606	1234
20130815	123	123	123	397.0521175024038	1234
20130815	123	123	123	387.0	1234
20130815	123	123	123	400.73736770216647	1234
20130815	123	123	123	411.18324778324325	1234
20130815	123	123	123	416.8951758223787	1234
20130815	123	123	123	433.59062634681777	1234
20130815	123	123	123	438.21973958701767	1234
20130815	123	123	123	440.70136609522166	1234
20130815	123	123	123	446.3156391583739	1234
20130815	123	123	123	444.6999429142483	1234
20130815	123	123	123	414.2618284087429	1234
20130815	123	123	123	375.12821375533787	1234
20130815	123	123	123	377.5384615384616	1234
20130815	123	123	123	352.8935399705679	1234
20130815	123	123	123	344.3157520567182	1234
20130815	123	123	123	332.9555268452375	1234
20130815	123	123	123	311.33020686949476	1234
20130815	123	123	123	289.3410383524721	1234
20130815	123	123	123	289.38461538461553	1234
20130815	123	123	123	271.0567377707882	1234
20130815	123	123	123	260.0	1234
20130815	123	123	123	12.543650441221978	1234
20130815	123	123	123	10.164309680064743	1234
20130815	123	123	123	5.944552669907921	1234
20130815	123	123	123	13.162668993268962	1234
20130815	123	123	123	16.300138952507414	1234
20130815	123	123	123	4.398658224673547	1234
20130815	123	123	123	11.643960357320287	1234
20130815	123	123	123	6.6844839634841975	1234
20130815	123	123	123	14.565180347193058	1234
20130815	123	123	123	9.054868217401832	1234
20130815	123	123	123	18.491877315887017	1234
20130815	123	123	123	18.134931533545704	1234
20130815	123	123	123	1.6609569935588242	1234
20130815	123	123	123	16.200116484063095	1234
20130815	123	123	123	2.237663632728606	1234
20130815	123	123	123	4.788352588502258	1234
20130815	123	123	123	7.047994848873618	1234
20130815	123	123	123	18.578643915753787	1234
20130815	123	123	123	7.185743776453792	1234
20130815	123	123	123	2.0292442585948156	1234
20130815	123	123	123	4.809440320442895	1234
20130815	123	123	123	18.96094078319606	1234
20130815	123	123	123	5.522649423143806	1234
20130815	123	123	123	3.677406449450671	1234
20130815	123	123	123	3.915996523265095	1234
20130815	123	123	123	19.948422761387597	1234
20130815	123	123	123	10.535380272873372	1234
20130815	123	123	123	2.6687906752197366	1234
20130815	123	123	123	6.43521431856684	1234
20130815	123	123	123	5.484217586451763	1234