time startPrice highestPrice lowestPrice endPrice transactionCount
20130815	123	123	123	7.529341037274331	1234
20130815	123	123	123	1.920853594247618	1234
20130815	123	123	123	0.08979425431229426	1234
20130815	123	123	123	13.258921196920472	1234
20130815	123	123	123	18.703646834860933	1234
20130815	123	123	123	0.6478768100585874	1234
20130815	123	123	123	3.9883489940620587	1234
20130815	123	123	123	4.839064836795415	1234
20130815	123	123	123	11.638432505766222	1234
20130815	123	123	123	18.96799355640778	1234
20130815	123	123	123	15.73950344852378	1234
20130815	123	123	123	9.834517938528787	1234
20130815	123	123	123	17.14215306775693	1234
20130815	123	123	123	5.7439089047813585	1234
20130815	123	123	123	13.459895093874671	1234
20130815	123	123	123	4.253799825610336	1234
20130815	123	123	123	5.11176092811268	1234
20130815	123	123	123	0.8020910213270915	1234
20130815	123	123	123	5.996510302848945	1234
20130815	123	123	123	12.47649393978666	1234
20130815	123	123	123	13.50611098510589	1234
20130815	123	123	123	2.8032896344200275	1234
20130815	123	123	123	11.618190302491815	1234
20130815	123	123	123	13.869351851296122	1234
20130815	123	123	123	4.020125950218505	1234
20130815	123	123	123	14.6483300637063	1234
20130815	123	123	123	8.193364285663039	1234
20130815	123	123	123	0.19236838735692263	1234
20130815	123	123	123	13.019909059473155	1234
20130815	123	123	123	19.300635028586967	1234
20130815	123	123	123	202.39148773165124	1234
20130815	123	123	123	213.96537474517663	1234
20130815	123	123	123	223.12070933765986	1234
20130815	123	123	123	225.5384615384616	1234
20130815	123	123	123	247.57434530439363	1234
20130815	123	123	123	255.15384615384627	1234
20130815	123	123	123	264.3047127343183	1234
20130815	123	123	123	257.0575983142955	1234
20130815	123	123	123	247.31474093497548	1234
20130815	123	123	123	236.4939071653852	1234
20130815	123	123	123	231.21494000258284	1234
20130815	123	123	123	227.15384615384625	1234
20130815	123	123	123	210.3172942194401	1234
20130815	123	123	123	201.93378717134453	1234
20130815	123	123	123	201.30438542802906	1234
20130815	123	123	123	198.69230769230785	1234
20130815	123	123	123	256.990211591844	1234
20130815	123	123	123	276.1784552583382	1234
20130815	123	123	123	367.7565327387589	1234
20130815	123	123	123	357.3400519960365	1234
20130815	123	123	123	380.8552464939097	1234
20130815	123	123	123	437.5783368650113	1234
20130815	123	123	123	471.78673342423997	1234
20130815	123	123	123	501.12631398004	1234
20130815	123	123	123	555.831819820291	1234
20130815	123	123	123	582.1275073617004	1234
20130815	123	123	123	637.8494235125986	1234
20130815	123	123	123	663.0	1234
20130815	123	123	123	581.4145394651576	1234
20130815	123	123	123	555.1703894957017	1234
20130815	123	123	123	542.1990676104691	1234
20130815	123	123	123	493.1680854122964	1234
20130815	123	123	123	436.3669263060762	1234
20130815	123	123	123	440.7151910838077	1234
20130815	123	123	123	387.74524664058845	1234
20130815	123	123	123	347.1018328411357	1234
20130815	123	123	123	280.51025026163336	1234
20130815	123	123	123	265.65037838202113	1234
20130815	123	123	123	252.169776986613	1234
20130815	123	123	123	228.23076923076906	1234
20130815	123	123	123	200.65342439374277	1234
20130815	123	123	123	205.36399672205258	1234
20130815	123	123	123	208.38461538461536	1234
20130815	123	123	123	213.8461538461538	1234
20130815	123	123	123	227.78470304729603	1234
20130815	123	123	123	236.57188897764274	1234
20130815	123	123	123	241.15384615384608	1234
20130815	123	123	123	261.86005575334406	1234
20130815	123	123	123	262.8981342515845	1234
20130815	123	123	123	256.13075556268785	1234
20130815	123	123	123	250.89315411612083	1234
20130815	123	123	123	240.83573275929143	1234
20130815	123	123	123	239.195361314482	1234
20130815	123	123	123	230.87148673955082	1234
20130815	123	123	123	227.4543079008296	1234
20130815	123	123	123	206.67515944341275	1234
20130815	123	123	123	201.32911196093818	1234
20130815	123	123	123	197.9029820999481	1234
20130815	123	123	123	195.6153846153846	1234
20130815	123	123	123	190.0	1234
20130815	123	123	123	3.9708275704361684	1234
20130815	123	123	123	0.12355601487642476	1234
20130815	123	123	123	13.818511112832372	1234
20130815	123	123	123	18.45773960801369	1234
20130815	123	123	123	0.9124192964581157	1234
20130815	123	123	123	14.594438779905461	1234
20130815	123	123	123	9.51659975741072	1234
20130815	123	123	123	6.6798234602000095	1234
20130815	123	123	123	10.983482593179597	1234
20130815	123	123	123	4.616561853700276	1234
20130815	123	123	123	14.401798197906675	1234
20130815	123	123	123	14.384078435396416	1234
20130815	123	123	123	19.889021478499686	1234
20130815	123	123	123	1.8925973953505082	1234
20130815	123	123	123	16.29500725002576	1234
20130815	123	123	123	14.53950091270514	1234
20130815	123	123	123	12.45050503394973	1234
20130815	123	123	123	11.743907006692904	1234
20130815	123	123	123	2.25154341741417	1234
20130815	123	123	123	9.947491862552617	1234
20130815	123	123	123	19.150290090470797	1234
20130815	123	123	123	7.749697910843187	1234
20130815	123	123	123	15.66945908707412	1234
20130815	123	123	123	0.6694143080376413	1234
20130815	123	123	123	14.327674211878168	1234
20130815	123	123	123	17.98120529079128	1234
20130815	123	123	123	14.126948571575095	1234
20130815	123	123	123	14.463055645460845	1234
20130815	123	123	123	13.092622273003649	1234
20130815	123	123	123	13.827593334937847	1234