time startPrice highestPrice lowestPrice endPrice transactionCount
20130815	123	123	123	6.900539769487182	1234
20130815	123	123	123	12.317183071863075	1234
20130815	123	123	123	0.5500825921545238	1234
20130815	123	123	123	16.002180852099585	1234
20130815	123	123	123	10.002507056684081	1234
20130815	123	123	123	17.70621746220846	1234
20130815	123	123	123	17.70137069732281	1234
20130815	123	123	123	1.4348823951792755	1234
20130815	123	123	123	3.2695744914253977	1234
20130815	123	123	123	2.984547018169661	1234
20130815	123	123	123	15.236716608090383	1234
20130815	123	123	123	2.820912836332228	1234
20130815	123	123	123	19.050188633605476	1234
20130815	123	123	123	17.02852791944575	1234
20130815	123	123	123	1.0896533169254252	1234
20130815	123	123	123	9.130614574507646	1234
20130815	123	123	123	18.936822936271312	1234
20130815	123	123	123	14.165663851315104	1234
20130815	123	123	123	12.807084401451586	1234
20130815	123	123	123	10.962386683474692	1234
20130815	123	123	123	12.470980706195196	1234
20130815	123	123	123	16.753532501213012	1234
20130815	123	123	123	14.138894636863855	1234
20130815	123	123	123	5.60010503065187	1234
20130815	123	123	123	18.921029969420477	1234
20130815	123	123	123	6.861363103052933	1234
20130815	123	123	123	10.188978286795598	1234
20130815	123	123	123	8.256019920174273	1234
20130815	123	123	123	13.349303528871214	1234
20130815	123	123	123	8.841980818951532	1234
20130815	123	123	123	194.92783118048112	1234
20130815	123	123	123	195.92307692307693	1234
20130815	123	123	123	205.63135311937341	1234
20130815	123	123	123	219.22950168685298	1234
20130815	123	123	123	225.39278560244017	1234
20130815	123	123	123	231.9316141736208	1234
20130815	123	123	123	234.271154283711	1234
20130815	123	123	123	245.8432285899479	1234
20130815	123	123	123	243.816656097073	1234
20130815	123	123	123	255.85862242045596	1234
20130815	123	123	123	260.47450467179567	1234
20130815	123	123	123	256.214888033833	1234
20130815	123	123	123	248.03691824343585	1234
20130815	123	123	123	245.7411868304371	1234
20130815	123	123	123	242.17414668512495	1234
20130815	123	123	123	238.5384615384616	1234
20130815	123	123	123	219.18412618399427	1234
20130815	123	123	123	220.4723390903418	1234
20130815	123	123	123	215.7692307692309	1234
20130815	123	123	123	203.10529681152443	1234
20130815	123	123	123	198.0854318498857	1234
20130815	123	123	123	270.83842806538297	1234
20130815	123	123	123	331.67670140005	1234
20130815	123	123	123	343.59700229336454	1234
20130815	123	123	123	391.34108679270685	1234
20130815	123	123	123	426.3288385709654	1234
20130815	123	123	123	493.15691272377063	1234
20130815	123	123	123	497.1796961961604	1234
20130815	123	123	123	599.8018768582583	1234
20130815	123	123	123	642.8423455148499	1234
20130815	123	123	123	627.319259844528	1234
20130815	123	123	123	663.0	1234
20130815	123	123	123	623.0958054294729	1234
20130815	123	123	123	560.4988589637532	1234
20130815	123	123	123	550.791282241733	1234
20130815	123	123	123	510.1889675009447	1234
20130815	123	123	123	439.1478026366619	1234
20130815	123	123	123	445.1364808037998	1234
20130815	123	123	123	329.5902526346619	1234
20130815	123	123	123	312.5315446366525	1234
20130815	123	123	123	300.6923076923075	1234
20130815	123	123	123	233.87180955472192	1234
20130815	123	123	123	181.19888361236022	1234
20130815	123	123	123	197.0838749204899	1234
20130815	123	123	123	200.1946606255696	1234
20130815	123	123	123	202.9230769230769	1234
20130815	123	123	123	244.72677136261103	1234
20130815	123	123	123	230.23076923076917	1234
20130815	123	123	123	238.78483608124597	1234
20130815	123	123	123	243.94288163028028	1234
20130815	123	123	123	262.00873101688387	1234
20130815	123	123	123	238.34118791380376	1234
20130815	123	123	123	230.7179960934308	1234
20130815	123	123	123	229.3076923076923	1234
20130815	123	123	123	223.6306751204761	1234
20130815	123	123	123	214.45792662049394	1234
20130815	123	123	123	210.2877817192556	1234
20130815	123	123	123	206.3113741932611	1234
20130815	123	123	123	199.32068917275538	1234
20130815	123	123	123	190.0	1234
20130815	123	123	123	5.400760000596687	1234
20130815	123	123	123	17.234108252968163	1234
20130815	123	123	123	10.704425392825371	1234
20130815	123	123	123	9.132623432598608	1234
20130815	123	123	123	16.482311569756554	1234
20130815	123	123	123	13.112159272430494	1234
20130815	123	123	123	9.819358353767617	1234
20130815	123	123	123	4.79891132905143	1234
20130815	123	123	123	5.833193634348843	1234
20130815	123	123	123	15.02912673243696	1234
20130815	123	123	123	2.9651933958165766	1234
20130815	123	123	123	18.137030039552155	1234
20130815	123	123	123	0.11719176920948371	1234
20130815	123	123	123	10.777591881093846	1234
20130815	123	123	123	16.005242157304046	1234
20130815	123	123	123	1.074978254042669	1234
20130815	123	123	123	3.3321438009511173	1234
20130815	123	123	123	1.6394335777563596	1234
20130815	123	123	123	19.21351132224443	1234
20130815	123	123	123	0.16449814687625075	1234
20130815	123	123	123	4.060081333769558	1234
20130815	123	123	123	17.766107699207275	1234
20130815	123	123	123	19.46618709862124	1234
20130815	123	123	123	0.6311043898862834	1234
20130815	123	123	123	12.537949089543153	1234
20130815	123	123	123	5.393203866209156	1234
20130815	123	123	123	10.784271509385224	1234
20130815	123	123	123	16.25039092182502	1234
20130815	123	123	123	4.771187715385768	1234
20130815	123	123	123	3.2922330385560183	1234