time startPrice highestPrice lowestPrice endPrice transactionCount
20130815	123	123	123	16.76146130009926	1234
20130815	123	123	123	18.802106677917322	1234
20130815	123	123	123	0.49742708635181154	1234
20130815	123	123	123	8.58974665452487	1234
20130815	123	123	123	8.911500450076966	1234
20130815	123	123	123	12.959754783852798	1234
20130815	123	123	123	12.534870653022395	1234
20130815	123	123	123	5.735091873965576	1234
20130815	123	123	123	5.6010890967221165	1234
20130815	123	123	123	10.507126781605553	1234
20130815	123	123	123	6.3869040404849065	1234
20130815	123	123	123	14.703558307548825	1234
20130815	123	123	123	11.155942299935848	1234
20130815	123	123	123	17.12219200987069	1234
20130815	123	123	123	11.48208767368579	1234
20130815	123	123	123	14.222444342729496	1234
20130815	123	123	123	7.778789316506767	1234
20130815	123	123	123	17.097976280714043	1234
20130815	123	123	123	4.930680832906036	1234
20130815	123	123	123	2.9893820879653132	1234
20130815	123	123	123	4.034327453946574	1234
20130815	123	123	123	19.48607675006819	1234
20130815	123	123	123	7.7376443323786415	1234
20130815	123	123	123	1.0747968406296171	1234
20130815	123	123	123	16.167136393192735	1234
20130815	123	123	123	4.094165706314598	1234
20130815	123	123	123	11.905555148517033	1234
20130815	123	123	123	12.938926976942938	1234
20130815	123	123	123	12.199461597935974	1234
20130815	123	123	123	15.824429442719165	1234
20130815	123	123	123	199.075371047371	1234
20130815	123	123	123	211.17057121346573	1234
20130815	123	123	123	215.0833193994092	1234
20130815	123	123	123	222.55720421487896	1234
20130815	123	123	123	247.0173280900934	1234
20130815	123	123	123	254.68533728848257	1234
20130815	123	123	123	255.59854668915264	1234
20130815	123	123	123	266.0875416587331	1234
20130815	123	123	123	263.9758327874098	1234
20130815	123	123	123	251.44886015373476	1234
20130815	123	123	123	242.4542901313558	1234
20130815	123	123	123	232.88737015771028	1234
20130815	123	123	123	226.27678374323526	1234
20130815	123	123	123	227.15384615384625	1234
20130815	123	123	123	215.32427611065398	1234
20130815	123	123	123	210.79902652266867	1234
20130815	123	123	123	206.53286689175255	1234
20130815	123	123	123	201.19036706492093	1234
20130815	123	123	123	189.8339592311347	1234
20130815	123	123	123	201.11143651449865	1234
20130815	123	123	123	229.15384615384616	1234
20130815	123	123	123	323.11275850996014	1234
20130815	123	123	123	338.0479020972186	1234
20130815	123	123	123	409.020397739177	1234
20130815	123	123	123	419.7093672180014	1234
20130815	123	123	123	470.10513641265834	1234
20130815	123	123	123	544.0550504156157	1234
20130815	123	123	123	557.954522330843	1234
20130815	123	123	123	563.8698401745419	1234
20130815	123	123	123	626.330328622175	1234
20130815	123	123	123	626.8461538461538	1234
20130815	123	123	123	610.3705560502958	1234
20130815	123	123	123	621.2979537816382	1234
20130815	123	123	123	589.9818052190947	1234
20130815	123	123	123	528.7688064757623	1234
20130815	123	123	123	494.8102379524348	1234
20130815	123	123	123	453.61569292829864	1234
20130815	123	123	123	395.4855906708056	1234
20130815	123	123	123	365.9390153539027	1234
20130815	123	123	123	373.15384615384596	1234
20130815	123	123	123	281.76216230271905	1234
20130815	123	123	123	288.96422305747404	1234
20130815	123	123	123	264.4615384615383	1234
20130815	123	123	123	214.66164088894192	1234
20130815	123	123	123	199.69067382360134	1234
20130815	123	123	123	206.94770172964053	1234
20130815	123	123	123	217.9538177238006	1234
20130815	123	123	123	223.32381498948027	1234
20130815	123	123	123	228.48273338089555	1234
20130815	123	123	123	243.46830570836104	1234
20130815	123	123	123	251.5244288292588	1234
20130815	123	123	123	253.20981727795547	1234
20130815	123	123	123	261.70967144370957	1234
20130815	123	123	123	263.0	1234
20130815	123	123	123	226.80502707122238	1234
20130815	123	123	123	213.09574506650748	1234
20130815	123	123	123	208.90393901056228	1234
20130815	123	123	123	206.4687913640387	1234
20130815	123	123	123	193.8200897135893	1234
20130815	123	123	123	190.0	1234
20130815	123	123	123	16.118474180642952	1234
20130815	123	123	123	18.68509417515841	1234
20130815	123	123	123	5.650290756497918	1234
20130815	123	123	123	19.765653505093113	1234
20130815	123	123	123	9.904831687927027	1234
20130815	123	123	123	1.9092153909572973	1234
20130815	123	123	123	18.236689995054267	1234
20130815	123	123	123	14.002463337259503	1234
20130815	123	123	123	14.00944621881741	1234
20130815	123	123	123	14.868824151818394	1234
20130815	123	123	123	19.06289096299552	1234
20130815	123	123	123	2.2809965027935397	1234
20130815	123	123	123	18.161795739586445	1234
20130815	123	123	123	4.683146347108984	1234
20130815	123	123	123	11.572150558267351	1234
20130815	123	123	123	14.471072588229825	1234
20130815	123	123	123	16.509716696761004	1234
20130815	123	123	123	17.889059829200182	1234
20130815	123	123	123	18.930947099031776	1234
20130815	123	123	123	9.190706509913875	1234
20130815	123	123	123	5.694723142733986	1234
20130815	123	123	123	4.916050953501809	1234
20130815	123	123	123	13.534589328756109	1234
20130815	123	123	123	0.009588002522080696	1234
20130815	123	123	123	0.877173419427133	1234
20130815	123	123	123	0.9065533470587561	1234
20130815	123	123	123	6.967863628001965	1234
20130815	123	123	123	14.32393678093651	1234
20130815	123	123	123	0.9765450718399449	1234
20130815	123	123	123	4.796353151248194	1234