time startPrice highestPrice lowestPrice endPrice transactionCount
20130815	123	123	123	0.6716914628527393	1234
20130815	123	123	123	16.088598711395186	1234
20130815	123	123	123	12.499219331940818	1234
20130815	123	123	123	9.668518223792004	1234
20130815	123	123	123	1.1554603132809715	1234
20130815	123	123	123	6.360747643452758	1234
20130815	123	123	123	10.19502274545095	1234
20130815	123	123	123	17.962513110291155	1234
20130815	123	123	123	14.738312455881982	1234
20130815	123	123	123	6.1641654130966845	1234
20130815	123	123	123	12.884375336998392	1234
20130815	123	123	123	8.507339236173037	1234
20130815	123	123	123	12.137065749031148	1234
20130815	123	123	123	16.749668551649407	1234
20130815	123	123	123	16.167661979269763	1234
20130815	123	123	123	3.7232032022156702	1234
20130815	123	123	123	14.182909484450033	1234
20130815	123	123	123	15.536097581760327	1234
20130815	123	123	123	6.977857668245417	1234
20130815	123	123	123	0.6272382702161283	1234
20130815	123	123	123	12.947270996323292	1234
20130815	123	123	123	10.29207954103561	1234
20130815	123	123	123	1.7398664167438915	1234
20130815	123	123	123	19.218315992064646	1234
20130815	123	123	123	1.010704388461916	1234
20130815	123	123	123	14.477943816890127	1234
20130815	123	123	123	16.315764822377044	1234
20130815	123	123	123	0.30599558277357497	1234
20130815	123	123	123	9.36858037208983	1234
20130815	123	123	123	19.65659024052455	1234
20130815	123	123	123	197.86005153261175	1234
20130815	123	123	123	196.60877906257303	1234
20130815	123	123	123	208.8226929009464	1234
20130815	123	123	123	213.69230769230774	1234
20130815	123	123	123	236.8202456877589	1234
20130815	123	123	123	250.40979074104732	1234
20130815	123	123	123	249.23076923076934	1234
20130815	123	123	123	256.574579426251	1234
20130815	123	123	123	268.28591084598986	1234
20130815	123	123	123	267.0	1234
20130815	123	123	123	260.2996526504485	1234
20130815	123	123	123	246.16903155484098	1234
20130815	123	123	123	244.52944694101697	1234
20130815	123	123	123	239.0141448392826	1234
20130815	123	123	123	233.1695305923005	1234
20130815	123	123	123	220.52398929004218	1234
20130815	123	123	123	220.47673050009396	1234
20130815	123	123	123	207.9222164233293	1234
20130815	123	123	123	200.1716846598325	1234
20130815	123	123	123	197.49108069817765	1234
20130815	123	123	123	193.0	1234
20130815	123	123	123	265.3076923076923	1234
20130815	123	123	123	310.22318683917996	1234
20130815	123	123	123	373.16066289369394	1234
20130815	123	123	123	478.7306487897573	1234
20130815	123	123	123	482.60882537757567	1234
20130815	123	123	123	518.6847261846302	1234
20130815	123	123	123	585.7162656507851	1234
20130815	123	123	123	610.0103004197204	1234
20130815	123	123	123	639.8739239798558	1234
20130815	123	123	123	619.4068945935674	1234
20130815	123	123	123	608.1972405315519	1234
20130815	123	123	123	586.4248080549464	1234
20130815	123	123	123	484.81007759306044	1234
20130815	123	123	123	475.48288361789645	1234
20130815	123	123	123	414.40822996242423	1234
20130815	123	123	123	379.90328018119874	1234
20130815	123	123	123	366.57266091364204	1234
20130815	123	123	123	323.1036960343064	1234
20130815	123	123	123	287.06066502219124	1234
20130815	123	123	123	246.95777365608518	1234
20130815	123	123	123	198.46114071572987	1234
20130815	123	123	123	193.41346289590487	1234
20130815	123	123	123	204.40392050519569	1234
20130815	123	123	123	210.21832743593146	1234
20130815	123	123	123	221.86891759778038	1234
20130815	123	123	123	236.05493742176373	1234
20130815	123	123	123	239.22811509140055	1234
20130815	123	123	123	245.1209253578527	1234
20130815	123	123	123	252.47664773042848	1234
20130815	123	123	123	253.7874328718454	1234
20130815	123	123	123	259.00996304388826	1234
20130815	123	123	123	256.52142310661577	1234
20130815	123	123	123	247.5376382037204	1234
20130815	123	123	123	243.4820112517964	1234
20130815	123	123	123	226.35598528418026	1234
20130815	123	123	123	205.96139985310464	1234
20130815	123	123	123	200.83124571735263	1234
20130815	123	123	123	194.00900296961223	1234
20130815	123	123	123	190.0	1234
20130815	123	123	123	4.7238733973971065	1234
20130815	123	123	123	5.577197000078938	1234
20130815	123	123	123	8.861879693384138	1234
20130815	123	123	123	2.3079129643597973	1234
20130815	123	123	123	3.326590895617847	1234
20130815	123	123	123	11.932454020273662	1234
20130815	123	123	123	0.04092659383151842	1234
20130815	123	123	123	4.432151389882122	1234
20130815	123	123	123	2.5139791499824926	1234
20130815	123	123	123	1.9868885021713312	1234
20130815	123	123	123	2.0144348431241066	1234
20130815	123	123	123	10.003331416426583	1234
20130815	123	123	123	18.867103539602432	1234
20130815	123	123	123	13.119331607376004	1234
20130815	123	123	123	12.105761020453741	1234
20130815	123	123	123	2.6347252859594317	1234
20130815	123	123	123	17.367165416964518	1234
20130815	123	123	123	18.56629424674378	1234
20130815	123	123	123	5.032796803926227	1234
20130815	123	123	123	13.744061869520692	1234
20130815	123	123	123	15.423505260315903	1234
20130815	123	123	123	15.79576996704046	1234
20130815	123	123	123	12.847464091851455	1234
20130815	123	123	123	15.056976441037868	1234
20130815	123	123	123	8.325572316126822	1234
20130815	123	123	123	9.75914275262907	1234
20130815	123	123	123	15.015305313986735	1234
20130815	123	123	123	14.462995181152118	1234
20130815	123	123	123	9.18100021606785	1234
20130815	123	123	123	1.607742376424246	1234