time startPrice highestPrice lowestPrice endPrice transactionCount
20130815	123	123	123	5.014292015809183	1234
20130815	123	123	123	12.382269729351362	1234
20130815	123	123	123	10.967131073904495	1234
20130815	123	123	123	7.7392291536251605	1234
20130815	123	123	123	13.400157193724073	1234
20130815	123	123	123	14.89597323612778	1234
20130815	123	123	123	11.860492606105575	1234
20130815	123	123	123	3.357691527639828	1234
20130815	123	123	123	7.099935144554088	1234
20130815	123	123	123	2.62650088581718	1234
20130815	123	123	123	11.979887649476604	1234
20130815	123	123	123	14.585137432136083	1234
20130815	123	123	123	1.9437615759324012	1234
20130815	123	123	123	15.065462631527494	1234
20130815	123	123	123	19.88679407207122	1234
20130815	123	123	123	16.40670668180427	1234
20130815	123	123	123	5.558481516102185	1234
20130815	123	123	123	11.30516406939451	1234
20130815	123	123	123	3.5525779206048758	1234
20130815	123	123	123	4.401531742855999	1234
20130815	123	123	123	18.993395749626853	1234
20130815	123	123	123	16.395056829866622	1234
20130815	123	123	123	14.04700593393354	1234
20130815	123	123	123	18.378403744846267	1234
20130815	123	123	123	9.516368352483992	1234
20130815	123	123	123	16.729426909944355	1234
20130815	123	123	123	17.477509232710197	1234
20130815	123	123	123	14.264171478603807	1234
20130815	123	123	123	16.949085709195117	1234
20130815	123	123	123	17.250134488102443	1234
20130815	123	123	123	193.85393738887993	1234
20130815	123	123	123	195.92307692307693	1234
20130815	123	123	123	202.5443215524431	1234
20130815	123	123	123	209.09887608815285	1234
20130815	123	123	123	214.44993775606451	1234
20130815	123	123	123	228.82869232020067	1234
20130815	123	123	123	234.637553361282	1234
20130815	123	123	123	239.24384375874567	1234
20130815	123	123	123	262.97326580773347	1234
20130815	123	123	123	262.31485491326885	1234
20130815	123	123	123	254.7300541310318	1234
20130815	123	123	123	255.2673921646475	1234
20130815	123	123	123	247.2039803892602	1234
20130815	123	123	123	238.64128219118945	1234
20130815	123	123	123	238.10973822289262	1234
20130815	123	123	123	232.52946523236892	1234
20130815	123	123	123	223.55127991190045	1234
20130815	123	123	123	212.63635884769377	1234
20130815	123	123	123	203.45006786387657	1234
20130815	123	123	123	195.43135808845375	1234
20130815	123	123	123	194.84476329206186	1234
20130815	123	123	123	223.11340446794603	1234
20130815	123	123	123	257.92466210111064	1234
20130815	123	123	123	290.6602595729649	1234
20130815	123	123	123	321.9078340221395	1234
20130815	123	123	123	380.37798133274225	1234
20130815	123	123	123	422.3861438998888	1234
20130815	123	123	123	447.66880977830346	1234
20130815	123	123	123	485.772154762173	1234
20130815	123	123	123	533.1179527593001	1234
20130815	123	123	123	554.5384615384614	1234
20130815	123	123	123	590.6923076923076	1234
20130815	123	123	123	626.8461538461538	1234
20130815	123	123	123	645.4799761981403	1234
20130815	123	123	123	617.3351926089417	1234
20130815	123	123	123	566.0591648022556	1234
20130815	123	123	123	525.0805141874249	1234
20130815	123	123	123	489.5623702462818	1234
20130815	123	123	123	471.25054579518667	1234
20130815	123	123	123	418.2949836331224	1234
20130815	123	123	123	387.60770379505436	1234
20130815	123	123	123	373.15384615384596	1234
20130815	123	123	123	327.0067865366763	1234
20130815	123	123	123	272.45589348437716	1234
20130815	123	123	123	260.27493713205536	1234
20130815	123	123	123	199.48900835826325	1234
20130815	123	123	123	207.52459584626357	1234
20130815	123	123	123	209.99128429739244	1234
20130815	123	123	123	220.6695701822334	1234
20130815	123	123	123	226.22126137036796	1234
20130815	123	123	123	234.9497850100125	1234
20130815	123	123	123	249.69292764323248	1234
20130815	123	123	123	264.0514448532895	1234
20130815	123	123	123	263.0	1234
20130815	123	123	123	250.26239304307646	1234
20130815	123	123	123	246.15384615384613	1234
20130815	123	123	123	234.12928036373856	1234
20130815	123	123	123	222.33653745696756	1234
20130815	123	123	123	180.94248010910354	1234
20130815	123	123	123	190.0	1234
20130815	123	123	123	4.042113738300872	1234
20130815	123	123	123	3.9134559063071017	1234
20130815	123	123	123	10.30475584724583	1234
20130815	123	123	123	14.674001286332842	1234
20130815	123	123	123	2.7659843932521633	1234
20130815	123	123	123	1.7465386992261633	1234
20130815	123	123	123	1.5110968160036364	1234
20130815	123	123	123	3.005220611250601	1234
20130815	123	123	123	15.823557202018947	1234
20130815	123	123	123	6.98556494263431	1234
20130815	123	123	123	8.64597866842229	1234
20130815	123	123	123	10.268946778966264	1234
20130815	123	123	123	17.305273067653882	1234
20130815	123	123	123	10.747490386112322	1234
20130815	123	123	123	2.3826167668163567	1234
20130815	123	123	123	8.703002918308119	1234
20130815	123	123	123	17.869949671337505	1234
20130815	123	123	123	8.36546551603937	1234
20130815	123	123	123	6.235749429713162	1234
20130815	123	123	123	4.570428259906263	1234
20130815	123	123	123	18.93086471152086	1234
20130815	123	123	123	19.04865291699535	1234
20130815	123	123	123	13.719759934428556	1234
20130815	123	123	123	18.30636378230265	1234
20130815	123	123	123	7.855649462017409	1234
20130815	123	123	123	7.353735337422322	1234
20130815	123	123	123	13.674238278868762	1234
20130815	123	123	123	10.888557143300428	1234
20130815	123	123	123	19.117132645708217	1234
20130815	123	123	123	3.9296733267345263	1234