time startPrice highestPrice lowestPrice endPrice transactionCount
20130815	123	123	123	14.316401760265993	1234
20130815	123	123	123	13.507526654714901	1234
20130815	123	123	123	16.34448087247805	1234
20130815	123	123	123	3.4946848179429946	1234
20130815	123	123	123	4.858576318446321	1234
20130815	123	123	123	19.61090120650681	1234
20130815	123	123	123	15.218851538962914	1234
20130815	123	123	123	4.850310767095671	1234
20130815	123	123	123	5.721209348774128	1234
20130815	123	123	123	19.47327164314489	1234
20130815	123	123	123	7.808577454976646	1234
20130815	123	123	123	8.576451480750013	1234
20130815	123	123	123	2.0265845074518474	1234
20130815	123	123	123	0.3393555118119784	1234
20130815	123	123	123	3.5771654622149907	1234
20130815	123	123	123	14.61981218848196	1234
20130815	123	123	123	14.717256735057475	1234
20130815	123	123	123	15.597494313291431	1234
20130815	123	123	123	2.046948766189356	1234
20130815	123	123	123	6.690386357326467	1234
20130815	123	123	123	18.076744880461042	1234
20130815	123	123	123	11.16999471203697	1234
20130815	123	123	123	6.814002520382864	1234
20130815	123	123	123	15.765302146275701	1234
20130815	123	123	123	1.233699241198607	1234
20130815	123	123	123	7.873798323539671	1234
20130815	123	123	123	0.48044001425167515	1234
20130815	123	123	123	8.403633160178178	1234
20130815	123	123	123	10.881606266679533	1234
20130815	123	123	123	3.1798202551434263	1234
20130815	123	123	123	204.15739741588837	1234
20130815	123	123	123	213.55250718668316	1234
20130815	123	123	123	223.2908167817812	1234
20130815	123	123	123	231.64385648902922	1234
20130815	123	123	123	235.95322220986807	1234
20130815	123	123	123	238.30887694047007	1234
20130815	123	123	123	243.3076923076924	1234
20130815	123	123	123	253.98529575243674	1234
20130815	123	123	123	255.15384615384627	1234
20130815	123	123	123	262.9370657885966	1234
20130815	123	123	123	262.64503698050953	1234
20130815	123	123	123	253.93266665330367	1234
20130815	123	123	123	255.3295515485279	1234
20130815	123	123	123	244.23076923076928	1234
20130815	123	123	123	238.17455723262918	1234
20130815	123	123	123	225.20851048269785	1234
20130815	123	123	123	211.8767105142755	1234
20130815	123	123	123	192.50078691072807	1234
20130815	123	123	123	196.0372030898375	1234
20130815	123	123	123	234.57692206559477	1234
20130815	123	123	123	299.2616432180065	1234
20130815	123	123	123	316.2893556740197	1234
20130815	123	123	123	396.12135387910155	1234
20130815	123	123	123	436.76855200567354	1234
20130815	123	123	123	475.6087220313389	1234
20130815	123	123	123	488.5862273453512	1234
20130815	123	123	123	536.3993530520065	1234
20130815	123	123	123	564.8857494577646	1234
20130815	123	123	123	622.2811873599986	1234
20130815	123	123	123	665.678945892374	1234
20130815	123	123	123	662.4487382687333	1234
20130815	123	123	123	613.9517806660625	1234
20130815	123	123	123	590.129425312173	1234
20130815	123	123	123	513.2266102875986	1234
20130815	123	123	123	442.5572556066363	1234
20130815	123	123	123	437.0510673367701	1234
20130815	123	123	123	375.11056653568954	1234
20130815	123	123	123	356.7108677716861	1234
20130815	123	123	123	302.65644623957877	1234
20130815	123	123	123	283.638429777269	1234
20130815	123	123	123	259.6269061072432	1234
20130815	123	123	123	218.09378573232212	1234
20130815	123	123	123	198.63792605933347	1234
20130815	123	123	123	201.95462081830115	1234
20130815	123	123	123	210.581460812129	1234
20130815	123	123	123	233.70996941687054	1234
20130815	123	123	123	226.12433085510344	1234
20130815	123	123	123	233.90394783623486	1234
20130815	123	123	123	239.528737487021	1234
20130815	123	123	123	243.46761583405203	1234
20130815	123	123	123	247.59607569577386	1234
20130815	123	123	123	256.7230214192118	1234
20130815	123	123	123	261.86674446896825	1234
20130815	123	123	123	232.02560544622753	1234
20130815	123	123	123	222.20865445745932	1234
20130815	123	123	123	211.16129359313268	1234
20130815	123	123	123	212.46153846153845	1234
20130815	123	123	123	199.27880730910954	1234
20130815	123	123	123	192.7145650968873	1234
20130815	123	123	123	190.0	1234
20130815	123	123	123	17.042780406932824	1234
20130815	123	123	123	15.497782351506737	1234
20130815	123	123	123	17.46561255293774	1234
20130815	123	123	123	12.850085106201323	1234
20130815	123	123	123	8.607117741359477	1234
20130815	123	123	123	1.9503306600345849	1234
20130815	123	123	123	7.732587769908726	1234
20130815	123	123	123	10.607563181140439	1234
20130815	123	123	123	9.258850425158895	1234
20130815	123	123	123	13.253519627695368	1234
20130815	123	123	123	2.810078654656807	1234
20130815	123	123	123	2.2944038053055915	1234
20130815	123	123	123	10.496762396146195	1234
20130815	123	123	123	1.0618330246172136	1234
20130815	123	123	123	12.874329206242356	1234
20130815	123	123	123	9.900026194435448	1234
20130815	123	123	123	19.84827345677815	1234
20130815	123	123	123	6.5863965698432425	1234
20130815	123	123	123	6.9870846382601375	1234
20130815	123	123	123	0.39132300509448603	1234
20130815	123	123	123	17.114713452896137	1234
20130815	123	123	123	8.00322815645596	1234
20130815	123	123	123	19.825418548384548	1234
20130815	123	123	123	14.453011589765225	1234
20130815	123	123	123	11.152506696188755	1234
20130815	123	123	123	16.055626174559034	1234
20130815	123	123	123	15.798360211336334	1234
20130815	123	123	123	11.046940249153966	1234
20130815	123	123	123	14.178176902856787	1234
20130815	123	123	123	10.644278318455584	1234