time startPrice highestPrice lowestPrice endPrice transactionCount
20130815	123	123	123	11.383557502013472	1234
20130815	123	123	123	7.143111037561008	1234
20130815	123	123	123	6.787526687225094	1234
20130815	123	123	123	7.594057055968189	1234
20130815	123	123	123	5.939195492591825	1234
20130815	123	123	123	7.866207370521567	1234
20130815	123	123	123	6.58924727576119	1234
20130815	123	123	123	0.784606093108382	1234
20130815	123	123	123	19.058953624635404	1234
20130815	123	123	123	10.1124164387111	1234
20130815	123	123	123	6.086688945779583	1234
20130815	123	123	123	4.7518174369397315	1234
20130815	123	123	123	8.654705340750933	1234
20130815	123	123	123	12.220947669214022	1234
20130815	123	123	123	19.337240492162305	1234
20130815	123	123	123	8.348223135480154	1234
20130815	123	123	123	1.847323643501133	1234
20130815	123	123	123	8.382908188328669	1234
20130815	123	123	123	1.757344477356395	1234
20130815	123	123	123	8.047898520388141	1234
20130815	123	123	123	0.09702571475226351	1234
20130815	123	123	123	14.75815053039019	1234
20130815	123	123	123	15.273985029393701	1234
20130815	123	123	123	10.409296653782219	1234
20130815	123	123	123	6.4110668973281975	1234
20130815	123	123	123	11.731512329819253	1234
20130815	123	123	123	4.95812687523316	1234
20130815	123	123	123	13.941941990893136	1234
20130815	123	123	123	3.8334985868300886	1234
20130815	123	123	123	12.865704362379176	1234
20130815	123	123	123	208.25913783217686	1234
20130815	123	123	123	212.9267682534344	1234
20130815	123	123	123	215.4619232489423	1234
20130815	123	123	123	220.34261139212452	1234
20130815	123	123	123	228.3559544095485	1234
20130815	123	123	123	242.38706365250215	1234
20130815	123	123	123	251.69298370167047	1234
20130815	123	123	123	257.1147878276524	1234
20130815	123	123	123	271.19466078838775	1234
20130815	123	123	123	254.34045621820297	1234
20130815	123	123	123	253.35822035618042	1234
20130815	123	123	123	236.53926348402106	1234
20130815	123	123	123	232.57062992102175	1234
20130815	123	123	123	226.13280216047065	1234
20130815	123	123	123	213.54220355233213	1234
20130815	123	123	123	215.52225475488567	1234
20130815	123	123	123	198.60955639594968	1234
20130815	123	123	123	193.67348087456554	1234
20130815	123	123	123	202.3753386846164	1234
20130815	123	123	123	299.6947639596086	1234
20130815	123	123	123	311.9878877688111	1234
20130815	123	123	123	356.5658884312835	1234
20130815	123	123	123	392.79236379057596	1234
20130815	123	123	123	430.02544464097497	1234
20130815	123	123	123	458.0738499027709	1234
20130815	123	123	123	517.395563594422	1234
20130815	123	123	123	553.7900866589897	1234
20130815	123	123	123	606.4106826940688	1234
20130815	123	123	123	630.5507462252773	1234
20130815	123	123	123	644.117636855765	1234
20130815	123	123	123	603.5523562547992	1234
20130815	123	123	123	561.7710293427699	1234
20130815	123	123	123	523.9274696835122	1234
20130815	123	123	123	503.9418823877701	1234
20130815	123	123	123	457.64286330159706	1234
20130815	123	123	123	445.23245376427036	1234
20130815	123	123	123	379.15499235459987	1234
20130815	123	123	123	334.89097673052606	1234
20130815	123	123	123	313.6684253736249	1234
20130815	123	123	123	288.7956632826776	1234
20130815	123	123	123	233.7855071048319	1234
20130815	123	123	123	198.69474829261205	1234
20130815	123	123	123	197.75035497458066	1234
20130815	123	123	123	205.13065382642642	1234
20130815	123	123	123	207.3009660917088	1234
20130815	123	123	123	230.43888830542522	1234
20130815	123	123	123	229.19550186787276	1234
20130815	123	123	123	232.58303063512744	1234
20130815	123	123	123	247.13093813655132	1234
20130815	123	123	123	257.53846153846143	1234
20130815	123	123	123	259.75817072445705	1234
20130815	123	123	123	243.57950762593117	1234
20130815	123	123	123	245.9849148837652	1234
20130815	123	123	123	235.2601825573158	1234
20130815	123	123	123	228.79389032882986	1234
20130815	123	123	123	202.61500231899498	1234
20130815	123	123	123	205.11510990722167	1234
20130815	123	123	123	204.7415853078452	1234
20130815	123	123	123	195.6153846153846	1234
20130815	123	123	123	190.0	1234
20130815	123	123	123	2.213960405826587	1234
20130815	123	123	123	2.1940009626825985	1234
20130815	123	123	123	17.566230955134003	1234
20130815	123	123	123	11.283870383006128	1234
20130815	123	123	123	18.054835717131812	1234
20130815	123	123	123	17.866021737808232	1234
20130815	123	123	123	11.840175595901933	1234
20130815	123	123	123	15.015638020260917	1234
20130815	123	123	123	4.078799894929565	1234
20130815	123	123	123	16.369429024107088	1234
20130815	123	123	123	7.049774715621999	1234
20130815	123	123	123	4.26625356946446	1234
20130815	123	123	123	18.46368660876652	1234
20130815	123	123	123	16.486627712625427	1234
20130815	123	123	123	12.683751795184481	1234
20130815	123	123	123	5.6191788525706805	1234
20130815	123	123	123	19.633730450484727	1234
20130815	123	123	123	15.65286301015915	1234
20130815	123	123	123	17.22945474366124	1234
20130815	123	123	123	0.8583021369880495	1234
20130815	123	123	123	1.2067204959532618	1234
20130815	123	123	123	17.86825616952396	1234
20130815	123	123	123	17.4976879803471	1234
20130815	123	123	123	11.396709018346725	1234
20130815	123	123	123	18.412730435841574	1234
20130815	123	123	123	13.361720369181223	1234
20130815	123	123	123	6.70946696498449	1234
20130815	123	123	123	3.224723999789778	1234
20130815	123	123	123	18.382494624772193	1234
20130815	123	123	123	10.866742834010715	1234