time startPrice highestPrice lowestPrice endPrice transactionCount
20130815	123	123	123	2.7885754315152456	1234
20130815	123	123	123	4.2443298222465	1234
20130815	123	123	123	2.7472308718572247	1234
20130815	123	123	123	0.26497325074477773	1234
20130815	123	123	123	19.841236048311274	1234
20130815	123	123	123	19.34549038167633	1234
20130815	123	123	123	1.1349127775463264	1234
20130815	123	123	123	8.538417711766764	1234
20130815	123	123	123	8.000022631416272	1234
20130815	123	123	123	3.603729845960879	1234
20130815	123	123	123	1.0285393400092202	1234
20130815	123	123	123	9.78972935318846	1234
20130815	123	123	123	6.527451804965483	1234
20130815	123	123	123	0.603007805900595	1234
20130815	123	123	123	0.774726970632762	1234
20130815	123	123	123	1.942788446096071	1234
20130815	123	123	123	17.217103711844054	1234
20130815	123	123	123	18.08207709238041	1234
20130815	123	123	123	12.297046226961427	1234
20130815	123	123	123	16.24852475473468	1234
20130815	123	123	123	6.377530340110706	1234
20130815	123	123	123	8.792465902122839	1234
20130815	123	123	123	11.371334226750633	1234
20130815	123	123	123	14.741572031588607	1234
20130815	123	123	123	10.570754523245583	1234
20130815	123	123	123	17.356693852695702	1234
20130815	123	123	123	18.521144607753182	1234
20130815	123	123	123	10.360061776772591	1234
20130815	123	123	123	19.606958525365815	1234
20130815	123	123	123	14.855848232601838	1234
20130815	123	123	123	194.5555466283469	1234
20130815	123	123	123	196.5747228075796	1234
20130815	123	123	123	206.07198791232034	1234
20130815	123	123	123	211.18389988913614	1234
20130815	123	123	123	222.29909987473104	1234
20130815	123	123	123	223.7153854464789	1234
20130815	123	123	123	231.46153846153854	1234
20130815	123	123	123	247.89207030912866	1234
20130815	123	123	123	253.5589182624866	1234
20130815	123	123	123	259.51366937578234	1234
20130815	123	123	123	258.9637444819369	1234
20130815	123	123	123	259.4706133144627	1234
20130815	123	123	123	255.52609124618493	1234
20130815	123	123	123	249.1504604305837	1234
20130815	123	123	123	244.23076923076928	1234
20130815	123	123	123	219.381583011587	1234
20130815	123	123	123	215.3530854518478	1234
20130815	123	123	123	187.95907008973847	1234
20130815	123	123	123	258.56485369195735	1234
20130815	123	123	123	276.0013788869042	1234
20130815	123	123	123	271.20763565998055	1234
20130815	123	123	123	314.3712219630729	1234
20130815	123	123	123	343.2333844588073	1234
20130815	123	123	123	424.10729021628157	1234
20130815	123	123	123	467.2675260973004	1234
20130815	123	123	123	501.1902642483407	1234
20130815	123	123	123	573.7657486254736	1234
20130815	123	123	123	594.7156155471964	1234
20130815	123	123	123	599.2499361961151	1234
20130815	123	123	123	626.8461538461538	1234
20130815	123	123	123	641.2301725198733	1234
20130815	123	123	123	586.4646668478125	1234
20130815	123	123	123	536.9058240000965	1234
20130815	123	123	123	524.9160030025112	1234
20130815	123	123	123	478.57044014552804	1234
20130815	123	123	123	464.131890457916	1234
20130815	123	123	123	410.3913465744521	1234
20130815	123	123	123	397.27145126212093	1234
20130815	123	123	123	366.923001041566	1234
20130815	123	123	123	313.6912526026501	1234
20130815	123	123	123	278.8164950138148	1234
20130815	123	123	123	258.10122886183836	1234
20130815	123	123	123	203.13865349270895	1234
20130815	123	123	123	219.87321373968584	1234
20130815	123	123	123	214.1744497666627	1234
20130815	123	123	123	217.00940900115214	1234
20130815	123	123	123	219.30769230769226	1234
20130815	123	123	123	224.76923076923072	1234
20130815	123	123	123	235.30425737649975	1234
20130815	123	123	123	242.51863550687986	1234
20130815	123	123	123	259.28110007177224	1234
20130815	123	123	123	230.39421101419606	1234
20130815	123	123	123	225.39241151140018	1234
20130815	123	123	123	218.34838090282872	1234
20130815	123	123	123	208.86129272383533	1234
20130815	123	123	123	206.52745090525906	1234
20130815	123	123	123	203.49274393221265	1234
20130815	123	123	123	197.7024815232494	1234
20130815	123	123	123	189.61676205595916	1234
20130815	123	123	123	190.0	1234
20130815	123	123	123	18.654056814445063	1234
20130815	123	123	123	11.467440047289784	1234
20130815	123	123	123	10.941469130524201	1234
20130815	123	123	123	0.5514210579763024	1234
20130815	123	123	123	13.51661412398759	1234
20130815	123	123	123	8.003487524412595	1234
20130815	123	123	123	5.889698317181855	1234
20130815	123	123	123	8.447109134300309	1234
20130815	123	123	123	12.627668013303165	1234
20130815	123	123	123	2.6049911299962236	1234
20130815	123	123	123	9.970212958537525	1234
20130815	123	123	123	15.32202649124667	1234
20130815	123	123	123	5.556961047898843	1234
20130815	123	123	123	6.774807677030368	1234
20130815	123	123	123	7.205649111714383	1234
20130815	123	123	123	6.417604527680125	1234
20130815	123	123	123	1.2477950142723149	1234
20130815	123	123	123	9.541331344664531	1234
20130815	123	123	123	1.3557140245510135	1234
20130815	123	123	123	15.136189502663521	1234
20130815	123	123	123	8.539667510207405	1234
20130815	123	123	123	4.038665628303065	1234
20130815	123	123	123	15.826048389195089	1234
20130815	123	123	123	13.910166960885617	1234
20130815	123	123	123	6.128796001247611	1234
20130815	123	123	123	6.051079413020588	1234
20130815	123	123	123	18.39125618313378	1234
20130815	123	123	123	14.826197189453712	1234
20130815	123	123	123	9.911471824219355	1234
20130815	123	123	123	17.803604298147274	1234