time startPrice highestPrice lowestPrice endPrice transactionCount
20130815	123	123	123	5.438623878354562	1234
20130815	123	123	123	5.124949429763557	1234
20130815	123	123	123	10.292121890754073	1234
20130815	123	123	123	10.436953128146499	1234
20130815	123	123	123	18.97728248670084	1234
20130815	123	123	123	17.88066211391874	1234
20130815	123	123	123	0.24813571381073762	1234
20130815	123	123	123	17.392912178792187	1234
20130815	123	123	123	7.653749080199168	1234
20130815	123	123	123	1.6013583281215071	1234
20130815	123	123	123	15.452683650585854	1234
20130815	123	123	123	18.585466898173976	1234
20130815	123	123	123	4.582967769227723	1234
20130815	123	123	123	4.481876647935046	1234
20130815	123	123	123	10.759976808460316	1234
20130815	123	123	123	18.819387944482052	1234
20130815	123	123	123	13.896244499768049	1234
20130815	123	123	123	4.688259643896233	1234
20130815	123	123	123	7.835909015224704	1234
20130815	123	123	123	19.278147378202068	1234
20130815	123	123	123	9.391678773058505	1234
20130815	123	123	123	7.509642446957374	1234
20130815	123	123	123	8.695965770054082	1234
20130815	123	123	123	9.7992595464233	1234
20130815	123	123	123	12.074691058115125	1234
20130815	123	123	123	4.612673119587461	1234
20130815	123	123	123	12.47923639365601	1234
20130815	123	123	123	5.364277022873591	1234
20130815	123	123	123	19.73866951829401	1234
20130815	123	123	123	0.2135201995769287	1234
20130815	123	123	123	191.88362306063217	1234
20130815	123	123	123	197.8182412313025	1234
20130815	123	123	123	203.5463579330331	1234
20130815	123	123	123	220.38617312925786	1234
20130815	123	123	123	229.60833519976765	1234
20130815	123	123	123	233.21763370459016	1234
20130815	123	123	123	241.9952604073071	1234
20130815	123	123	123	253.06944289317786	1234
20130815	123	123	123	259.2583304353263	1234
20130815	123	123	123	262.91916689350313	1234
20130815	123	123	123	243.6158988998803	1234
20130815	123	123	123	236.98085200690872	1234
20130815	123	123	123	217.72386138050393	1234
20130815	123	123	123	215.2403674995462	1234
20130815	123	123	123	198.19264174793423	1234
20130815	123	123	123	195.13533858382056	1234
20130815	123	123	123	194.39612307947544	1234
20130815	123	123	123	245.10663214445609	1234
20130815	123	123	123	271.3578921605503	1234
20130815	123	123	123	302.70821420380537	1234
20130815	123	123	123	337.6153846153846	1234
20130815	123	123	123	395.73977633566665	1234
20130815	123	123	123	435.89596242444077	1234
20130815	123	123	123	482.6292727062623	1234
20130815	123	123	123	530.3699352288564	1234
20130815	123	123	123	521.2610157041516	1234
20130815	123	123	123	590.6500071898274	1234
20130815	123	123	123	596.9575338607335	1234
20130815	123	123	123	645.0007227633893	1234
20130815	123	123	123	643.5440316078485	1234
20130815	123	123	123	613.1304688290776	1234
20130815	123	123	123	562.6646083160615	1234
20130815	123	123	123	537.7727569177857	1234
20130815	123	123	123	493.6226833595531	1234
20130815	123	123	123	453.2132215342878	1234
20130815	123	123	123	428.6912771203456	1234
20130815	123	123	123	365.289108218042	1234
20130815	123	123	123	352.0251849049642	1234
20130815	123	123	123	325.77108503405003	1234
20130815	123	123	123	274.29206881788116	1234
20130815	123	123	123	257.0126365288295	1234
20130815	123	123	123	228.23076923076906	1234
20130815	123	123	123	196.3047739774313	1234
20130815	123	123	123	202.40652241217424	1234
20130815	123	123	123	215.60584415034498	1234
20130815	123	123	123	231.13035651299316	1234
20130815	123	123	123	232.74540305440473	1234
20130815	123	123	123	260.07056191637923	1234
20130815	123	123	123	252.07692307692298	1234
20130815	123	123	123	261.9005824283801	1234
20130815	123	123	123	262.5378240722203	1234
20130815	123	123	123	240.724749774642	1234
20130815	123	123	123	237.67459947927676	1234
20130815	123	123	123	234.57882846994724	1234
20130815	123	123	123	226.90839482828025	1234
20130815	123	123	123	220.0562808113221	1234
20130815	123	123	123	200.8659443582341	1234
20130815	123	123	123	206.84615384615384	1234
20130815	123	123	123	192.35894366290424	1234
20130815	123	123	123	190.0	1234
20130815	123	123	123	7.6026907234236685	1234
20130815	123	123	123	11.003259435776648	1234
20130815	123	123	123	1.1302900886625489	1234
20130815	123	123	123	15.408317599758234	1234
20130815	123	123	123	16.146926406164045	1234
20130815	123	123	123	3.5518356036825827	1234
20130815	123	123	123	2.263599469500883	1234
20130815	123	123	123	8.953672612585565	1234
20130815	123	123	123	17.656602278523394	1234
20130815	123	123	123	13.562239938263655	1234
20130815	123	123	123	3.091477831724989	1234
20130815	123	123	123	0.46464024345906685	1234
20130815	123	123	123	15.495824681613353	1234
20130815	123	123	123	16.15800839338267	1234
20130815	123	123	123	9.0126306714769	1234
20130815	123	123	123	10.298357507691717	1234
20130815	123	123	123	10.480775902024288	1234
20130815	123	123	123	15.73527793456374	1234
20130815	123	123	123	3.586791939147864	1234
20130815	123	123	123	19.317303082638524	1234
20130815	123	123	123	13.71890213511438	1234
20130815	123	123	123	16.15192912475788	1234
20130815	123	123	123	6.350345256059553	1234
20130815	123	123	123	1.2769365715249426	1234
20130815	123	123	123	3.416017792602135	1234
20130815	123	123	123	5.4090879426321266	1234
20130815	123	123	123	12.76911562817961	1234
20130815	123	123	123	10.758247806601979	1234
20130815	123	123	123	8.869707399022452	1234
20130815	123	123	123	11.817785402472463	1234