time startPrice highestPrice lowestPrice endPrice transactionCount
20130815	123	123	123	5.5877486736563124	1234
20130815	123	123	123	4.276931239023332	1234
20130815	123	123	123	13.610086440653415	1234
20130815	123	123	123	15.533589624217148	1234
20130815	123	123	123	18.396929530927334	1234
20130815	123	123	123	9.184985078793485	1234
20130815	123	123	123	11.196125508459644	1234
20130815	123	123	123	7.452494853039438	1234
20130815	123	123	123	19.147789722424534	1234
20130815	123	123	123	5.854757401602047	1234
20130815	123	123	123	7.126801525966069	1234
20130815	123	123	123	7.945652946104169	1234
20130815	123	123	123	6.144584121885726	1234
20130815	123	123	123	2.4255852000530576	1234
20130815	123	123	123	3.463755921110221	1234
20130815	123	123	123	16.928697097191687	1234
20130815	123	123	123	0.9611485784165019	1234
20130815	123	123	123	15.584761922535023	1234
20130815	123	123	123	9.872666878114902	1234
20130815	123	123	123	6.062350250544723	1234
20130815	123	123	123	0.012034546591488393	1234
20130815	123	123	123	1.3952859129362527	1234
20130815	123	123	123	3.3316747175659445	1234
20130815	123	123	123	15.465651290686118	1234
20130815	123	123	123	19.057320249766562	1234
20130815	123	123	123	14.364448294677096	1234
20130815	123	123	123	9.660511857953418	1234
20130815	123	123	123	2.5887820470906187	1234
20130815	123	123	123	3.0293982852820545	1234
20130815	123	123	123	9.587843669570713	1234
20130815	123	123	123	195.62712001668888	1234
20130815	123	123	123	214.81596635605604	1234
20130815	123	123	123	222.94374123788964	1234
20130815	123	123	123	229.50537939013452	1234
20130815	123	123	123	250.63984674173506	1234
20130815	123	123	123	258.61208383206696	1234
20130815	123	123	123	265.57660849374463	1234
20130815	123	123	123	262.71503358125847	1234
20130815	123	123	123	254.58041279333028	1234
20130815	123	123	123	254.41606958396363	1234
20130815	123	123	123	249.92307692307696	1234
20130815	123	123	123	226.4615164743565	1234
20130815	123	123	123	219.34792001163285	1234
20130815	123	123	123	198.2425973975716	1234
20130815	123	123	123	193.07522155798546	1234
20130815	123	123	123	235.80764392530287	1234
20130815	123	123	123	229.15384615384616	1234
20130815	123	123	123	289.1696423947331	1234
20130815	123	123	123	337.97325568147403	1234
20130815	123	123	123	337.6153846153846	1234
20130815	123	123	123	427.39045434988424	1234
20130815	123	123	123	465.84947448891165	1234
20130815	123	123	123	482.2307692307691	1234
20130815	123	123	123	547.8207523685621	1234
20130815	123	123	123	562.3706835762284	1234
20130815	123	123	123	612.7194165408822	1234
20130815	123	123	123	644.9882650357098	1234
20130815	123	123	123	603.4840302141523	1234
20130815	123	123	123	570.6160145332666	1234
20130815	123	123	123	523.7924495023886	1234
20130815	123	123	123	490.33630342483167	1234
20130815	123	123	123	451.1358334629469	1234
20130815	123	123	123	408.710641657883	1234
20130815	123	123	123	376.2231908588401	1234
20130815	123	123	123	345.6946547605356	1234
20130815	123	123	123	302.5720736609646	1234
20130815	123	123	123	296.7804876985065	1234
20130815	123	123	123	249.71634100428503	1234
20130815	123	123	123	228.23076923076906	1234
20130815	123	123	123	195.32451976392318	1234
20130815	123	123	123	210.00181278768838	1234
20130815	123	123	123	222.93637643123992	1234
20130815	123	123	123	233.07522638190807	1234
20130815	123	123	123	236.00841259934458	1234
20130815	123	123	123	262.09143531354437	1234
20130815	123	123	123	263.329462749924	1234
20130815	123	123	123	262.71514850731796	1234
20130815	123	123	123	253.66773331885338	1234
20130815	123	123	123	250.98608080946664	1234
20130815	123	123	123	245.26734216687515	1234
20130815	123	123	123	233.95539991313143	1234
20130815	123	123	123	231.0067249195908	1234
20130815	123	123	123	229.3076923076923	1234
20130815	123	123	123	223.68107358798667	1234
20130815	123	123	123	216.18278244556535	1234
20130815	123	123	123	209.45161831565076	1234
20130815	123	123	123	205.42496424376208	1234
20130815	123	123	123	196.40328226764234	1234
20130815	123	123	123	193.98685857410902	1234
20130815	123	123	123	190.0	1234
20130815	123	123	123	1.0652709174777075	1234
20130815	123	123	123	12.777346150710526	1234
20130815	123	123	123	3.5895836769586875	1234
20130815	123	123	123	4.854189017315971	1234
20130815	123	123	123	9.225799773544898	1234
20130815	123	123	123	10.923245814384297	1234
20130815	123	123	123	12.466903701485855	1234
20130815	123	123	123	2.272100766863794	1234
20130815	123	123	123	4.409721955999872	1234
20130815	123	123	123	14.085580926946255	1234
20130815	123	123	123	19.900972024923586	1234
20130815	123	123	123	12.28077392368389	1234
20130815	123	123	123	7.6791307374827245	1234
20130815	123	123	123	16.078271352565668	1234
20130815	123	123	123	4.405377828705714	1234
20130815	123	123	123	6.832277030935117	1234
20130815	123	123	123	5.463025962909692	1234
20130815	123	123	123	16.759388741310527	1234
20130815	123	123	123	12.587552370542618	1234
20130815	123	123	123	13.083972983634895	1234
20130815	123	123	123	3.6005906868306226	1234
20130815	123	123	123	1.1204635829942644	1234
20130815	123	123	123	15.905604854013243	1234
20130815	123	123	123	4.115337208369716	1234
20130815	123	123	123	11.417449301020813	1234
20130815	123	123	123	16.262320681114083	1234
20130815	123	123	123	15.012149253616567	1234
20130815	123	123	123	8.984245078626705	1234
20130815	123	123	123	5.479069503967457	1234
20130815	123	123	123	7.957261884804692	1234