time startPrice highestPrice lowestPrice endPrice transactionCount
20130815	123	123	123	11.35075783001179	1234
20130815	123	123	123	14.933163862427802	1234
20130815	123	123	123	4.852419870299958	1234
20130815	123	123	123	12.812401220022462	1234
20130815	123	123	123	10.31963697588018	1234
20130815	123	123	123	9.361300931779606	1234
20130815	123	123	123	3.226715022935267	1234
20130815	123	123	123	14.88901831741902	1234
20130815	123	123	123	4.5235580793854835	1234
20130815	123	123	123	15.694682328900374	1234
20130815	123	123	123	17.101150221074775	1234
20130815	123	123	123	9.070266183552151	1234
20130815	123	123	123	10.119348308185822	1234
20130815	123	123	123	13.236491751513757	1234
20130815	123	123	123	16.749739903200794	1234
20130815	123	123	123	0.3022556124468845	1234
20130815	123	123	123	16.467452764767604	1234
20130815	123	123	123	14.052112352126635	1234
20130815	123	123	123	1.010494943245066	1234
20130815	123	123	123	13.579710551579566	1234
20130815	123	123	123	6.657997665218187	1234
20130815	123	123	123	18.673432515762745	1234
20130815	123	123	123	13.016651646452022	1234
20130815	123	123	123	11.412216127528499	1234
20130815	123	123	123	8.817204937377895	1234
20130815	123	123	123	1.44535804970654	1234
20130815	123	123	123	12.3921488181802	1234
20130815	123	123	123	8.523307371501836	1234
20130815	123	123	123	12.926217616273545	1234
20130815	123	123	123	6.442862132470612	1234
20130815	123	123	123	204.03771196326358	1234
20130815	123	123	123	205.1630961191287	1234
20130815	123	123	123	209.35492535841283	1234
20130815	123	123	123	215.78282274022735	1234
20130815	123	123	123	223.5301749529886	1234
20130815	123	123	123	227.8217834725305	1234
20130815	123	123	123	232.1534065388005	1234
20130815	123	123	123	244.06890028042605	1234
20130815	123	123	123	243.34933986364445	1234
20130815	123	123	123	260.3492807367266	1234
20130815	123	123	123	261.0769230769232	1234
20130815	123	123	123	259.69774727925375	1234
20130815	123	123	123	259.0409730012159	1234
20130815	123	123	123	241.72121556079134	1234
20130815	123	123	123	229.66517426204328	1234
20130815	123	123	123	217.97045940017563	1234
20130815	123	123	123	201.57110443307528	1234
20130815	123	123	123	198.5302592156704	1234
20130815	123	123	123	247.912956989782	1234
20130815	123	123	123	279.80610687756246	1234
20130815	123	123	123	343.0690801741519	1234
20130815	123	123	123	370.83127560666156	1234
20130815	123	123	123	411.9439608390465	1234
20130815	123	123	123	446.15870893821733	1234
20130815	123	123	123	464.65069520114196	1234
20130815	123	123	123	492.43038783503135	1234
20130815	123	123	123	518.3846153846152	1234
20130815	123	123	123	563.6604923417262	1234
20130815	123	123	123	606.9943817515683	1234
20130815	123	123	123	631.3828907089559	1234
20130815	123	123	123	631.9257034405047	1234
20130815	123	123	123	589.1590633337369	1234
20130815	123	123	123	554.3076923076922	1234
20130815	123	123	123	517.9910646022475	1234
20130815	123	123	123	446.598873238019	1234
20130815	123	123	123	417.85208036712487	1234
20130815	123	123	123	343.58936056769045	1234
20130815	123	123	123	353.2651176528375	1234
20130815	123	123	123	309.97676758437433	1234
20130815	123	123	123	297.2097443627806	1234
20130815	123	123	123	233.7922216681132	1234
20130815	123	123	123	191.79034322277948	1234
20130815	123	123	123	201.40855879132965	1234
20130815	123	123	123	202.9230769230769	1234
20130815	123	123	123	222.57563064359985	1234
20130815	123	123	123	225.23724340377456	1234
20130815	123	123	123	243.85788206458093	1234
20130815	123	123	123	246.27849290762896	1234
20130815	123	123	123	256.72786758215784	1234
20130815	123	123	123	258.59911827806405	1234
20130815	123	123	123	253.9117155541971	1234
20130815	123	123	123	245.83828429019232	1234
20130815	123	123	123	246.15384615384613	1234
20130815	123	123	123	219.99884454629452	1234
20130815	123	123	123	223.69230769230768	1234
20130815	123	123	123	204.84188076417584	1234
20130815	123	123	123	204.2326740008534	1234
20130815	123	123	123	196.78933633085504	1234
20130815	123	123	123	193.04866475401744	1234
20130815	123	123	123	190.0	1234
20130815	123	123	123	17.95005409205127	1234
20130815	123	123	123	16.90800343264424	1234
20130815	123	123	123	12.90391976741911	1234
20130815	123	123	123	11.9377128664971	1234
20130815	123	123	123	15.264666979720602	1234
20130815	123	123	123	19.237684941384618	1234
20130815	123	123	123	14.349869498631024	1234
20130815	123	123	123	19.069776233524472	1234
20130815	123	123	123	9.445058834472936	1234
20130815	123	123	123	4.089480891627555	1234
20130815	123	123	123	4.613001477866485	1234
20130815	123	123	123	18.678585791807723	1234
20130815	123	123	123	15.019833607634475	1234
20130815	123	123	123	2.5906227389562497	1234
20130815	123	123	123	13.746265859882953	1234
20130815	123	123	123	9.176649512570416	1234
20130815	123	123	123	12.049939510899627	1234
20130815	123	123	123	2.8065018974421685	1234
20130815	123	123	123	2.426930528228586	1234
20130815	123	123	123	17.896745716515408	1234
20130815	123	123	123	0.4183774309636079	1234
20130815	123	123	123	5.564443188981345	1234
20130815	123	123	123	16.066776984938226	1234
20130815	123	123	123	18.521234603183757	1234
20130815	123	123	123	12.702691713580412	1234
20130815	123	123	123	3.393498639670207	1234
20130815	123	123	123	3.105974952735202	1234
20130815	123	123	123	18.002207976658344	1234
20130815	123	123	123	0.11816025779842754	1234
20130815	123	123	123	12.873831008296824	1234