time startPrice highestPrice lowestPrice endPrice transactionCount
20130815	123	123	123	3.2078218175373063	1234
20130815	123	123	123	15.255707499173521	1234
20130815	123	123	123	1.8997566837371527	1234
20130815	123	123	123	11.920909184231283	1234
20130815	123	123	123	9.321871213493507	1234
20130815	123	123	123	0.7929668102977416	1234
20130815	123	123	123	1.6045730620941145	1234
20130815	123	123	123	18.14751623630854	1234
20130815	123	123	123	0.754332572524683	1234
20130815	123	123	123	14.036317388005447	1234
20130815	123	123	123	18.23235327840329	1234
20130815	123	123	123	12.685903422373233	1234
20130815	123	123	123	17.780257926463264	1234
20130815	123	123	123	8.072078379702452	1234
20130815	123	123	123	18.762865666321765	1234
20130815	123	123	123	9.407019261268912	1234
20130815	123	123	123	3.4734919495007532	1234
20130815	123	123	123	8.634817221677451	1234
20130815	123	123	123	13.80896113600926	1234
20130815	123	123	123	10.084964843652548	1234
20130815	123	123	123	5.739174861041009	1234
20130815	123	123	123	4.482313862958975	1234
20130815	123	123	123	10.651662846734876	1234
20130815	123	123	123	16.669705476931668	1234
20130815	123	123	123	7.839617086138626	1234
20130815	123	123	123	12.591561938089008	1234
20130815	123	123	123	4.329480061893454	1234
20130815	123	123	123	18.051530674660725	1234
20130815	123	123	123	19.430743331846564	1234
20130815	123	123	123	4.0455517669318075	1234
20130815	123	123	123	190.0	1234
20130815	123	123	123	200.95532333797703	1234
20130815	123	123	123	206.00917369508406	1234
20130815	123	123	123	217.4594557741124	1234
20130815	123	123	123	223.52222533893044	1234
20130815	123	123	123	228.38073669450546	1234
20130815	123	123	123	234.3677250757184	1234
20130815	123	123	123	252.46590821760583	1234
20130815	123	123	123	263.23219024349527	1234
20130815	123	123	123	261.23298146981966	1234
20130815	123	123	123	266.03536249148306	1234
20130815	123	123	123	260.3504809741245	1234
20130815	123	123	123	251.66419286997987	1234
20130815	123	123	123	240.69685614032687	1234
20130815	123	123	123	226.55016460985775	1234
20130815	123	123	123	226.783654958662	1234
20130815	123	123	123	212.8563937853519	1234
20130815	123	123	123	196.05981850117192	1234
20130815	123	123	123	193.0	1234
20130815	123	123	123	237.70950162792317	1234
20130815	123	123	123	287.3004797751908	1234
20130815	123	123	123	338.73291329604785	1234
20130815	123	123	123	366.8324689345308	1234
20130815	123	123	123	381.9722042865549	1234
20130815	123	123	123	409.92307692307685	1234
20130815	123	123	123	454.3299757822614	1234
20130815	123	123	123	510.78120074486935	1234
20130815	123	123	123	562.807076974882	1234
20130815	123	123	123	583.062819911667	1234
20130815	123	123	123	604.7390812746174	1234
20130815	123	123	123	631.9552353360435	1234
20130815	123	123	123	635.952180044317	1234
20130815	123	123	123	591.0040605124974	1234
20130815	123	123	123	568.5818816132735	1234
20130815	123	123	123	514.3131714062187	1234
20130815	123	123	123	482.4439888643284	1234
20130815	123	123	123	455.0855108122613	1234
20130815	123	123	123	430.0606755860671	1234
20130815	123	123	123	406.07896835367075	1234
20130815	123	123	123	351.2086633681457	1234
20130815	123	123	123	283.8619729000978	1234
20130815	123	123	123	260.6980682785783	1234
20130815	123	123	123	258.66212784737695	1234
20130815	123	123	123	185.2946212372516	1234
20130815	123	123	123	194.85109574577007	1234
20130815	123	123	123	206.07509813718303	1234
20130815	123	123	123	211.7467028413727	1234
20130815	123	123	123	217.62544083774065	1234
20130815	123	123	123	224.07512355531642	1234
20130815	123	123	123	224.76923076923072	1234
20130815	123	123	123	236.34404760676162	1234
20130815	123	123	123	235.69230769230762	1234
20130815	123	123	123	259.63649137724383	1234
20130815	123	123	123	246.54994631283043	1234
20130815	123	123	123	222.979082644004	1234
20130815	123	123	123	214.2346877751956	1234
20130815	123	123	123	202.33991000686376	1234
20130815	123	123	123	196.94850607150903	1234
20130815	123	123	123	195.6153846153846	1234
20130815	123	123	123	190.0	1234
20130815	123	123	123	9.668289234198431	1234
20130815	123	123	123	3.446778913962054	1234
20130815	123	123	123	13.270866917318694	1234
20130815	123	123	123	6.656372025957918	1234
20130815	123	123	123	15.595171249022412	1234
20130815	123	123	123	2.5226284215837813	1234
20130815	123	123	123	1.5330543466070679	1234
20130815	123	123	123	11.170940843420084	1234
20130815	123	123	123	7.161616583827657	1234
20130815	123	123	123	10.99202664726941	1234
20130815	123	123	123	10.046892656911544	1234
20130815	123	123	123	19.33146093465274	1234
20130815	123	123	123	10.408548366361533	1234
20130815	123	123	123	9.648125699048036	1234
20130815	123	123	123	8.814995459146838	1234
20130815	123	123	123	4.113477378613735	1234
20130815	123	123	123	10.537638919604147	1234
20130815	123	123	123	4.670858482935085	1234
20130815	123	123	123	12.79411625708615	1234
20130815	123	123	123	5.140191206002667	1234
20130815	123	123	123	14.810426248739969	1234
20130815	123	123	123	7.526587233774182	1234
20130815	123	123	123	18.200264684859036	1234
20130815	123	123	123	15.572472752831878	1234
20130815	123	123	123	18.17877603491463	1234
20130815	123	123	123	13.895016979441468	1234
20130815	123	123	123	6.491763005804046	1234
20130815	123	123	123	10.69978698817498	1234
20130815	123	123	123	1.8572543360725469	1234
20130815	123	123	123	12.795871415621995	1234