time startPrice highestPrice lowestPrice endPrice transactionCount
20130815	123	123	123	4.075887935419463	1234
20130815	123	123	123	1.5501516174340924	1234
20130815	123	123	123	19.767911573497734	1234
20130815	123	123	123	0.47045050248211373	1234
20130815	123	123	123	11.75679742735667	1234
20130815	123	123	123	2.952575153482264	1234
20130815	123	123	123	9.33105195425826	1234
20130815	123	123	123	6.50871089668652	1234
20130815	123	123	123	4.647593745245562	1234
20130815	123	123	123	10.473636541829867	1234
20130815	123	123	123	4.097689731704461	1234
20130815	123	123	123	4.473026573704118	1234
20130815	123	123	123	11.752898615039381	1234
20130815	123	123	123	11.972419704922519	1234
20130815	123	123	123	19.682198600825632	1234
20130815	123	123	123	17.42352951532332	1234
20130815	123	123	123	12.03850965836181	1234
20130815	123	123	123	10.705891763170518	1234
20130815	123	123	123	18.112434229999284	1234
20130815	123	123	123	1.0940522723709556	1234
20130815	123	123	123	17.81285614610575	1234
20130815	123	123	123	10.664272179959948	1234
20130815	123	123	123	10.340002518592968	1234
20130815	123	123	123	7.503417645102504	1234
20130815	123	123	123	2.561297576397865	1234
20130815	123	123	123	8.722066438079048	1234
20130815	123	123	123	2.4907784541094435	1234
20130815	123	123	123	16.342165606024327	1234
20130815	123	123	123	10.328594791185719	1234
20130815	123	123	123	12.677634410895998	1234
20130815	123	123	123	193.29662621319065	1234
20130815	123	123	123	201.84615384615387	1234
20130815	123	123	123	208.3525257463353	1234
20130815	123	123	123	224.50361398803614	1234
20130815	123	123	123	219.61538461538467	1234
20130815	123	123	123	231.46153846153854	1234
20130815	123	123	123	252.02471546060437	1234
20130815	123	123	123	257.1779337319483	1234
20130815	123	123	123	265.1526526230135	1234
20130815	123	123	123	266.69600933262507	1234
20130815	123	123	123	249.1401554043722	1234
20130815	123	123	123	247.63690298760267	1234
20130815	123	123	123	240.62748684030177	1234
20130815	123	123	123	238.29028200961827	1234
20130815	123	123	123	231.41023543472355	1234
20130815	123	123	123	221.46153846153857	1234
20130815	123	123	123	214.62973963735274	1234
20130815	123	123	123	205.768956714078	1234
20130815	123	123	123	193.39592503596387	1234
20130815	123	123	123	226.06082220114786	1234
20130815	123	123	123	252.28975267341127	1234
20130815	123	123	123	274.63005244428103	1234
20130815	123	123	123	332.59692490613895	1234
20130815	123	123	123	390.7416561552484	1234
20130815	123	123	123	403.68166169828993	1234
20130815	123	123	123	472.46466881539374	1234
20130815	123	123	123	535.9081846438127	1234
20130815	123	123	123	570.6829358887892	1234
20130815	123	123	123	603.6405418776325	1234
20130815	123	123	123	608.9743265157546	1234
20130815	123	123	123	643.9509957403671	1234
20130815	123	123	123	510.19361658641674	1234
20130815	123	123	123	516.5265216053727	1234
20130815	123	123	123	507.0553949865011	1234
20130815	123	123	123	475.0756910922483	1234
20130815	123	123	123	389.1368187623093	1234
20130815	123	123	123	391.9624968518681	1234
20130815	123	123	123	369.4845597404209	1234
20130815	123	123	123	272.41917503280496	1234
20130815	123	123	123	245.80417619427033	1234
20130815	123	123	123	223.4260579083811	1234
20130815	123	123	123	193.0538551461768	1234
20130815	123	123	123	197.46153846153845	1234
20130815	123	123	123	207.48084244916026	1234
20130815	123	123	123	216.6643371575165	1234
20130815	123	123	123	222.3810296738259	1234
20130815	123	123	123	242.36378117805435	1234
20130815	123	123	123	243.98301068906068	1234
20130815	123	123	123	248.30487704354582	1234
20130815	123	123	123	264.33270531146445	1234
20130815	123	123	123	258.2987045780141	1234
20130815	123	123	123	250.41800741672648	1234
20130815	123	123	123	248.24405967045487	1234
20130815	123	123	123	227.70226050935193	1234
20130815	123	123	123	226.92660473485026	1234
20130815	123	123	123	218.45797570956393	1234
20130815	123	123	123	209.46164139490875	1234
20130815	123	123	123	191.9739868126159	1234
20130815	123	123	123	192.07383398417005	1234
20130815	123	123	123	190.0	1234
20130815	123	123	123	15.070159259368767	1234
20130815	123	123	123	10.717366717643648	1234
20130815	123	123	123	19.389427936027218	1234
20130815	123	123	123	16.929959320488837	1234
20130815	123	123	123	5.2945544665765665	1234
20130815	123	123	123	4.3264351613046	1234
20130815	123	123	123	4.216356362692926	1234
20130815	123	123	123	0.8420432620779361	1234
20130815	123	123	123	9.302656154733288	1234
20130815	123	123	123	8.24415438980196	1234
20130815	123	123	123	6.64915072090376	1234
20130815	123	123	123	8.766166146281073	1234
20130815	123	123	123	13.207063249232846	1234
20130815	123	123	123	17.24539341634032	1234
20130815	123	123	123	9.688966255083248	1234
20130815	123	123	123	5.2569912329133555	1234
20130815	123	123	123	19.778854209657723	1234
20130815	123	123	123	17.949289804921015	1234
20130815	123	123	123	5.485338316036133	1234
20130815	123	123	123	14.174311246344278	1234
20130815	123	123	123	1.014752856836223	1234
20130815	123	123	123	14.058932026585575	1234
20130815	123	123	123	2.8535387356172293	1234
20130815	123	123	123	6.177995296303176	1234
20130815	123	123	123	15.918541881682371	1234
20130815	123	123	123	7.5838882338571345	1234
20130815	123	123	123	9.054334858922516	1234
20130815	123	123	123	15.54348017029849	1234
20130815	123	123	123	7.535429096529873	1234
20130815	123	123	123	9.17117908872376	1234