time startPrice highestPrice lowestPrice endPrice transactionCount
20130815	123	123	123	2.493776244450614	1234
20130815	123	123	123	0.8216197494940292	1234
20130815	123	123	123	8.073550509594877	1234
20130815	123	123	123	6.736596146258806	1234
20130815	123	123	123	13.935989815937393	1234
20130815	123	123	123	1.033103159274098	1234
20130815	123	123	123	2.295833923385917	1234
20130815	123	123	123	12.718373433741277	1234
20130815	123	123	123	3.638079351075487	1234
20130815	123	123	123	7.918074492473726	1234
20130815	123	123	123	0.46645035431399196	1234
20130815	123	123	123	7.790162304214732	1234
20130815	123	123	123	13.16032714709798	1234
20130815	123	123	123	7.359028494595268	1234
20130815	123	123	123	15.276491257786553	1234
20130815	123	123	123	16.65402497614981	1234
20130815	123	123	123	16.89920061523322	1234
20130815	123	123	123	12.534217023827633	1234
20130815	123	123	123	3.6644169819173866	1234
20130815	123	123	123	13.992304134305522	1234
20130815	123	123	123	14.630945922230334	1234
20130815	123	123	123	6.355831885148746	1234
20130815	123	123	123	8.324889900113256	1234
20130815	123	123	123	19.256433820605736	1234
20130815	123	123	123	7.438693599187931	1234
20130815	123	123	123	0.9435777368715903	1234
20130815	123	123	123	18.529148617894503	1234
20130815	123	123	123	16.716540074730766	1234
20130815	123	123	123	13.649644937796985	1234
20130815	123	123	123	3.987760227187298	1234
20130815	123	123	123	191.86085154921867	1234
20130815	123	123	123	206.09531077723335	1234
20130815	123	123	123	206.68489576600152	1234
20130815	123	123	123	215.78459965589795	1234
20130815	123	123	123	223.29358078319262	1234
20130815	123	123	123	231.41848452789404	1234
20130815	123	123	123	231.46153846153854	1234
20130815	123	123	123	238.93273869322368	1234
20130815	123	123	123	257.7041918771553	1234
20130815	123	123	123	257.8590775718902	1234
20130815	123	123	123	245.36150253735153	1234
20130815	123	123	123	237.80535638544032	1234
20130815	123	123	123	227.6361425716673	1234
20130815	123	123	123	219.64003237267812	1234
20130815	123	123	123	214.59544757348252	1234
20130815	123	123	123	214.54391760876533	1234
20130815	123	123	123	206.752079153851	1234
20130815	123	123	123	200.02712630331868	1234
20130815	123	123	123	195.61493732944862	1234
20130815	123	123	123	238.0444452320567	1234
20130815	123	123	123	229.15384615384616	1234
20130815	123	123	123	273.9611250850957	1234
20130815	123	123	123	314.23972850826556	1234
20130815	123	123	123	405.9707516897635	1234
20130815	123	123	123	435.3659206623244	1234
20130815	123	123	123	486.998471406128	1234
20130815	123	123	123	518.6304419612816	1234
20130815	123	123	123	518.3846153846152	1234
20130815	123	123	123	569.6602470405319	1234
20130815	123	123	123	597.2266438813368	1234
20130815	123	123	123	636.7310831009961	1234
20130815	123	123	123	608.1968360968139	1234
20130815	123	123	123	578.0410722217475	1234
20130815	123	123	123	492.4134893358953	1234
20130815	123	123	123	510.4802661191481	1234
20130815	123	123	123	450.4495263428978	1234
20130815	123	123	123	407.4504152717552	1234
20130815	123	123	123	394.39441480393054	1234
20130815	123	123	123	367.36839803494496	1234
20130815	123	123	123	291.7737466189215	1234
20130815	123	123	123	277.93076535720445	1234
20130815	123	123	123	259.4965483125221	1234
20130815	123	123	123	210.59289226522648	1234
20130815	123	123	123	194.17670700700495	1234
20130815	123	123	123	205.90466674093244	1234
20130815	123	123	123	206.55313246320085	1234
20130815	123	123	123	212.74312778378575	1234
20130815	123	123	123	236.83523297476347	1234
20130815	123	123	123	238.8001671892074	1234
20130815	123	123	123	244.85820423739048	1234
20130815	123	123	123	260.80574176148343	1234
20130815	123	123	123	257.7091747722384	1234
20130815	123	123	123	257.38461538461536	1234
20130815	123	123	123	215.32846406578264	1234
20130815	123	123	123	217.72506840281793	1234
20130815	123	123	123	208.72419415369677	1234
20130815	123	123	123	204.51128245959575	1234
20130815	123	123	123	199.75595894127434	1234
20130815	123	123	123	186.12311521437937	1234
20130815	123	123	123	190.0	1234
20130815	123	123	123	11.502652346037994	1234
20130815	123	123	123	0.6357257736235833	1234
20130815	123	123	123	2.053473818586471	1234
20130815	123	123	123	19.53179333430531	1234
20130815	123	123	123	1.5627572620605013	1234
20130815	123	123	123	0.9212111703005554	1234
20130815	123	123	123	15.942580113787507	1234
20130815	123	123	123	9.00482252997763	1234
20130815	123	123	123	15.80120828268575	1234
20130815	123	123	123	10.717785212118178	1234
20130815	123	123	123	13.409386890275108	1234
20130815	123	123	123	17.260921861014452	1234
20130815	123	123	123	12.303270241604098	1234
20130815	123	123	123	14.147301800120955	1234
20130815	123	123	123	16.855382083740288	1234
20130815	123	123	123	7.932127852658177	1234
20130815	123	123	123	19.727356975589764	1234
20130815	123	123	123	19.761240165093902	1234
20130815	123	123	123	7.811157318895756	1234
20130815	123	123	123	12.578334556623783	1234
20130815	123	123	123	5.526030664748514	1234
20130815	123	123	123	3.2616221971193937	1234
20130815	123	123	123	1.936212837948097	1234
20130815	123	123	123	18.917865408948845	1234
20130815	123	123	123	14.171297448043118	1234
20130815	123	123	123	11.658873762277029	1234
20130815	123	123	123	13.461836185307039	1234
20130815	123	123	123	4.848317105274706	1234
20130815	123	123	123	16.454137482944873	1234
20130815	123	123	123	0.27347902251632084	1234