time startPrice highestPrice lowestPrice endPrice transactionCount
20130815	123	123	123	11.0279169750767	1234
20130815	123	123	123	16.690100338708174	1234
20130815	123	123	123	9.764925714480135	1234
20130815	123	123	123	11.728430330865429	1234
20130815	123	123	123	4.24881006453206	1234
20130815	123	123	123	9.1405870289061	1234
20130815	123	123	123	17.81582030860709	1234
20130815	123	123	123	7.640327801197422	1234
20130815	123	123	123	11.121194639906435	1234
20130815	123	123	123	6.984577537653975	1234
20130815	123	123	123	7.821864519130863	1234
20130815	123	123	123	5.636527354351559	1234
20130815	123	123	123	17.153967428723853	1234
20130815	123	123	123	4.941931786603728	1234
20130815	123	123	123	11.082691325139667	1234
20130815	123	123	123	0.4647981096305953	1234
20130815	123	123	123	8.084403668488626	1234
20130815	123	123	123	10.22599772630199	1234
20130815	123	123	123	0.10227907400083058	1234
20130815	123	123	123	12.192791673764651	1234
20130815	123	123	123	0.06633009847686777	1234
20130815	123	123	123	7.7795723887603625	1234
20130815	123	123	123	6.168872891782076	1234
20130815	123	123	123	10.453561789579984	1234
20130815	123	123	123	17.73154983802162	1234
20130815	123	123	123	7.719589431098579	1234
20130815	123	123	123	3.1971354387514506	1234
20130815	123	123	123	7.523654886478209	1234
20130815	123	123	123	11.047977550093455	1234
20130815	123	123	123	6.016533741088419	1234
20130815	123	123	123	190.0	1234
20130815	123	123	123	205.8449999858079	1234
20130815	123	123	123	210.5177821940693	1234
20130815	123	123	123	228.98526460380313	1234
20130815	123	123	123	236.91047813393945	1234
20130815	123	123	123	252.73078000267014	1234
20130815	123	123	123	255.28927459085642	1234
20130815	123	123	123	269.2809369485635	1234
20130815	123	123	123	262.7217183418662	1234
20130815	123	123	123	255.61538461538464	1234
20130815	123	123	123	248.0917559534675	1234
20130815	123	123	123	244.23076923076928	1234
20130815	123	123	123	234.98123868536643	1234
20130815	123	123	123	223.15756819728205	1234
20130815	123	123	123	190.2978766094369	1234
20130815	123	123	123	233.13136690751247	1234
20130815	123	123	123	259.5278090085111	1234
20130815	123	123	123	331.98031317499624	1234
20130815	123	123	123	375.0528031668028	1234
20130815	123	123	123	415.9593466893523	1234
20130815	123	123	123	417.7372266536531	1234
20130815	123	123	123	487.0733408082799	1234
20130815	123	123	123	484.0458249568782	1234
20130815	123	123	123	560.6228292328699	1234
20130815	123	123	123	575.9056886078096	1234
20130815	123	123	123	591.6353613385215	1234
20130815	123	123	123	626.8461538461538	1234
20130815	123	123	123	663.0	1234
20130815	123	123	123	626.7692307692307	1234
20130815	123	123	123	545.5899315932484	1234
20130815	123	123	123	515.2348185191021	1234
20130815	123	123	123	480.5971049848392	1234
20130815	123	123	123	433.277694935679	1234
20130815	123	123	123	415.1901474378292	1234
20130815	123	123	123	390.13348751520556	1234
20130815	123	123	123	373.15384615384596	1234
20130815	123	123	123	288.3033051223655	1234
20130815	123	123	123	263.74358822221706	1234
20130815	123	123	123	262.98325642058336	1234
20130815	123	123	123	228.23076923076906	1234
20130815	123	123	123	198.11431094027395	1234
20130815	123	123	123	211.60036217672396	1234
20130815	123	123	123	208.38461538461536	1234
20130815	123	123	123	218.5566534682365	1234
20130815	123	123	123	219.75107843713	1234
20130815	123	123	123	230.80260408234258	1234
20130815	123	123	123	230.6350562439459	1234
20130815	123	123	123	240.0975613342936	1234
20130815	123	123	123	250.2638179440383	1234
20130815	123	123	123	260.13853096274676	1234
20130815	123	123	123	263.0	1234
20130815	123	123	123	245.67307866986076	1234
20130815	123	123	123	240.4213970033571	1234
20130815	123	123	123	233.40795555360953	1234
20130815	123	123	123	226.1433423734669	1234
20130815	123	123	123	221.85378108433343	1234
20130815	123	123	123	200.64377005556852	1234
20130815	123	123	123	204.32899431918986	1234
20130815	123	123	123	188.67837358388581	1234
20130815	123	123	123	190.0	1234
20130815	123	123	123	2.125124427953873	1234
20130815	123	123	123	0.019533702475447168	1234
20130815	123	123	123	0.04247823079914559	1234
20130815	123	123	123	4.610373928114056	1234
20130815	123	123	123	3.6157328289920154	1234
20130815	123	123	123	11.986388211661074	1234
20130815	123	123	123	10.225934079506365	1234
20130815	123	123	123	12.965564690548408	1234
20130815	123	123	123	5.894256842103536	1234
20130815	123	123	123	15.766654199085938	1234
20130815	123	123	123	10.952596555069485	1234
20130815	123	123	123	9.493472572236076	1234
20130815	123	123	123	19.26078817233132	1234
20130815	123	123	123	1.2738592839013996	1234
20130815	123	123	123	13.965311036779378	1234
20130815	123	123	123	18.321347480981807	1234
20130815	123	123	123	19.148156389679954	1234
20130815	123	123	123	9.160682541864576	1234
20130815	123	123	123	10.022725907909484	1234
20130815	123	123	123	14.56274652240807	1234
20130815	123	123	123	15.553181977244009	1234
20130815	123	123	123	18.858398678119347	1234
20130815	123	123	123	17.77414557135725	1234
20130815	123	123	123	9.54510100408205	1234
20130815	123	123	123	8.251030316545773	1234
20130815	123	123	123	8.57816843348169	1234
20130815	123	123	123	10.942199776356023	1234
20130815	123	123	123	6.375893542770501	1234
20130815	123	123	123	14.409485212033717	1234
20130815	123	123	123	1.102902279863216	1234