time startPrice highestPrice lowestPrice endPrice transactionCount
20130815	123	123	123	18.15042971389207	1234
20130815	123	123	123	19.245763156002425	1234
20130815	123	123	123	15.517585214629717	1234
20130815	123	123	123	11.138676898686846	1234
20130815	123	123	123	9.735102148385488	1234
20130815	123	123	123	3.6897398531218295	1234
20130815	123	123	123	11.990229863914115	1234
20130815	123	123	123	9.987167075140013	1234
20130815	123	123	123	4.675527326528246	1234
20130815	123	123	123	19.654144246365554	1234
20130815	123	123	123	4.7773220145075435	1234
20130815	123	123	123	17.33056022455403	1234
20130815	123	123	123	3.1192697343764264	1234
20130815	123	123	123	16.87879954238985	1234
20130815	123	123	123	5.103037409969651	1234
20130815	123	123	123	17.292412321260098	1234
20130815	123	123	123	16.495913733355234	1234
20130815	123	123	123	10.549864789136052	1234
20130815	123	123	123	19.728080210015378	1234
20130815	123	123	123	9.582278159607188	1234
20130815	123	123	123	0.8498434590369097	1234
20130815	123	123	123	6.9148964150681325	1234
20130815	123	123	123	18.843399916399918	1234
20130815	123	123	123	0.01022762691254453	1234
20130815	123	123	123	1.7791862622734866	1234
20130815	123	123	123	19.31220740663803	1234
20130815	123	123	123	18.060613395215498	1234
20130815	123	123	123	18.703561792512563	1234
20130815	123	123	123	5.732498878415742	1234
20130815	123	123	123	7.593646906659604	1234
20130815	123	123	123	195.8132598994994	1234
20130815	123	123	123	202.88221082862947	1234
20130815	123	123	123	201.84615384615387	1234
20130815	123	123	123	221.99329574102381	1234
20130815	123	123	123	230.58082349723745	1234
20130815	123	123	123	238.35717605554964	1234
20130815	123	123	123	241.77523204844397	1234
20130815	123	123	123	249.6486043479477	1234
20130815	123	123	123	254.9735985423689	1234
20130815	123	123	123	259.91167460187313	1234
20130815	123	123	123	262.85979656370546	1234
20130815	123	123	123	252.69354451719792	1234
20130815	123	123	123	249.92307692307696	1234
20130815	123	123	123	242.38068864118623	1234
20130815	123	123	123	232.50981264958062	1234
20130815	123	123	123	227.73090736294856	1234
20130815	123	123	123	225.39295023929554	1234
20130815	123	123	123	218.64710379837618	1234
20130815	123	123	123	205.83233496799258	1234
20130815	123	123	123	204.31177686699266	1234
20130815	123	123	123	197.9798007274681	1234
20130815	123	123	123	205.1758134971222	1234
20130815	123	123	123	251.65784205808077	1234
20130815	123	123	123	288.5202938673871	1234
20130815	123	123	123	325.4565079366146	1234
20130815	123	123	123	348.47119610956423	1234
20130815	123	123	123	409.42760271934776	1234
20130815	123	123	123	444.4933553755074	1234
20130815	123	123	123	482.4070845691919	1234
20130815	123	123	123	529.1601183398828	1234
20130815	123	123	123	518.3846153846152	1234
20130815	123	123	123	575.1855242459992	1234
20130815	123	123	123	654.246503087561	1234
20130815	123	123	123	633.1364124134581	1234
20130815	123	123	123	611.6119908809825	1234
20130815	123	123	123	590.5384615384614	1234
20130815	123	123	123	517.8159036300789	1234
20130815	123	123	123	517.1365726437841	1234
20130815	123	123	123	447.84817890420476	1234
20130815	123	123	123	421.03655400148284	1234
20130815	123	123	123	374.3246920044757	1234
20130815	123	123	123	341.31601085583736	1234
20130815	123	123	123	293.72718130269186	1234
20130815	123	123	123	293.27214163449844	1234
20130815	123	123	123	255.99576194927752	1234
20130815	123	123	123	166.35487514344356	1234
20130815	123	123	123	199.78542984531313	1234
20130815	123	123	123	212.0943079577496	1234
20130815	123	123	123	215.04302956414097	1234
20130815	123	123	123	219.78373170290698	1234
20130815	123	123	123	229.06082787905007	1234
20130815	123	123	123	241.15384615384608	1234
20130815	123	123	123	266.3224116596919	1234
20130815	123	123	123	256.48281152816674	1234
20130815	123	123	123	254.43639209417785	1234
20130815	123	123	123	247.9365869506026	1234
20130815	123	123	123	236.83103672901612	1234
20130815	123	123	123	230.83279035523213	1234
20130815	123	123	123	208.4201972413799	1234
20130815	123	123	123	190.0	1234
20130815	123	123	123	3.869848356508885	1234
20130815	123	123	123	19.014618354043638	1234
20130815	123	123	123	13.059321069247883	1234
20130815	123	123	123	11.595707792783204	1234
20130815	123	123	123	17.89277407135856	1234
20130815	123	123	123	5.596836907574754	1234
20130815	123	123	123	4.480239967618527	1234
20130815	123	123	123	7.614652904706592	1234
20130815	123	123	123	6.84060760124547	1234
20130815	123	123	123	6.239547624718491	1234
20130815	123	123	123	4.5366504305003685	1234
20130815	123	123	123	15.767126070669795	1234
20130815	123	123	123	2.2939157435433977	1234
20130815	123	123	123	18.79020245748593	1234
20130815	123	123	123	13.099921841205074	1234
20130815	123	123	123	5.66849922350835	1234
20130815	123	123	123	17.253064127455556	1234
20130815	123	123	123	11.856082807971788	1234
20130815	123	123	123	19.16421413559764	1234
20130815	123	123	123	8.036995137570614	1234
20130815	123	123	123	14.865203473359545	1234
20130815	123	123	123	15.965769803460185	1234
20130815	123	123	123	9.916716717722188	1234
20130815	123	123	123	0.63238655979442	1234
20130815	123	123	123	18.81569945099423	1234
20130815	123	123	123	10.483960196589406	1234
20130815	123	123	123	2.4736175495939294	1234
20130815	123	123	123	18.3638779787371	1234
20130815	123	123	123	14.578958992293865	1234
20130815	123	123	123	10.811488687836064	1234