time startPrice highestPrice lowestPrice endPrice transactionCount
20130815	123	123	123	5.199177905695523	1234
20130815	123	123	123	12.674484371599918	1234
20130815	123	123	123	8.496180829075026	1234
20130815	123	123	123	1.9096431730399233	1234
20130815	123	123	123	5.137238566491411	1234
20130815	123	123	123	4.3064330857357795	1234
20130815	123	123	123	15.930531114863735	1234
20130815	123	123	123	12.823698428288752	1234
20130815	123	123	123	12.726169724794982	1234
20130815	123	123	123	0.4546471452396039	1234
20130815	123	123	123	13.003693161659182	1234
20130815	123	123	123	6.648105509978281	1234
20130815	123	123	123	0.4456458128971641	1234
20130815	123	123	123	18.509219306578125	1234
20130815	123	123	123	9.610871320095132	1234
20130815	123	123	123	9.62212884345279	1234
20130815	123	123	123	0.04047654832401992	1234
20130815	123	123	123	18.810482578874282	1234
20130815	123	123	123	1.5882331972334174	1234
20130815	123	123	123	13.897715621772456	1234
20130815	123	123	123	10.985032789531148	1234
20130815	123	123	123	16.09853528881954	1234
20130815	123	123	123	7.45592912995374	1234
20130815	123	123	123	11.42937183780634	1234
20130815	123	123	123	0.7528096092222958	1234
20130815	123	123	123	11.644401042933838	1234
20130815	123	123	123	1.7028739701099571	1234
20130815	123	123	123	11.673415066718295	1234
20130815	123	123	123	17.072394043439203	1234
20130815	123	123	123	9.159129142809768	1234
20130815	123	123	123	192.57080062179395	1234
20130815	123	123	123	198.3144219014267	1234
20130815	123	123	123	201.84615384615387	1234
20130815	123	123	123	211.61385907268303	1234
20130815	123	123	123	218.22096144463376	1234
20130815	123	123	123	235.7578544969441	1234
20130815	123	123	123	232.30835866518484	1234
20130815	123	123	123	247.75924109879256	1234
20130815	123	123	123	248.56900661436072	1234
20130815	123	123	123	252.24350707506474	1234
20130815	123	123	123	258.638348322042	1234
20130815	123	123	123	265.5593325347496	1234
20130815	123	123	123	260.68199076676984	1234
20130815	123	123	123	253.90622084109341	1234
20130815	123	123	123	229.54660861023336	1234
20130815	123	123	123	228.67139710047596	1234
20130815	123	123	123	218.09837241784626	1234
20130815	123	123	123	215.7692307692309	1234
20130815	123	123	123	205.90085872619764	1234
20130815	123	123	123	203.80665193281945	1234
20130815	123	123	123	194.30357370036063	1234
20130815	123	123	123	216.27099174140756	1234
20130815	123	123	123	229.15384615384616	1234
20130815	123	123	123	330.23379785341155	1234
20130815	123	123	123	428.50693051470324	1234
20130815	123	123	123	471.7950806918049	1234
20130815	123	123	123	527.1276589902153	1234
20130815	123	123	123	544.7770675823641	1234
20130815	123	123	123	588.7911751488883	1234
20130815	123	123	123	641.5610727575154	1234
20130815	123	123	123	631.4677805939048	1234
20130815	123	123	123	623.1569930860686	1234
20130815	123	123	123	514.3107052495285	1234
20130815	123	123	123	420.8138653501293	1234
20130815	123	123	123	376.60680437404386	1234
20130815	123	123	123	330.0400316255971	1234
20130815	123	123	123	300.16616127611	1234
20130815	123	123	123	283.38894405119436	1234
20130815	123	123	123	200.91900108697246	1234
20130815	123	123	123	195.89649564661167	1234
20130815	123	123	123	199.09317149008456	1234
20130815	123	123	123	207.83227617417523	1234
20130815	123	123	123	225.18405699374767	1234
20130815	123	123	123	223.20645944762848	1234
20130815	123	123	123	228.9692928315104	1234
20130815	123	123	123	230.84971959486512	1234
20130815	123	123	123	238.14243855852249	1234
20130815	123	123	123	244.89795472883372	1234
20130815	123	123	123	251.88590998844955	1234
20130815	123	123	123	260.8878643327052	1234
20130815	123	123	123	243.3017454713202	1234
20130815	123	123	123	238.68377454627492	1234
20130815	123	123	123	227.9625572812047	1234
20130815	123	123	123	217.95130134093137	1234
20130815	123	123	123	214.49697007020688	1234
20130815	123	123	123	203.62856894063933	1234
20130815	123	123	123	202.1913669685594	1234
20130815	123	123	123	200.98978693931082	1234
20130815	123	123	123	186.96981706816402	1234
20130815	123	123	123	190.0	1234
20130815	123	123	123	16.288713984880715	1234
20130815	123	123	123	18.077678911321165	1234
20130815	123	123	123	16.745650663853027	1234
20130815	123	123	123	9.002929641164423	1234
20130815	123	123	123	11.745421721058626	1234
20130815	123	123	123	7.581036254522983	1234
20130815	123	123	123	15.623454352238111	1234
20130815	123	123	123	7.267227469896778	1234
20130815	123	123	123	14.592996526054167	1234
20130815	123	123	123	17.205378613179032	1234
20130815	123	123	123	19.978843948408397	1234
20130815	123	123	123	18.978280633472824	1234
20130815	123	123	123	18.740778689628687	1234
20130815	123	123	123	12.31097301690552	1234
20130815	123	123	123	10.786995112229647	1234
20130815	123	123	123	17.971813741709965	1234
20130815	123	123	123	15.12792219369777	1234
20130815	123	123	123	12.199405214968378	1234
20130815	123	123	123	19.31593962854486	1234
20130815	123	123	123	19.913875980068074	1234
20130815	123	123	123	6.063587712848291	1234
20130815	123	123	123	0.486589868771099	1234
20130815	123	123	123	14.951497749453308	1234
20130815	123	123	123	9.493929303681416	1234
20130815	123	123	123	18.5594701218793	1234
20130815	123	123	123	10.031618691376163	1234
20130815	123	123	123	4.324414381368513	1234
20130815	123	123	123	7.9919521652175245	1234
20130815	123	123	123	14.404284064530675	1234
20130815	123	123	123	5.195489592048856	1234