time startPrice highestPrice lowestPrice endPrice transactionCount
20130815	123	123	123	9.562197795592294	1234
20130815	123	123	123	9.46178056609774	1234
20130815	123	123	123	1.7937380961842253	1234
20130815	123	123	123	9.462773202582206	1234
20130815	123	123	123	5.017394207904349	1234
20130815	123	123	123	3.8794343258511277	1234
20130815	123	123	123	7.125413559939693	1234
20130815	123	123	123	8.49010620059639	1234
20130815	123	123	123	5.755255558534859	1234
20130815	123	123	123	16.319474932751515	1234
20130815	123	123	123	15.820053041639465	1234
20130815	123	123	123	4.558454826023093	1234
20130815	123	123	123	6.430626138782191	1234
20130815	123	123	123	11.856037398486254	1234
20130815	123	123	123	15.977297144904005	1234
20130815	123	123	123	3.340097055672444	1234
20130815	123	123	123	11.754557448315094	1234
20130815	123	123	123	4.225805042510064	1234
20130815	123	123	123	12.44410303550514	1234
20130815	123	123	123	2.8478068994519834	1234
20130815	123	123	123	11.791356032745409	1234
20130815	123	123	123	16.20640891818256	1234
20130815	123	123	123	18.999387485745554	1234
20130815	123	123	123	19.26202710665369	1234
20130815	123	123	123	15.116672151930377	1234
20130815	123	123	123	19.671819550877277	1234
20130815	123	123	123	9.718380764652373	1234
20130815	123	123	123	6.676052836991078	1234
20130815	123	123	123	13.494465628934687	1234
20130815	123	123	123	13.460102310894797	1234
20130815	123	123	123	205.9946541872388	1234
20130815	123	123	123	218.67466812581435	1234
20130815	123	123	123	219.61538461538467	1234
20130815	123	123	123	231.9013824304344	1234
20130815	123	123	123	234.38169312965766	1234
20130815	123	123	123	251.1594898156596	1234
20130815	123	123	123	252.51377346912216	1234
20130815	123	123	123	255.15384615384627	1234
20130815	123	123	123	262.6951933298921	1234
20130815	123	123	123	253.48342336201944	1234
20130815	123	123	123	241.49205940659553	1234
20130815	123	123	123	238.5384615384616	1234
20130815	123	123	123	218.63727542348133	1234
20130815	123	123	123	215.7692307692309	1234
20130815	123	123	123	207.4313890583484	1234
20130815	123	123	123	197.38097097691616	1234
20130815	123	123	123	193.0	1234
20130815	123	123	123	255.68398032312336	1234
20130815	123	123	123	282.7464583467586	1234
20130815	123	123	123	319.57494909020403	1234
20130815	123	123	123	370.19320863677035	1234
20130815	123	123	123	414.96958771346846	1234
20130815	123	123	123	438.52766327359217	1234
20130815	123	123	123	472.53891500910936	1234
20130815	123	123	123	482.2307692307691	1234
20130815	123	123	123	569.4599704102817	1234
20130815	123	123	123	562.4675722251253	1234
20130815	123	123	123	631.3325179100433	1234
20130815	123	123	123	680.5723190961785	1234
20130815	123	123	123	622.1356829077682	1234
20130815	123	123	123	588.4416412286357	1234
20130815	123	123	123	564.1725379144367	1234
20130815	123	123	123	525.4028249712226	1234
20130815	123	123	123	518.0769230769229	1234
20130815	123	123	123	453.79476243722837	1234
20130815	123	123	123	408.62969144357635	1234
20130815	123	123	123	351.62711737429413	1234
20130815	123	123	123	366.7950879551141	1234
20130815	123	123	123	277.4189391233359	1234
20130815	123	123	123	245.66042923692189	1234
20130815	123	123	123	205.14765588226908	1234
20130815	123	123	123	194.10251148835178	1234
20130815	123	123	123	234.8674219131819	1234
20130815	123	123	123	239.69541671070968	1234
20130815	123	123	123	242.24711309722844	1234
20130815	123	123	123	253.83006535083578	1234
20130815	123	123	123	252.66661143246017	1234
20130815	123	123	123	261.0799488769689	1234
20130815	123	123	123	260.5671150666329	1234
20130815	123	123	123	251.16081283607315	1234
20130815	123	123	123	240.05338631873678	1234
20130815	123	123	123	230.40390029495055	1234
20130815	123	123	123	234.23140912229854	1234
20130815	123	123	123	228.449786350202	1234
20130815	123	123	123	220.5200003902373	1234
20130815	123	123	123	214.04641597192904	1234
20130815	123	123	123	207.32200860035078	1234
20130815	123	123	123	200.8413479072896	1234
20130815	123	123	123	190.44140852459637	1234
20130815	123	123	123	190.0	1234
20130815	123	123	123	0.29365823082288633	1234
20130815	123	123	123	11.404385425557953	1234
20130815	123	123	123	17.375220730197007	1234
20130815	123	123	123	19.86469617130848	1234
20130815	123	123	123	1.0468707468681804	1234
20130815	123	123	123	1.987658223905855	1234
20130815	123	123	123	2.7873085339294468	1234
20130815	123	123	123	3.8611587848205575	1234
20130815	123	123	123	19.94720478860225	1234
20130815	123	123	123	7.140858300677289	1234
20130815	123	123	123	7.087922194851711	1234
20130815	123	123	123	3.1070886215203575	1234
20130815	123	123	123	16.159647046551363	1234
20130815	123	123	123	15.629814754703128	1234
20130815	123	123	123	3.559556882510486	1234
20130815	123	123	123	1.3037344287838892	1234
20130815	123	123	123	12.478156940155628	1234
20130815	123	123	123	4.424228555462985	1234
20130815	123	123	123	12.982516823362879	1234
20130815	123	123	123	2.6835643640471685	1234
20130815	123	123	123	8.455878091316773	1234
20130815	123	123	123	4.463788091141156	1234
20130815	123	123	123	14.083482809432077	1234
20130815	123	123	123	11.188870190932565	1234
20130815	123	123	123	15.126558354642071	1234
20130815	123	123	123	6.987201425274769	1234
20130815	123	123	123	14.15469054089163	1234
20130815	123	123	123	4.3322388964264675	1234
20130815	123	123	123	16.918367674521583	1234
20130815	123	123	123	17.61225262500258	1234