time startPrice highestPrice lowestPrice endPrice transactionCount
20130815	123	123	123	12.658940055658494	1234
20130815	123	123	123	7.884576169307309	1234
20130815	123	123	123	14.424423291941174	1234
20130815	123	123	123	10.929679986519838	1234
20130815	123	123	123	15.36717158865123	1234
20130815	123	123	123	3.5855087662489815	1234
20130815	123	123	123	13.627063395293504	1234
20130815	123	123	123	6.177482649807415	1234
20130815	123	123	123	18.788938994738473	1234
20130815	123	123	123	19.857478248502215	1234
20130815	123	123	123	2.4645973661080722	1234
20130815	123	123	123	5.873729870852767	1234
20130815	123	123	123	8.006494850811814	1234
20130815	123	123	123	12.693314726750124	1234
20130815	123	123	123	4.237104524172548	1234
20130815	123	123	123	16.735095089140476	1234
20130815	123	123	123	17.91928026324414	1234
20130815	123	123	123	9.761713309625584	1234
20130815	123	123	123	9.476990120137177	1234
20130815	123	123	123	0.37079082637905936	1234
20130815	123	123	123	9.971940624162276	1234
20130815	123	123	123	4.318652645146739	1234
20130815	123	123	123	13.631983743041587	1234
20130815	123	123	123	12.217953156203052	1234
20130815	123	123	123	18.70627489404122	1234
20130815	123	123	123	9.899319540698881	1234
20130815	123	123	123	14.79698040304157	1234
20130815	123	123	123	10.654811217269277	1234
20130815	123	123	123	2.107451691842308	1234
20130815	123	123	123	6.738418979799721	1234
20130815	123	123	123	194.45744019513705	1234
20130815	123	123	123	198.190810060249	1234
20130815	123	123	123	213.2684479731992	1234
20130815	123	123	123	222.50422361788168	1234
20130815	123	123	123	247.11720080496153	1234
20130815	123	123	123	251.54620553139537	1234
20130815	123	123	123	253.2024102928893	1234
20130815	123	123	123	261.0863006359328	1234
20130815	123	123	123	268.97117251049025	1234
20130815	123	123	123	262.5438044807992	1234
20130815	123	123	123	260.2063244604952	1234
20130815	123	123	123	236.46670494274164	1234
20130815	123	123	123	223.48441875256168	1234
20130815	123	123	123	214.45625804274323	1234
20130815	123	123	123	215.7692307692309	1234
20130815	123	123	123	210.0769230769232	1234
20130815	123	123	123	219.28796324556015	1234
20130815	123	123	123	239.54115581167392	1234
20130815	123	123	123	265.8824324957242	1234
20130815	123	123	123	322.6255138683354	1234
20130815	123	123	123	373.53644701187926	1234
20130815	123	123	123	400.68293615155477	1234
20130815	123	123	123	444.39157313051396	1234
20130815	123	123	123	462.00628955878875	1234
20130815	123	123	123	482.53330186039756	1234
20130815	123	123	123	545.2762368815008	1234
20130815	123	123	123	574.2723389135532	1234
20130815	123	123	123	625.3676597191567	1234
20130815	123	123	123	629.5542894515954	1234
20130815	123	123	123	632.8623263210974	1234
20130815	123	123	123	626.7692307692307	1234
20130815	123	123	123	559.7688487157834	1234
20130815	123	123	123	533.7871692442625	1234
20130815	123	123	123	502.7349533021356	1234
20130815	123	123	123	429.82442288964654	1234
20130815	123	123	123	362.4862061465034	1234
20130815	123	123	123	333.1535719176751	1234
20130815	123	123	123	300.6923076923075	1234
20130815	123	123	123	205.39362260962474	1234
20130815	123	123	123	181.69847010047837	1234
20130815	123	123	123	195.49821122129956	1234
20130815	123	123	123	199.7823876808974	1234
20130815	123	123	123	208.1610517518673	1234
20130815	123	123	123	216.11008576290817	1234
20130815	123	123	123	222.98568269127423	1234
20130815	123	123	123	225.44440980322764	1234
20130815	123	123	123	238.65963357834664	1234
20130815	123	123	123	238.40699989473507	1234
20130815	123	123	123	246.74525701595263	1234
20130815	123	123	123	259.5007107848378	1234
20130815	123	123	123	258.7498112461004	1234
20130815	123	123	123	256.8876398520334	1234
20130815	123	123	123	231.89419750752984	1234
20130815	123	123	123	227.83066142914268	1234
20130815	123	123	123	220.5247374071426	1234
20130815	123	123	123	207.746041504136	1234
20130815	123	123	123	205.3802260263937	1234
20130815	123	123	123	200.9674919852062	1234
20130815	123	123	123	190.55804313954093	1234
20130815	123	123	123	190.0	1234
20130815	123	123	123	7.584210205690356	1234
20130815	123	123	123	14.749282444762068	1234
20130815	123	123	123	5.359365891915262	1234
20130815	123	123	123	3.542519846822072	1234
20130815	123	123	123	10.178239990368523	1234
20130815	123	123	123	19.588916834448046	1234
20130815	123	123	123	18.89353081796153	1234
20130815	123	123	123	11.538879242529143	1234
20130815	123	123	123	8.204349414945963	1234
20130815	123	123	123	19.251390204142712	1234
20130815	123	123	123	18.5104389532772	1234
20130815	123	123	123	1.6509657668461664	1234
20130815	123	123	123	11.245849564758345	1234
20130815	123	123	123	19.21304032558015	1234
20130815	123	123	123	17.871852425237595	1234
20130815	123	123	123	10.20168095202553	1234
20130815	123	123	123	15.677952260671752	1234
20130815	123	123	123	2.3562035795207104	1234
20130815	123	123	123	1.8070140993885575	1234
20130815	123	123	123	13.72105963937701	1234
20130815	123	123	123	10.942818565722238	1234
20130815	123	123	123	5.7244066194135845	1234
20130815	123	123	123	2.645311067360847	1234
20130815	123	123	123	9.236017486262224	1234
20130815	123	123	123	15.472452795454982	1234
20130815	123	123	123	8.78773691533656	1234
20130815	123	123	123	11.18243469801234	1234
20130815	123	123	123	12.845484615351385	1234
20130815	123	123	123	3.1731412719083196	1234
20130815	123	123	123	8.219008058166386	1234