time startPrice highestPrice lowestPrice endPrice transactionCount
20130815	123	123	123	1.2216745642405225	1234
20130815	123	123	123	12.525645414110052	1234
20130815	123	123	123	1.5400071428509698	1234
20130815	123	123	123	17.79027796653015	1234
20130815	123	123	123	3.6416182183956214	1234
20130815	123	123	123	13.405179199123772	1234
20130815	123	123	123	6.3574536597832365	1234
20130815	123	123	123	8.012561208538928	1234
20130815	123	123	123	1.7518763100485701	1234
20130815	123	123	123	7.086209065900057	1234
20130815	123	123	123	2.938771683634367	1234
20130815	123	123	123	17.342451206043258	1234
20130815	123	123	123	1.0012659696170045	1234
20130815	123	123	123	14.155304043201188	1234
20130815	123	123	123	4.905213685906807	1234
20130815	123	123	123	19.24351687311465	1234
20130815	123	123	123	2.9011790062218856	1234
20130815	123	123	123	7.072245014815173	1234
20130815	123	123	123	5.292775012240645	1234
20130815	123	123	123	4.461359616307945	1234
20130815	123	123	123	9.75543667120606	1234
20130815	123	123	123	8.991705134634566	1234
20130815	123	123	123	0.07608259952592622	1234
20130815	123	123	123	5.938286879176422	1234
20130815	123	123	123	6.0201115133734495	1234
20130815	123	123	123	11.43611043073115	1234
20130815	123	123	123	10.099897650170288	1234
20130815	123	123	123	0.013560191665691335	1234
20130815	123	123	123	0.7128684907578009	1234
20130815	123	123	123	8.935534795639189	1234
20130815	123	123	123	196.8320440596113	1234
20130815	123	123	123	201.86741490853768	1234
20130815	123	123	123	209.27949322977915	1234
20130815	123	123	123	218.44426561795638	1234
20130815	123	123	123	226.68060603640987	1234
20130815	123	123	123	233.5145703542592	1234
20130815	123	123	123	242.4796450615526	1234
20130815	123	123	123	268.13105860167207	1234
20130815	123	123	123	265.09702332295547	1234
20130815	123	123	123	253.9889925754157	1234
20130815	123	123	123	244.96930854849322	1234
20130815	123	123	123	241.74837893152537	1234
20130815	123	123	123	219.17867036221256	1234
20130815	123	123	123	215.19879207914522	1234
20130815	123	123	123	215.7692307692309	1234
20130815	123	123	123	202.3508916299752	1234
20130815	123	123	123	201.87478528261568	1234
20130815	123	123	123	198.47496691962556	1234
20130815	123	123	123	203.47297941972906	1234
20130815	123	123	123	283.5429709070414	1234
20130815	123	123	123	290.2780455192768	1234
20130815	123	123	123	313.8405554266165	1234
20130815	123	123	123	338.03978238512065	1234
20130815	123	123	123	373.7692307692307	1234
20130815	123	123	123	444.18092397281237	1234
20130815	123	123	123	451.35922417664284	1234
20130815	123	123	123	482.85829757630154	1234
20130815	123	123	123	518.3846153846152	1234
20130815	123	123	123	573.1043096074409	1234
20130815	123	123	123	636.9463746835909	1234
20130815	123	123	123	655.7246115981598	1234
20130815	123	123	123	618.3042604425057	1234
20130815	123	123	123	572.9672350948961	1234
20130815	123	123	123	575.4488708973489	1234
20130815	123	123	123	506.6175279047856	1234
20130815	123	123	123	468.3625471594667	1234
20130815	123	123	123	445.6153846153844	1234
20130815	123	123	123	352.92610274895253	1234
20130815	123	123	123	289.04213840204966	1234
20130815	123	123	123	287.18154825439206	1234
20130815	123	123	123	241.87558819515036	1234
20130815	123	123	123	174.68788680715926	1234
20130815	123	123	123	196.02259464586646	1234
20130815	123	123	123	209.99303696853895	1234
20130815	123	123	123	228.72693510411796	1234
20130815	123	123	123	227.8960454479148	1234
20130815	123	123	123	233.99741441500592	1234
20130815	123	123	123	237.44048737937675	1234
20130815	123	123	123	259.8392264398333	1234
20130815	123	123	123	265.30900050649865	1234
20130815	123	123	123	255.94110804925214	1234
20130815	123	123	123	242.52089309014355	1234
20130815	123	123	123	240.53846153846152	1234
20130815	123	123	123	227.93607012314095	1234
20130815	123	123	123	219.6380414981788	1234
20130815	123	123	123	213.31084600621347	1234
20130815	123	123	123	212.27419208212206	1234
20130815	123	123	123	202.0796016409538	1234
20130815	123	123	123	192.5494868746797	1234
20130815	123	123	123	190.0	1234
20130815	123	123	123	0.14442258605361413	1234
20130815	123	123	123	9.22232412813245	1234
20130815	123	123	123	10.310907071819525	1234
20130815	123	123	123	15.80124929102446	1234
20130815	123	123	123	4.182647208993984	1234
20130815	123	123	123	6.869611130758457	1234
20130815	123	123	123	12.221133853041636	1234
20130815	123	123	123	17.875331812531844	1234
20130815	123	123	123	1.8449881644223343	1234
20130815	123	123	123	9.044091375099725	1234
20130815	123	123	123	5.175700443213298	1234
20130815	123	123	123	0.39953088940796855	1234
20130815	123	123	123	12.68851215773781	1234
20130815	123	123	123	15.849524755609455	1234
20130815	123	123	123	14.800600874799908	1234
20130815	123	123	123	2.0723503422099165	1234
20130815	123	123	123	2.075064854773303	1234
20130815	123	123	123	10.37015010736538	1234
20130815	123	123	123	0.12453318564322524	1234
20130815	123	123	123	14.91410204227784	1234
20130815	123	123	123	5.29466175754499	1234
20130815	123	123	123	1.2495227045223545	1234
20130815	123	123	123	9.93976885387536	1234
20130815	123	123	123	19.735469559249573	1234
20130815	123	123	123	15.027514020388246	1234
20130815	123	123	123	2.7506093241032215	1234
20130815	123	123	123	6.6963051065328365	1234
20130815	123	123	123	17.805882701571377	1234
20130815	123	123	123	1.3201186781774688	1234
20130815	123	123	123	4.77820844878136	1234