time startPrice highestPrice lowestPrice endPrice transactionCount
20130815	123	123	123	11.785190467744911	1234
20130815	123	123	123	0.039102923566616266	1234
20130815	123	123	123	15.483945443985181	1234
20130815	123	123	123	7.073876457091535	1234
20130815	123	123	123	13.393701770668685	1234
20130815	123	123	123	3.4817529698029914	1234
20130815	123	123	123	19.164897089629687	1234
20130815	123	123	123	12.954453086131533	1234
20130815	123	123	123	12.668278341935224	1234
20130815	123	123	123	1.2389360786356218	1234
20130815	123	123	123	7.3051727832154985	1234
20130815	123	123	123	14.998584222560849	1234
20130815	123	123	123	19.237742179030743	1234
20130815	123	123	123	19.309716920483986	1234
20130815	123	123	123	16.656369147427643	1234
20130815	123	123	123	5.988840531359267	1234
20130815	123	123	123	19.828351886608374	1234
20130815	123	123	123	15.97943282375411	1234
20130815	123	123	123	6.687049700577528	1234
20130815	123	123	123	18.919114454811567	1234
20130815	123	123	123	11.018066878841548	1234
20130815	123	123	123	5.684514244184269	1234
20130815	123	123	123	3.085997441561299	1234
20130815	123	123	123	16.910324854148616	1234
20130815	123	123	123	8.341235126985737	1234
20130815	123	123	123	16.751686876173167	1234
20130815	123	123	123	16.483382084114503	1234
20130815	123	123	123	18.868482317948853	1234
20130815	123	123	123	8.780442556410044	1234
20130815	123	123	123	5.932082555462504	1234
20130815	123	123	123	199.8604568730719	1234
20130815	123	123	123	207.7692307692308	1234
20130815	123	123	123	227.4230634484237	1234
20130815	123	123	123	225.5384615384616	1234
20130815	123	123	123	236.65189058127825	1234
20130815	123	123	123	263.7541080606752	1234
20130815	123	123	123	264.49395166090545	1234
20130815	123	123	123	257.56495894688004	1234
20130815	123	123	123	243.95266137882953	1234
20130815	123	123	123	242.44510901255677	1234
20130815	123	123	123	229.8607276189668	1234
20130815	123	123	123	225.93112095868284	1234
20130815	123	123	123	208.95369379092426	1234
20130815	123	123	123	208.3961177440616	1234
20130815	123	123	123	204.38461538461553	1234
20130815	123	123	123	192.33945012585573	1234
20130815	123	123	123	202.74028050841957	1234
20130815	123	123	123	277.13245939162886	1234
20130815	123	123	123	289.8216728792083	1234
20130815	123	123	123	312.26976999847443	1234
20130815	123	123	123	376.3260017419394	1234
20130815	123	123	123	394.5848926503579	1234
20130815	123	123	123	463.2250133724645	1234
20130815	123	123	123	446.076923076923	1234
20130815	123	123	123	507.84737107274384	1234
20130815	123	123	123	552.9594384272598	1234
20130815	123	123	123	554.5384615384614	1234
20130815	123	123	123	590.6923076923076	1234
20130815	123	123	123	641.9565625027441	1234
20130815	123	123	123	658.52725510096	1234
20130815	123	123	123	598.5988114602151	1234
20130815	123	123	123	575.3758799240238	1234
20130815	123	123	123	520.4878188674404	1234
20130815	123	123	123	478.9541703493643	1234
20130815	123	123	123	445.9464126324887	1234
20130815	123	123	123	407.2979447732753	1234
20130815	123	123	123	377.89186948792127	1234
20130815	123	123	123	358.3370841669362	1234
20130815	123	123	123	289.0883110027668	1234
20130815	123	123	123	295.3092832005976	1234
20130815	123	123	123	231.7636162281122	1234
20130815	123	123	123	217.91692843056293	1234
20130815	123	123	123	204.42444796480763	1234
20130815	123	123	123	220.44647531723717	1234
20130815	123	123	123	231.25012146229045	1234
20130815	123	123	123	238.66457584619027	1234
20130815	123	123	123	248.01773524230185	1234
20130815	123	123	123	259.9312059499424	1234
20130815	123	123	123	260.5776341167432	1234
20130815	123	123	123	262.3179962953812	1234
20130815	123	123	123	256.50803255336575	1234
20130815	123	123	123	247.18135209771822	1234
20130815	123	123	123	232.1862973956941	1234
20130815	123	123	123	223.02065085182102	1234
20130815	123	123	123	223.69230769230768	1234
20130815	123	123	123	217.23260776606668	1234
20130815	123	123	123	209.2462842416635	1234
20130815	123	123	123	203.80385954652624	1234
20130815	123	123	123	185.42894292391796	1234
20130815	123	123	123	190.0	1234
20130815	123	123	123	19.608222290853533	1234
20130815	123	123	123	17.87791013011156	1234
20130815	123	123	123	12.451806349961371	1234
20130815	123	123	123	3.4515775938928916	1234
20130815	123	123	123	10.182566055121026	1234
20130815	123	123	123	7.9357021894370146	1234
20130815	123	123	123	13.684508513345506	1234
20130815	123	123	123	13.724442275303888	1234
20130815	123	123	123	16.55982735757396	1234
20130815	123	123	123	3.871776801458866	1234
20130815	123	123	123	11.714916860453826	1234
20130815	123	123	123	8.92819396246347	1234
20130815	123	123	123	18.446761009181902	1234
20130815	123	123	123	19.162169718378973	1234
20130815	123	123	123	6.860150596193124	1234
20130815	123	123	123	5.313294906107549	1234
20130815	123	123	123	16.00558339319272	1234
20130815	123	123	123	16.83148558754666	1234
20130815	123	123	123	19.30550005986877	1234
20130815	123	123	123	5.422144512105249	1234
20130815	123	123	123	7.214780861717587	1234
20130815	123	123	123	9.753717030690998	1234
20130815	123	123	123	14.534624477257589	1234
20130815	123	123	123	3.3175802033124535	1234
20130815	123	123	123	5.5741728405628965	1234
20130815	123	123	123	18.398913622618167	1234
20130815	123	123	123	1.9509918291796868	1234
20130815	123	123	123	4.471888462083047	1234
20130815	123	123	123	8.071837388674332	1234
20130815	123	123	123	16.43646589141578	1234