time startPrice highestPrice lowestPrice endPrice transactionCount
20130815	123	123	123	5.626540668880759	1234
20130815	123	123	123	3.6785166616506415	1234
20130815	123	123	123	3.025483072357482	1234
20130815	123	123	123	0.6987113648296073	1234
20130815	123	123	123	9.865086687626645	1234
20130815	123	123	123	3.2696245167336224	1234
20130815	123	123	123	17.34262463902107	1234
20130815	123	123	123	17.97775176653412	1234
20130815	123	123	123	8.418692677761939	1234
20130815	123	123	123	6.147978416527136	1234
20130815	123	123	123	17.598872457027646	1234
20130815	123	123	123	7.703735008164328	1234
20130815	123	123	123	1.1770583109526855	1234
20130815	123	123	123	7.263453111506763	1234
20130815	123	123	123	4.09914764874517	1234
20130815	123	123	123	5.357966270814149	1234
20130815	123	123	123	1.0145304665774613	1234
20130815	123	123	123	2.019415244551974	1234
20130815	123	123	123	4.262349892334692	1234
20130815	123	123	123	13.412095832530657	1234
20130815	123	123	123	15.5093084557854	1234
20130815	123	123	123	1.7002969901135812	1234
20130815	123	123	123	10.847905692339516	1234
20130815	123	123	123	8.840815424270689	1234
20130815	123	123	123	12.022955811063124	1234
20130815	123	123	123	4.124250058481249	1234
20130815	123	123	123	15.037081322887287	1234
20130815	123	123	123	18.557696801731613	1234
20130815	123	123	123	17.962122555889344	1234
20130815	123	123	123	4.882830691953397	1234
20130815	123	123	123	193.3357602281182	1234
20130815	123	123	123	203.4554813870129	1234
20130815	123	123	123	222.76514028587917	1234
20130815	123	123	123	219.9788208875859	1234
20130815	123	123	123	224.49484497207425	1234
20130815	123	123	123	237.83820083451653	1234
20130815	123	123	123	243.3076923076924	1234
20130815	123	123	123	249.52763611259684	1234
20130815	123	123	123	259.4913078856158	1234
20130815	123	123	123	268.5188183077321	1234
20130815	123	123	123	236.60064395107437	1234
20130815	123	123	123	244.29234794520556	1234
20130815	123	123	123	234.76813826132968	1234
20130815	123	123	123	232.44180928425956	1234
20130815	123	123	123	222.58640888445427	1234
20130815	123	123	123	218.7053236393959	1234
20130815	123	123	123	215.7692307692309	1234
20130815	123	123	123	190.11733864758517	1234
20130815	123	123	123	195.59139336551786	1234
20130815	123	123	123	239.46274084083018	1234
20130815	123	123	123	250.73420995694954	1234
20130815	123	123	123	300.0874630516126	1234
20130815	123	123	123	312.2912500187583	1234
20130815	123	123	123	364.61535760291906	1234
20130815	123	123	123	407.1915802107103	1234
20130815	123	123	123	447.87219799387935	1234
20130815	123	123	123	473.50161906811786	1234
20130815	123	123	123	483.23204763420955	1234
20130815	123	123	123	548.3275957866371	1234
20130815	123	123	123	555.3549179935834	1234
20130815	123	123	123	612.9594010345978	1234
20130815	123	123	123	657.8217859188703	1234
20130815	123	123	123	625.3447990098582	1234
20130815	123	123	123	574.4043696725855	1234
20130815	123	123	123	542.9428892895487	1234
20130815	123	123	123	518.0769230769229	1234
20130815	123	123	123	463.8397029842093	1234
20130815	123	123	123	445.6153846153844	1234
20130815	123	123	123	385.67777491844066	1234
20130815	123	123	123	373.1310067015555	1234
20130815	123	123	123	329.4274330578157	1234
20130815	123	123	123	287.245619660913	1234
20130815	123	123	123	221.15259282130899	1234
20130815	123	123	123	212.15258817107468	1234
20130815	123	123	123	195.88717283398415	1234
20130815	123	123	123	201.98801906345398	1234
20130815	123	123	123	206.4367435518382	1234
20130815	123	123	123	215.40078440941141	1234
20130815	123	123	123	232.60007296518512	1234
20130815	123	123	123	233.27467237338485	1234
20130815	123	123	123	235.69230769230762	1234
20130815	123	123	123	257.53846153846143	1234
20130815	123	123	123	256.6554513317458	1234
20130815	123	123	123	256.8348792151715	1234
20130815	123	123	123	249.03397200377927	1234
20130815	123	123	123	242.78017052233514	1234
20130815	123	123	123	237.93682922117392	1234
20130815	123	123	123	230.6343978750944	1234
20130815	123	123	123	204.86981576687506	1234
20130815	123	123	123	190.0	1234
20130815	123	123	123	3.9350827671113886	1234
20130815	123	123	123	16.27088016735996	1234
20130815	123	123	123	4.938906733966617	1234
20130815	123	123	123	18.455424252759286	1234
20130815	123	123	123	14.267026484195375	1234
20130815	123	123	123	15.993598934797744	1234
20130815	123	123	123	18.06582051190212	1234
20130815	123	123	123	3.036916329837691	1234
20130815	123	123	123	1.8728812392891458	1234
20130815	123	123	123	9.807801985717731	1234
20130815	123	123	123	19.765844570741407	1234
20130815	123	123	123	8.092893388161272	1234
20130815	123	123	123	0.06350706968838882	1234
20130815	123	123	123	0.46743006037616164	1234
20130815	123	123	123	1.2476078185742612	1234
20130815	123	123	123	9.457432797998923	1234
20130815	123	123	123	18.98196793229359	1234
20130815	123	123	123	13.041167690257174	1234
20130815	123	123	123	14.1902396064459	1234
20130815	123	123	123	3.2143282550033336	1234
20130815	123	123	123	2.8213073956180357	1234
20130815	123	123	123	14.032782450286291	1234
20130815	123	123	123	10.20198282080191	1234
20130815	123	123	123	16.65337783018315	1234
20130815	123	123	123	12.082013297279824	1234
20130815	123	123	123	1.2804482848358467	1234
20130815	123	123	123	6.261188522560317	1234
20130815	123	123	123	2.2691423439934955	1234
20130815	123	123	123	14.009437021388413	1234
20130815	123	123	123	13.424717921250522	1234