time startPrice highestPrice lowestPrice endPrice transactionCount
20130815	123	123	123	14.082790313652907	1234
20130815	123	123	123	19.029499773862415	1234
20130815	123	123	123	10.12059618505459	1234
20130815	123	123	123	13.839272713008434	1234
20130815	123	123	123	10.199339947363628	1234
20130815	123	123	123	16.321458873924012	1234
20130815	123	123	123	17.629762028425027	1234
20130815	123	123	123	14.985777104177217	1234
20130815	123	123	123	18.526488871376174	1234
20130815	123	123	123	9.84194702041849	1234
20130815	123	123	123	15.795653327636748	1234
20130815	123	123	123	13.904460668418341	1234
20130815	123	123	123	11.022896476515687	1234
20130815	123	123	123	11.088743231961267	1234
20130815	123	123	123	6.302547270558807	1234
20130815	123	123	123	9.208091333712154	1234
20130815	123	123	123	16.50098501839164	1234
20130815	123	123	123	1.959666040657535	1234
20130815	123	123	123	14.240500870696449	1234
20130815	123	123	123	2.903515199700488	1234
20130815	123	123	123	3.168842198615709	1234
20130815	123	123	123	2.6668086703028693	1234
20130815	123	123	123	3.301144814966581	1234
20130815	123	123	123	10.934534459885016	1234
20130815	123	123	123	19.154623417143736	1234
20130815	123	123	123	3.018567735159472	1234
20130815	123	123	123	6.124254176361337	1234
20130815	123	123	123	10.54258751643122	1234
20130815	123	123	123	12.464260575371283	1234
20130815	123	123	123	3.466545854244003	1234
20130815	123	123	123	190.0	1234
20130815	123	123	123	215.4552849637906	1234
20130815	123	123	123	229.25024678243298	1234
20130815	123	123	123	242.09984093071807	1234
20130815	123	123	123	253.010721022643	1234
20130815	123	123	123	263.0338275138844	1234
20130815	123	123	123	266.9936423136951	1234
20130815	123	123	123	254.5980926112314	1234
20130815	123	123	123	249.92307692307696	1234
20130815	123	123	123	234.96849232398569	1234
20130815	123	123	123	223.0959413673018	1234
20130815	123	123	123	204.70803677153015	1234
20130815	123	123	123	201.21195582169847	1234
20130815	123	123	123	197.91826450869468	1234
20130815	123	123	123	201.10246051193482	1234
20130815	123	123	123	254.4307012661135	1234
20130815	123	123	123	265.69942185894246	1234
20130815	123	123	123	325.4609800332498	1234
20130815	123	123	123	355.56081968226664	1234
20130815	123	123	123	395.6691887878063	1234
20130815	123	123	123	438.8028028494104	1234
20130815	123	123	123	472.65544582987496	1234
20130815	123	123	123	497.2083174646241	1234
20130815	123	123	123	537.7357065045921	1234
20130815	123	123	123	554.5384615384614	1234
20130815	123	123	123	629.9497091144115	1234
20130815	123	123	123	657.4567386532824	1234
20130815	123	123	123	650.0606315527837	1234
20130815	123	123	123	614.7953781296521	1234
20130815	123	123	123	525.9437821386244	1234
20130815	123	123	123	518.0769230769229	1234
20130815	123	123	123	474.19828564653403	1234
20130815	123	123	123	423.01919506440873	1234
20130815	123	123	123	385.8038371685971	1234
20130815	123	123	123	368.19238277133314	1234
20130815	123	123	123	332.41453725337675	1234
20130815	123	123	123	254.36353233612311	1234
20130815	123	123	123	256.6048947892063	1234
20130815	123	123	123	181.44930811348314	1234
20130815	123	123	123	203.96544155198268	1234
20130815	123	123	123	205.15185057763608	1234
20130815	123	123	123	210.54960192633177	1234
20130815	123	123	123	218.26945721481596	1234
20130815	123	123	123	231.6165689068061	1234
20130815	123	123	123	236.806300755027	1234
20130815	123	123	123	240.3143171986202	1234
20130815	123	123	123	241.15384615384608	1234
20130815	123	123	123	246.63051198706998	1234
20130815	123	123	123	259.1281763693414	1234
20130815	123	123	123	252.78436904473523	1234
20130815	123	123	123	255.3900903779598	1234
20130815	123	123	123	243.7011582872552	1234
20130815	123	123	123	229.949274272054	1234
20130815	123	123	123	228.1641506848665	1234
20130815	123	123	123	220.79640760907768	1234
20130815	123	123	123	214.67507271371673	1234
20130815	123	123	123	209.6317303229826	1234
20130815	123	123	123	206.84615384615384	1234
20130815	123	123	123	195.6153846153846	1234
20130815	123	123	123	190.0	1234
20130815	123	123	123	18.052542556220985	1234
20130815	123	123	123	10.539583893856273	1234
20130815	123	123	123	11.842817826509535	1234
20130815	123	123	123	4.365216998854291	1234
20130815	123	123	123	17.884152422195932	1234
20130815	123	123	123	10.450545318198788	1234
20130815	123	123	123	5.654357206372637	1234
20130815	123	123	123	14.568003953186444	1234
20130815	123	123	123	0.16935749421446822	1234
20130815	123	123	123	4.971964317629178	1234
20130815	123	123	123	7.164719926456931	1234
20130815	123	123	123	3.7842074553890948	1234
20130815	123	123	123	10.180012470729391	1234
20130815	123	123	123	11.305093385131839	1234
20130815	123	123	123	1.5061463765111394	1234
20130815	123	123	123	17.047011232527577	1234
20130815	123	123	123	4.887322010374984	1234
20130815	123	123	123	8.661648406207878	1234
20130815	123	123	123	12.122204998003433	1234
20130815	123	123	123	4.19355551885134	1234
20130815	123	123	123	1.115533232253143	1234
20130815	123	123	123	1.6026875434591625	1234
20130815	123	123	123	2.6360157602026035	1234
20130815	123	123	123	12.433871734212287	1234
20130815	123	123	123	15.496183177314837	1234
20130815	123	123	123	11.859721814256899	1234
20130815	123	123	123	3.8542973036279493	1234
20130815	123	123	123	5.88623335905835	1234
20130815	123	123	123	9.929568392778258	1234
20130815	123	123	123	6.900377023639111	1234