time startPrice highestPrice lowestPrice endPrice transactionCount
20130815	123	123	123	9.296643018793274	1234
20130815	123	123	123	10.765244446419809	1234
20130815	123	123	123	8.19161841084416	1234
20130815	123	123	123	5.393291021175632	1234
20130815	123	123	123	19.83870549753465	1234
20130815	123	123	123	7.906652775305867	1234
20130815	123	123	123	14.735470477301904	1234
20130815	123	123	123	8.09774418235353	1234
20130815	123	123	123	6.205986952133515	1234
20130815	123	123	123	13.092525515601388	1234
20130815	123	123	123	13.180147616560518	1234
20130815	123	123	123	7.4667237662154236	1234
20130815	123	123	123	0.3543835069720802	1234
20130815	123	123	123	16.67168037050257	1234
20130815	123	123	123	15.376653297706932	1234
20130815	123	123	123	12.025861331553607	1234
20130815	123	123	123	5.401292602233387	1234
20130815	123	123	123	18.258248482623223	1234
20130815	123	123	123	11.285901618297425	1234
20130815	123	123	123	8.952094099921041	1234
20130815	123	123	123	3.122440476359243	1234
20130815	123	123	123	19.53263154921653	1234
20130815	123	123	123	7.2901455218072675	1234
20130815	123	123	123	17.78360165157944	1234
20130815	123	123	123	14.683290246880494	1234
20130815	123	123	123	7.190648394202399	1234
20130815	123	123	123	9.409211696008693	1234
20130815	123	123	123	15.433014626269175	1234
20130815	123	123	123	4.590988359778773	1234
20130815	123	123	123	18.62935920452108	1234
20130815	123	123	123	192.80267599038922	1234
20130815	123	123	123	209.79202446619917	1234
20130815	123	123	123	212.47833191051268	1234
20130815	123	123	123	219.12893139887498	1234
20130815	123	123	123	219.61538461538467	1234
20130815	123	123	123	227.99065830105758	1234
20130815	123	123	123	235.4595313956549	1234
20130815	123	123	123	245.37940347686248	1234
20130815	123	123	123	249.23076923076934	1234
20130815	123	123	123	258.1048692428722	1234
20130815	123	123	123	261.174453119868	1234
20130815	123	123	123	243.83273089786735	1234
20130815	123	123	123	243.79248058255396	1234
20130815	123	123	123	226.55281518741015	1234
20130815	123	123	123	226.30790278941848	1234
20130815	123	123	123	221.46153846153857	1234
20130815	123	123	123	206.51897842347088	1234
20130815	123	123	123	199.30755912046826	1234
20130815	123	123	123	200.4550522480232	1234
20130815	123	123	123	229.15384615384616	1234
20130815	123	123	123	320.2347461743934	1234
20130815	123	123	123	323.4879445519554	1234
20130815	123	123	123	372.5303055428792	1234
20130815	123	123	123	377.33596380151033	1234
20130815	123	123	123	430.40601502913285	1234
20130815	123	123	123	467.07110976046755	1234
20130815	123	123	123	485.9919945217826	1234
20130815	123	123	123	519.6550674722095	1234
20130815	123	123	123	606.0459718870719	1234
20130815	123	123	123	592.3969181746694	1234
20130815	123	123	123	640.525223957314	1234
20130815	123	123	123	659.2433438836063	1234
20130815	123	123	123	585.4467828916341	1234
20130815	123	123	123	576.0084526665091	1234
20130815	123	123	123	497.8983449136675	1234
20130815	123	123	123	429.3108961522946	1234
20130815	123	123	123	442.49616965836896	1234
20130815	123	123	123	373.15384615384596	1234
20130815	123	123	123	316.34891695661895	1234
20130815	123	123	123	300.6923076923075	1234
20130815	123	123	123	165.40358867360345	1234
20130815	123	123	123	198.8781206010394	1234
20130815	123	123	123	200.98484639276143	1234
20130815	123	123	123	214.11127985998507	1234
20130815	123	123	123	219.80440108744423	1234
20130815	123	123	123	237.56010908856902	1234
20130815	123	123	123	235.69230769230762	1234
20130815	123	123	123	245.5832526809556	1234
20130815	123	123	123	247.22759909355565	1234
20130815	123	123	123	256.0020987629222	1234
20130815	123	123	123	256.79726245513166	1234
20130815	123	123	123	243.84263016044017	1234
20130815	123	123	123	238.9159311709697	1234
20130815	123	123	123	234.9230769230769	1234
20130815	123	123	123	222.13620352370944	1234
20130815	123	123	123	214.35544097411983	1234
20130815	123	123	123	212.02813892160634	1234
20130815	123	123	123	201.16041280423252	1234
20130815	123	123	123	194.73592113232738	1234
20130815	123	123	123	190.0	1234
20130815	123	123	123	19.77663991020783	1234
20130815	123	123	123	18.852161104979988	1234
20130815	123	123	123	5.997340778255127	1234
20130815	123	123	123	8.133856470845949	1234
20130815	123	123	123	8.187864096482384	1234
20130815	123	123	123	14.684904389698147	1234
20130815	123	123	123	9.252850485574422	1234
20130815	123	123	123	17.130085804182585	1234
20130815	123	123	123	19.61460119599125	1234
20130815	123	123	123	18.857890665151384	1234
20130815	123	123	123	15.00636190097036	1234
20130815	123	123	123	18.49453703267946	1234
20130815	123	123	123	3.286638232586141	1234
20130815	123	123	123	13.297326422535367	1234
20130815	123	123	123	8.164408535334324	1234
20130815	123	123	123	11.96243853603027	1234
20130815	123	123	123	19.274249401992495	1234
20130815	123	123	123	1.82317232253437	1234
20130815	123	123	123	19.668878503184672	1234
20130815	123	123	123	15.351855415023582	1234
20130815	123	123	123	14.46150516155917	1234
20130815	123	123	123	12.760429594102906	1234
20130815	123	123	123	9.321141572588466	1234
20130815	123	123	123	4.6218816107387095	1234
20130815	123	123	123	1.3827546710274419	1234
20130815	123	123	123	11.920466277272954	1234
20130815	123	123	123	4.775330514005233	1234
20130815	123	123	123	4.708901553576319	1234
20130815	123	123	123	0.6016099139348774	1234
20130815	123	123	123	16.34363100838552	1234