time startPrice highestPrice lowestPrice endPrice transactionCount
20130815	123	123	123	6.3892026482446145	1234
20130815	123	123	123	15.765515372686707	1234
20130815	123	123	123	15.419957868390874	1234
20130815	123	123	123	4.248766918722245	1234
20130815	123	123	123	8.020300929291665	1234
20130815	123	123	123	3.577931885509935	1234
20130815	123	123	123	9.264875779547443	1234
20130815	123	123	123	19.109381679877234	1234
20130815	123	123	123	14.328670046399104	1234
20130815	123	123	123	0.8158653611274125	1234
20130815	123	123	123	15.242067837174405	1234
20130815	123	123	123	18.735737292434084	1234
20130815	123	123	123	3.507218090073372	1234
20130815	123	123	123	10.717096366458108	1234
20130815	123	123	123	15.537937168410647	1234
20130815	123	123	123	6.743156255787572	1234
20130815	123	123	123	13.947430895447813	1234
20130815	123	123	123	9.589707135443328	1234
20130815	123	123	123	10.744112397017705	1234
20130815	123	123	123	12.412177572050428	1234
20130815	123	123	123	14.77513733267321	1234
20130815	123	123	123	18.38928487319544	1234
20130815	123	123	123	16.862112798581272	1234
20130815	123	123	123	1.8759121530520817	1234
20130815	123	123	123	3.8982041049167093	1234
20130815	123	123	123	13.565406839409295	1234
20130815	123	123	123	14.92766404933143	1234
20130815	123	123	123	0.6692618421545271	1234
20130815	123	123	123	5.427107756531145	1234
20130815	123	123	123	6.640896899359944	1234
20130815	123	123	123	198.5468091209939	1234
20130815	123	123	123	200.3785475645415	1234
20130815	123	123	123	210.77870017487703	1234
20130815	123	123	123	214.9068783235898	1234
20130815	123	123	123	213.69230769230774	1234
20130815	123	123	123	219.62896614272043	1234
20130815	123	123	123	231.0912318666991	1234
20130815	123	123	123	243.57057455660984	1234
20130815	123	123	123	246.9606087997224	1234
20130815	123	123	123	261.40228363925985	1234
20130815	123	123	123	268.09893521653765	1234
20130815	123	123	123	254.7716952808171	1234
20130815	123	123	123	252.90826715633185	1234
20130815	123	123	123	246.3011848001048	1234
20130815	123	123	123	241.36931857021114	1234
20130815	123	123	123	238.06602154683833	1234
20130815	123	123	123	232.01898640197265	1234
20130815	123	123	123	227.15384615384625	1234
20130815	123	123	123	215.55784937575197	1234
20130815	123	123	123	210.0769230769232	1234
20130815	123	123	123	223.48460840070237	1234
20130815	123	123	123	272.78796391893906	1234
20130815	123	123	123	395.58378188368073	1234
20130815	123	123	123	382.45617465783744	1234
20130815	123	123	123	438.0208645271139	1234
20130815	123	123	123	491.9933775025718	1234
20130815	123	123	123	504.15974788892873	1234
20130815	123	123	123	518.3846153846152	1234
20130815	123	123	123	559.6342002167012	1234
20130815	123	123	123	595.9505750705182	1234
20130815	123	123	123	626.8461538461538	1234
20130815	123	123	123	623.9044108913051	1234
20130815	123	123	123	598.4114051654581	1234
20130815	123	123	123	521.3832734428806	1234
20130815	123	123	123	512.5188549096407	1234
20130815	123	123	123	452.6770281306557	1234
20130815	123	123	123	445.6153846153844	1234
20130815	123	123	123	388.6253807603005	1234
20130815	123	123	123	332.1766008412739	1234
20130815	123	123	123	302.09807343285763	1234
20130815	123	123	123	300.6923076923075	1234
20130815	123	123	123	240.30220209390328	1234
20130815	123	123	123	228.181600153324	1234
20130815	123	123	123	198.4458461212571	1234
20130815	123	123	123	197.46153846153845	1234
20130815	123	123	123	205.4331897647251	1234
20130815	123	123	123	208.38461538461536	1234
20130815	123	123	123	219.73779260071555	1234
20130815	123	123	123	229.93584724525115	1234
20130815	123	123	123	240.01037412406868	1234
20130815	123	123	123	246.7370275405648	1234
20130815	123	123	123	246.61538461538453	1234
20130815	123	123	123	254.15910832673757	1234
20130815	123	123	123	253.633119504133	1234
20130815	123	123	123	235.1324942859982	1234
20130815	123	123	123	234.9230769230769	1234
20130815	123	123	123	215.57688971611955	1234
20130815	123	123	123	188.93335154800252	1234
20130815	123	123	123	195.6153846153846	1234
20130815	123	123	123	190.0	1234
20130815	123	123	123	13.484763434786158	1234
20130815	123	123	123	0.8632717410646751	1234
20130815	123	123	123	6.473884268159593	1234
20130815	123	123	123	7.163142871229504	1234
20130815	123	123	123	17.596629653378205	1234
20130815	123	123	123	8.996162545759772	1234
20130815	123	123	123	17.104480130032748	1234
20130815	123	123	123	9.46753842802357	1234
20130815	123	123	123	17.162702258247943	1234
20130815	123	123	123	4.625874330244284	1234
20130815	123	123	123	16.614059200309978	1234
20130815	123	123	123	10.11888667083377	1234
20130815	123	123	123	12.017885287938254	1234
20130815	123	123	123	3.5672263006127403	1234
20130815	123	123	123	4.314350117474264	1234
20130815	123	123	123	9.947402493838402	1234
20130815	123	123	123	1.6222661943933048	1234
20130815	123	123	123	14.740093939567531	1234
20130815	123	123	123	3.666658485213221	1234
20130815	123	123	123	2.2717128391675256	1234
20130815	123	123	123	3.106565412930773	1234
20130815	123	123	123	5.043263386279504	1234
20130815	123	123	123	14.863687874674135	1234
20130815	123	123	123	17.202043456701993	1234
20130815	123	123	123	3.0206079736085822	1234
20130815	123	123	123	2.7819307651336267	1234
20130815	123	123	123	12.857850847349358	1234
20130815	123	123	123	0.8425680377050071	1234
20130815	123	123	123	15.339139141294975	1234
20130815	123	123	123	16.915071353668573	1234