time startPrice highestPrice lowestPrice endPrice transactionCount
20130815	123	123	123	7.332116956785746	1234
20130815	123	123	123	4.807852123269449	1234
20130815	123	123	123	7.216752494408089	1234
20130815	123	123	123	15.496908046866507	1234
20130815	123	123	123	14.692501826736919	1234
20130815	123	123	123	3.5909942530026484	1234
20130815	123	123	123	12.138346847485328	1234
20130815	123	123	123	9.01504190634385	1234
20130815	123	123	123	18.056308299464334	1234
20130815	123	123	123	5.3833202709872	1234
20130815	123	123	123	19.5854074455101	1234
20130815	123	123	123	0.4474672272439584	1234
20130815	123	123	123	14.431579664140937	1234
20130815	123	123	123	11.929128619582446	1234
20130815	123	123	123	9.658225498613117	1234
20130815	123	123	123	8.840477822694249	1234
20130815	123	123	123	12.548293333102851	1234
20130815	123	123	123	5.291100218723079	1234
20130815	123	123	123	14.504451718970024	1234
20130815	123	123	123	12.697649497708255	1234
20130815	123	123	123	5.21866092531744	1234
20130815	123	123	123	1.804101423662432	1234
20130815	123	123	123	8.948222518458117	1234
20130815	123	123	123	10.348594680097097	1234
20130815	123	123	123	15.826783175150254	1234
20130815	123	123	123	0.7535816995529543	1234
20130815	123	123	123	2.1727714668891895	1234
20130815	123	123	123	7.857567865842261	1234
20130815	123	123	123	18.503929685714937	1234
20130815	123	123	123	5.249883293851829	1234
20130815	123	123	123	202.14221629462202	1234
20130815	123	123	123	216.22181313602533	1234
20130815	123	123	123	249.64843812708745	1234
20130815	123	123	123	309.5897677643489	1234
20130815	123	123	123	476.90979715621455	1234
20130815	123	123	123	473.846153846154	1234
20130815	123	123	123	516.5718079957848	1234
20130815	123	123	123	525.0260098718868	1234
20130815	123	123	123	503.7138629512207	1234
20130815	123	123	123	488.3214751996504	1234
20130815	123	123	123	471.16081761570985	1234
20130815	123	123	123	451.22075581312043	1234
20130815	123	123	123	429.7802811922187	1234
20130815	123	123	123	388.4967763999098	1234
20130815	123	123	123	372.14352447920504	1234
20130815	123	123	123	337.38126459090813	1234
20130815	123	123	123	312.49236897796237	1234
20130815	123	123	123	337.44842348727184	1234
20130815	123	123	123	337.2746001998933	1234
20130815	123	123	123	365.66582453564763	1234
20130815	123	123	123	382.296170492035	1234
20130815	123	123	123	392.4581435685083	1234
20130815	123	123	123	402.3639863778323	1234
20130815	123	123	123	414.7692307692307	1234
20130815	123	123	123	431.23076923076917	1234
20130815	123	123	123	469.40991565587115	1234
20130815	123	123	123	497.9298308850304	1234
20130815	123	123	123	515.2243082768363	1234
20130815	123	123	123	525.2705315576721	1234
20130815	123	123	123	482.79908393699026	1234
20130815	123	123	123	477.49826791932185	1234
20130815	123	123	123	449.2527810080822	1234
20130815	123	123	123	435.58664107965876	1234
20130815	123	123	123	404.68789828643895	1234
20130815	123	123	123	394.94021881403023	1234
20130815	123	123	123	371.4007378586377	1234
20130815	123	123	123	356.689579126463	1234
20130815	123	123	123	330.3354002156515	1234
20130815	123	123	123	344.6396388421232	1234
20130815	123	123	123	386.0492959129982	1234
20130815	123	123	123	409.2697814671778	1234
20130815	123	123	123	402.2909932491266	1234
20130815	123	123	123	441.6892472250706	1234
20130815	123	123	123	442.8353468355838	1234
20130815	123	123	123	446.38461538461524	1234
20130815	123	123	123	480.85675553492433	1234
20130815	123	123	123	491.15384615384596	1234
20130815	123	123	123	521.1322627170276	1234
20130815	123	123	123	516.9895196128243	1234
20130815	123	123	123	444.15094237826844	1234
20130815	123	123	123	414.70639619161864	1234
20130815	123	123	123	393.22512821310255	1234
20130815	123	123	123	377.8834482404937	1234
20130815	123	123	123	370.0769230769232	1234
20130815	123	123	123	327.16769007137896	1234
20130815	123	123	123	311.934898689609	1234
20130815	123	123	123	285.9970088022217	1234
20130815	123	123	123	217.08199631615503	1234
20130815	123	123	123	209.12317019802828	1234
20130815	123	123	123	194.0	1234
20130815	123	123	123	11.506940497535762	1234
20130815	123	123	123	13.82798959228159	1234
20130815	123	123	123	15.940255063048397	1234
20130815	123	123	123	4.195559581006316	1234
20130815	123	123	123	9.073038803029348	1234
20130815	123	123	123	9.697257526882169	1234
20130815	123	123	123	18.803279794950395	1234
20130815	123	123	123	16.293570221784947	1234
20130815	123	123	123	7.385528334439533	1234
20130815	123	123	123	3.9794807272549226	1234
20130815	123	123	123	6.378013298997816	1234
20130815	123	123	123	9.720021776856907	1234
20130815	123	123	123	10.947039127116366	1234
20130815	123	123	123	9.402064409865067	1234
20130815	123	123	123	19.3131111007872	1234
20130815	123	123	123	4.385881905325162	1234
20130815	123	123	123	7.470262746832368	1234
20130815	123	123	123	2.9953474274748193	1234
20130815	123	123	123	2.252001296797934	1234
20130815	123	123	123	17.637892143997053	1234
20130815	123	123	123	4.561286122853751	1234
20130815	123	123	123	0.9327739603458696	1234
20130815	123	123	123	16.64743992071055	1234
20130815	123	123	123	8.799680983746956	1234
20130815	123	123	123	15.53197647591185	1234
20130815	123	123	123	2.2823745083951597	1234
20130815	123	123	123	2.2024900718585894	1234
20130815	123	123	123	13.129854012829016	1234
20130815	123	123	123	1.4660439034106765	1234
20130815	123	123	123	8.818596215494377	1234