time startPrice highestPrice lowestPrice endPrice transactionCount
20130815	123	123	123	10.543059906691752	1234
20130815	123	123	123	7.996812819778841	1234
20130815	123	123	123	17.30739868240439	1234
20130815	123	123	123	13.33509411468317	1234
20130815	123	123	123	5.386349540286359	1234
20130815	123	123	123	2.308101038377286	1234
20130815	123	123	123	17.340342105822046	1234
20130815	123	123	123	5.076886572828294	1234
20130815	123	123	123	19.29187833650431	1234
20130815	123	123	123	8.556048134231247	1234
20130815	123	123	123	7.029289365810096	1234
20130815	123	123	123	2.4287565549537393	1234
20130815	123	123	123	2.7430069727997286	1234
20130815	123	123	123	2.6645174174332653	1234
20130815	123	123	123	13.4127841609431	1234
20130815	123	123	123	6.715959980918475	1234
20130815	123	123	123	0.6778866476815026	1234
20130815	123	123	123	12.689312323587474	1234
20130815	123	123	123	17.45811749972299	1234
20130815	123	123	123	1.3696016846415282	1234
20130815	123	123	123	19.296265365984176	1234
20130815	123	123	123	12.711802600088408	1234
20130815	123	123	123	4.3191508193220525	1234
20130815	123	123	123	2.771405922241099	1234
20130815	123	123	123	11.134444534279218	1234
20130815	123	123	123	1.3430088299757958	1234
20130815	123	123	123	0.47586968382786754	1234
20130815	123	123	123	10.916782655910493	1234
20130815	123	123	123	15.874808890342536	1234
20130815	123	123	123	12.87587183048785	1234
20130815	123	123	123	198.41987066700867	1234
20130815	123	123	123	235.98611262903597	1234
20130815	123	123	123	239.15384615384613	1234
20130815	123	123	123	288.93521493136035	1234
20130815	123	123	123	319.0858456773909	1234
20130815	123	123	123	393.9956110262049	1234
20130815	123	123	123	432.17293100873553	1234
20130815	123	123	123	429.2211357273365	1234
20130815	123	123	123	473.9606023415806	1234
20130815	123	123	123	476.85456216442265	1234
20130815	123	123	123	511.97183901091245	1234
20130815	123	123	123	508.0782667391851	1234
20130815	123	123	123	472.17780558638884	1234
20130815	123	123	123	477.5384615384616	1234
20130815	123	123	123	455.2145957817452	1234
20130815	123	123	123	436.37204996306383	1234
20130815	123	123	123	391.0494210754276	1234
20130815	123	123	123	387.1935975161302	1234
20130815	123	123	123	345.26719512807745	1234
20130815	123	123	123	308.3006133720023	1234
20130815	123	123	123	326.33663845679615	1234
20130815	123	123	123	342.350635441695	1234
20130815	123	123	123	353.5788849820886	1234
20130815	123	123	123	381.8461538461538	1234
20130815	123	123	123	408.145559291585	1234
20130815	123	123	123	436.22030071494885	1234
20130815	123	123	123	476.44877929698987	1234
20130815	123	123	123	495.23173656046686	1234
20130815	123	123	123	521.2976020263775	1234
20130815	123	123	123	533.6871418839497	1234
20130815	123	123	123	529.6521120700224	1234
20130815	123	123	123	503.83732801617515	1234
20130815	123	123	123	485.9073357213374	1234
20130815	123	123	123	453.55100118130406	1234
20130815	123	123	123	397.34136071888315	1234
20130815	123	123	123	400.2471086229072	1234
20130815	123	123	123	314.86046878464936	1234
20130815	123	123	123	336.49012014309545	1234
20130815	123	123	123	375.6800973823806	1234
20130815	123	123	123	388.6669868090179	1234
20130815	123	123	123	400.63929694671214	1234
20130815	123	123	123	410.6743397675505	1234
20130815	123	123	123	439.5402544874352	1234
20130815	123	123	123	475.1997045841576	1234
20130815	123	123	123	482.061912661587	1234
20130815	123	123	123	499.29706981756897	1234
20130815	123	123	123	528.411283457398	1234
20130815	123	123	123	516.6805606954803	1234
20130815	123	123	123	495.17907248872837	1234
20130815	123	123	123	454.46493780160137	1234
20130815	123	123	123	445.5384615384616	1234
20130815	123	123	123	398.0682067579854	1234
20130815	123	123	123	391.8475976223779	1234
20130815	123	123	123	335.7348261093051	1234
20130815	123	123	123	324.6313547211875	1234
20130815	123	123	123	302.09145972391445	1234
20130815	123	123	123	269.4615384615387	1234
20130815	123	123	123	228.0117645832829	1234
20130815	123	123	123	198.16289702374314	1234
20130815	123	123	123	194.0	1234
20130815	123	123	123	18.278742859564936	1234
20130815	123	123	123	13.881157386206887	1234
20130815	123	123	123	6.875899159743099	1234
20130815	123	123	123	13.674202882437552	1234
20130815	123	123	123	16.252988399725613	1234
20130815	123	123	123	12.437847494278893	1234
20130815	123	123	123	1.5535146381029752	1234
20130815	123	123	123	1.562599658119792	1234
20130815	123	123	123	16.97487867903403	1234
20130815	123	123	123	14.164018545429379	1234
20130815	123	123	123	17.51287250532608	1234
20130815	123	123	123	11.782391317299574	1234
20130815	123	123	123	3.414253379746486	1234
20130815	123	123	123	19.98456258186949	1234
20130815	123	123	123	15.726379305546825	1234
20130815	123	123	123	19.504455857815742	1234
20130815	123	123	123	19.344432381334485	1234
20130815	123	123	123	10.341997423022079	1234
20130815	123	123	123	7.071105257080714	1234
20130815	123	123	123	15.9405382078318	1234
20130815	123	123	123	9.752759448047996	1234
20130815	123	123	123	13.043787359755349	1234
20130815	123	123	123	9.184570048408933	1234
20130815	123	123	123	2.7704741276379696	1234
20130815	123	123	123	13.14203303691725	1234
20130815	123	123	123	0.3267521002936924	1234
20130815	123	123	123	6.866999895123076	1234
20130815	123	123	123	17.90350705527102	1234
20130815	123	123	123	19.19511570943312	1234
20130815	123	123	123	18.791522004906266	1234