time startPrice highestPrice lowestPrice endPrice transactionCount
20130815	123	123	123	9.295548546659074	1234
20130815	123	123	123	19.83748617734887	1234
20130815	123	123	123	12.576138943688273	1234
20130815	123	123	123	9.018695020230776	1234
20130815	123	123	123	10.78666139052065	1234
20130815	123	123	123	4.923654834385274	1234
20130815	123	123	123	6.1005247114752965	1234
20130815	123	123	123	4.0725529126968985	1234
20130815	123	123	123	17.940397717100772	1234
20130815	123	123	123	10.47577579656176	1234
20130815	123	123	123	17.962495034868663	1234
20130815	123	123	123	18.247096694906293	1234
20130815	123	123	123	10.870894048613897	1234
20130815	123	123	123	13.123776255267082	1234
20130815	123	123	123	19.04932936286739	1234
20130815	123	123	123	19.43927126138844	1234
20130815	123	123	123	5.25286768882991	1234
20130815	123	123	123	18.56024246937311	1234
20130815	123	123	123	4.541650937696586	1234
20130815	123	123	123	9.29610344646548	1234
20130815	123	123	123	19.90799522916483	1234
20130815	123	123	123	12.992180997335595	1234
20130815	123	123	123	16.60365102011463	1234
20130815	123	123	123	6.414975354586286	1234
20130815	123	123	123	9.285415241201013	1234
20130815	123	123	123	17.430779777657822	1234
20130815	123	123	123	10.34664710721654	1234
20130815	123	123	123	12.980349957317507	1234
20130815	123	123	123	14.084035334438582	1234
20130815	123	123	123	9.88813898477786	1234
20130815	123	123	123	193.96711062188916	1234
20130815	123	123	123	244.3201516084612	1234
20130815	123	123	123	256.5105089602374	1234
20130815	123	123	123	314.6600496147957	1234
20130815	123	123	123	306.43195741295835	1234
20130815	123	123	123	332.59756152207456	1234
20130815	123	123	123	344.36964456586753	1234
20130815	123	123	123	377.16822674251534	1234
20130815	123	123	123	422.5125399345041	1234
20130815	123	123	123	458.2388798056824	1234
20130815	123	123	123	447.7692307692309	1234
20130815	123	123	123	525.9968622684939	1234
20130815	123	123	123	510.9525016336722	1234
20130815	123	123	123	489.68227001267525	1234
20130815	123	123	123	481.92101914952724	1234
20130815	123	123	123	455.8921045949551	1234
20130815	123	123	123	438.6554291429676	1234
20130815	123	123	123	402.65861501750777	1234
20130815	123	123	123	393.75827552405457	1234
20130815	123	123	123	332.5798626369891	1234
20130815	123	123	123	332.1538461538464	1234
20130815	123	123	123	317.24488299004213	1234
20130815	123	123	123	347.0144902287527	1234
20130815	123	123	123	359.08322545115334	1234
20130815	123	123	123	367.09505427828265	1234
20130815	123	123	123	411.2157925898958	1234
20130815	123	123	123	424.94595109969515	1234
20130815	123	123	123	434.323925837384	1234
20130815	123	123	123	481.1301925563605	1234
20130815	123	123	123	482.6062421762083	1234
20130815	123	123	123	527.932376513475	1234
20130815	123	123	123	493.9105431083449	1234
20130815	123	123	123	459.21776089501515	1234
20130815	123	123	123	451.5083837734175	1234
20130815	123	123	123	433.3484383112716	1234
20130815	123	123	123	412.92728636935095	1234
20130815	123	123	123	389.55216073444024	1234
20130815	123	123	123	378.6788472793386	1234
20130815	123	123	123	363.2926405090554	1234
20130815	123	123	123	358.23076923076894	1234
20130815	123	123	123	342.6153846153843	1234
20130815	123	123	123	335.81116146579853	1234
20130815	123	123	123	341.9230769230769	1234
20130815	123	123	123	383.08449624337106	1234
20130815	123	123	123	401.6153846153845	1234
20130815	123	123	123	435.4723729139831	1234
20130815	123	123	123	499.3825434362771	1234
20130815	123	123	123	506.07692307692287	1234
20130815	123	123	123	506.1051924080295	1234
20130815	123	123	123	490.92779152926755	1234
20130815	123	123	123	434.629938442984	1234
20130815	123	123	123	400.6376473470009	1234
20130815	123	123	123	387.8475383728703	1234
20130815	123	123	123	362.63236377130505	1234
20130815	123	123	123	325.6597002462754	1234
20130815	123	123	123	291.60379609427196	1234
20130815	123	123	123	279.19180336893794	1234
20130815	123	123	123	244.30769230769252	1234
20130815	123	123	123	218.40151569963163	1234
20130815	123	123	123	194.0	1234
20130815	123	123	123	11.870300873959252	1234
20130815	123	123	123	8.353181912554017	1234
20130815	123	123	123	0.783853512433732	1234
20130815	123	123	123	10.100726876178431	1234
20130815	123	123	123	10.01784073019423	1234
20130815	123	123	123	10.492532916613971	1234
20130815	123	123	123	13.998040415934154	1234
20130815	123	123	123	11.575086951214432	1234
20130815	123	123	123	1.9386782750813203	1234
20130815	123	123	123	14.077185902164526	1234
20130815	123	123	123	14.32705203457404	1234
20130815	123	123	123	16.552114233499818	1234
20130815	123	123	123	16.633829866658896	1234
20130815	123	123	123	12.808339588217393	1234
20130815	123	123	123	18.790583985649313	1234
20130815	123	123	123	0.9119943058836544	1234
20130815	123	123	123	10.36659632535696	1234
20130815	123	123	123	2.6127449012296	1234
20130815	123	123	123	0.9326988623693833	1234
20130815	123	123	123	8.092678241583705	1234
20130815	123	123	123	3.1529680706695085	1234
20130815	123	123	123	2.3289208968994357	1234
20130815	123	123	123	3.3400012541882473	1234
20130815	123	123	123	3.7705572375156815	1234
20130815	123	123	123	6.503272632950122	1234
20130815	123	123	123	18.9473764118378	1234
20130815	123	123	123	6.582251962546888	1234
20130815	123	123	123	16.352766505447303	1234
20130815	123	123	123	19.168602412367548	1234
20130815	123	123	123	5.589041219086621	1234