time startPrice highestPrice lowestPrice endPrice transactionCount
20130815	123	123	123	11.152730439382918	1234
20130815	123	123	123	14.517674966256637	1234
20130815	123	123	123	12.482043920010796	1234
20130815	123	123	123	2.598271214518084	1234
20130815	123	123	123	9.692969364537465	1234
20130815	123	123	123	4.87200636070617	1234
20130815	123	123	123	15.720988651644381	1234
20130815	123	123	123	17.67825199790911	1234
20130815	123	123	123	14.23666090836372	1234
20130815	123	123	123	10.562069272319633	1234
20130815	123	123	123	4.5614528185519365	1234
20130815	123	123	123	12.703916723518702	1234
20130815	123	123	123	19.765729670281985	1234
20130815	123	123	123	11.690179478917816	1234
20130815	123	123	123	9.940118059882945	1234
20130815	123	123	123	11.173719830629054	1234
20130815	123	123	123	14.23550325335528	1234
20130815	123	123	123	18.84736481247552	1234
20130815	123	123	123	13.766792369339878	1234
20130815	123	123	123	8.205951325871826	1234
20130815	123	123	123	17.89065752761385	1234
20130815	123	123	123	3.8549631732593537	1234
20130815	123	123	123	19.029926670180657	1234
20130815	123	123	123	15.49924344864814	1234
20130815	123	123	123	6.771548751687389	1234
20130815	123	123	123	17.889506123866173	1234
20130815	123	123	123	16.368221962118657	1234
20130815	123	123	123	8.405681046665801	1234
20130815	123	123	123	6.295333678012627	1234
20130815	123	123	123	18.915336086917815	1234
20130815	123	123	123	190.30514684154397	1234
20130815	123	123	123	230.8872287820805	1234
20130815	123	123	123	239.15384615384613	1234
20130815	123	123	123	294.14559693133634	1234
20130815	123	123	123	317.3846153846154	1234
20130815	123	123	123	343.4615384615385	1234
20130815	123	123	123	372.95436447725643	1234
20130815	123	123	123	396.28319690015246	1234
20130815	123	123	123	425.5587331623696	1234
20130815	123	123	123	475.36104220391667	1234
20130815	123	123	123	474.6804557683639	1234
20130815	123	123	123	508.6667473446605	1234
20130815	123	123	123	505.1024424405102	1234
20130815	123	123	123	507.6727804316973	1234
20130815	123	123	123	474.06000265470817	1234
20130815	123	123	123	477.5384615384616	1234
20130815	123	123	123	450.56922033174703	1234
20130815	123	123	123	430.16848297093844	1234
20130815	123	123	123	412.9230769230771	1234
20130815	123	123	123	392.01773910315507	1234
20130815	123	123	123	345.05810519142995	1234
20130815	123	123	123	315.2213615983449	1234
20130815	123	123	123	321.053517721811	1234
20130815	123	123	123	335.30256626779635	1234
20130815	123	123	123	350.84680343348765	1234
20130815	123	123	123	376.5973581872554	1234
20130815	123	123	123	435.22869875894065	1234
20130815	123	123	123	428.03694251946297	1234
20130815	123	123	123	441.0483666651785	1234
20130815	123	123	123	497.93493879406356	1234
20130815	123	123	123	481.0799979656299	1234
20130815	123	123	123	506.9960828474957	1234
20130815	123	123	123	520.3797730062132	1234
20130815	123	123	123	490.3885952817322	1234
20130815	123	123	123	456.27287466718786	1234
20130815	123	123	123	443.30911973349544	1234
20130815	123	123	123	429.62443895523506	1234
20130815	123	123	123	414.6916984617745	1234
20130815	123	123	123	391.81323570380647	1234
20130815	123	123	123	378.90712995793996	1234
20130815	123	123	123	329.4189150588289	1234
20130815	123	123	123	339.8063737711662	1234
20130815	123	123	123	341.9230769230769	1234
20130815	123	123	123	374.42341649728127	1234
20130815	123	123	123	383.4721454168403	1234
20130815	123	123	123	403.63642029725156	1234
20130815	123	123	123	411.49394307722395	1234
20130815	123	123	123	430.51418466364265	1234
20130815	123	123	123	461.0127229035209	1234
20130815	123	123	123	487.7627462399779	1234
20130815	123	123	123	479.26766986655844	1234
20130815	123	123	123	467.8494471838608	1234
20130815	123	123	123	424.94280676548505	1234
20130815	123	123	123	384.99311269216764	1234
20130815	123	123	123	362.06949521474615	1234
20130815	123	123	123	342.64472009961787	1234
20130815	123	123	123	299.98852468940447	1234
20130815	123	123	123	214.82432797841568	1234
20130815	123	123	123	171.03108402244544	1234
20130815	123	123	123	194.0	1234
20130815	123	123	123	15.736853205432158	1234
20130815	123	123	123	10.175708846427582	1234
20130815	123	123	123	7.690803482783053	1234
20130815	123	123	123	4.275165676412811	1234
20130815	123	123	123	4.003892101963009	1234
20130815	123	123	123	0.17233046023741538	1234
20130815	123	123	123	2.585404774037592	1234
20130815	123	123	123	18.8395882551644	1234
20130815	123	123	123	7.14452688949436	1234
20130815	123	123	123	15.215361029390255	1234
20130815	123	123	123	9.187424878690758	1234
20130815	123	123	123	4.2923193939093585	1234
20130815	123	123	123	19.15771249187165	1234
20130815	123	123	123	6.204780016741298	1234
20130815	123	123	123	17.275882207923278	1234
20130815	123	123	123	10.928730340735171	1234
20130815	123	123	123	8.911917404497252	1234
20130815	123	123	123	15.785519717788398	1234
20130815	123	123	123	8.605164454727499	1234
20130815	123	123	123	9.771023018142346	1234
20130815	123	123	123	10.833661265231909	1234
20130815	123	123	123	17.054290543565706	1234
20130815	123	123	123	14.351007360082313	1234
20130815	123	123	123	19.854169693638482	1234
20130815	123	123	123	5.684577045668706	1234
20130815	123	123	123	18.17234445358791	1234
20130815	123	123	123	11.868935355806938	1234
20130815	123	123	123	3.212522564062914	1234
20130815	123	123	123	3.6297457522120147	1234
20130815	123	123	123	13.236340067113819	1234