time startPrice highestPrice lowestPrice endPrice transactionCount
20130815	123	123	123	12.046064625047725	1234
20130815	123	123	123	6.563888927633387	1234
20130815	123	123	123	15.84712513134399	1234
20130815	123	123	123	13.394315388997459	1234
20130815	123	123	123	6.060937410803364	1234
20130815	123	123	123	9.193923920106396	1234
20130815	123	123	123	17.460097650319522	1234
20130815	123	123	123	14.43932919489085	1234
20130815	123	123	123	5.859838860270954	1234
20130815	123	123	123	17.84987968145151	1234
20130815	123	123	123	2.463262871442047	1234
20130815	123	123	123	18.423041643372322	1234
20130815	123	123	123	17.341101847707673	1234
20130815	123	123	123	12.870749830604652	1234
20130815	123	123	123	13.359573185875854	1234
20130815	123	123	123	19.087792313937403	1234
20130815	123	123	123	12.358234431951214	1234
20130815	123	123	123	7.756158120929804	1234
20130815	123	123	123	0.5373049314155653	1234
20130815	123	123	123	19.05201441290896	1234
20130815	123	123	123	19.235186595228118	1234
20130815	123	123	123	6.100411623098889	1234
20130815	123	123	123	15.26892749050446	1234
20130815	123	123	123	5.55518010931769	1234
20130815	123	123	123	6.792683110246422	1234
20130815	123	123	123	5.518605647553345	1234
20130815	123	123	123	16.533849236511656	1234
20130815	123	123	123	6.820590351100333	1234
20130815	123	123	123	14.937989599119259	1234
20130815	123	123	123	13.125941777177143	1234
20130815	123	123	123	210.6471294882272	1234
20130815	123	123	123	265.32676022224973	1234
20130815	123	123	123	311.14216415684007	1234
20130815	123	123	123	334.6731551752845	1234
20130815	123	123	123	358.09489675756373	1234
20130815	123	123	123	379.3379801784615	1234
20130815	123	123	123	422.4641997704187	1234
20130815	123	123	123	453.886570845827	1234
20130815	123	123	123	449.3357649447398	1234
20130815	123	123	123	507.37199490374337	1234
20130815	123	123	123	515.9499317983232	1234
20130815	123	123	123	521.1705892746975	1234
20130815	123	123	123	505.8095526264531	1234
20130815	123	123	123	444.3805512092173	1234
20130815	123	123	123	432.52960523554293	1234
20130815	123	123	123	429.0769230769232	1234
20130815	123	123	123	404.1561042734353	1234
20130815	123	123	123	362.2424133635922	1234
20130815	123	123	123	349.6901171615015	1234
20130815	123	123	123	316.0	1234
20130815	123	123	123	332.46153846153845	1234
20130815	123	123	123	377.81475869415124	1234
20130815	123	123	123	447.7918625148386	1234
20130815	123	123	123	442.4700193291919	1234
20130815	123	123	123	447.6923076923076	1234
20130815	123	123	123	487.4090095479107	1234
20130815	123	123	123	509.745153489747	1234
20130815	123	123	123	520.2166125564931	1234
20130815	123	123	123	495.0312110968407	1234
20130815	123	123	123	460.7859055671743	1234
20130815	123	123	123	452.7122479571974	1234
20130815	123	123	123	450.9616803140642	1234
20130815	123	123	123	414.70409777889864	1234
20130815	123	123	123	399.2732840032988	1234
20130815	123	123	123	364.54115711961873	1234
20130815	123	123	123	343.0216642404108	1234
20130815	123	123	123	356.8461538461538	1234
20130815	123	123	123	389.1394570908505	1234
20130815	123	123	123	387.789674485973	1234
20130815	123	123	123	415.06761883294587	1234
20130815	123	123	123	449.2360353901629	1234
20130815	123	123	123	454.47049211091087	1234
20130815	123	123	123	474.58892045910727	1234
20130815	123	123	123	483.41679301490433	1234
20130815	123	123	123	494.83838458853756	1234
20130815	123	123	123	509.16573336889445	1234
20130815	123	123	123	505.87275729179566	1234
20130815	123	123	123	469.88514160462034	1234
20130815	123	123	123	469.55811269576037	1234
20130815	123	123	123	421.8614800423511	1234
20130815	123	123	123	397.20553822614085	1234
20130815	123	123	123	395.23076923076934	1234
20130815	123	123	123	332.68795017471786	1234
20130815	123	123	123	340.71070877674754	1234
20130815	123	123	123	319.76923076923094	1234
20130815	123	123	123	273.2659657125582	1234
20130815	123	123	123	225.19463738529583	1234
20130815	123	123	123	244.30769230769252	1234
20130815	123	123	123	207.6238098466334	1234
20130815	123	123	123	194.0	1234
20130815	123	123	123	7.149042057077903	1234
20130815	123	123	123	13.919439586404089	1234
20130815	123	123	123	6.140014394846562	1234
20130815	123	123	123	0.432195518133327	1234
20130815	123	123	123	11.273585739863968	1234
20130815	123	123	123	4.132848607427411	1234
20130815	123	123	123	9.006174277039207	1234
20130815	123	123	123	9.439050401605416	1234
20130815	123	123	123	7.560204317440893	1234
20130815	123	123	123	3.546864116250552	1234
20130815	123	123	123	17.696986899812966	1234
20130815	123	123	123	6.2788077359751675	1234
20130815	123	123	123	0.058897773067656534	1234
20130815	123	123	123	18.978679196314182	1234
20130815	123	123	123	19.05888245619423	1234
20130815	123	123	123	3.908743596484614	1234
20130815	123	123	123	2.434799837360533	1234
20130815	123	123	123	12.320630623069492	1234
20130815	123	123	123	3.125260174615425	1234
20130815	123	123	123	1.1761867851074181	1234
20130815	123	123	123	10.144430858531218	1234
20130815	123	123	123	4.001797588670755	1234
20130815	123	123	123	12.030345360648077	1234
20130815	123	123	123	11.995151142782705	1234
20130815	123	123	123	19.921538872006334	1234
20130815	123	123	123	16.505317082707673	1234
20130815	123	123	123	17.399930477071763	1234
20130815	123	123	123	5.4261645404964725	1234
20130815	123	123	123	6.255757956860053	1234
20130815	123	123	123	3.7428018426056586	1234