time startPrice highestPrice lowestPrice endPrice transactionCount
20130815	123	123	123	11.947259067534786	1234
20130815	123	123	123	16.61466010825013	1234
20130815	123	123	123	3.5645347263122518	1234
20130815	123	123	123	7.119816457779507	1234
20130815	123	123	123	2.375610660245162	1234
20130815	123	123	123	7.1238375692356275	1234
20130815	123	123	123	1.5295952160741777	1234
20130815	123	123	123	19.672122616524504	1234
20130815	123	123	123	7.4803311144341045	1234
20130815	123	123	123	14.935808580569425	1234
20130815	123	123	123	6.292807604304079	1234
20130815	123	123	123	15.037014570479407	1234
20130815	123	123	123	18.34762309785517	1234
20130815	123	123	123	1.5692001034018421	1234
20130815	123	123	123	12.401693105611304	1234
20130815	123	123	123	19.363478767178584	1234
20130815	123	123	123	1.992251170210897	1234
20130815	123	123	123	7.029950353106202	1234
20130815	123	123	123	14.142736647979016	1234
20130815	123	123	123	3.8821741234136065	1234
20130815	123	123	123	6.012803935964445	1234
20130815	123	123	123	9.833568858334782	1234
20130815	123	123	123	8.61256773502621	1234
20130815	123	123	123	3.3500919426799425	1234
20130815	123	123	123	17.367765146060425	1234
20130815	123	123	123	18.979774584628455	1234
20130815	123	123	123	11.88486139908764	1234
20130815	123	123	123	14.594881262554729	1234
20130815	123	123	123	6.742725055373411	1234
20130815	123	123	123	6.327396916993728	1234
20130815	123	123	123	198.74932241034094	1234
20130815	123	123	123	230.59516790829176	1234
20130815	123	123	123	269.51567645820427	1234
20130815	123	123	123	290.33415713298507	1234
20130815	123	123	123	309.03271279214124	1234
20130815	123	123	123	334.68054250987774	1234
20130815	123	123	123	396.4661012627198	1234
20130815	123	123	123	395.6153846153847	1234
20130815	123	123	123	440.17891831211705	1234
20130815	123	123	123	495.88562075374296	1234
20130815	123	123	123	501.97742397655384	1234
20130815	123	123	123	519.8243529775093	1234
20130815	123	123	123	483.5361589640045	1234
20130815	123	123	123	470.05775881782347	1234
20130815	123	123	123	445.23076923076934	1234
20130815	123	123	123	393.32886759075797	1234
20130815	123	123	123	336.21771685950284	1234
20130815	123	123	123	310.163532305554	1234
20130815	123	123	123	329.36582860344623	1234
20130815	123	123	123	341.692604910293	1234
20130815	123	123	123	382.4940882355373	1234
20130815	123	123	123	383.87505565800234	1234
20130815	123	123	123	406.5176365053791	1234
20130815	123	123	123	422.15355881527023	1234
20130815	123	123	123	455.01980634157667	1234
20130815	123	123	123	505.89657828133176	1234
20130815	123	123	123	518.6842037147503	1234
20130815	123	123	123	527.1808122205449	1234
20130815	123	123	123	511.95552589959647	1234
20130815	123	123	123	494.55912934104015	1234
20130815	123	123	123	480.55540115360077	1234
20130815	123	123	123	448.85722733121247	1234
20130815	123	123	123	433.5668306540226	1234
20130815	123	123	123	401.98514566381334	1234
20130815	123	123	123	399.54078644426886	1234
20130815	123	123	123	378.9786713446277	1234
20130815	123	123	123	372.3710383506787	1234
20130815	123	123	123	338.49871200973666	1234
20130815	123	123	123	336.00745572215743	1234
20130815	123	123	123	341.9230769230769	1234
20130815	123	123	123	388.52069054955257	1234
20130815	123	123	123	404.21093903210823	1234
20130815	123	123	123	431.46153846153834	1234
20130815	123	123	123	455.09262595507766	1234
20130815	123	123	123	468.14854471586955	1234
20130815	123	123	123	480.3987763483742	1234
20130815	123	123	123	512.3757626876211	1234
20130815	123	123	123	510.1442763516323	1234
20130815	123	123	123	512.1078328494159	1234
20130815	123	123	123	464.5819940558936	1234
20130815	123	123	123	434.5159283332834	1234
20130815	123	123	123	445.5384615384616	1234
20130815	123	123	123	391.69951193964323	1234
20130815	123	123	123	370.3489508951846	1234
20130815	123	123	123	350.53213625478827	1234
20130815	123	123	123	333.5866368395185	1234
20130815	123	123	123	267.51826238687994	1234
20130815	123	123	123	267.7591196471261	1234
20130815	123	123	123	195.1791518301595	1234
20130815	123	123	123	194.0	1234
20130815	123	123	123	1.862442292992632	1234
20130815	123	123	123	11.116467901803786	1234
20130815	123	123	123	5.623609125118274	1234
20130815	123	123	123	0.4931845599620033	1234
20130815	123	123	123	2.3610924246633913	1234
20130815	123	123	123	0.19190046788349235	1234
20130815	123	123	123	14.460314801930094	1234
20130815	123	123	123	16.698971906255753	1234
20130815	123	123	123	9.553612280932356	1234
20130815	123	123	123	10.042626083667587	1234
20130815	123	123	123	7.199694769008664	1234
20130815	123	123	123	10.91741620968678	1234
20130815	123	123	123	14.109698762048078	1234
20130815	123	123	123	6.361673426871494	1234
20130815	123	123	123	19.986341780560704	1234
20130815	123	123	123	1.2173075394113808	1234
20130815	123	123	123	10.199245829216288	1234
20130815	123	123	123	19.861519622230958	1234
20130815	123	123	123	9.97417377526731	1234
20130815	123	123	123	14.385236592797913	1234
20130815	123	123	123	5.983704821071871	1234
20130815	123	123	123	19.491682768511865	1234
20130815	123	123	123	3.961340435915759	1234
20130815	123	123	123	11.701179128621359	1234
20130815	123	123	123	19.30215863701292	1234
20130815	123	123	123	9.588371832436211	1234
20130815	123	123	123	5.955505609148601	1234
20130815	123	123	123	4.171346575154615	1234
20130815	123	123	123	16.965821954099518	1234
20130815	123	123	123	3.456802152632399	1234