time startPrice highestPrice lowestPrice endPrice transactionCount
20130815	123	123	123	0.49831209397972254	1234
20130815	123	123	123	15.960702292018198	1234
20130815	123	123	123	5.989172992909804	1234
20130815	123	123	123	17.59895595027571	1234
20130815	123	123	123	0.8328768990792468	1234
20130815	123	123	123	7.5875806161066635	1234
20130815	123	123	123	3.5350723128950268	1234
20130815	123	123	123	13.855822224380079	1234
20130815	123	123	123	5.242828853596024	1234
20130815	123	123	123	14.044082842427699	1234
20130815	123	123	123	9.66126651929021	1234
20130815	123	123	123	16.558989145496106	1234
20130815	123	123	123	5.248054885468183	1234
20130815	123	123	123	4.0282846609171585	1234
20130815	123	123	123	9.801065288538604	1234
20130815	123	123	123	16.38984881625154	1234
20130815	123	123	123	6.878270751365108	1234
20130815	123	123	123	8.79418329499159	1234
20130815	123	123	123	16.974171937373015	1234
20130815	123	123	123	7.51429565311883	1234
20130815	123	123	123	5.293107139847382	1234
20130815	123	123	123	18.441886173854602	1234
20130815	123	123	123	8.888856287930636	1234
20130815	123	123	123	18.617340271696424	1234
20130815	123	123	123	15.776429351105968	1234
20130815	123	123	123	15.519067597349938	1234
20130815	123	123	123	19.57295245851798	1234
20130815	123	123	123	3.2634559708139443	1234
20130815	123	123	123	7.809587927551451	1234
20130815	123	123	123	13.990943016568309	1234
20130815	123	123	123	217.10993043304248	1234
20130815	123	123	123	219.19472645726265	1234
20130815	123	123	123	259.73235030376503	1234
20130815	123	123	123	344.89457917268	1234
20130815	123	123	123	343.4615384615385	1234
20130815	123	123	123	395.6153846153847	1234
20130815	123	123	123	490.95384100643565	1234
20130815	123	123	123	483.65398649757543	1234
20130815	123	123	123	509.72013382386893	1234
20130815	123	123	123	507.90955320926497	1234
20130815	123	123	123	488.59158779041337	1234
20130815	123	123	123	468.10612913826805	1234
20130815	123	123	123	444.74008520106	1234
20130815	123	123	123	438.0651634885318	1234
20130815	123	123	123	418.8470732622249	1234
20130815	123	123	123	402.68393970034396	1234
20130815	123	123	123	388.0146084814516	1234
20130815	123	123	123	348.14005751526025	1234
20130815	123	123	123	348.30769230769255	1234
20130815	123	123	123	319.43762413867677	1234
20130815	123	123	123	332.46153846153845	1234
20130815	123	123	123	359.47229708869804	1234
20130815	123	123	123	371.4461425660966	1234
20130815	123	123	123	394.46617986392926	1234
20130815	123	123	123	405.66461543709426	1234
20130815	123	123	123	428.1140669568003	1234
20130815	123	123	123	490.62301662118807	1234
20130815	123	123	123	512.538104399788	1234
20130815	123	123	123	518.9557456049587	1234
20130815	123	123	123	516.0492582813879	1234
20130815	123	123	123	497.03985829626095	1234
20130815	123	123	123	475.3694637520032	1234
20130815	123	123	123	478.324098556968	1234
20130815	123	123	123	439.1426161182868	1234
20130815	123	123	123	434.15388956224064	1234
20130815	123	123	123	373.6319619029729	1234
20130815	123	123	123	380.86949077713757	1234
20130815	123	123	123	343.9373123742379	1234
20130815	123	123	123	329.07775602570143	1234
20130815	123	123	123	353.89614929109655	1234
20130815	123	123	123	391.28519090683506	1234
20130815	123	123	123	386.6923076923076	1234
20130815	123	123	123	401.6153846153845	1234
20130815	123	123	123	416.53846153846143	1234
20130815	123	123	123	438.57046197650953	1234
20130815	123	123	123	454.84821342895486	1234
20130815	123	123	123	493.0587457362408	1234
20130815	123	123	123	522.3088109639798	1234
20130815	123	123	123	521.0	1234
20130815	123	123	123	494.1402715061961	1234
20130815	123	123	123	463.15945254847975	1234
20130815	123	123	123	424.5251345038935	1234
20130815	123	123	123	398.96562520526277	1234
20130815	123	123	123	383.49381151443623	1234
20130815	123	123	123	330.52630571139883	1234
20130815	123	123	123	300.1376402774728	1234
20130815	123	123	123	262.5093868492935	1234
20130815	123	123	123	238.00754194395302	1234
20130815	123	123	123	187.24901615418395	1234
20130815	123	123	123	194.0	1234
20130815	123	123	123	18.107535594116047	1234
20130815	123	123	123	18.899675333330578	1234
20130815	123	123	123	12.072853189453337	1234
20130815	123	123	123	11.81179641026042	1234
20130815	123	123	123	15.494165957026143	1234
20130815	123	123	123	1.8067331890670113	1234
20130815	123	123	123	8.993805599468107	1234
20130815	123	123	123	6.131869698050485	1234
20130815	123	123	123	14.768609690876849	1234
20130815	123	123	123	13.916836845407019	1234
20130815	123	123	123	1.8559830288892565	1234
20130815	123	123	123	1.5992137007820295	1234
20130815	123	123	123	19.18098603111956	1234
20130815	123	123	123	16.654926143028835	1234
20130815	123	123	123	7.500631287267197	1234
20130815	123	123	123	4.266872967343865	1234
20130815	123	123	123	18.59431738353354	1234
20130815	123	123	123	16.823557087397628	1234
20130815	123	123	123	3.2989150417337765	1234
20130815	123	123	123	16.291562830433982	1234
20130815	123	123	123	5.210488516464666	1234
20130815	123	123	123	10.039841688042141	1234
20130815	123	123	123	10.34149878687052	1234
20130815	123	123	123	9.910779045575683	1234
20130815	123	123	123	6.314663053232195	1234
20130815	123	123	123	18.346140324349815	1234
20130815	123	123	123	9.686918085755543	1234
20130815	123	123	123	3.1110571162108758	1234
20130815	123	123	123	3.9362162949870716	1234
20130815	123	123	123	0.35449641770897156	1234