time startPrice highestPrice lowestPrice endPrice transactionCount
20130815	123	123	123	12.804156443301517	1234
20130815	123	123	123	15.713887498754762	1234
20130815	123	123	123	7.090222160575481	1234
20130815	123	123	123	12.306748207626315	1234
20130815	123	123	123	6.880741805649295	1234
20130815	123	123	123	7.181332329887784	1234
20130815	123	123	123	14.082998045029836	1234
20130815	123	123	123	12.914970377549299	1234
20130815	123	123	123	0.14531451560296338	1234
20130815	123	123	123	19.201837889325084	1234
20130815	123	123	123	7.037547787160186	1234
20130815	123	123	123	7.857791815943564	1234
20130815	123	123	123	4.317635592505862	1234
20130815	123	123	123	19.034505678179368	1234
20130815	123	123	123	15.857276204099433	1234
20130815	123	123	123	10.89872998082254	1234
20130815	123	123	123	18.00302256046428	1234
20130815	123	123	123	16.563955987564768	1234
20130815	123	123	123	12.258959072429501	1234
20130815	123	123	123	12.920590164558634	1234
20130815	123	123	123	14.388249559107681	1234
20130815	123	123	123	7.622778375214539	1234
20130815	123	123	123	7.850194997599955	1234
20130815	123	123	123	12.093473961814796	1234
20130815	123	123	123	2.736599429256561	1234
20130815	123	123	123	12.055057127604545	1234
20130815	123	123	123	17.17819413887431	1234
20130815	123	123	123	12.644035910790759	1234
20130815	123	123	123	12.203184331801996	1234
20130815	123	123	123	15.300883075883895	1234
20130815	123	123	123	223.35683111758496	1234
20130815	123	123	123	268.4847873633329	1234
20130815	123	123	123	277.6108525296022	1234
20130815	123	123	123	291.3076923076923	1234
20130815	123	123	123	329.1870212660088	1234
20130815	123	123	123	381.17336556569893	1234
20130815	123	123	123	396.02461295231024	1234
20130815	123	123	123	432.75411807228863	1234
20130815	123	123	123	532.5122196021947	1234
20130815	123	123	123	456.29564398600536	1234
20130815	123	123	123	428.4555761581659	1234
20130815	123	123	123	429.0769230769232	1234
20130815	123	123	123	393.19994784650385	1234
20130815	123	123	123	335.3530839483288	1234
20130815	123	123	123	317.9787038362053	1234
20130815	123	123	123	316.81344467658545	1234
20130815	123	123	123	339.13062700596447	1234
20130815	123	123	123	349.062242355081	1234
20130815	123	123	123	385.6502609213905	1234
20130815	123	123	123	414.05507824155757	1234
20130815	123	123	123	440.36827325652075	1234
20130815	123	123	123	438.12042063458887	1234
20130815	123	123	123	462.7185031483112	1234
20130815	123	123	123	475.69909384350746	1234
20130815	123	123	123	495.5504711948933	1234
20130815	123	123	123	515.7122856489556	1234
20130815	123	123	123	521.6086491450823	1234
20130815	123	123	123	530.0	1234
20130815	123	123	123	493.62475293354584	1234
20130815	123	123	123	480.8243558578653	1234
20130815	123	123	123	482.48433416725163	1234
20130815	123	123	123	437.52829685704154	1234
20130815	123	123	123	426.8213541104802	1234
20130815	123	123	123	415.4473643269245	1234
20130815	123	123	123	376.6035001020589	1234
20130815	123	123	123	331.84143733564696	1234
20130815	123	123	123	339.39283506805833	1234
20130815	123	123	123	341.9230769230769	1234
20130815	123	123	123	368.96805972062634	1234
20130815	123	123	123	386.7997117390584	1234
20130815	123	123	123	400.74434447872545	1234
20130815	123	123	123	407.5081052420018	1234
20130815	123	123	123	422.1903903860197	1234
20130815	123	123	123	462.52916815461504	1234
20130815	123	123	123	462.237444955358	1234
20130815	123	123	123	506.7852714407479	1234
20130815	123	123	123	523.3894883779908	1234
20130815	123	123	123	508.0987027218149	1234
20130815	123	123	123	472.10840384670564	1234
20130815	123	123	123	451.1554343835643	1234
20130815	123	123	123	443.4860846377825	1234
20130815	123	123	123	399.83221031343317	1234
20130815	123	123	123	383.8293621303646	1234
20130815	123	123	123	367.1039774514877	1234
20130815	123	123	123	302.5973889939356	1234
20130815	123	123	123	288.68998234886874	1234
20130815	123	123	123	255.50186289039306	1234
20130815	123	123	123	227.67445458614725	1234
20130815	123	123	123	212.19793711383304	1234
20130815	123	123	123	194.0	1234
20130815	123	123	123	4.202656466234487	1234
20130815	123	123	123	8.828157368108716	1234
20130815	123	123	123	2.7611905070545273	1234
20130815	123	123	123	0.5825387927771586	1234
20130815	123	123	123	2.2275337938548856	1234
20130815	123	123	123	16.822492343587307	1234
20130815	123	123	123	19.9242204196674	1234
20130815	123	123	123	17.698824745929272	1234
20130815	123	123	123	14.533491630960306	1234
20130815	123	123	123	13.988622976928438	1234
20130815	123	123	123	17.469447954580282	1234
20130815	123	123	123	13.984782401146665	1234
20130815	123	123	123	5.784927062079108	1234
20130815	123	123	123	12.32683990175908	1234
20130815	123	123	123	15.510831087268828	1234
20130815	123	123	123	13.16983884048643	1234
20130815	123	123	123	2.7424279105953397	1234
20130815	123	123	123	10.924844450273616	1234
20130815	123	123	123	0.041151381688289135	1234
20130815	123	123	123	8.668195657014834	1234
20130815	123	123	123	16.893582014532512	1234
20130815	123	123	123	0.8199525236786465	1234
20130815	123	123	123	4.456193123409009	1234
20130815	123	123	123	19.26104982739674	1234
20130815	123	123	123	1.3220894796874494	1234
20130815	123	123	123	14.931661009519658	1234
20130815	123	123	123	3.593890977980072	1234
20130815	123	123	123	17.181023463770906	1234
20130815	123	123	123	19.46715384734736	1234
20130815	123	123	123	5.5847177608371235	1234