time startPrice highestPrice lowestPrice endPrice transactionCount
20130815	123	123	123	19.635541140684936	1234
20130815	123	123	123	11.720817730248353	1234
20130815	123	123	123	7.262109629184992	1234
20130815	123	123	123	19.104831734977164	1234
20130815	123	123	123	7.947414716100005	1234
20130815	123	123	123	4.987540106657351	1234
20130815	123	123	123	4.405937744166004	1234
20130815	123	123	123	12.113994297069976	1234
20130815	123	123	123	5.408998303502517	1234
20130815	123	123	123	19.863705305365816	1234
20130815	123	123	123	1.4895786582550818	1234
20130815	123	123	123	18.355277114543526	1234
20130815	123	123	123	11.716316600205	1234
20130815	123	123	123	3.749627882531663	1234
20130815	123	123	123	1.5851105809816324	1234
20130815	123	123	123	13.874845777676391	1234
20130815	123	123	123	4.9406411853095005	1234
20130815	123	123	123	5.4448477325244005	1234
20130815	123	123	123	10.25594966150025	1234
20130815	123	123	123	17.378339356195	1234
20130815	123	123	123	11.085599693833657	1234
20130815	123	123	123	18.594882585888183	1234
20130815	123	123	123	4.8988972767501915	1234
20130815	123	123	123	0.534477549369099	1234
20130815	123	123	123	6.938676293124115	1234
20130815	123	123	123	14.69167729137528	1234
20130815	123	123	123	4.695336181759031	1234
20130815	123	123	123	1.6632309761295305	1234
20130815	123	123	123	2.8046304308360748	1234
20130815	123	123	123	1.380317649653906	1234
20130815	123	123	123	211.76508002780236	1234
20130815	123	123	123	219.210399115405	1234
20130815	123	123	123	240.47537970714998	1234
20130815	123	123	123	293.8272493317455	1234
20130815	123	123	123	325.42403788163216	1234
20130815	123	123	123	353.0552988613221	1234
20130815	123	123	123	406.04363000555793	1234
20130815	123	123	123	418.2346440264872	1234
20130815	123	123	123	451.0775643094328	1234
20130815	123	123	123	469.5120106746183	1234
20130815	123	123	123	502.60045026138476	1234
20130815	123	123	123	512.2672007094759	1234
20130815	123	123	123	511.4754948116388	1234
20130815	123	123	123	493.69230769230774	1234
20130815	123	123	123	438.2740645561109	1234
20130815	123	123	123	413.76631173089726	1234
20130815	123	123	123	401.6354062471242	1234
20130815	123	123	123	386.06592453921644	1234
20130815	123	123	123	346.5093910768375	1234
20130815	123	123	123	335.25758187161904	1234
20130815	123	123	123	329.3891259346144	1234
20130815	123	123	123	316.0	1234
20130815	123	123	123	362.27152941984923	1234
20130815	123	123	123	372.6685213685434	1234
20130815	123	123	123	390.27647898378916	1234
20130815	123	123	123	403.00171030685664	1234
20130815	123	123	123	440.6973182639061	1234
20130815	123	123	123	455.85597321401724	1234
20130815	123	123	123	466.7429321582956	1234
20130815	123	123	123	480.6153846153845	1234
20130815	123	123	123	479.8890531608449	1234
20130815	123	123	123	489.27127507136623	1234
20130815	123	123	123	480.30383834543323	1234
20130815	123	123	123	464.64037942009674	1234
20130815	123	123	123	439.7182836430009	1234
20130815	123	123	123	413.19173577426636	1234
20130815	123	123	123	393.37188090654206	1234
20130815	123	123	123	389.4615384615382	1234
20130815	123	123	123	368.73759004222165	1234
20130815	123	123	123	345.41959343697613	1234
20130815	123	123	123	332.41626451915454	1234
20130815	123	123	123	336.7901252380123	1234
20130815	123	123	123	341.9230769230769	1234
20130815	123	123	123	433.2947514701309	1234
20130815	123	123	123	446.1501465980433	1234
20130815	123	123	123	457.4071953268288	1234
20130815	123	123	123	461.30769230769215	1234
20130815	123	123	123	491.15384615384596	1234
20130815	123	123	123	519.8870904994859	1234
20130815	123	123	123	518.3370459922653	1234
20130815	123	123	123	466.80465788179447	1234
20130815	123	123	123	432.8240767981545	1234
20130815	123	123	123	405.96609442652607	1234
20130815	123	123	123	387.63546843640853	1234
20130815	123	123	123	359.32636298113295	1234
20130815	123	123	123	317.3914985859043	1234
20130815	123	123	123	311.1669698083535	1234
20130815	123	123	123	206.88781925732795	1234
20130815	123	123	123	218.0263514874394	1234
20130815	123	123	123	194.0	1234
20130815	123	123	123	1.7532413336141528	1234
20130815	123	123	123	12.945897578356703	1234
20130815	123	123	123	1.1028839377819155	1234
20130815	123	123	123	18.250353352057804	1234
20130815	123	123	123	8.728703241376774	1234
20130815	123	123	123	5.532685250001896	1234
20130815	123	123	123	11.830469399074987	1234
20130815	123	123	123	19.340851484580458	1234
20130815	123	123	123	18.547688268100796	1234
20130815	123	123	123	1.7867008316218569	1234
20130815	123	123	123	6.536654424034943	1234
20130815	123	123	123	9.264092198245832	1234
20130815	123	123	123	17.80579870348975	1234
20130815	123	123	123	19.391510442145307	1234
20130815	123	123	123	8.724891619972556	1234
20130815	123	123	123	18.15359678608302	1234
20130815	123	123	123	7.005818516466262	1234
20130815	123	123	123	18.1627292361948	1234
20130815	123	123	123	10.49227721002709	1234
20130815	123	123	123	19.567948226402745	1234
20130815	123	123	123	17.99986948045508	1234
20130815	123	123	123	17.14237984292352	1234
20130815	123	123	123	12.736225476153697	1234
20130815	123	123	123	15.032668465286857	1234
20130815	123	123	123	1.8350267401467213	1234
20130815	123	123	123	16.918024980861883	1234
20130815	123	123	123	9.402608079219327	1234
20130815	123	123	123	9.078174851887574	1234
20130815	123	123	123	8.658282957260832	1234
20130815	123	123	123	0.09698469688356193	1234