time startPrice highestPrice lowestPrice endPrice transactionCount
20130815	123	123	123	17.825104459070662	1234
20130815	123	123	123	1.0806208713228038	1234
20130815	123	123	123	8.979049196985267	1234
20130815	123	123	123	12.572347785589422	1234
20130815	123	123	123	5.793681068443259	1234
20130815	123	123	123	4.816465795483705	1234
20130815	123	123	123	19.73741411965802	1234
20130815	123	123	123	4.205887156444465	1234
20130815	123	123	123	7.620250383954286	1234
20130815	123	123	123	7.082340489296821	1234
20130815	123	123	123	13.350777970686497	1234
20130815	123	123	123	14.128284156032102	1234
20130815	123	123	123	1.566348665174253	1234
20130815	123	123	123	8.655268979584154	1234
20130815	123	123	123	12.174598257305957	1234
20130815	123	123	123	15.503806132427279	1234
20130815	123	123	123	11.4265915652148	1234
20130815	123	123	123	18.586393557852553	1234
20130815	123	123	123	3.8931566672278284	1234
20130815	123	123	123	17.311864877242897	1234
20130815	123	123	123	10.031001024729019	1234
20130815	123	123	123	1.6513834390755022	1234
20130815	123	123	123	0.6109659901368114	1234
20130815	123	123	123	16.682534877448848	1234
20130815	123	123	123	17.156835763346077	1234
20130815	123	123	123	7.128837169404165	1234
20130815	123	123	123	17.0414755147998	1234
20130815	123	123	123	5.560859723923661	1234
20130815	123	123	123	3.6522933820357073	1234
20130815	123	123	123	12.217830523561894	1234
20130815	123	123	123	213.44489273489603	1234
20130815	123	123	123	226.49306383879963	1234
20130815	123	123	123	246.4311606498161	1234
20130815	123	123	123	305.40050611743993	1234
20130815	123	123	123	306.94704613680864	1234
20130815	123	123	123	330.09354868487554	1234
20130815	123	123	123	343.4615384615385	1234
20130815	123	123	123	521.5276198555987	1234
20130815	123	123	123	479.2814683753031	1234
20130815	123	123	123	501.5464965367539	1234
20130815	123	123	123	503.26175778090345	1234
20130815	123	123	123	497.6076083910838	1234
20130815	123	123	123	480.2701469181011	1234
20130815	123	123	123	407.63871263532786	1234
20130815	123	123	123	364.1815068279063	1234
20130815	123	123	123	332.4193401801788	1234
20130815	123	123	123	337.3172284049184	1234
20130815	123	123	123	350.8517209678521	1234
20130815	123	123	123	349.539548803328	1234
20130815	123	123	123	371.83897776784056	1234
20130815	123	123	123	398.30769230769226	1234
20130815	123	123	123	435.483102240006	1234
20130815	123	123	123	432.49750698262756	1234
20130815	123	123	123	447.6923076923076	1234
20130815	123	123	123	476.90711441952885	1234
20130815	123	123	123	494.88712675778936	1234
20130815	123	123	123	525.4299788102835	1234
20130815	123	123	123	509.2311117617222	1234
20130815	123	123	123	494.52740330543907	1234
20130815	123	123	123	474.0492893330061	1234
20130815	123	123	123	464.65839350990484	1234
20130815	123	123	123	430.77352706697843	1234
20130815	123	123	123	399.8681741918172	1234
20130815	123	123	123	390.8099297720576	1234
20130815	123	123	123	375.8644036111152	1234
20130815	123	123	123	358.06134230092914	1234
20130815	123	123	123	357.26221412228955	1234
20130815	123	123	123	337.1718246059566	1234
20130815	123	123	123	334.9770126951974	1234
20130815	123	123	123	365.35881835172154	1234
20130815	123	123	123	385.75844644667217	1234
20130815	123	123	123	411.8364079514857	1234
20130815	123	123	123	423.3471617991492	1234
20130815	123	123	123	416.53846153846143	1234
20130815	123	123	123	474.97556677596975	1234
20130815	123	123	123	499.1775321608446	1234
20130815	123	123	123	519.3409620541144	1234
20130815	123	123	123	518.2119606989154	1234
20130815	123	123	123	495.84615384615387	1234
20130815	123	123	123	459.77830533249295	1234
20130815	123	123	123	445.5384615384616	1234
20130815	123	123	123	420.3846153846155	1234
20130815	123	123	123	352.1452280674765	1234
20130815	123	123	123	337.7108099838602	1234
20130815	123	123	123	302.29081659604384	1234
20130815	123	123	123	258.33313570380557	1234
20130815	123	123	123	257.63032483998995	1234
20130815	123	123	123	227.20968653386888	1234
20130815	123	123	123	200.5761839212508	1234
20130815	123	123	123	194.0	1234
20130815	123	123	123	2.027104700658706	1234
20130815	123	123	123	5.333363299326699	1234
20130815	123	123	123	14.843985252893058	1234
20130815	123	123	123	16.706554949415583	1234
20130815	123	123	123	14.206625603494992	1234
20130815	123	123	123	14.16347764505192	1234
20130815	123	123	123	3.194612919953932	1234
20130815	123	123	123	9.429760319100689	1234
20130815	123	123	123	14.852982003015232	1234
20130815	123	123	123	13.520862767772872	1234
20130815	123	123	123	12.696807692754348	1234
20130815	123	123	123	11.603507814843715	1234
20130815	123	123	123	18.736634682891204	1234
20130815	123	123	123	12.752895125869975	1234
20130815	123	123	123	5.633628715064658	1234
20130815	123	123	123	7.301510403862239	1234
20130815	123	123	123	17.326576464136746	1234
20130815	123	123	123	13.53486275473783	1234
20130815	123	123	123	6.105742776069778	1234
20130815	123	123	123	17.138129177517317	1234
20130815	123	123	123	7.723175003518492	1234
20130815	123	123	123	9.648705519802796	1234
20130815	123	123	123	14.119841036976378	1234
20130815	123	123	123	17.6488671883894	1234
20130815	123	123	123	5.424043393226623	1234
20130815	123	123	123	1.7784049172798344	1234
20130815	123	123	123	19.052378308187148	1234
20130815	123	123	123	15.909986925376462	1234
20130815	123	123	123	9.356165320930947	1234
20130815	123	123	123	1.8734160976986547	1234