time startPrice highestPrice lowestPrice endPrice transactionCount
20130815	123	123	123	11.348359097812189	1234
20130815	123	123	123	15.593393228229225	1234
20130815	123	123	123	1.6275358109230242	1234
20130815	123	123	123	9.143281861792989	1234
20130815	123	123	123	10.129475096218567	1234
20130815	123	123	123	10.422945941670427	1234
20130815	123	123	123	14.069468314242917	1234
20130815	123	123	123	8.071174807171719	1234
20130815	123	123	123	14.252717883806291	1234
20130815	123	123	123	15.352990997618791	1234
20130815	123	123	123	17.420351224156768	1234
20130815	123	123	123	0.519890347782137	1234
20130815	123	123	123	1.7081473586401619	1234
20130815	123	123	123	14.4358072531538	1234
20130815	123	123	123	12.157606022677426	1234
20130815	123	123	123	19.571414439322613	1234
20130815	123	123	123	9.700997475955894	1234
20130815	123	123	123	9.025699613470566	1234
20130815	123	123	123	19.716661117883817	1234
20130815	123	123	123	12.140948073244813	1234
20130815	123	123	123	18.887623677249763	1234
20130815	123	123	123	0.3360512866375931	1234
20130815	123	123	123	0.7775868736383718	1234
20130815	123	123	123	6.6067523974872655	1234
20130815	123	123	123	10.658043094839565	1234
20130815	123	123	123	1.1557836477147831	1234
20130815	123	123	123	3.385733387874603	1234
20130815	123	123	123	8.059182315971658	1234
20130815	123	123	123	9.560400747926646	1234
20130815	123	123	123	10.79810631803741	1234
20130815	123	123	123	216.77678479026028	1234
20130815	123	123	123	235.60527995253662	1234
20130815	123	123	123	256.3976547450878	1234
20130815	123	123	123	285.30650225235325	1234
20130815	123	123	123	316.1087683469283	1234
20130815	123	123	123	337.72741060170193	1234
20130815	123	123	123	354.3043085215911	1234
20130815	123	123	123	395.6153846153847	1234
20130815	123	123	123	446.1769578296041	1234
20130815	123	123	123	451.16827188309384	1234
20130815	123	123	123	478.75289396959204	1234
20130815	123	123	123	509.9196937573463	1234
20130815	123	123	123	485.4690798838646	1234
20130815	123	123	123	488.52425464683824	1234
20130815	123	123	123	462.9865335471838	1234
20130815	123	123	123	447.5863385256304	1234
20130815	123	123	123	418.35017135339865	1234
20130815	123	123	123	386.73786875977686	1234
20130815	123	123	123	387.8040367625072	1234
20130815	123	123	123	373.89169199422355	1234
20130815	123	123	123	364.4615384615387	1234
20130815	123	123	123	331.0952247490444	1234
20130815	123	123	123	341.90801366791175	1234
20130815	123	123	123	354.81945775480074	1234
20130815	123	123	123	441.92054095953006	1234
20130815	123	123	123	433.555894796909	1234
20130815	123	123	123	508.45774053470876	1234
20130815	123	123	123	524.0744687949872	1234
20130815	123	123	123	538.2251092134687	1234
20130815	123	123	123	517.9644410837226	1234
20130815	123	123	123	485.3506055342155	1234
20130815	123	123	123	469.38582104095497	1234
20130815	123	123	123	459.92635972058815	1234
20130815	123	123	123	436.2919908177308	1234
20130815	123	123	123	425.0095725709234	1234
20130815	123	123	123	405.013330255385	1234
20130815	123	123	123	397.9977959866401	1234
20130815	123	123	123	389.4615384615382	1234
20130815	123	123	123	371.86777743316225	1234
20130815	123	123	123	347.80377393124667	1234
20130815	123	123	123	333.02421264697887	1234
20130815	123	123	123	343.0413170549663	1234
20130815	123	123	123	347.4592615495499	1234
20130815	123	123	123	379.93420578589206	1234
20130815	123	123	123	413.23363104607665	1234
20130815	123	123	123	416.53846153846143	1234
20130815	123	123	123	489.42792307102775	1234
20130815	123	123	123	476.2823572312249	1234
20130815	123	123	123	510.24013624744333	1234
20130815	123	123	123	455.56544061152016	1234
20130815	123	123	123	441.3496890059358	1234
20130815	123	123	123	412.9138705657304	1234
20130815	123	123	123	346.535822380769	1234
20130815	123	123	123	330.2836302706128	1234
20130815	123	123	123	305.81957824653193	1234
20130815	123	123	123	292.9739183881219	1234
20130815	123	123	123	269.4615384615387	1234
20130815	123	123	123	233.01539348423657	1234
20130815	123	123	123	211.69370120911526	1234
20130815	123	123	123	194.0	1234
20130815	123	123	123	5.120849569047843	1234
20130815	123	123	123	12.751550294271167	1234
20130815	123	123	123	18.60722463535034	1234
20130815	123	123	123	0.03021463468748653	1234
20130815	123	123	123	14.486189351348063	1234
20130815	123	123	123	3.823748016241364	1234
20130815	123	123	123	6.472882333509819	1234
20130815	123	123	123	6.033366673484835	1234
20130815	123	123	123	3.271151488879185	1234
20130815	123	123	123	11.482824822707938	1234
20130815	123	123	123	12.486154072085636	1234
20130815	123	123	123	11.368570344024448	1234
20130815	123	123	123	13.848019302566957	1234
20130815	123	123	123	12.563010705039613	1234
20130815	123	123	123	17.841396295329158	1234
20130815	123	123	123	15.47386842434808	1234
20130815	123	123	123	3.1954014858307533	1234
20130815	123	123	123	6.75094881732341	1234
20130815	123	123	123	9.59628230676709	1234
20130815	123	123	123	2.395015450756617	1234
20130815	123	123	123	8.898014473254072	1234
20130815	123	123	123	19.75018976659814	1234
20130815	123	123	123	17.793648438089583	1234
20130815	123	123	123	4.252103929939642	1234
20130815	123	123	123	11.454463820500644	1234
20130815	123	123	123	7.272269327007523	1234
20130815	123	123	123	15.439496402944853	1234
20130815	123	123	123	16.370484557174688	1234
20130815	123	123	123	1.9317263034263221	1234
20130815	123	123	123	7.979988596383414	1234