time startPrice highestPrice lowestPrice endPrice transactionCount
20130815	123	123	123	7.946739766168525	1234
20130815	123	123	123	8.3344632452964	1234
20130815	123	123	123	2.704146724369494	1234
20130815	123	123	123	5.044051910034564	1234
20130815	123	123	123	10.233177337061633	1234
20130815	123	123	123	17.89295201191618	1234
20130815	123	123	123	16.361587817385676	1234
20130815	123	123	123	3.030400917484528	1234
20130815	123	123	123	19.98967921612199	1234
20130815	123	123	123	3.303987525153891	1234
20130815	123	123	123	8.377654329719181	1234
20130815	123	123	123	1.059014537034968	1234
20130815	123	123	123	6.62930535511091	1234
20130815	123	123	123	6.030755106168844	1234
20130815	123	123	123	6.604042850500429	1234
20130815	123	123	123	11.648654553978364	1234
20130815	123	123	123	0.5479573472945609	1234
20130815	123	123	123	9.427207252227305	1234
20130815	123	123	123	12.587450930085156	1234
20130815	123	123	123	18.98879601901138	1234
20130815	123	123	123	16.270566252385912	1234
20130815	123	123	123	17.07500623906492	1234
20130815	123	123	123	13.278471808757628	1234
20130815	123	123	123	16.893127933472446	1234
20130815	123	123	123	2.282170963596093	1234
20130815	123	123	123	6.364477167762754	1234
20130815	123	123	123	18.01943910599444	1234
20130815	123	123	123	15.154105762426294	1234
20130815	123	123	123	19.65876502559312	1234
20130815	123	123	123	13.443225678865913	1234
20130815	123	123	123	206.0204693434322	1234
20130815	123	123	123	221.7620856873386	1234
20130815	123	123	123	257.20408010365236	1234
20130815	123	123	123	265.2307692307692	1234
20130815	123	123	123	328.16565651171226	1234
20130815	123	123	123	348.4688288176651	1234
20130815	123	123	123	354.57699783067005	1234
20130815	123	123	123	412.5012439081362	1234
20130815	123	123	123	398.58564087482597	1234
20130815	123	123	123	437.2900848464373	1234
20130815	123	123	123	508.92951992564275	1234
20130815	123	123	123	506.39289140769057	1234
20130815	123	123	123	502.0059659790201	1234
20130815	123	123	123	472.47072382303054	1234
20130815	123	123	123	466.9381859237124	1234
20130815	123	123	123	450.1685122526464	1234
20130815	123	123	123	414.1628587513126	1234
20130815	123	123	123	397.1090050128602	1234
20130815	123	123	123	374.30291440492016	1234
20130815	123	123	123	345.75476791698395	1234
20130815	123	123	123	348.30769230769255	1234
20130815	123	123	123	332.1538461538464	1234
20130815	123	123	123	330.99074945356193	1234
20130815	123	123	123	343.8725977998788	1234
20130815	123	123	123	348.9230769230769	1234
20130815	123	123	123	397.1088976989687	1234
20130815	123	123	123	411.2760796593514	1234
20130815	123	123	123	418.2271848763055	1234
20130815	123	123	123	442.60883223217627	1234
20130815	123	123	123	455.89235680594874	1234
20130815	123	123	123	482.40683343176715	1234
20130815	123	123	123	499.6212837408728	1234
20130815	123	123	123	513.4575937447105	1234
20130815	123	123	123	520.3231890529638	1234
20130815	123	123	123	481.84952685121004	1234
20130815	123	123	123	489.80059017970433	1234
20130815	123	123	123	462.77565906148607	1234
20130815	123	123	123	448.0986517797505	1234
20130815	123	123	123	451.9230769230768	1234
20130815	123	123	123	434.89178256113274	1234
20130815	123	123	123	336.42007017522786	1234
20130815	123	123	123	343.61666418520304	1234
20130815	123	123	123	332.681150578856	1234
20130815	123	123	123	334.2080971982017	1234
20130815	123	123	123	366.2814095826335	1234
20130815	123	123	123	398.69983324998145	1234
20130815	123	123	123	388.76752206882435	1234
20130815	123	123	123	460.7125753378556	1234
20130815	123	123	123	523.0519830384311	1234
20130815	123	123	123	465.0629551415498	1234
20130815	123	123	123	435.49657542872535	1234
20130815	123	123	123	412.4802501400761	1234
20130815	123	123	123	370.31565539991607	1234
20130815	123	123	123	323.0683058644577	1234
20130815	123	123	123	298.0787796222372	1234
20130815	123	123	123	289.5007230905441	1234
20130815	123	123	123	261.5154812560712	1234
20130815	123	123	123	232.56853496073006	1234
20130815	123	123	123	200.38204690751118	1234
20130815	123	123	123	194.0	1234
20130815	123	123	123	10.357728158391415	1234
20130815	123	123	123	15.744475550710288	1234
20130815	123	123	123	2.8822998783609477	1234
20130815	123	123	123	18.956856399318568	1234
20130815	123	123	123	10.81305890977575	1234
20130815	123	123	123	1.4249776906847789	1234
20130815	123	123	123	3.1187852320338028	1234
20130815	123	123	123	17.932013727984977	1234
20130815	123	123	123	18.93436459453683	1234
20130815	123	123	123	11.055712629025852	1234
20130815	123	123	123	16.757941609433182	1234
20130815	123	123	123	11.702750736677496	1234
20130815	123	123	123	0.8138374064344811	1234
20130815	123	123	123	18.271935441368335	1234
20130815	123	123	123	0.15740248543628876	1234
20130815	123	123	123	14.956997182349674	1234
20130815	123	123	123	11.68277819950829	1234
20130815	123	123	123	3.1733290289971583	1234
20130815	123	123	123	5.303987413832427	1234
20130815	123	123	123	6.780700814870939	1234
20130815	123	123	123	12.295914775326125	1234
20130815	123	123	123	10.289083422841019	1234
20130815	123	123	123	0.49910256727712765	1234
20130815	123	123	123	11.002982817773212	1234
20130815	123	123	123	12.517893100164905	1234
20130815	123	123	123	0.3193899594172911	1234
20130815	123	123	123	5.1948590053800086	1234
20130815	123	123	123	8.19643078863647	1234
20130815	123	123	123	15.857658958559204	1234
20130815	123	123	123	8.017246901343107	1234