time startPrice highestPrice lowestPrice endPrice transactionCount
20130815	123	123	123	10.305398944761127	1234
20130815	123	123	123	13.948029276448132	1234
20130815	123	123	123	16.29018307367752	1234
20130815	123	123	123	12.875535199075355	1234
20130815	123	123	123	6.711035154485366	1234
20130815	123	123	123	9.46091953921037	1234
20130815	123	123	123	2.6628946821686172	1234
20130815	123	123	123	3.435542173858326	1234
20130815	123	123	123	3.4029770620768263	1234
20130815	123	123	123	16.22148605294598	1234
20130815	123	123	123	11.453714930811774	1234
20130815	123	123	123	16.01181599131926	1234
20130815	123	123	123	14.418745246419117	1234
20130815	123	123	123	4.996957034743616	1234
20130815	123	123	123	3.091038059168114	1234
20130815	123	123	123	17.014905421753454	1234
20130815	123	123	123	15.942581062097592	1234
20130815	123	123	123	3.9329594255820055	1234
20130815	123	123	123	9.991130626166974	1234
20130815	123	123	123	8.777598798884057	1234
20130815	123	123	123	2.3608930583493226	1234
20130815	123	123	123	0.06782065787736657	1234
20130815	123	123	123	15.922685179069909	1234
20130815	123	123	123	9.838922037110212	1234
20130815	123	123	123	6.859653029314736	1234
20130815	123	123	123	5.144223921482556	1234
20130815	123	123	123	7.814018373195532	1234
20130815	123	123	123	14.879792901287825	1234
20130815	123	123	123	13.698143957072073	1234
20130815	123	123	123	18.892650143864792	1234
20130815	123	123	123	214.77376293421173	1234
20130815	123	123	123	229.03236955766852	1234
20130815	123	123	123	278.29486099154803	1234
20130815	123	123	123	269.5879022603811	1234
20130815	123	123	123	311.0725404353256	1234
20130815	123	123	123	342.4120150482247	1234
20130815	123	123	123	356.97314110107646	1234
20130815	123	123	123	401.13734355980677	1234
20130815	123	123	123	426.6635329189631	1234
20130815	123	123	123	467.5881413516501	1234
20130815	123	123	123	480.23533185966335	1234
20130815	123	123	123	503.74097659875105	1234
20130815	123	123	123	510.5074207019421	1234
20130815	123	123	123	504.67571686392296	1234
20130815	123	123	123	487.2891076715257	1234
20130815	123	123	123	456.96492283135956	1234
20130815	123	123	123	461.3846153846155	1234
20130815	123	123	123	427.69896863450816	1234
20130815	123	123	123	411.84273390567006	1234
20130815	123	123	123	390.83368587754467	1234
20130815	123	123	123	366.10525605122837	1234
20130815	123	123	123	361.0730637651572	1234
20130815	123	123	123	343.21199824851806	1234
20130815	123	123	123	328.11981157986554	1234
20130815	123	123	123	337.1887442552784	1234
20130815	123	123	123	360.24652193841666	1234
20130815	123	123	123	396.0883684609451	1234
20130815	123	123	123	443.1348269729618	1234
20130815	123	123	123	436.75438482300757	1234
20130815	123	123	123	458.62749007733817	1234
20130815	123	123	123	477.443513591472	1234
20130815	123	123	123	528.726958990319	1234
20130815	123	123	123	528.2321307609525	1234
20130815	123	123	123	499.5869707414157	1234
20130815	123	123	123	470.8451639418606	1234
20130815	123	123	123	438.40625952495793	1234
20130815	123	123	123	432.42910111192015	1234
20130815	123	123	123	416.39583815445485	1234
20130815	123	123	123	405.07692307692287	1234
20130815	123	123	123	369.34938382638666	1234
20130815	123	123	123	358.23076923076894	1234
20130815	123	123	123	318.2043812198781	1234
20130815	123	123	123	335.33268110248406	1234
20130815	123	123	123	352.7730448354227	1234
20130815	123	123	123	367.7146302241583	1234
20130815	123	123	123	419.0084909958315	1234
20130815	123	123	123	433.6617428647661	1234
20130815	123	123	123	436.3304359526978	1234
20130815	123	123	123	514.9510888937214	1234
20130815	123	123	123	510.86163029401274	1234
20130815	123	123	123	508.68165581231614	1234
20130815	123	123	123	487.11175310894623	1234
20130815	123	123	123	445.28998234255243	1234
20130815	123	123	123	402.64998428942823	1234
20130815	123	123	123	395.23076923076934	1234
20130815	123	123	123	314.2334329491064	1234
20130815	123	123	123	285.68385735796755	1234
20130815	123	123	123	250.11691472021462	1234
20130815	123	123	123	171.2261784810475	1234
20130815	123	123	123	194.0	1234
20130815	123	123	123	9.881456639161621	1234
20130815	123	123	123	0.6195426884025901	1234
20130815	123	123	123	16.187983248556314	1234
20130815	123	123	123	16.886833188988216	1234
20130815	123	123	123	2.1644795805158012	1234
20130815	123	123	123	15.720788930951743	1234
20130815	123	123	123	16.925894463880034	1234
20130815	123	123	123	4.622224347441093	1234
20130815	123	123	123	3.3852206524815553	1234
20130815	123	123	123	15.113422008902372	1234
20130815	123	123	123	4.973209449350911	1234
20130815	123	123	123	14.64425184698888	1234
20130815	123	123	123	1.5069646667920078	1234
20130815	123	123	123	12.136760621204372	1234
20130815	123	123	123	18.444632976052088	1234
20130815	123	123	123	19.353934797193592	1234
20130815	123	123	123	4.448302187874889	1234
20130815	123	123	123	5.512197175986257	1234
20130815	123	123	123	10.36332241666668	1234
20130815	123	123	123	8.544199688432403	1234
20130815	123	123	123	18.116639780937206	1234
20130815	123	123	123	12.39695063714138	1234
20130815	123	123	123	0.6588676905612356	1234
20130815	123	123	123	17.77102447248374	1234
20130815	123	123	123	19.256791050339345	1234
20130815	123	123	123	3.6328136955382706	1234
20130815	123	123	123	17.82929600755361	1234
20130815	123	123	123	11.339318836267331	1234
20130815	123	123	123	16.567412693088986	1234
20130815	123	123	123	12.792068615092075	1234