time startPrice highestPrice lowestPrice endPrice transactionCount
20130815	123	123	123	5.839862735485557	1234
20130815	123	123	123	12.878468257802941	1234
20130815	123	123	123	17.314761415315203	1234
20130815	123	123	123	17.093361682567732	1234
20130815	123	123	123	2.649395520233284	1234
20130815	123	123	123	9.909157324609941	1234
20130815	123	123	123	9.029951947427408	1234
20130815	123	123	123	15.986385848184506	1234
20130815	123	123	123	6.523977104480274	1234
20130815	123	123	123	16.163879766767028	1234
20130815	123	123	123	0.9861263059118586	1234
20130815	123	123	123	17.016756858310302	1234
20130815	123	123	123	19.011354119773735	1234
20130815	123	123	123	8.726828759045109	1234
20130815	123	123	123	2.3845114327283867	1234
20130815	123	123	123	2.7548196643370093	1234
20130815	123	123	123	1.2161160084420297	1234
20130815	123	123	123	10.032964773299701	1234
20130815	123	123	123	10.778107138475297	1234
20130815	123	123	123	11.492234561783722	1234
20130815	123	123	123	6.98023198238163	1234
20130815	123	123	123	7.7513066979364815	1234
20130815	123	123	123	4.789361456300771	1234
20130815	123	123	123	3.58783319113805	1234
20130815	123	123	123	18.335030173392973	1234
20130815	123	123	123	8.06225292524525	1234
20130815	123	123	123	11.92185318606392	1234
20130815	123	123	123	13.358687488858926	1234
20130815	123	123	123	18.952771783698523	1234
20130815	123	123	123	17.847122409342436	1234
20130815	123	123	123	198.9848382240539	1234
20130815	123	123	123	250.51910914138477	1234
20130815	123	123	123	267.42753171525806	1234
20130815	123	123	123	281.96463955095675	1234
20130815	123	123	123	302.10212462867685	1234
20130815	123	123	123	332.1902796763732	1234
20130815	123	123	123	423.35277003686383	1234
20130815	123	123	123	490.2021615853578	1234
20130815	123	123	123	473.846153846154	1234
20130815	123	123	123	513.6988534169054	1234
20130815	123	123	123	519.1270962450835	1234
20130815	123	123	123	501.48012605748295	1234
20130815	123	123	123	476.56176335213104	1234
20130815	123	123	123	477.5384615384616	1234
20130815	123	123	123	417.6501626482634	1234
20130815	123	123	123	397.41051969411706	1234
20130815	123	123	123	391.87642520796464	1234
20130815	123	123	123	380.6153846153848	1234
20130815	123	123	123	357.2565835479637	1234
20130815	123	123	123	326.880969503709	1234
20130815	123	123	123	348.6662047188259	1234
20130815	123	123	123	360.167281171522	1234
20130815	123	123	123	401.3012119719307	1234
20130815	123	123	123	443.3824216720527	1234
20130815	123	123	123	452.65279591139256	1234
20130815	123	123	123	447.6923076923076	1234
20130815	123	123	123	473.13343922042804	1234
20130815	123	123	123	493.7949672642001	1234
20130815	123	123	123	499.44897078668583	1234
20130815	123	123	123	513.5384615384614	1234
20130815	123	123	123	530.0	1234
20130815	123	123	123	514.3846153846154	1234
20130815	123	123	123	485.57950339489963	1234
20130815	123	123	123	442.11370729436914	1234
20130815	123	123	123	428.6869931663206	1234
20130815	123	123	123	414.4578854124006	1234
20130815	123	123	123	377.16064118115673	1234
20130815	123	123	123	320.39447634374767	1234
20130815	123	123	123	337.9097184045839	1234
20130815	123	123	123	357.8194895214726	1234
20130815	123	123	123	363.4073068486773	1234
20130815	123	123	123	373.33432492648365	1234
20130815	123	123	123	387.33760455505785	1234
20130815	123	123	123	424.56948348401886	1234
20130815	123	123	123	447.48344369500904	1234
20130815	123	123	123	454.5257783960286	1234
20130815	123	123	123	461.30769230769215	1234
20130815	123	123	123	485.77382610461075	1234
20130815	123	123	123	491.29110548618354	1234
20130815	123	123	123	508.11516441585286	1234
20130815	123	123	123	489.14965591373004	1234
20130815	123	123	123	475.8266515783341	1234
20130815	123	123	123	463.6044072557559	1234
20130815	123	123	123	349.2033878314746	1234
20130815	123	123	123	388.252743777802	1234
20130815	123	123	123	345.76632413483725	1234
20130815	123	123	123	319.76923076923094	1234
20130815	123	123	123	206.6747168685374	1234
20130815	123	123	123	190.90930227498768	1234
20130815	123	123	123	194.0	1234
20130815	123	123	123	7.438281344877115	1234
20130815	123	123	123	12.66934981190602	1234
20130815	123	123	123	3.2204941103907947	1234
20130815	123	123	123	0.23388699082694808	1234
20130815	123	123	123	7.484078417003981	1234
20130815	123	123	123	19.110497219297862	1234
20130815	123	123	123	16.078339780980524	1234
20130815	123	123	123	17.493842334272703	1234
20130815	123	123	123	12.467999847924599	1234
20130815	123	123	123	19.021498355233952	1234
20130815	123	123	123	11.909113675694298	1234
20130815	123	123	123	5.459753214724072	1234
20130815	123	123	123	15.168075888631844	1234
20130815	123	123	123	3.599700552921936	1234
20130815	123	123	123	9.535341243843046	1234
20130815	123	123	123	14.436783393383418	1234
20130815	123	123	123	12.11333711037941	1234
20130815	123	123	123	14.95251154073145	1234
20130815	123	123	123	4.774634199821199	1234
20130815	123	123	123	3.003310743005969	1234
20130815	123	123	123	6.498764624951036	1234
20130815	123	123	123	8.186645940323071	1234
20130815	123	123	123	2.0237022071239785	1234
20130815	123	123	123	3.149493790964304	1234
20130815	123	123	123	6.2229383725772935	1234
20130815	123	123	123	15.49216735974795	1234
20130815	123	123	123	1.985875569676383	1234
20130815	123	123	123	7.877257537273823	1234
20130815	123	123	123	1.5948948594680457	1234
20130815	123	123	123	8.667256808986345	1234