time startPrice highestPrice lowestPrice endPrice transactionCount
20130815	123	123	123	15.50952791248701	1234
20130815	123	123	123	10.405934941741023	1234
20130815	123	123	123	5.157846612492564	1234
20130815	123	123	123	11.413256556475373	1234
20130815	123	123	123	12.808292317857198	1234
20130815	123	123	123	3.960865294501714	1234
20130815	123	123	123	16.419572491585985	1234
20130815	123	123	123	11.728406096704528	1234
20130815	123	123	123	5.645071211382426	1234
20130815	123	123	123	2.294453609707563	1234
20130815	123	123	123	6.008595964722048	1234
20130815	123	123	123	14.99222032476213	1234
20130815	123	123	123	1.0455452173463309	1234
20130815	123	123	123	8.489826418345796	1234
20130815	123	123	123	17.2780489134087	1234
20130815	123	123	123	12.781684753527	1234
20130815	123	123	123	11.682746354020534	1234
20130815	123	123	123	5.934974001487177	1234
20130815	123	123	123	8.347298257824827	1234
20130815	123	123	123	10.685618832155049	1234
20130815	123	123	123	0.9410043965433545	1234
20130815	123	123	123	7.497441606290874	1234
20130815	123	123	123	6.403044322863045	1234
20130815	123	123	123	14.474459065742886	1234
20130815	123	123	123	9.148435831092321	1234
20130815	123	123	123	18.850496933828726	1234
20130815	123	123	123	15.688786786557214	1234
20130815	123	123	123	15.785601479397059	1234
20130815	123	123	123	8.756896398639855	1234
20130815	123	123	123	6.800997851431294	1234
20130815	123	123	123	209.1737585696882	1234
20130815	123	123	123	216.30326344719143	1234
20130815	123	123	123	257.01144384619755	1234
20130815	123	123	123	268.33949208271775	1234
20130815	123	123	123	312.352733373335	1234
20130815	123	123	123	339.1304623288611	1234
20130815	123	123	123	343.4615384615385	1234
20130815	123	123	123	377.6688454788808	1234
20130815	123	123	123	403.08583679454995	1234
20130815	123	123	123	449.3901640508643	1234
20130815	123	123	123	485.28416619194104	1234
20130815	123	123	123	476.49196905166707	1234
20130815	123	123	123	520.358927216056	1234
20130815	123	123	123	515.8294432904974	1234
20130815	123	123	123	509.84615384615387	1234
20130815	123	123	123	489.4907846047059	1234
20130815	123	123	123	456.754570293988	1234
20130815	123	123	123	445.23076923076934	1234
20130815	123	123	123	387.9005821117335	1234
20130815	123	123	123	374.97356680696004	1234
20130815	123	123	123	343.6703008596701	1234
20130815	123	123	123	294.9650039291636	1234
20130815	123	123	123	330.24908345190494	1234
20130815	123	123	123	354.88279746253335	1234
20130815	123	123	123	385.2835535542898	1234
20130815	123	123	123	404.24661933532616	1234
20130815	123	123	123	410.23269756723056	1234
20130815	123	123	123	432.1059294389769	1234
20130815	123	123	123	443.9709971668121	1234
20130815	123	123	123	447.6923076923076	1234
20130815	123	123	123	511.1779141597485	1234
20130815	123	123	123	509.63056513824694	1234
20130815	123	123	123	514.9918252317239	1234
20130815	123	123	123	519.6441473348187	1234
20130815	123	123	123	514.3846153846154	1234
20130815	123	123	123	451.9562203213615	1234
20130815	123	123	123	449.53092314792013	1234
20130815	123	123	123	425.7640541832253	1234
20130815	123	123	123	417.7699824898403	1234
20130815	123	123	123	389.97604464355896	1234
20130815	123	123	123	364.1169781891119	1234
20130815	123	123	123	327.0	1234
20130815	123	123	123	392.3385871141958	1234
20130815	123	123	123	410.2642790254076	1234
20130815	123	123	123	467.81837413317004	1234
20130815	123	123	123	492.8702448384439	1234
20130815	123	123	123	519.0744479572082	1234
20130815	123	123	123	481.0147583666103	1234
20130815	123	123	123	495.84615384615387	1234
20130815	123	123	123	454.8935021222262	1234
20130815	123	123	123	390.1673084805799	1234
20130815	123	123	123	378.64882925755904	1234
20130815	123	123	123	359.96376519553706	1234
20130815	123	123	123	314.331516077955	1234
20130815	123	123	123	298.517194476166	1234
20130815	123	123	123	260.071272362628	1234
20130815	123	123	123	250.77096137853158	1234
20130815	123	123	123	206.01377222528973	1234
20130815	123	123	123	197.79049835225044	1234
20130815	123	123	123	194.0	1234
20130815	123	123	123	15.018240892114992	1234
20130815	123	123	123	19.121777332144166	1234
20130815	123	123	123	18.7678656388116	1234
20130815	123	123	123	18.0199553403878	1234
20130815	123	123	123	18.480299283330552	1234
20130815	123	123	123	14.323234932701235	1234
20130815	123	123	123	6.847253375142661	1234
20130815	123	123	123	8.752580220775277	1234
20130815	123	123	123	16.460173029259018	1234
20130815	123	123	123	11.662776678005129	1234
20130815	123	123	123	1.3416539654838666	1234
20130815	123	123	123	1.885372899419433	1234
20130815	123	123	123	3.1833808254862417	1234
20130815	123	123	123	0.32597011982855806	1234
20130815	123	123	123	4.803102917775364	1234
20130815	123	123	123	4.173601113449714	1234
20130815	123	123	123	11.696280545544477	1234
20130815	123	123	123	5.277159668272122	1234
20130815	123	123	123	5.648924956877943	1234
20130815	123	123	123	13.48329380723432	1234
20130815	123	123	123	17.528871936539073	1234
20130815	123	123	123	2.3751546058687656	1234
20130815	123	123	123	5.2277870274016935	1234
20130815	123	123	123	3.577657500480984	1234
20130815	123	123	123	18.2426242343773	1234
20130815	123	123	123	7.090778025712372	1234
20130815	123	123	123	13.832612938750163	1234
20130815	123	123	123	12.278601634500923	1234
20130815	123	123	123	7.648127022403668	1234
20130815	123	123	123	18.291722535042094	1234