time startPrice highestPrice lowestPrice endPrice transactionCount
20130815	123	123	123	5.649975068363078	1234
20130815	123	123	123	17.166163113098794	1234
20130815	123	123	123	18.60130955690693	1234
20130815	123	123	123	1.4168890032640946	1234
20130815	123	123	123	15.544220430123834	1234
20130815	123	123	123	18.030167512289438	1234
20130815	123	123	123	9.524469048579773	1234
20130815	123	123	123	12.56513003508723	1234
20130815	123	123	123	1.723260528238566	1234
20130815	123	123	123	17.251409016908813	1234
20130815	123	123	123	8.552298083882198	1234
20130815	123	123	123	8.79734721645482	1234
20130815	123	123	123	17.213449084344695	1234
20130815	123	123	123	6.267541274438651	1234
20130815	123	123	123	2.9106652086437435	1234
20130815	123	123	123	4.0959141698583075	1234
20130815	123	123	123	9.109887172282203	1234
20130815	123	123	123	9.844641478870821	1234
20130815	123	123	123	12.38555306048604	1234
20130815	123	123	123	17.143929913552615	1234
20130815	123	123	123	11.114584258929094	1234
20130815	123	123	123	14.028608027850018	1234
20130815	123	123	123	3.5373347977064395	1234
20130815	123	123	123	6.113013871256737	1234
20130815	123	123	123	16.769526354645613	1234
20130815	123	123	123	6.016585104981078	1234
20130815	123	123	123	10.801659867527988	1234
20130815	123	123	123	16.282087885441282	1234
20130815	123	123	123	7.257325016689871	1234
20130815	123	123	123	16.6423914624967	1234
20130815	123	123	123	199.35182232670485	1234
20130815	123	123	123	228.30210526521526	1234
20130815	123	123	123	290.21443192536344	1234
20130815	123	123	123	319.07393346374516	1234
20130815	123	123	123	358.7219539577688	1234
20130815	123	123	123	373.5419432549452	1234
20130815	123	123	123	437.78119739338644	1234
20130815	123	123	123	477.7697419776355	1234
20130815	123	123	123	483.52089448411465	1234
20130815	123	123	123	502.1063103259313	1234
20130815	123	123	123	513.570308338211	1234
20130815	123	123	123	490.60367705192044	1234
20130815	123	123	123	451.81778364378386	1234
20130815	123	123	123	409.8225324675177	1234
20130815	123	123	123	387.21432245350627	1234
20130815	123	123	123	396.76923076923094	1234
20130815	123	123	123	377.9972491530037	1234
20130815	123	123	123	361.1116616110138	1234
20130815	123	123	123	336.638397643522	1234
20130815	123	123	123	330.8417880769618	1234
20130815	123	123	123	332.6657977682294	1234
20130815	123	123	123	348.2728425810773	1234
20130815	123	123	123	348.9230769230769	1234
20130815	123	123	123	409.3049327260202	1234
20130815	123	123	123	407.46552099547574	1234
20130815	123	123	123	435.75779403815335	1234
20130815	123	123	123	440.69981444510455	1234
20130815	123	123	123	474.8145237245157	1234
20130815	123	123	123	480.91359103466675	1234
20130815	123	123	123	510.0527814597071	1234
20130815	123	123	123	514.2208932947518	1234
20130815	123	123	123	516.2180228606454	1234
20130815	123	123	123	502.4070626698399	1234
20130815	123	123	123	487.8838130853827	1234
20130815	123	123	123	481.6073480965211	1234
20130815	123	123	123	463.5393334519023	1234
20130815	123	123	123	443.3097512242195	1234
20130815	123	123	123	431.96079866370764	1234
20130815	123	123	123	365.80219408030644	1234
20130815	123	123	123	362.38094569115265	1234
20130815	123	123	123	351.1108992563426	1234
20130815	123	123	123	327.90701167723125	1234
20130815	123	123	123	341.4790094462414	1234
20130815	123	123	123	356.94432087227653	1234
20130815	123	123	123	408.2387331853793	1234
20130815	123	123	123	421.76129074748445	1234
20130815	123	123	123	418.78313125354293	1234
20130815	123	123	123	438.4417251875717	1234
20130815	123	123	123	477.1461730631083	1234
20130815	123	123	123	484.19770613707345	1234
20130815	123	123	123	491.904320181436	1234
20130815	123	123	123	531.7334693382165	1234
20130815	123	123	123	425.51706575218907	1234
20130815	123	123	123	448.1291856095372	1234
20130815	123	123	123	434.83690885114873	1234
20130815	123	123	123	420.3846153846155	1234
20130815	123	123	123	341.8958022619246	1234
20130815	123	123	123	310.9426293057836	1234
20130815	123	123	123	209.85909948957806	1234
20130815	123	123	123	194.0	1234
20130815	123	123	123	3.9062828636287117	1234
20130815	123	123	123	19.628374958075952	1234
20130815	123	123	123	5.161666200529242	1234
20130815	123	123	123	5.7207013650818865	1234
20130815	123	123	123	13.865176164470833	1234
20130815	123	123	123	2.895131095836194	1234
20130815	123	123	123	18.724299112218777	1234
20130815	123	123	123	0.6705131516244123	1234
20130815	123	123	123	8.268320672759037	1234
20130815	123	123	123	8.628909387652623	1234
20130815	123	123	123	9.90483804273643	1234
20130815	123	123	123	9.63921328952132	1234
20130815	123	123	123	10.667581971561152	1234
20130815	123	123	123	12.29243756938544	1234
20130815	123	123	123	3.9441854236355467	1234
20130815	123	123	123	1.7743380907991457	1234
20130815	123	123	123	8.566123695845391	1234
20130815	123	123	123	7.797461998551755	1234
20130815	123	123	123	18.15191219783109	1234
20130815	123	123	123	19.340901362799222	1234
20130815	123	123	123	9.85082986105915	1234
20130815	123	123	123	13.665210020376733	1234
20130815	123	123	123	3.2824615865209705	1234
20130815	123	123	123	19.05795080295105	1234
20130815	123	123	123	8.464251572657464	1234
20130815	123	123	123	2.5103862720787995	1234
20130815	123	123	123	2.13458011559845	1234
20130815	123	123	123	13.328790637444403	1234
20130815	123	123	123	6.694612384399623	1234
20130815	123	123	123	17.657906149880283	1234