time startPrice highestPrice lowestPrice endPrice transactionCount
20130815	123	123	123	18.176356886710362	1234
20130815	123	123	123	14.616610998475291	1234
20130815	123	123	123	6.499867925013021	1234
20130815	123	123	123	14.859841141267635	1234
20130815	123	123	123	6.892071368773323	1234
20130815	123	123	123	12.650365316284784	1234
20130815	123	123	123	3.301815500452938	1234
20130815	123	123	123	9.374982793088137	1234
20130815	123	123	123	3.3053980121026005	1234
20130815	123	123	123	14.912626681685744	1234
20130815	123	123	123	4.9936590535531655	1234
20130815	123	123	123	1.2212094870083257	1234
20130815	123	123	123	12.58636120673598	1234
20130815	123	123	123	16.0361422010964	1234
20130815	123	123	123	6.543298804491511	1234
20130815	123	123	123	2.209368611373006	1234
20130815	123	123	123	12.520729258645304	1234
20130815	123	123	123	1.7267371003260923	1234
20130815	123	123	123	14.973240906992007	1234
20130815	123	123	123	11.668541430829272	1234
20130815	123	123	123	6.1694818469736346	1234
20130815	123	123	123	19.9988554224254	1234
20130815	123	123	123	15.832409333325792	1234
20130815	123	123	123	17.572190550228978	1234
20130815	123	123	123	6.800334286175948	1234
20130815	123	123	123	17.43172298284465	1234
20130815	123	123	123	19.616095695050547	1234
20130815	123	123	123	19.45525202848424	1234
20130815	123	123	123	15.68274162629258	1234
20130815	123	123	123	16.608846089820595	1234
20130815	123	123	123	233.9570494181868	1234
20130815	123	123	123	245.2758947845689	1234
20130815	123	123	123	265.2307692307692	1234
20130815	123	123	123	292.8031528059341	1234
20130815	123	123	123	335.0850903088988	1234
20130815	123	123	123	365.13037430567226	1234
20130815	123	123	123	373.18489951390586	1234
20130815	123	123	123	454.16565470383756	1234
20130815	123	123	123	483.76217298437365	1234
20130815	123	123	123	546.2541442243572	1234
20130815	123	123	123	497.3674581058994	1234
20130815	123	123	123	493.69230769230774	1234
20130815	123	123	123	458.8082740983349	1234
20130815	123	123	123	459.6107146636165	1234
20130815	123	123	123	428.0168025753823	1234
20130815	123	123	123	380.45846000323985	1234
20130815	123	123	123	380.6153846153848	1234
20130815	123	123	123	343.622291181902	1234
20130815	123	123	123	325.99089911357845	1234
20130815	123	123	123	317.03217323549086	1234
20130815	123	123	123	399.6672455243005	1234
20130815	123	123	123	431.5544814481034	1234
20130815	123	123	123	439.47929543384447	1234
20130815	123	123	123	457.69510801627723	1234
20130815	123	123	123	487.9856945984381	1234
20130815	123	123	123	493.896895109543	1234
20130815	123	123	123	519.743862761587	1234
20130815	123	123	123	508.62121036743054	1234
20130815	123	123	123	513.9268075354523	1234
20130815	123	123	123	498.280961076864	1234
20130815	123	123	123	483.1538461538461	1234
20130815	123	123	123	434.3856279023049	1234
20130815	123	123	123	392.3203542982029	1234
20130815	123	123	123	385.6615762293845	1234
20130815	123	123	123	379.5923981888854	1234
20130815	123	123	123	368.93363828464624	1234
20130815	123	123	123	358.23076923076894	1234
20130815	123	123	123	342.6153846153843	1234
20130815	123	123	123	327.4049792590504	1234
20130815	123	123	123	341.9230769230769	1234
20130815	123	123	123	401.59278222003303	1234
20130815	123	123	123	408.0328881551143	1234
20130815	123	123	123	428.9911825893048	1234
20130815	123	123	123	468.9219086301538	1234
20130815	123	123	123	489.09009172720437	1234
20130815	123	123	123	508.4586906478227	1234
20130815	123	123	123	488.5791645909894	1234
20130815	123	123	123	463.3288269503585	1234
20130815	123	123	123	446.94609389171455	1234
20130815	123	123	123	437.7048054247213	1234
20130815	123	123	123	388.6509718074382	1234
20130815	123	123	123	369.5777845214354	1234
20130815	123	123	123	363.1044453512235	1234
20130815	123	123	123	333.4594166154072	1234
20130815	123	123	123	305.30791051175316	1234
20130815	123	123	123	286.8850066394684	1234
20130815	123	123	123	267.79903320137856	1234
20130815	123	123	123	230.58299120560585	1234
20130815	123	123	123	195.29146207281465	1234
20130815	123	123	123	194.0	1234
20130815	123	123	123	1.782118677132587	1234
20130815	123	123	123	5.232150876718739	1234
20130815	123	123	123	5.857349311524384	1234
20130815	123	123	123	15.454349520515313	1234
20130815	123	123	123	17.843299644380643	1234
20130815	123	123	123	6.389015982514041	1234
20130815	123	123	123	13.135382969391234	1234
20130815	123	123	123	14.355438704434231	1234
20130815	123	123	123	8.473381750868288	1234
20130815	123	123	123	19.011636787151517	1234
20130815	123	123	123	19.353001165852113	1234
20130815	123	123	123	2.7610425149351725	1234
20130815	123	123	123	8.645562308019766	1234
20130815	123	123	123	11.723992651653992	1234
20130815	123	123	123	12.300165079335137	1234
20130815	123	123	123	3.3724875877857174	1234
20130815	123	123	123	19.52983409830892	1234
20130815	123	123	123	5.850461911419709	1234
20130815	123	123	123	1.7631151712262438	1234
20130815	123	123	123	19.09283065145691	1234
20130815	123	123	123	12.207360428605924	1234
20130815	123	123	123	7.978109450520829	1234
20130815	123	123	123	1.764070968742546	1234
20130815	123	123	123	15.577247762388795	1234
20130815	123	123	123	8.21714576847302	1234
20130815	123	123	123	0.5837166079884892	1234
20130815	123	123	123	15.351304803732875	1234
20130815	123	123	123	0.5276825644745209	1234
20130815	123	123	123	3.532291230788356	1234
20130815	123	123	123	12.503514666247998	1234