time startPrice highestPrice lowestPrice endPrice transactionCount
20130815	123	123	123	1.9369405660373396	1234
20130815	123	123	123	13.39806572131633	1234
20130815	123	123	123	5.132053290779577	1234
20130815	123	123	123	12.479366841835724	1234
20130815	123	123	123	10.689440272400812	1234
20130815	123	123	123	19.65878834555449	1234
20130815	123	123	123	16.29513528525825	1234
20130815	123	123	123	13.454039856930898	1234
20130815	123	123	123	8.982057410586112	1234
20130815	123	123	123	16.13558701624928	1234
20130815	123	123	123	17.567638499058038	1234
20130815	123	123	123	6.998066709400006	1234
20130815	123	123	123	15.15635100728189	1234
20130815	123	123	123	0.45943406354962857	1234
20130815	123	123	123	4.420222313181279	1234
20130815	123	123	123	19.382703002030755	1234
20130815	123	123	123	17.970127040986096	1234
20130815	123	123	123	7.177456616994622	1234
20130815	123	123	123	3.6807487811849704	1234
20130815	123	123	123	13.321742635467945	1234
20130815	123	123	123	2.2272219495054735	1234
20130815	123	123	123	4.875358224241677	1234
20130815	123	123	123	8.538544870727042	1234
20130815	123	123	123	8.071092291751064	1234
20130815	123	123	123	17.891497777824824	1234
20130815	123	123	123	18.722070935679504	1234
20130815	123	123	123	3.790987980386209	1234
20130815	123	123	123	15.334180530750592	1234
20130815	123	123	123	11.753038283655215	1234
20130815	123	123	123	14.638419290709946	1234
20130815	123	123	123	205.04643939507127	1234
20130815	123	123	123	255.933851144435	1234
20130815	123	123	123	254.06017222117956	1234
20130815	123	123	123	266.9200649376307	1234
20130815	123	123	123	295.88799675982034	1234
20130815	123	123	123	317.3846153846154	1234
20130815	123	123	123	368.5589096058035	1234
20130815	123	123	123	369.5384615384616	1234
20130815	123	123	123	413.5419649217347	1234
20130815	123	123	123	423.83509797786314	1234
20130815	123	123	123	465.031677774688	1234
20130815	123	123	123	510.57803028133293	1234
20130815	123	123	123	526.2784061067828	1234
20130815	123	123	123	489.2422314509202	1234
20130815	123	123	123	492.83297647014155	1234
20130815	123	123	123	474.6239547220959	1234
20130815	123	123	123	441.3147261124517	1234
20130815	123	123	123	412.9230769230771	1234
20130815	123	123	123	382.24907585854436	1234
20130815	123	123	123	376.1710010093473	1234
20130815	123	123	123	359.69466301081644	1234
20130815	123	123	123	330.07868114826783	1234
20130815	123	123	123	317.26459140859833	1234
20130815	123	123	123	342.30671893273797	1234
20130815	123	123	123	349.3206391137014	1234
20130815	123	123	123	374.2766290172813	1234
20130815	123	123	123	412.3312253861735	1234
20130815	123	123	123	426.76501956781254	1234
20130815	123	123	123	461.0129672046858	1234
20130815	123	123	123	497.076923076923	1234
20130815	123	123	123	524.2355204357332	1234
20130815	123	123	123	514.3846153846154	1234
20130815	123	123	123	469.93987893288136	1234
20130815	123	123	123	436.16110252337694	1234
20130815	123	123	123	418.6264725210375	1234
20130815	123	123	123	385.84015386680386	1234
20130815	123	123	123	372.6443315122427	1234
20130815	123	123	123	307.9632983640802	1234
20130815	123	123	123	335.7223883840255	1234
20130815	123	123	123	341.9384133414254	1234
20130815	123	123	123	378.017697065884	1234
20130815	123	123	123	386.6923076923076	1234
20130815	123	123	123	403.5397185979093	1234
20130815	123	123	123	417.10685503823316	1234
20130815	123	123	123	433.33872569551795	1234
20130815	123	123	123	453.7526173722253	1234
20130815	123	123	123	462.7199541272654	1234
20130815	123	123	123	506.1741618594434	1234
20130815	123	123	123	507.0575881412931	1234
20130815	123	123	123	521.0	1234
20130815	123	123	123	494.56391675836136	1234
20130815	123	123	123	415.2199337343511	1234
20130815	123	123	123	379.61491869543806	1234
20130815	123	123	123	342.32906975483706	1234
20130815	123	123	123	333.78368674288777	1234
20130815	123	123	123	241.24571285354398	1234
20130815	123	123	123	240.564558478256	1234
20130815	123	123	123	227.13603665057403	1234
20130815	123	123	123	216.02605233407843	1234
20130815	123	123	123	194.0	1234
20130815	123	123	123	19.082055273243064	1234
20130815	123	123	123	13.747252008072529	1234
20130815	123	123	123	14.484078949030895	1234
20130815	123	123	123	17.09235728640661	1234
20130815	123	123	123	16.964502955395773	1234
20130815	123	123	123	8.331871477777671	1234
20130815	123	123	123	5.31671503941975	1234
20130815	123	123	123	8.949130798159588	1234
20130815	123	123	123	17.32436591973085	1234
20130815	123	123	123	15.540253357423513	1234
20130815	123	123	123	1.593986006817969	1234
20130815	123	123	123	18.85548082165945	1234
20130815	123	123	123	0.03850994834167176	1234
20130815	123	123	123	19.38230553974153	1234
20130815	123	123	123	1.090445819526853	1234
20130815	123	123	123	19.31280198719953	1234
20130815	123	123	123	13.692994542382742	1234
20130815	123	123	123	19.61155914691747	1234
20130815	123	123	123	1.2678750028207153	1234
20130815	123	123	123	16.89494645613871	1234
20130815	123	123	123	9.772036777609133	1234
20130815	123	123	123	19.060441887389718	1234
20130815	123	123	123	11.526306620469253	1234
20130815	123	123	123	14.992131936744578	1234
20130815	123	123	123	18.934392850401306	1234
20130815	123	123	123	13.953627286205986	1234
20130815	123	123	123	2.0300918742782903	1234
20130815	123	123	123	9.013219750082303	1234
20130815	123	123	123	8.82601713050514	1234
20130815	123	123	123	18.391477073977008	1234