time startPrice highestPrice lowestPrice endPrice transactionCount
20130815	123	123	123	6.840772343518617	1234
20130815	123	123	123	4.366615872892099	1234
20130815	123	123	123	3.4256734660580768	1234
20130815	123	123	123	17.426177296794492	1234
20130815	123	123	123	4.183662676571139	1234
20130815	123	123	123	15.223302693180855	1234
20130815	123	123	123	4.427462524814674	1234
20130815	123	123	123	7.098974256570612	1234
20130815	123	123	123	11.025236349103707	1234
20130815	123	123	123	4.369283891239604	1234
20130815	123	123	123	19.501380675571617	1234
20130815	123	123	123	19.68213852970862	1234
20130815	123	123	123	2.5845596807698734	1234
20130815	123	123	123	15.141486777784554	1234
20130815	123	123	123	1.076011892775972	1234
20130815	123	123	123	5.841031599164661	1234
20130815	123	123	123	7.87462589451718	1234
20130815	123	123	123	8.057503907981044	1234
20130815	123	123	123	6.604482486994099	1234
20130815	123	123	123	14.890631927898795	1234
20130815	123	123	123	2.565050469565542	1234
20130815	123	123	123	13.653745938728157	1234
20130815	123	123	123	15.996032198612722	1234
20130815	123	123	123	3.6787713830645163	1234
20130815	123	123	123	6.562501982532587	1234
20130815	123	123	123	18.07797970849651	1234
20130815	123	123	123	19.478510556034426	1234
20130815	123	123	123	3.8905677439953146	1234
20130815	123	123	123	14.068260686469499	1234
20130815	123	123	123	0.23568703718626294	1234
20130815	123	123	123	187.0	1234
20130815	123	123	123	217.3089845142406	1234
20130815	123	123	123	286.47756358405843	1234
20130815	123	123	123	355.45963573572953	1234
20130815	123	123	123	346.30129269836294	1234
20130815	123	123	123	370.94400310842	1234
20130815	123	123	123	395.6153846153847	1234
20130815	123	123	123	421.6923076923078	1234
20130815	123	123	123	513.0324074234514	1234
20130815	123	123	123	475.1113150934527	1234
20130815	123	123	123	493.69230769230774	1234
20130815	123	123	123	453.8010444825933	1234
20130815	123	123	123	434.24206936323634	1234
20130815	123	123	123	437.86872667497005	1234
20130815	123	123	123	410.3263736534248	1234
20130815	123	123	123	367.29729568246	1234
20130815	123	123	123	363.88438392433824	1234
20130815	123	123	123	341.9810956895333	1234
20130815	123	123	123	328.15513191740536	1234
20130815	123	123	123	321.50577640829505	1234
20130815	123	123	123	336.2996292598968	1234
20130815	123	123	123	353.1886719837571	1234
20130815	123	123	123	366.3028314475203	1234
20130815	123	123	123	382.09425973510804	1234
20130815	123	123	123	425.292660781069	1234
20130815	123	123	123	420.8060980135888	1234
20130815	123	123	123	445.6692821433531	1234
20130815	123	123	123	476.1934975135802	1234
20130815	123	123	123	518.4577231395727	1234
20130815	123	123	123	491.6200007841378	1234
20130815	123	123	123	458.0443734694739	1234
20130815	123	123	123	440.896698209431	1234
20130815	123	123	123	419.45853064215686	1234
20130815	123	123	123	420.38380676689405	1234
20130815	123	123	123	386.65800512899176	1234
20130815	123	123	123	372.1555294911789	1234
20130815	123	123	123	323.18430948356985	1234
20130815	123	123	123	344.09229102084214	1234
20130815	123	123	123	361.50295903217733	1234
20130815	123	123	123	381.03772049575065	1234
20130815	123	123	123	391.79662897056176	1234
20130815	123	123	123	401.6153846153845	1234
20130815	123	123	123	416.53846153846143	1234
20130815	123	123	123	436.61580751603316	1234
20130815	123	123	123	466.0783014156578	1234
20130815	123	123	123	481.81952596338675	1234
20130815	123	123	123	500.8358771147472	1234
20130815	123	123	123	517.4457608477163	1234
20130815	123	123	123	487.00123872034214	1234
20130815	123	123	123	433.36225880308484	1234
20130815	123	123	123	423.00428591498957	1234
20130815	123	123	123	403.44060265476287	1234
20130815	123	123	123	395.23076923076934	1234
20130815	123	123	123	369.1577217678055	1234
20130815	123	123	123	330.7707183416857	1234
20130815	123	123	123	271.1112529234252	1234
20130815	123	123	123	250.99308559252952	1234
20130815	123	123	123	235.98185106440405	1234
20130815	123	123	123	198.3192471424368	1234
20130815	123	123	123	194.0	1234
20130815	123	123	123	16.395340673114603	1234
20130815	123	123	123	9.708250492822474	1234
20130815	123	123	123	10.766839376840146	1234
20130815	123	123	123	13.215465283668221	1234
20130815	123	123	123	17.647523024957405	1234
20130815	123	123	123	19.4988701006177	1234
20130815	123	123	123	15.319129134196906	1234
20130815	123	123	123	17.269470399473846	1234
20130815	123	123	123	2.323279618927254	1234
20130815	123	123	123	7.56565344447128	1234
20130815	123	123	123	0.4780591304772175	1234
20130815	123	123	123	6.800683336998327	1234
20130815	123	123	123	2.5149706273283057	1234
20130815	123	123	123	14.987057968864171	1234
20130815	123	123	123	2.914300932719547	1234
20130815	123	123	123	9.609564785853014	1234
20130815	123	123	123	19.404958122213365	1234
20130815	123	123	123	12.180849273307109	1234
20130815	123	123	123	0.23406518958055678	1234
20130815	123	123	123	13.07844476513842	1234
20130815	123	123	123	8.409094983305582	1234
20130815	123	123	123	0.06881375005588941	1234
20130815	123	123	123	18.69058588650655	1234
20130815	123	123	123	9.022767824035522	1234
20130815	123	123	123	11.498589221456898	1234
20130815	123	123	123	1.5810009353064958	1234
20130815	123	123	123	15.73540430408109	1234
20130815	123	123	123	6.614104744042102	1234
20130815	123	123	123	0.777983774652864	1234
20130815	123	123	123	10.726662520092589	1234