time startPrice highestPrice lowestPrice endPrice transactionCount
20130815	123	123	123	4.774604980268071	1234
20130815	123	123	123	14.05172466561869	1234
20130815	123	123	123	19.065009491016774	1234
20130815	123	123	123	2.6920016062236796	1234
20130815	123	123	123	14.900529914055236	1234
20130815	123	123	123	14.957557227458905	1234
20130815	123	123	123	13.622961389373533	1234
20130815	123	123	123	10.916900639293969	1234
20130815	123	123	123	4.403148643336117	1234
20130815	123	123	123	2.4797708147643793	1234
20130815	123	123	123	12.104592641269441	1234
20130815	123	123	123	6.911848712312654	1234
20130815	123	123	123	18.17148080055871	1234
20130815	123	123	123	12.293822337486501	1234
20130815	123	123	123	10.094798909703353	1234
20130815	123	123	123	15.455171481861054	1234
20130815	123	123	123	2.8716051452558733	1234
20130815	123	123	123	3.5558026517798247	1234
20130815	123	123	123	18.871881931580784	1234
20130815	123	123	123	3.7400969985175014	1234
20130815	123	123	123	7.559200310382854	1234
20130815	123	123	123	5.073777062573512	1234
20130815	123	123	123	15.782746311932849	1234
20130815	123	123	123	5.032523851430522	1234
20130815	123	123	123	15.388602505967748	1234
20130815	123	123	123	13.693350458806336	1234
20130815	123	123	123	5.519609776550418	1234
20130815	123	123	123	14.84849490282776	1234
20130815	123	123	123	0.3301191690927707	1234
20130815	123	123	123	19.692983848854862	1234
20130815	123	123	123	225.3669681853624	1234
20130815	123	123	123	246.09593591990352	1234
20130815	123	123	123	336.39173746039353	1234
20130815	123	123	123	327.9882313158043	1234
20130815	123	123	123	343.4615384615385	1234
20130815	123	123	123	390.5303818360866	1234
20130815	123	123	123	403.64121162085985	1234
20130815	123	123	123	441.1918999627384	1234
20130815	123	123	123	460.45346007503554	1234
20130815	123	123	123	483.1731469163071	1234
20130815	123	123	123	531.0397655827383	1234
20130815	123	123	123	486.5170740595251	1234
20130815	123	123	123	453.9654484654215	1234
20130815	123	123	123	443.91202941961467	1234
20130815	123	123	123	435.75236302959655	1234
20130815	123	123	123	382.0753407556914	1234
20130815	123	123	123	395.88563472469644	1234
20130815	123	123	123	375.01731071468237	1234
20130815	123	123	123	308.79934365465215	1234
20130815	123	123	123	364.7220855881182	1234
20130815	123	123	123	380.1656116126908	1234
20130815	123	123	123	396.6342874021928	1234
20130815	123	123	123	406.86629265719745	1234
20130815	123	123	123	421.2506851593277	1234
20130815	123	123	123	444.96351997492934	1234
20130815	123	123	123	449.86143195507356	1234
20130815	123	123	123	472.7913335879926	1234
20130815	123	123	123	481.67641706976656	1234
20130815	123	123	123	500.4464469310034	1234
20130815	123	123	123	521.0731662846785	1234
20130815	123	123	123	484.7537762469979	1234
20130815	123	123	123	480.70341676988915	1234
20130815	123	123	123	466.74795482111506	1234
20130815	123	123	123	450.19709645508607	1234
20130815	123	123	123	418.1762629004512	1234
20130815	123	123	123	414.97213751697024	1234
20130815	123	123	123	384.2109507023194	1234
20130815	123	123	123	336.08407463192543	1234
20130815	123	123	123	335.9379180106404	1234
20130815	123	123	123	390.631040002547	1234
20130815	123	123	123	371.7692307692307	1234
20130815	123	123	123	395.6182984646443	1234
20130815	123	123	123	437.24526295830356	1234
20130815	123	123	123	431.46153846153834	1234
20130815	123	123	123	503.5481869686042	1234
20130815	123	123	123	506.07692307692287	1234
20130815	123	123	123	509.2199022132904	1234
20130815	123	123	123	495.84615384615387	1234
20130815	123	123	123	459.6254268459336	1234
20130815	123	123	123	434.7080349866527	1234
20130815	123	123	123	415.40750106677547	1234
20130815	123	123	123	393.46149806568087	1234
20130815	123	123	123	340.46840750630906	1234
20130815	123	123	123	344.9230769230771	1234
20130815	123	123	123	306.49617481272384	1234
20130815	123	123	123	294.6153846153848	1234
20130815	123	123	123	250.98915901758812	1234
20130815	123	123	123	208.96093183655987	1234
20130815	123	123	123	209.47558359550666	1234
20130815	123	123	123	194.0	1234
20130815	123	123	123	2.391603498920334	1234
20130815	123	123	123	18.519173160580866	1234
20130815	123	123	123	11.576879317639722	1234
20130815	123	123	123	4.785379958985107	1234
20130815	123	123	123	7.766678338598732	1234
20130815	123	123	123	7.6243951855894165	1234
20130815	123	123	123	12.71701874231014	1234
20130815	123	123	123	9.747030480776072	1234
20130815	123	123	123	6.566267476610705	1234
20130815	123	123	123	12.014165192146999	1234
20130815	123	123	123	2.7665465894891095	1234
20130815	123	123	123	0.7488033264899774	1234
20130815	123	123	123	2.0271761743597105	1234
20130815	123	123	123	14.000732686285831	1234
20130815	123	123	123	1.8027487150577493	1234
20130815	123	123	123	16.136223416626134	1234
20130815	123	123	123	8.902215448999051	1234
20130815	123	123	123	1.792172271687953	1234
20130815	123	123	123	15.207541237193167	1234
20130815	123	123	123	8.708888029181661	1234
20130815	123	123	123	11.853113513988715	1234
20130815	123	123	123	0.35167401649458085	1234
20130815	123	123	123	17.424693656630772	1234
20130815	123	123	123	12.474237021850218	1234
20130815	123	123	123	7.996277542581489	1234
20130815	123	123	123	9.605026416894933	1234
20130815	123	123	123	18.654390411256486	1234
20130815	123	123	123	17.401677641169833	1234
20130815	123	123	123	10.394009766000142	1234
20130815	123	123	123	2.2820628071703775	1234