time startPrice highestPrice lowestPrice endPrice transactionCount
20130815	123	123	123	15.994518203300228	1234
20130815	123	123	123	13.128562503539625	1234
20130815	123	123	123	6.7169551816958535	1234
20130815	123	123	123	9.415195107177006	1234
20130815	123	123	123	6.296723562336561	1234
20130815	123	123	123	1.5249325107368494	1234
20130815	123	123	123	2.4048751986246697	1234
20130815	123	123	123	0.14327422206369178	1234
20130815	123	123	123	11.68004746693913	1234
20130815	123	123	123	6.139187858355653	1234
20130815	123	123	123	3.2851014413159985	1234
20130815	123	123	123	12.254136778958316	1234
20130815	123	123	123	0.5917038449948309	1234
20130815	123	123	123	17.61984638895158	1234
20130815	123	123	123	8.342010023331232	1234
20130815	123	123	123	10.647238431975408	1234
20130815	123	123	123	15.827630045708162	1234
20130815	123	123	123	19.8286464312847	1234
20130815	123	123	123	5.853401508250009	1234
20130815	123	123	123	12.9397367995199	1234
20130815	123	123	123	15.786793211872372	1234
20130815	123	123	123	6.317201737807463	1234
20130815	123	123	123	7.41497288697381	1234
20130815	123	123	123	18.436588453174622	1234
20130815	123	123	123	3.535266247845572	1234
20130815	123	123	123	9.847339730714491	1234
20130815	123	123	123	3.3979166838633845	1234
20130815	123	123	123	16.377555143981123	1234
20130815	123	123	123	8.822296531854894	1234
20130815	123	123	123	8.949882770641493	1234
20130815	123	123	123	187.0	1234
20130815	123	123	123	291.3076923076923	1234
20130815	123	123	123	317.3846153846154	1234
20130815	123	123	123	353.7872512258349	1234
20130815	123	123	123	369.5384615384616	1234
20130815	123	123	123	441.4398276280616	1234
20130815	123	123	123	437.5366224311534	1234
20130815	123	123	123	447.7692307692309	1234
20130815	123	123	123	482.7179488492354	1234
20130815	123	123	123	520.6213307173404	1234
20130815	123	123	123	514.6383854010082	1234
20130815	123	123	123	499.9870837645132	1234
20130815	123	123	123	473.60018850302475	1234
20130815	123	123	123	455.6141729726558	1234
20130815	123	123	123	461.3846153846155	1234
20130815	123	123	123	438.10948907466275	1234
20130815	123	123	123	423.96313978937195	1234
20130815	123	123	123	412.09344955821405	1234
20130815	123	123	123	364.4615384615387	1234
20130815	123	123	123	321.3853000939942	1234
20130815	123	123	123	328.35301574380117	1234
20130815	123	123	123	348.09609470413784	1234
20130815	123	123	123	362.46197257055474	1234
20130815	123	123	123	366.2763679960757	1234
20130815	123	123	123	448.0784152200579	1234
20130815	123	123	123	443.2516427286921	1234
20130815	123	123	123	452.37707589512723	1234
20130815	123	123	123	471.46689851698017	1234
20130815	123	123	123	489.75829489563716	1234
20130815	123	123	123	507.54887390351576	1234
20130815	123	123	123	523.6848401968504	1234
20130815	123	123	123	516.4320585765636	1234
20130815	123	123	123	513.0136761681275	1234
20130815	123	123	123	471.97309173601985	1234
20130815	123	123	123	467.53846153846143	1234
20130815	123	123	123	430.4350606826471	1234
20130815	123	123	123	434.90542590180246	1234
20130815	123	123	123	419.4176893103349	1234
20130815	123	123	123	401.12652742845717	1234
20130815	123	123	123	353.6467722588502	1234
20130815	123	123	123	361.9875362596509	1234
20130815	123	123	123	365.5626935715174	1234
20130815	123	123	123	374.5866678117892	1234
20130815	123	123	123	413.61797232699433	1234
20130815	123	123	123	461.1931567463089	1234
20130815	123	123	123	477.12234162935624	1234
20130815	123	123	123	509.61102836564294	1234
20130815	123	123	123	522.3957926838597	1234
20130815	123	123	123	519.5282817808305	1234
20130815	123	123	123	475.5186649044637	1234
20130815	123	123	123	409.0478420347334	1234
20130815	123	123	123	361.33680729240604	1234
20130815	123	123	123	360.5871454978886	1234
20130815	123	123	123	318.56039207406764	1234
20130815	123	123	123	313.55737102526916	1234
20130815	123	123	123	262.54365074918275	1234
20130815	123	123	123	267.26876440827965	1234
20130815	123	123	123	214.00267958409484	1234
20130815	123	123	123	188.69327497557003	1234
20130815	123	123	123	194.0	1234
20130815	123	123	123	5.8509932290223094	1234
20130815	123	123	123	13.71562891896404	1234
20130815	123	123	123	1.3350911158960854	1234
20130815	123	123	123	5.6924041608659	1234
20130815	123	123	123	3.3154677162201995	1234
20130815	123	123	123	10.669675982214258	1234
20130815	123	123	123	2.248613727233806	1234
20130815	123	123	123	19.627265401908197	1234
20130815	123	123	123	16.103320237432268	1234
20130815	123	123	123	10.907383367907181	1234
20130815	123	123	123	5.521183016773379	1234
20130815	123	123	123	14.317042062571694	1234
20130815	123	123	123	10.296180276099662	1234
20130815	123	123	123	2.4528593924067454	1234
20130815	123	123	123	0.40621915635343786	1234
20130815	123	123	123	4.8851995179998315	1234
20130815	123	123	123	4.054458872225204	1234
20130815	123	123	123	5.276538805018203	1234
20130815	123	123	123	2.2950009730323484	1234
20130815	123	123	123	7.715686859077186	1234
20130815	123	123	123	0.7831914804004714	1234
20130815	123	123	123	12.013308910731674	1234
20130815	123	123	123	10.274835080912263	1234
20130815	123	123	123	6.725884517207481	1234
20130815	123	123	123	10.283126664025875	1234
20130815	123	123	123	9.368063298088334	1234
20130815	123	123	123	16.681570339500983	1234
20130815	123	123	123	4.563120132186538	1234
20130815	123	123	123	11.22263775626148	1234
20130815	123	123	123	19.50617149447798	1234