time startPrice highestPrice lowestPrice endPrice transactionCount
20130815	123	123	123	13.76995975031372	1234
20130815	123	123	123	12.889718424469052	1234
20130815	123	123	123	9.927119242194724	1234
20130815	123	123	123	1.9923510893524377	1234
20130815	123	123	123	16.400216578394545	1234
20130815	123	123	123	1.8097647764799207	1234
20130815	123	123	123	19.753039871700118	1234
20130815	123	123	123	2.9495214287781435	1234
20130815	123	123	123	0.950929773303546	1234
20130815	123	123	123	0.228185546714601	1234
20130815	123	123	123	4.032605480720486	1234
20130815	123	123	123	6.327799412815991	1234
20130815	123	123	123	11.046829638300961	1234
20130815	123	123	123	3.1245473241322363	1234
20130815	123	123	123	10.246638570810573	1234
20130815	123	123	123	16.305267083761876	1234
20130815	123	123	123	13.271733227962205	1234
20130815	123	123	123	5.309051830491054	1234
20130815	123	123	123	10.573876632150077	1234
20130815	123	123	123	2.747353284906029	1234
20130815	123	123	123	13.920285430163124	1234
20130815	123	123	123	18.56752081810811	1234
20130815	123	123	123	17.028117036061932	1234
20130815	123	123	123	15.444878424075622	1234
20130815	123	123	123	7.133694348122832	1234
20130815	123	123	123	7.143042964265942	1234
20130815	123	123	123	3.790203306621256	1234
20130815	123	123	123	12.60947130688887	1234
20130815	123	123	123	18.93666851284771	1234
20130815	123	123	123	19.924024995428603	1234
20130815	123	123	123	195.24789587644094	1234
20130815	123	123	123	227.83380257697948	1234
20130815	123	123	123	270.68924032568765	1234
20130815	123	123	123	307.47856674303125	1234
20130815	123	123	123	325.25188364521506	1234
20130815	123	123	123	333.70593807696287	1234
20130815	123	123	123	361.6405853278271	1234
20130815	123	123	123	403.83583526995824	1234
20130815	123	123	123	395.6153846153847	1234
20130815	123	123	123	479.2976172141308	1234
20130815	123	123	123	505.22278809661333	1234
20130815	123	123	123	513.2155978475737	1234
20130815	123	123	123	521.4427713595851	1234
20130815	123	123	123	502.91019509405413	1234
20130815	123	123	123	479.99691970015726	1234
20130815	123	123	123	459.09460601207536	1234
20130815	123	123	123	450.7416184969711	1234
20130815	123	123	123	425.0078541239578	1234
20130815	123	123	123	408.1604373010338	1234
20130815	123	123	123	326.0180816375486	1234
20130815	123	123	123	337.95510211439216	1234
20130815	123	123	123	323.7307290634849	1234
20130815	123	123	123	327.9135361111587	1234
20130815	123	123	123	341.6348777699541	1234
20130815	123	123	123	362.60561706506024	1234
20130815	123	123	123	365.38461538461536	1234
20130815	123	123	123	405.98475709354693	1234
20130815	123	123	123	398.30769230769226	1234
20130815	123	123	123	417.7824552864275	1234
20130815	123	123	123	439.0227412380097	1234
20130815	123	123	123	487.1164057745764	1234
20130815	123	123	123	494.5020457859572	1234
20130815	123	123	123	509.8079641629325	1234
20130815	123	123	123	521.1471798585849	1234
20130815	123	123	123	520.0587772856463	1234
20130815	123	123	123	483.1538461538461	1234
20130815	123	123	123	465.70269734941286	1234
20130815	123	123	123	443.565210094649	1234
20130815	123	123	123	432.77209483942687	1234
20130815	123	123	123	398.3203203853371	1234
20130815	123	123	123	361.9746424676661	1234
20130815	123	123	123	360.05853225559406	1234
20130815	123	123	123	356.1276412851125	1234
20130815	123	123	123	336.14467063273327	1234
20130815	123	123	123	345.2841413089793	1234
20130815	123	123	123	341.9230769230769	1234
20130815	123	123	123	364.23874570455155	1234
20130815	123	123	123	412.79041954554043	1234
20130815	123	123	123	401.6153846153845	1234
20130815	123	123	123	443.21278435231335	1234
20130815	123	123	123	453.99923728255015	1234
20130815	123	123	123	474.45074868408085	1234
20130815	123	123	123	463.5435477667464	1234
20130815	123	123	123	406.0895549274748	1234
20130815	123	123	123	399.9164472400403	1234
20130815	123	123	123	395.23076923076934	1234
20130815	123	123	123	306.7792365005532	1234
20130815	123	123	123	238.88657910650718	1234
20130815	123	123	123	214.68714095993795	1234
20130815	123	123	123	194.0	1234
20130815	123	123	123	12.121208075326768	1234
20130815	123	123	123	8.255875692631722	1234
20130815	123	123	123	4.8372998137512475	1234
20130815	123	123	123	7.884188989354772	1234
20130815	123	123	123	11.700196319640902	1234
20130815	123	123	123	11.088947870622412	1234
20130815	123	123	123	7.421168862943112	1234
20130815	123	123	123	6.120821578382738	1234
20130815	123	123	123	16.31198157466335	1234
20130815	123	123	123	6.126418847061242	1234
20130815	123	123	123	4.765475230408198	1234
20130815	123	123	123	11.263375369813096	1234
20130815	123	123	123	1.5173233497266048	1234
20130815	123	123	123	19.52678577201832	1234
20130815	123	123	123	0.5185320804725069	1234
20130815	123	123	123	17.075294367226554	1234
20130815	123	123	123	7.270046739571718	1234
20130815	123	123	123	6.954971558627314	1234
20130815	123	123	123	2.134491150858746	1234
20130815	123	123	123	3.7477243489279632	1234
20130815	123	123	123	9.402581483908982	1234
20130815	123	123	123	16.3066793520738	1234
20130815	123	123	123	5.022699413803533	1234
20130815	123	123	123	9.684543253948831	1234
20130815	123	123	123	10.483478892376294	1234
20130815	123	123	123	16.72563800413122	1234
20130815	123	123	123	7.265617050885817	1234
20130815	123	123	123	8.503933358329181	1234
20130815	123	123	123	12.757455183143215	1234
20130815	123	123	123	17.586235173637238	1234