time startPrice highestPrice lowestPrice endPrice transactionCount
20130815	123	123	123	7.204374055443745	1234
20130815	123	123	123	0.2545748837862516	1234
20130815	123	123	123	6.867609687450294	1234
20130815	123	123	123	3.773165185209686	1234
20130815	123	123	123	6.222743646397603	1234
20130815	123	123	123	7.576226820513807	1234
20130815	123	123	123	14.163149254184926	1234
20130815	123	123	123	12.660948580188599	1234
20130815	123	123	123	19.31718354916497	1234
20130815	123	123	123	7.9785962394889465	1234
20130815	123	123	123	0.41636333072601284	1234
20130815	123	123	123	7.368446395270718	1234
20130815	123	123	123	18.157471947686016	1234
20130815	123	123	123	9.693139977945386	1234
20130815	123	123	123	15.725581609638027	1234
20130815	123	123	123	12.18167936781414	1234
20130815	123	123	123	4.5615480742247305	1234
20130815	123	123	123	2.1725256823456984	1234
20130815	123	123	123	3.269876896538364	1234
20130815	123	123	123	19.814440283650406	1234
20130815	123	123	123	5.790463546487561	1234
20130815	123	123	123	10.877638707695725	1234
20130815	123	123	123	10.432655165217717	1234
20130815	123	123	123	9.51577488975178	1234
20130815	123	123	123	14.736841042642837	1234
20130815	123	123	123	13.276002685258053	1234
20130815	123	123	123	8.344446922616871	1234
20130815	123	123	123	2.368190079286514	1234
20130815	123	123	123	3.3912496724002006	1234
20130815	123	123	123	0.47605422008102805	1234
20130815	123	123	123	198.32712655348942	1234
20130815	123	123	123	246.70224796168213	1234
20130815	123	123	123	320.93523316929503	1234
20130815	123	123	123	371.4544043401724	1234
20130815	123	123	123	391.33000193886903	1234
20130815	123	123	123	421.2470721853657	1234
20130815	123	123	123	451.0331870088844	1234
20130815	123	123	123	476.74779821239434	1234
20130815	123	123	123	499.9230769230771	1234
20130815	123	123	123	523.1482859736997	1234
20130815	123	123	123	498.06224887201483	1234
20130815	123	123	123	490.80845111452606	1234
20130815	123	123	123	451.79514802487324	1234
20130815	123	123	123	455.57252383422116	1234
20130815	123	123	123	365.41204437140584	1234
20130815	123	123	123	371.9622995579834	1234
20130815	123	123	123	351.9894001193642	1234
20130815	123	123	123	323.61251553228203	1234
20130815	123	123	123	323.91555846846234	1234
20130815	123	123	123	344.28297494423293	1234
20130815	123	123	123	392.1043932948907	1234
20130815	123	123	123	408.035490256996	1234
20130815	123	123	123	419.02189122907	1234
20130815	123	123	123	435.5202554113789	1234
20130815	123	123	123	449.1041181203624	1234
20130815	123	123	123	470.98942311207367	1234
20130815	123	123	123	497.2876855841783	1234
20130815	123	123	123	477.3419586190989	1234
20130815	123	123	123	479.35187700357625	1234
20130815	123	123	123	467.53846153846143	1234
20130815	123	123	123	446.5379495667054	1234
20130815	123	123	123	425.8906978052315	1234
20130815	123	123	123	405.79012858062214	1234
20130815	123	123	123	391.8730807031694	1234
20130815	123	123	123	379.93235664521245	1234
20130815	123	123	123	362.3215160454182	1234
20130815	123	123	123	352.2354320568031	1234
20130815	123	123	123	329.5849545969832	1234
20130815	123	123	123	386.55428226157505	1234
20130815	123	123	123	387.5173967673972	1234
20130815	123	123	123	398.35755863767974	1234
20130815	123	123	123	405.70956047732506	1234
20130815	123	123	123	431.46153846153834	1234
20130815	123	123	123	446.38461538461524	1234
20130815	123	123	123	485.2820176819774	1234
20130815	123	123	123	491.1994302493814	1234
20130815	123	123	123	497.6892545627775	1234
20130815	123	123	123	528.007433100178	1234
20130815	123	123	123	519.7480349077539	1234
20130815	123	123	123	490.39157520239246	1234
20130815	123	123	123	465.8314556656085	1234
20130815	123	123	123	408.6798553697555	1234
20130815	123	123	123	348.50743743558064	1234
20130815	123	123	123	332.40770707554776	1234
20130815	123	123	123	306.3120052559674	1234
20130815	123	123	123	279.4779782810109	1234
20130815	123	123	123	247.8372642981343	1234
20130815	123	123	123	240.36568386901072	1234
20130815	123	123	123	219.15384615384636	1234
20130815	123	123	123	194.0	1234
20130815	123	123	123	10.973453951396245	1234
20130815	123	123	123	11.335782124114036	1234
20130815	123	123	123	4.865418303209679	1234
20130815	123	123	123	2.8474896733283495	1234
20130815	123	123	123	17.099409338138038	1234
20130815	123	123	123	15.359785644992616	1234
20130815	123	123	123	1.7707575990327706	1234
20130815	123	123	123	12.528685857522536	1234
20130815	123	123	123	16.338365183189467	1234
20130815	123	123	123	9.162296464733169	1234
20130815	123	123	123	16.895178887588642	1234
20130815	123	123	123	10.897973910504817	1234
20130815	123	123	123	3.8430343682184254	1234
20130815	123	123	123	13.407224878525671	1234
20130815	123	123	123	15.890734152458375	1234
20130815	123	123	123	4.886337179766686	1234
20130815	123	123	123	17.38535235133003	1234
20130815	123	123	123	13.480802877884475	1234
20130815	123	123	123	1.079134693244077	1234
20130815	123	123	123	12.434867919573202	1234
20130815	123	123	123	5.234959086506179	1234
20130815	123	123	123	9.392262363005816	1234
20130815	123	123	123	0.5017354160576648	1234
20130815	123	123	123	14.45111835199137	1234
20130815	123	123	123	13.579322969646192	1234
20130815	123	123	123	4.15856504641587	1234
20130815	123	123	123	16.98510118225829	1234
20130815	123	123	123	8.294244961776	1234
20130815	123	123	123	8.188272172252493	1234
20130815	123	123	123	13.525371008253915	1234