time startPrice highestPrice lowestPrice endPrice transactionCount
20130815	123	123	123	10.989389197530015	1234
20130815	123	123	123	13.476302825750775	1234
20130815	123	123	123	13.85193771033822	1234
20130815	123	123	123	9.306009525307271	1234
20130815	123	123	123	12.608223462029923	1234
20130815	123	123	123	1.8880155689647093	1234
20130815	123	123	123	5.8587494187153455	1234
20130815	123	123	123	10.810108460470175	1234
20130815	123	123	123	15.81580054605535	1234
20130815	123	123	123	13.253355335335415	1234
20130815	123	123	123	9.989638989985174	1234
20130815	123	123	123	10.941994111085695	1234
20130815	123	123	123	13.073785009969214	1234
20130815	123	123	123	19.54143366432254	1234
20130815	123	123	123	19.92714795202669	1234
20130815	123	123	123	13.02310767323559	1234
20130815	123	123	123	2.0815929109584874	1234
20130815	123	123	123	15.19821030793166	1234
20130815	123	123	123	16.208253265525098	1234
20130815	123	123	123	3.187744927097349	1234
20130815	123	123	123	9.724027282708665	1234
20130815	123	123	123	11.344548845782915	1234
20130815	123	123	123	7.793242925706632	1234
20130815	123	123	123	5.187351723152487	1234
20130815	123	123	123	9.273024154069276	1234
20130815	123	123	123	12.17323531105928	1234
20130815	123	123	123	13.87142712856913	1234
20130815	123	123	123	6.361376226444769	1234
20130815	123	123	123	16.45446304913371	1234
20130815	123	123	123	6.758462461041916	1234
20130815	123	123	123	193.1820769970684	1234
20130815	123	123	123	221.20843966088665	1234
20130815	123	123	123	239.8451575147446	1234
20130815	123	123	123	286.2900462658795	1234
20130815	123	123	123	315.5179753269436	1234
20130815	123	123	123	331.9128464575309	1234
20130815	123	123	123	373.9448596016633	1234
20130815	123	123	123	406.2097033375983	1234
20130815	123	123	123	395.6153846153847	1234
20130815	123	123	123	433.6496305820006	1234
20130815	123	123	123	448.7098171249987	1234
20130815	123	123	123	518.5689525053596	1234
20130815	123	123	123	513.4563335631694	1234
20130815	123	123	123	495.3317340288754	1234
20130815	123	123	123	475.0279757164145	1234
20130815	123	123	123	418.129106544376	1234
20130815	123	123	123	405.12469453282216	1234
20130815	123	123	123	385.089971150493	1234
20130815	123	123	123	380.6153846153848	1234
20130815	123	123	123	361.16745533105046	1234
20130815	123	123	123	340.4285911752129	1234
20130815	123	123	123	326.1289270895786	1234
20130815	123	123	123	316.0	1234
20130815	123	123	123	348.9230769230769	1234
20130815	123	123	123	367.65530214134424	1234
20130815	123	123	123	409.65972185549214	1234
20130815	123	123	123	414.89659474478105	1234
20130815	123	123	123	447.67693838200734	1234
20130815	123	123	123	484.5152661228096	1234
20130815	123	123	123	504.80186694877546	1234
20130815	123	123	123	516.6983487642648	1234
20130815	123	123	123	530.0	1234
20130815	123	123	123	514.3846153846154	1234
20130815	123	123	123	479.32022718357155	1234
20130815	123	123	123	460.75060019750225	1234
20130815	123	123	123	450.7463463480188	1234
20130815	123	123	123	423.39578479899745	1234
20130815	123	123	123	369.18608189374373	1234
20130815	123	123	123	359.865393634357	1234
20130815	123	123	123	358.23076923076894	1234
20130815	123	123	123	327.16478372855437	1234
20130815	123	123	123	345.2095078958664	1234
20130815	123	123	123	369.24358176638344	1234
20130815	123	123	123	392.5596819371213	1234
20130815	123	123	123	405.21782142753426	1234
20130815	123	123	123	430.9861041657489	1234
20130815	123	123	123	461.1839696746218	1234
20130815	123	123	123	477.3446199193731	1234
20130815	123	123	123	509.40186050737145	1234
20130815	123	123	123	509.99163610767994	1234
20130815	123	123	123	484.80690401556046	1234
20130815	123	123	123	426.0866316571161	1234
20130815	123	123	123	445.5384615384616	1234
20130815	123	123	123	397.9503083800506	1234
20130815	123	123	123	354.7364448697513	1234
20130815	123	123	123	326.14206070026563	1234
20130815	123	123	123	290.11520095692754	1234
20130815	123	123	123	224.3158901075603	1234
20130815	123	123	123	211.0991877835985	1234
20130815	123	123	123	194.0	1234
20130815	123	123	123	19.88378951162787	1234
20130815	123	123	123	11.74793790468636	1234
20130815	123	123	123	18.135547691289702	1234
20130815	123	123	123	14.66705723043171	1234
20130815	123	123	123	15.199706731176132	1234
20130815	123	123	123	6.29586873738724	1234
20130815	123	123	123	11.157769160965945	1234
20130815	123	123	123	9.561523302729498	1234
20130815	123	123	123	18.96690646701135	1234
20130815	123	123	123	18.752945400112726	1234
20130815	123	123	123	8.235016226112082	1234
20130815	123	123	123	11.410732172514908	1234
20130815	123	123	123	5.36086017487595	1234
20130815	123	123	123	5.043435852191931	1234
20130815	123	123	123	2.855915211609956	1234
20130815	123	123	123	4.974898161261536	1234
20130815	123	123	123	9.791832437668248	1234
20130815	123	123	123	3.8113389306230383	1234
20130815	123	123	123	15.77401734893428	1234
20130815	123	123	123	9.907242873687698	1234
20130815	123	123	123	13.58485475844191	1234
20130815	123	123	123	2.2939998732366518	1234
20130815	123	123	123	11.938985380927921	1234
20130815	123	123	123	16.115530687540026	1234
20130815	123	123	123	6.22990534122226	1234
20130815	123	123	123	6.804048753418961	1234
20130815	123	123	123	18.616458818182416	1234
20130815	123	123	123	6.9524548523723855	1234
20130815	123	123	123	11.50662040460044	1234
20130815	123	123	123	18.83590323836607	1234