time startPrice highestPrice lowestPrice endPrice transactionCount
20130815	123	123	123	12.608577397134226	1234
20130815	123	123	123	13.591947500728743	1234
20130815	123	123	123	15.514736310320899	1234
20130815	123	123	123	2.55028734054751	1234
20130815	123	123	123	0.06086603728452822	1234
20130815	123	123	123	8.282297499256583	1234
20130815	123	123	123	6.829895130429295	1234
20130815	123	123	123	4.622844375820769	1234
20130815	123	123	123	5.3202690453887485	1234
20130815	123	123	123	17.29737066124273	1234
20130815	123	123	123	16.211716905828872	1234
20130815	123	123	123	12.933603158210133	1234
20130815	123	123	123	15.504092894640905	1234
20130815	123	123	123	1.690144133095246	1234
20130815	123	123	123	4.514509750897342	1234
20130815	123	123	123	4.1105802072583675	1234
20130815	123	123	123	7.757612496885011	1234
20130815	123	123	123	8.417906110090671	1234
20130815	123	123	123	11.137964916080495	1234
20130815	123	123	123	11.467915289222578	1234
20130815	123	123	123	18.171686267279338	1234
20130815	123	123	123	9.532568185201235	1234
20130815	123	123	123	19.958709129970522	1234
20130815	123	123	123	6.348443224017501	1234
20130815	123	123	123	3.4918300124724344	1234
20130815	123	123	123	10.617061078936281	1234
20130815	123	123	123	6.071206619344589	1234
20130815	123	123	123	16.371347987971802	1234
20130815	123	123	123	14.862529584816945	1234
20130815	123	123	123	13.126622439735078	1234
20130815	123	123	123	267.02396418337554	1234
20130815	123	123	123	278.34819406541806	1234
20130815	123	123	123	265.2307692307692	1234
20130815	123	123	123	298.59290147051576	1234
20130815	123	123	123	346.15615935836684	1234
20130815	123	123	123	343.4615384615385	1234
20130815	123	123	123	387.0108740064306	1234
20130815	123	123	123	413.5797483338685	1234
20130815	123	123	123	437.9544118082603	1234
20130815	123	123	123	456.616014831007	1234
20130815	123	123	123	479.26828476526475	1234
20130815	123	123	123	516.8502044189759	1234
20130815	123	123	123	517.2432766473986	1234
20130815	123	123	123	481.4278126343712	1234
20130815	123	123	123	459.3549120826845	1234
20130815	123	123	123	459.4400918108443	1234
20130815	123	123	123	393.6988348072144	1234
20130815	123	123	123	375.6281844515005	1234
20130815	123	123	123	341.41144429861737	1234
20130815	123	123	123	332.1538461538464	1234
20130815	123	123	123	336.0126723396289	1234
20130815	123	123	123	383.8026453128477	1234
20130815	123	123	123	454.3645054197248	1234
20130815	123	123	123	470.7681718711956	1234
20130815	123	123	123	488.98649883508995	1234
20130815	123	123	123	522.2221156049453	1234
20130815	123	123	123	526.5081179954767	1234
20130815	123	123	123	516.2876470304354	1234
20130815	123	123	123	500.1804856006938	1234
20130815	123	123	123	479.4100509177808	1234
20130815	123	123	123	460.77496260432497	1234
20130815	123	123	123	448.8553905790126	1234
20130815	123	123	123	423.4553460476334	1234
20130815	123	123	123	406.52223648560823	1234
20130815	123	123	123	398.704518889568	1234
20130815	123	123	123	388.47444629347126	1234
20130815	123	123	123	350.8979739077476	1234
20130815	123	123	123	349.4648249081086	1234
20130815	123	123	123	372.7932490351244	1234
20130815	123	123	123	380.29380628987434	1234
20130815	123	123	123	399.1676399253172	1234
20130815	123	123	123	430.90705100883383	1234
20130815	123	123	123	460.1484549887076	1234
20130815	123	123	123	478.5660330798693	1234
20130815	123	123	123	487.1227817947323	1234
20130815	123	123	123	517.8097193403709	1234
20130815	123	123	123	492.6330729954715	1234
20130815	123	123	123	474.7945871020014	1234
20130815	123	123	123	461.68205886176435	1234
20130815	123	123	123	427.465831046092	1234
20130815	123	123	123	403.47593147671415	1234
20130815	123	123	123	375.20101201222155	1234
20130815	123	123	123	370.0769230769232	1234
20130815	123	123	123	308.0816190463327	1234
20130815	123	123	123	318.2818215249676	1234
20130815	123	123	123	272.1279507201403	1234
20130815	123	123	123	235.0345934870586	1234
20130815	123	123	123	244.30769230769252	1234
20130815	123	123	123	175.49516493288425	1234
20130815	123	123	123	194.0	1234
20130815	123	123	123	19.075918155293408	1234
20130815	123	123	123	2.12847335897707	1234
20130815	123	123	123	17.245094539607702	1234
20130815	123	123	123	16.719580444134145	1234
20130815	123	123	123	18.359666423592817	1234
20130815	123	123	123	13.111150174858304	1234
20130815	123	123	123	18.166892274518087	1234
20130815	123	123	123	9.712997217972777	1234
20130815	123	123	123	1.1451884342362861	1234
20130815	123	123	123	13.512687860243345	1234
20130815	123	123	123	15.104326306140742	1234
20130815	123	123	123	18.47434270661284	1234
20130815	123	123	123	15.043878654715574	1234
20130815	123	123	123	9.039943976045627	1234
20130815	123	123	123	12.07146325013718	1234
20130815	123	123	123	9.86112628203146	1234
20130815	123	123	123	3.427764916067948	1234
20130815	123	123	123	16.980683803080044	1234
20130815	123	123	123	12.880737936411554	1234
20130815	123	123	123	4.746212772920771	1234
20130815	123	123	123	14.143789058044158	1234
20130815	123	123	123	3.511711292544679	1234
20130815	123	123	123	11.06169368440959	1234
20130815	123	123	123	5.2173184268843915	1234
20130815	123	123	123	9.925495286734236	1234
20130815	123	123	123	4.596038400651872	1234
20130815	123	123	123	4.568259093196136	1234
20130815	123	123	123	3.214975397728721	1234
20130815	123	123	123	12.314257440316805	1234
20130815	123	123	123	9.805641308977872	1234