time startPrice highestPrice lowestPrice endPrice transactionCount
20130815	123	123	123	3.392701754467291	1234
20130815	123	123	123	15.43089592200446	1234
20130815	123	123	123	6.682088124630536	1234
20130815	123	123	123	6.198522085195311	1234
20130815	123	123	123	7.566546541500849	1234
20130815	123	123	123	18.813951215471064	1234
20130815	123	123	123	16.84800028120045	1234
20130815	123	123	123	13.198049165182724	1234
20130815	123	123	123	4.620880782082228	1234
20130815	123	123	123	4.049959981650726	1234
20130815	123	123	123	9.220685466473135	1234
20130815	123	123	123	10.740781384824237	1234
20130815	123	123	123	13.048381673745817	1234
20130815	123	123	123	13.220007926074723	1234
20130815	123	123	123	19.29295806685178	1234
20130815	123	123	123	13.358532908513725	1234
20130815	123	123	123	3.965122697595751	1234
20130815	123	123	123	2.370956627836114	1234
20130815	123	123	123	6.152538148522451	1234
20130815	123	123	123	0.5062836699009909	1234
20130815	123	123	123	0.4055924468885652	1234
20130815	123	123	123	16.49560613216453	1234
20130815	123	123	123	18.369570377722916	1234
20130815	123	123	123	0.5363433295154918	1234
20130815	123	123	123	12.213743647078807	1234
20130815	123	123	123	7.9258123748766245	1234
20130815	123	123	123	15.402341230661705	1234
20130815	123	123	123	10.695630492955345	1234
20130815	123	123	123	12.55118784529751	1234
20130815	123	123	123	4.418463468181639	1234
20130815	123	123	123	203.64717333643605	1234
20130815	123	123	123	247.3665449240978	1234
20130815	123	123	123	251.53281259525616	1234
20130815	123	123	123	282.4238605843789	1234
20130815	123	123	123	312.63482580335915	1234
20130815	123	123	123	343.9575322222336	1234
20130815	123	123	123	359.66700555211344	1234
20130815	123	123	123	410.5231458207221	1234
20130815	123	123	123	458.4961358971223	1234
20130815	123	123	123	486.06483515657044	1234
20130815	123	123	123	514.200688510657	1234
20130815	123	123	123	516.2930442347159	1234
20130815	123	123	123	462.95980111128745	1234
20130815	123	123	123	426.59480692465297	1234
20130815	123	123	123	408.84560918711	1234
20130815	123	123	123	396.92562165874836	1234
20130815	123	123	123	388.1438195430115	1234
20130815	123	123	123	380.6153846153848	1234
20130815	123	123	123	359.3688662834252	1234
20130815	123	123	123	339.78405992982226	1234
20130815	123	123	123	313.290485899313	1234
20130815	123	123	123	341.96374358032375	1234
20130815	123	123	123	335.4343130312299	1234
20130815	123	123	123	417.3130438411371	1234
20130815	123	123	123	427.9821412915346	1234
20130815	123	123	123	496.379265604557	1234
20130815	123	123	123	502.07732462093423	1234
20130815	123	123	123	513.6051332563175	1234
20130815	123	123	123	531.1595145915823	1234
20130815	123	123	123	525.9860469848909	1234
20130815	123	123	123	505.7812786903864	1234
20130815	123	123	123	468.4219030136091	1234
20130815	123	123	123	450.566015676007	1234
20130815	123	123	123	422.38493679593944	1234
20130815	123	123	123	403.24415833597845	1234
20130815	123	123	123	382.23340008461275	1234
20130815	123	123	123	360.4724116453965	1234
20130815	123	123	123	329.9636731572264	1234
20130815	123	123	123	327.0	1234
20130815	123	123	123	350.59163075944286	1234
20130815	123	123	123	357.03268303977444	1234
20130815	123	123	123	423.835498568863	1234
20130815	123	123	123	443.3778248511957	1234
20130815	123	123	123	448.16398056855195	1234
20130815	123	123	123	470.4074542515077	1234
20130815	123	123	123	514.9519651030027	1234
20130815	123	123	123	521.0	1234
20130815	123	123	123	483.99893737250835	1234
20130815	123	123	123	456.5144154776236	1234
20130815	123	123	123	430.3660031149087	1234
20130815	123	123	123	413.0584328294193	1234
20130815	123	123	123	370.0732531923672	1234
20130815	123	123	123	362.89446703350325	1234
20130815	123	123	123	340.4241271617567	1234
20130815	123	123	123	285.634248612358	1234
20130815	123	123	123	283.51228431548896	1234
20130815	123	123	123	258.03859341529613	1234
20130815	123	123	123	244.30769230769252	1234
20130815	123	123	123	216.05869124533302	1234
20130815	123	123	123	194.0	1234
20130815	123	123	123	0.47396903697187964	1234
20130815	123	123	123	7.248252753002333	1234
20130815	123	123	123	18.31318135549026	1234
20130815	123	123	123	11.515003178858077	1234
20130815	123	123	123	12.454847504001481	1234
20130815	123	123	123	5.938827790532592	1234
20130815	123	123	123	8.63759190933262	1234
20130815	123	123	123	12.680974352426194	1234
20130815	123	123	123	1.4926660270708836	1234
20130815	123	123	123	9.75029346079575	1234
20130815	123	123	123	3.2115495711757025	1234
20130815	123	123	123	10.282829447831743	1234
20130815	123	123	123	15.96386489760654	1234
20130815	123	123	123	8.273211493427395	1234
20130815	123	123	123	5.225028538228338	1234
20130815	123	123	123	10.635042694117953	1234
20130815	123	123	123	16.77739676772203	1234
20130815	123	123	123	10.99187677236027	1234
20130815	123	123	123	12.590134953564219	1234
20130815	123	123	123	17.151336013829656	1234
20130815	123	123	123	9.143724769609927	1234
20130815	123	123	123	5.405794847247856	1234
20130815	123	123	123	15.439405306560092	1234
20130815	123	123	123	17.059616062813014	1234
20130815	123	123	123	1.6289926832513402	1234
20130815	123	123	123	10.14340267633002	1234
20130815	123	123	123	7.935953661280091	1234
20130815	123	123	123	9.19099463125296	1234
20130815	123	123	123	7.646345883644168	1234
20130815	123	123	123	3.0881656808198765	1234