time startPrice highestPrice lowestPrice endPrice transactionCount
20130815	123	123	123	3.623430385267965	1234
20130815	123	123	123	11.144916161914178	1234
20130815	123	123	123	8.037188605184147	1234
20130815	123	123	123	9.928035746363344	1234
20130815	123	123	123	8.137384895763171	1234
20130815	123	123	123	4.325537598345743	1234
20130815	123	123	123	3.0382184266588164	1234
20130815	123	123	123	9.97274076465013	1234
20130815	123	123	123	18.94305425484605	1234
20130815	123	123	123	16.305919198876378	1234
20130815	123	123	123	4.16509876322106	1234
20130815	123	123	123	13.663906439966985	1234
20130815	123	123	123	19.085491042143833	1234
20130815	123	123	123	10.46409060724801	1234
20130815	123	123	123	11.233821209674424	1234
20130815	123	123	123	13.52466515222239	1234
20130815	123	123	123	2.014059252566578	1234
20130815	123	123	123	5.2868377253570635	1234
20130815	123	123	123	8.699791276646348	1234
20130815	123	123	123	5.606188241144392	1234
20130815	123	123	123	10.081023002686377	1234
20130815	123	123	123	6.857266176880237	1234
20130815	123	123	123	8.767707238863174	1234
20130815	123	123	123	11.068126188479255	1234
20130815	123	123	123	10.162041802687128	1234
20130815	123	123	123	11.222606527556628	1234
20130815	123	123	123	5.334589603047983	1234
20130815	123	123	123	8.101012827207366	1234
20130815	123	123	123	10.622813231578139	1234
20130815	123	123	123	14.250281868957007	1234
20130815	123	123	123	201.85393753112334	1234
20130815	123	123	123	215.66846268202923	1234
20130815	123	123	123	239.15384615384613	1234
20130815	123	123	123	313.93529403114087	1234
20130815	123	123	123	354.5325460063787	1234
20130815	123	123	123	369.09815095271665	1234
20130815	123	123	123	373.05323906337316	1234
20130815	123	123	123	395.6153846153847	1234
20130815	123	123	123	444.28369550811163	1234
20130815	123	123	123	457.2510849918043	1234
20130815	123	123	123	478.1288744935746	1234
20130815	123	123	123	505.4711085578269	1234
20130815	123	123	123	484.43771998219455	1234
20130815	123	123	123	480.7750693975149	1234
20130815	123	123	123	477.5384615384616	1234
20130815	123	123	123	445.23076923076934	1234
20130815	123	123	123	420.9708338247852	1234
20130815	123	123	123	401.94723023018554	1234
20130815	123	123	123	388.6005009308593	1234
20130815	123	123	123	348.30769230769255	1234
20130815	123	123	123	335.41734473436003	1234
20130815	123	123	123	350.04412797602754	1234
20130815	123	123	123	374.9099784459096	1234
20130815	123	123	123	396.34285186843874	1234
20130815	123	123	123	440.6127881787405	1234
20130815	123	123	123	440.7163451527634	1234
20130815	123	123	123	474.3217680403236	1234
20130815	123	123	123	484.6794782426595	1234
20130815	123	123	123	517.0938548284994	1234
20130815	123	123	123	528.1512078797131	1234
20130815	123	123	123	507.97638194013194	1234
20130815	123	123	123	474.00373456183036	1234
20130815	123	123	123	459.7274575375437	1234
20130815	123	123	123	451.9230769230768	1234
20130815	123	123	123	431.7943876582623	1234
20130815	123	123	123	410.0548933010135	1234
20130815	123	123	123	401.00589399157815	1234
20130815	123	123	123	363.9216103081234	1234
20130815	123	123	123	367.39937593347565	1234
20130815	123	123	123	344.63746110414445	1234
20130815	123	123	123	336.7908007816057	1234
20130815	123	123	123	356.1380137005026	1234
20130815	123	123	123	369.95261356939574	1234
20130815	123	123	123	408.89121064010004	1234
20130815	123	123	123	424.6428059622355	1234
20130815	123	123	123	449.54478668802324	1234
20130815	123	123	123	465.12108849134705	1234
20130815	123	123	123	461.30769230769215	1234
20130815	123	123	123	476.23076923076906	1234
20130815	123	123	123	503.6000034770672	1234
20130815	123	123	123	425.0432389253811	1234
20130815	123	123	123	402.28334156903145	1234
20130815	123	123	123	392.6242717574771	1234
20130815	123	123	123	337.1963138914384	1234
20130815	123	123	123	297.9455803423235	1234
20130815	123	123	123	274.5267780513978	1234
20130815	123	123	123	269.4615384615387	1234
20130815	123	123	123	233.26332578350102	1234
20130815	123	123	123	186.75837314355059	1234
20130815	123	123	123	194.0	1234
20130815	123	123	123	4.171843310787926	1234
20130815	123	123	123	0.8709440072595087	1234
20130815	123	123	123	2.6256410024202648	1234
20130815	123	123	123	7.381067298276703	1234
20130815	123	123	123	8.834266413373648	1234
20130815	123	123	123	0.7800939188275513	1234
20130815	123	123	123	3.164233765168376	1234
20130815	123	123	123	19.113921460914046	1234
20130815	123	123	123	1.4909543491257682	1234
20130815	123	123	123	14.574941642447198	1234
20130815	123	123	123	7.234566508085596	1234
20130815	123	123	123	4.107873231957965	1234
20130815	123	123	123	3.205074708047009	1234
20130815	123	123	123	3.69734453564464	1234
20130815	123	123	123	2.194180561972623	1234
20130815	123	123	123	4.4621219269821495	1234
20130815	123	123	123	9.1465243453994	1234
20130815	123	123	123	19.76188053628518	1234
20130815	123	123	123	18.63181557921941	1234
20130815	123	123	123	11.036284271842431	1234
20130815	123	123	123	10.803502678959871	1234
20130815	123	123	123	12.156166309122442	1234
20130815	123	123	123	8.96380602971182	1234
20130815	123	123	123	16.59851330886901	1234
20130815	123	123	123	19.46608250541352	1234
20130815	123	123	123	5.499134635817036	1234
20130815	123	123	123	17.493205329543947	1234
20130815	123	123	123	17.139984431893474	1234
20130815	123	123	123	13.086870710770741	1234
20130815	123	123	123	17.055537749058402	1234