92.0	161.0
96.0199143477496	168.3846153846154
97.99154993716576	175.76923076923077
100.0233157032736	183.15384615384616
101.6218126002709	190.53846153846155
103.8335129724283	197.92307692307693
106.15816037854925	205.30769230769232
106.18691494015415	212.6923076923077
110.31744708081898	220.0769230769231
111.86127046328416	227.46153846153848
111.91165693981773	234.84615384615387
112.59405259128437	242.23076923076925
113.59408455362545	249.61538461538464
114.41519752215451	257.0
122.03394639342042	264.38461538461536
124.50586689379996	271.7692307692307
124.51903935986762	279.1538461538461
124.84394877724681	286.53846153846143
125.56393603425714	293.9230769230768
132.26332316264734	301.30769230769215
134.1405523324061	308.6923076923075
136.45150988848496	316.07692307692287
138.51035900416554	323.4615384615382
140.84113987366058	330.8461538461536
140.8472254844041	338.23076923076894
144.52590653865983	345.6153846153843
149.72537871575167	353.0
155.7078413520226	359.15384615384613
155.7541225119279	365.30769230769226
156.5153301752735	371.4615384615384
171.69978404603395	377.6153846153845
177.85527096091704	383.76923076923066
184.6234584227744	389.9230769230768
189.48304457216955	396.0769230769229
189.69045497393927	402.23076923076906
190.1972049011786	408.3846153846152
206.2835025213988	414.5384615384613
212.92305006732758	420.69230769230745
212.94675563254586	426.8461538461536
223.5549296847207	432.9999999999997
223.64787393088025	439.15384615384585
234.43723842905575	445.307692307692
234.87514521271623	451.4615384615381
247.071002323804	457.61538461538424
247.0742429477824	463.7692307692304
258.80937396541833	469.9230769230765
258.8106423531825	476.07692307692264
260.0107364339047	482.2307692307688
261.68516845073265	488.3846153846149
280.25188924964357	494.53846153846104
286.39538712435836	500.69230769230717
286.40405595794397	506.8461538461533
287.00721962954515	513.0
296.492578311723	507.5769230769231
298.02012656382215	502.1538461538462
299.7295872474088	496.7307692307693
301.6940209491081	491.3076923076924
303.5441248187029	485.8846153846155
305.11896641425943	480.46153846153857
305.2044913746257	475.03846153846166
308.8435198653207	469.61538461538476
310.9098444620319	464.19230769230785
312.4578840756216	458.76923076923094
314.4142596591502	453.34615384615404
316.08043130342907	447.92307692307713
318.1651077804671	442.5000000000002
318.1765148813896	437.0769230769233
321.3418268473769	431.6538461538464
321.52662334244286	426.2307692307695
322.1384254209808	420.8076923076926
322.6224984468958	415.3846153846157
323.3205338401976	409.9615384615388
330.79836727059757	404.5384615384619
330.80617130350396	399.115384615385
334.1321961759705	393.6923076923081
335.8863533870838	388.26923076923117
335.9038512081328	382.84615384615427
336.34610154360223	377.42307692307736
337.2812636711901	372.0
337.30288860376334	377.0
348.28075763512356	382.0
350.45460301184886	387.0
350.53987907829065	392.0
351.04778068212863	397.0
351.8758239768701	402.0
353.8614755423045	407.0
364.91915239243997	412.0
364.9203224156958	417.0
370.3644143191982	422.0
372.86957837551563	427.0
372.87280476101466	432.0
377.9416614528724	437.0
377.99113755634323	442.0
378.59188682079457	447.0
386.44795166699294	452.0
386.52009448785896	457.0
392.05355398492065	462.0
395.22523146416864	467.0
395.2264001901367	472.0
395.98587117755415	477.0
403.30563126087503	482.0
403.31346590094773	487.0
408.38824768504827	492.0
408.6477212457221	497.0
409.5987615389925	502.0
411.02299480490564	496.88461538461536
414.51064098695224	491.7692307692307
431.50534049071496	486.6538461538461
436.7343585967938	481.53846153846143
436.7586860808307	476.4230769230768
445.5862941272129	471.30769230769215
445.9198528083923	466.1923076923075
446.6793822103828	461.07692307692287
446.9386959472035	455.9615384615382
451.58501441819936	450.8461538461536
470.025043405958	445.73076923076894
476.06336445973074	440.6153846153843
476.1571093452048	435.49999999999966
484.87194142477347	430.384615384615
485.19681856298627	425.2692307692304
485.67091162242644	420.15384615384573
501.08345930193406	415.0384615384611
501.1235438517116	409.92307692307645
510.488630876055	404.8076923076918
514.930673548283	399.69230769230717
515.0302010126079	394.5769230769225
515.9064879496603	389.4615384615379
529.6284504108138	384.34615384615324
534.4363071592599	379.2307692307686
540.1786215311284	374.11538461538396
543.1423142248276	369.0
543.1550775053082	361.2692307692308
547.5385608024459	353.53846153846155
547.6433529008425	345.8076923076923
552.4561133497925	338.0769230769231
554.8298340952912	330.34615384615387
554.8937203408337	322.61538461538464
559.3658301277462	314.8846153846154
559.4679985859434	307.1538461538462
559.8871976451601	299.42307692307696
561.0986793024888	291.69230769230774
561.1067245308319	283.9615384615385
563.1127572653303	276.2307692307693
565.5711250219082	268.50000000000006
576.0864399287199	260.76923076923083
578.2760651683444	253.0384615384616
580.7354423966397	245.30769230769238
582.6046214341128	237.57692307692315
585.2889780354845	229.84615384615392
587.5697693216789	222.1153846153847
590.1406802471465	214.38461538461547
592.1743225432575	206.65384615384625
592.1912274069672	198.92307692307702
597.0649186694538	191.1923076923078
597.1412172792003	183.46153846153857
597.8469402937892	175.73076923076934
602.0	168.0
