92.0	161.0
92.19470406776809	168.3846153846154
97.88256578700046	175.76923076923077
100.00008067354621	183.15384615384616
101.84374756375621	190.53846153846155
101.91294631473416	197.92307692307693
102.01300703705088	205.30769230769232
102.12452432868743	212.6923076923077
110.03850477689404	220.0769230769231
110.09802515854696	227.46153846153848
114.35587525711084	234.84615384615387
116.38021178714423	242.23076923076925
118.1586558991532	249.61538461538464
118.16453971395042	257.0
122.05385763846752	264.38461538461536
124.59895879241613	271.7692307692307
126.11842781634004	279.1538461538461
126.16035225775947	286.53846153846143
130.68265755506013	293.9230769230768
132.39866942525435	301.30769230769215
134.78340551207276	308.6923076923075
134.78977273491836	316.07692307692287
138.51226561875453	323.4615384615382
138.55968295521734	330.8461538461536
138.99218462115053	338.23076923076894
139.45225565430601	345.6153846153843
149.1552117808598	353.0
155.3949079701942	359.15384615384613
161.87332512500515	365.30769230769226
166.5795090182287	371.4615384615384
172.59605592918413	377.6153846153845
172.7016835753268	383.76923076923066
174.17676514274746	389.9230769230768
177.21963686420244	396.0769230769229
179.4137186618948	402.23076923076906
200.44635909600922	408.3846153846152
207.60600130640591	414.5384615384613
212.53521380035883	420.69230769230745
212.6943054945052	426.8461538461536
213.32623559745477	432.9999999999997
216.41837279912912	439.15384615384585
221.0634381158397	445.307692307692
241.1760269764359	451.4615384615381
241.2050717463709	457.61538461538424
241.87741978834146	463.7692307692304
258.3335614885126	469.9230769230765
262.74834030013255	476.07692307692264
263.0573554401876	482.2307692307688
264.4478479117127	488.3846153846149
267.8899478215072	494.53846153846104
286.02689119849185	500.69230769230717
291.80855638087115	506.8461538461533
294.7834739878832	513.0
296.2769609576806	507.5769230769231
298.2872955632612	502.1538461538462
300.17588247653975	496.7307692307693
301.87028474215225	491.3076923076924
301.9036117403292	485.8846153846155
305.37184208735243	480.46153846153857
307.0738458821792	475.03846153846166
308.80015064815984	469.61538461538476
310.9104471709173	464.19230769230785
310.93135195970586	458.76923076923094
311.25277603660436	453.34615384615404
311.56685547551166	447.92307692307713
317.77903864942147	442.5000000000002
317.916790864025	437.0769230769233
321.35023187317	431.6538461538464
323.15447093229284	426.2307692307695
325.2517279580085	420.8076923076926
326.9088681375251	415.3846153846157
326.99196931195604	409.9615384615388
327.028188889724	404.5384615384619
332.3626583965326	399.115384615385
334.4557149998818	393.6923076923081
334.46119301449534	388.26923076923117
337.74605068240083	382.84615384615427
339.67851781569595	377.42307692307736
339.76786107917803	372.0
340.08834869507297	377.0
340.14982299365056	382.0
350.2746752324206	387.0
353.5875464431007	392.0
353.6199391664427	397.0
359.1106730978102	402.0
359.1961217568526	407.0
364.06178507918554	412.0
367.4063461356057	417.0
367.48961753108847	422.0
368.2480550157283	427.0
375.3232677295064	432.0
375.5094141733235	437.0
375.853077916605	442.0
383.8540073618196	447.0
386.5921002718878	452.0
386.64312044643486	457.0
386.72399318484963	462.0
386.90057838275544	467.0
387.5688318975137	472.0
400.22606858286383	477.0
400.2914096702725	482.0
400.60367073199177	487.0
402.3270150078679	492.0
411.3812876576285	497.0
416.801748199425	502.0
416.8487212353049	496.88461538461536
417.6993068995352	491.7692307692307
431.1635402313844	486.6538461538461
435.7272185357217	481.53846153846143
440.39540727523774	476.4230769230768
440.76865990697655	471.30769230769215
450.30907998085837	466.1923076923075
450.37818250435305	461.07692307692287
451.92802466823053	455.9615384615382
466.03909257254463	450.8461538461536
466.0857362645718	445.73076923076894
476.3971482528221	440.6153846153843
476.4245556740018	435.49999999999966
477.1141650527802	430.384615384615
479.8604997506569	425.2692307692304
481.8185675344295	420.15384615384573
501.2837188766361	415.0384615384611
501.2886852680352	409.92307692307645
502.8545608357654	404.8076923076918
503.41276591838664	399.69230769230717
504.41172840689325	394.5769230769225
525.7613236129627	389.4615384615379
525.8427671702945	384.34615384615324
535.238066114829	379.2307692307686
539.4279408120337	374.11538461538396
539.6541688967225	369.0
540.7573530782805	361.2692307692308
547.5592694027674	353.53846153846155
547.6550664451674	345.8076923076923
551.9835303794814	338.0769230769231
554.7629118787211	330.34615384615387
557.26461880699	322.61538461538464
559.3546813984301	314.8846153846154
559.3872526202703	307.1538461538462
559.5358210775742	299.42307692307696
566.5658830083617	291.69230769230774
569.1517803550454	283.9615384615385
571.381985238293	276.2307692307693
573.7350832016801	268.50000000000006
573.77137864376	260.76923076923083
578.0685093477117	253.0384615384616
580.4326997252008	245.30769230769238
580.5456405661296	237.57692307692315
585.0255398634447	229.84615384615392
587.4341612158873	222.1153846153847
589.6754256117857	214.38461538461547
589.8150925444769	206.65384615384625
589.900970679636	198.92307692307702
591.5418426795826	191.1923076923078
599.246446725832	183.46153846153857
599.2612577238032	175.73076923076934
602.0	168.0
