92.0	161.0
95.4090104318972	168.3846153846154
97.91439996045706	175.76923076923077
99.85507581531151	183.15384615384616
99.91131164752318	190.53846153846155
100.37925095063363	197.92307692307693
100.40365025794001	205.30769230769232
101.54420524515936	212.6923076923077
101.67392938430623	220.0769230769231
103.8023039198571	227.46153846153848
114.12634464115493	234.84615384615387
114.1753432147693	242.23076923076925
118.4759045685526	249.61538461538464
118.48238144282092	257.0
122.46206426222223	264.38461538461536
122.46769468348452	271.7692307692307
122.80902545975832	279.1538461538461
123.79587538121386	286.53846153846143
130.2472729059544	293.9230769230768
130.30345348457521	301.30769230769215
134.5627479373954	308.6923076923075
134.5956980626319	316.07692307692287
135.08248343847785	323.4615384615382
135.90277353896943	330.8461538461536
136.36945345470855	338.23076923076894
136.7740383537126	345.6153846153843
149.11342898636227	353.0
149.5698756814565	359.15384615384613
151.50342882640615	365.30769230769226
154.3401742439717	371.4615384615384
173.11777824185918	377.6153846153845
177.67573562456386	383.76923076923066
183.91401710508117	389.9230769230768
189.93361091036303	396.0769230769229
195.07871427687346	402.23076923076906
195.18845289321064	408.3846153846152
195.4017128603673	414.5384615384613
212.54926814869611	420.69230769230745
218.26109252182874	426.8461538461536
218.34502710084354	432.9999999999997
229.29010652755622	439.15384615384585
229.6536957280931	445.307692307692
230.00009549349676	451.4615384615381
231.8517274825795	457.61538461538424
251.79810455660854	463.7692307692304
258.52926259499907	469.9230769230765
264.18366310205323	476.07692307692264
269.6365715082742	482.2307692307688
269.75164774365527	488.3846153846149
280.11243989601934	494.53846153846104
285.9156909402385	500.69230769230717
286.34965271771205	506.8461538461533
288.3036664048279	513.0
296.3132672278948	507.5769230769231
298.12436432412056	502.1538461538462
299.91523695595816	496.7307692307693
299.98371755210877	491.3076923076924
300.5331571345279	485.8846153846155
301.0656273660958	480.46153846153857
301.9239874677963	475.03846153846166
309.0445527403839	469.61538461538476
309.09655725609144	464.19230769230785
309.6377481231186	458.76923076923094
314.29860400591747	453.34615384615404
316.2139105874869	447.92307692307713
316.24915416582866	442.5000000000002
319.58284490064835	437.0769230769233
319.6466523598857	431.6538461538464
323.6294707620955	426.2307692307695
323.6343461645395	420.8076923076926
324.16444698696193	415.3846153846157
328.5975164141201	409.9615384615388
328.6528101520408	404.5384615384619
332.32649157280554	399.115384615385
334.2715898050119	393.6923076923081
334.34879018015295	388.26923076923117
338.1570205056602	382.84615384615427
338.16178342488087	377.42307692307736
338.27524058393925	372.0
338.44340926653973	377.0
338.94184181906815	382.0
350.3594824851704	387.0
353.03058750546256	392.0
356.2983955911447	397.0
356.31446184526834	402.0
356.94252632790483	407.0
357.38407852655945	412.0
367.5168218585933	417.0
367.5455250092856	422.0
372.71173463049803	427.0
375.3779771950305	432.0
375.4412533096944	437.0
375.8284552912783	442.0
383.7703438783898	447.0
383.87134343214746	452.0
384.0441630107162	457.0
384.7652878825515	462.0
394.6488198550078	467.0
398.00881182328385	472.0
398.0176422891583	477.0
398.92539032335964	482.0
405.747828951994	487.0
405.9413867145626	492.0
411.82302834386144	497.0
416.89406083677216	502.0
421.14480885982647	496.88461538461536
426.6967390420309	491.7692307692307
426.73477327014905	486.6538461538461
427.0004751508838	481.53846153846143
441.5162063842613	476.4230769230768
445.9728601619864	471.30769230769215
451.6332228097149	466.1923076923075
456.3718587638587	461.07692307692287
460.04589759096933	455.9615384615382
460.41595178953	450.8461538461536
461.7723958119729	445.73076923076894
462.084054905435	440.6153846153843
463.3419838303479	435.49999999999966
485.26816934485885	430.384615384615
485.44126079734394	425.2692307692304
485.5347306512807	420.15384615384573
501.1184341220247	415.0384615384611
506.1413099882003	409.92307692307645
510.524891437464	404.8076923076918
510.6103230416201	399.69230769230717
519.7615728470704	394.5769230769225
525.5812228261611	389.4615384615379
525.7165426489687	384.34615384615324
526.2305537333149	379.2307692307686
528.7700505451921	374.11538461538396
542.8558626645647	369.0
545.4573476620341	361.2692307692308
547.6288107908214	353.53846153846155
547.6812132988381	345.8076923076923
548.2594516717769	338.0769230769231
554.9803055489759	330.34615384615387
556.8534586238272	322.61538461538464
557.0058634234744	314.8846153846154
557.3731301152089	307.1538461538462
557.8683345774483	299.42307692307696
566.7152132035761	291.69230769230774
566.7355245029939	283.9615384615385
571.1390772587845	276.2307692307693
571.2067084228969	268.50000000000006
576.0723289141854	260.76923076923083
576.1076752317429	253.0384615384616
580.2656949256987	245.30769230769238
582.668926810553	237.57692307692315
585.2853139758032	229.84615384615392
585.3788172316166	222.1153846153847
589.8895177252347	214.38461538461547
592.4892690641088	206.65384615384625
592.5101779661525	198.92307692307702
592.9488964734537	191.1923076923078
599.2163274190499	183.46153846153857
601.5034724108862	175.73076923076934
602.0	168.0
