92.0	161.0
95.62724959726224	168.3846153846154
97.78734857575176	175.76923076923077
99.5091347550706	183.15384615384616
101.55213221409491	190.53846153846155
104.06102277396909	197.92307692307693
106.23038920614901	205.30769230769232
106.23040385518881	212.6923076923077
109.72946304511869	220.0769230769231
112.27017614524561	227.46153846153848
114.18004768923392	234.84615384615387
116.34785701000308	242.23076923076925
116.36654204734891	249.61538461538464
116.51996000456514	257.0
116.63162511303493	264.38461538461536
118.33141267572567	271.7692307692307
125.97867219016527	279.1538461538461
128.11297315826187	286.53846153846143
128.2889323247936	293.9230769230768
132.27146206917627	301.30769230769215
132.38883713172757	308.6923076923075
136.17931434625396	316.07692307692287
136.37113056044595	323.4615384615382
137.1350414901317	330.8461538461536
142.77639200564926	338.23076923076894
142.82442860768472	345.6153846153843
149.84776984875825	353.0
154.71890526880406	359.15384615384613
155.14440513709803	365.30769230769226
155.59852635849978	371.4615384615384
158.0793194787938	377.6153846153845
159.6103055507475	383.76923076923066
165.14442784869797	389.9230769230768
166.58850644671875	396.0769230769229
195.58526287627228	402.23076923076906
201.7273423238968	408.3846153846152
206.58057832616453	414.5384615384613
211.90768556298153	420.69230769230745
212.30042758780675	426.8461538461536
222.94699517018583	432.9999999999997
223.40291309988544	439.15384615384585
223.68740276417125	445.307692307692
241.58885507027074	451.4615384615381
246.05489680516374	457.61538461538424
251.4527771198053	463.7692307692304
251.59597881654668	469.9230769230765
251.76705609430743	476.07692307692264
269.15848236482384	482.2307692307688
275.45543772375277	488.3846153846149
275.4948660910909	494.53846153846104
286.16727918251553	500.69230769230717
286.4538021656351	506.8461538461533
294.2730769074128	513.0
294.2880771439908	507.5769230769231
294.4258840082616	502.1538461538462
299.7528495198455	496.7307692307693
299.9036666850812	491.3076923076924
303.5801897488428	485.8846153846155
305.4897711240302	480.46153846153857
307.10430733589897	475.03846153846166
307.14571446880785	469.61538461538476
307.85318386666984	464.19230769230785
312.85036230245606	458.76923076923094
314.5556792500134	453.34615384615404
314.55745842379116	447.92307692307713
315.1059928544008	442.5000000000002
315.5199139762827	437.0769230769233
321.48506340683855	431.6538461538464
323.46771838427577	426.2307692307695
325.0496640266299	420.8076923076926
326.75177362439047	415.3846153846157
329.0347515153657	409.9615384615388
330.91968515894865	404.5384615384619
330.93206749413247	399.115384615385
331.13510905284824	393.6923076923081
332.26267295608784	388.26923076923117
337.87194754365623	382.84615384615427
337.967452038352	377.42307692307736
338.4992182240627	372.0
338.9519807409402	377.0
339.5101570606979	382.0
342.26377782876966	387.0
342.48304961099893	392.0
356.58351740659333	397.0
358.6316155376357	402.0
358.8332576938113	407.0
364.61250797357513	412.0
364.66991825084625	417.0
369.5702837293008	422.0
369.6683983473124	427.0
370.679277982371	432.0
378.60016563104773	437.0
381.2412253972591	442.0
383.9165865758559	447.0
383.9913084984453	452.0
384.3296313293273	457.0
384.46569346389964	462.0
394.61358426130516	467.0
397.6730868386655	472.0
400.7673945271176	477.0
400.78634899923026	482.0
405.9750204531307	487.0
408.6189470141859	492.0
411.6781140707859	497.0
411.7688957452763	502.0
412.9589248903509	496.88461538461536
413.2702388449992	491.7692307692307
415.59641224385587	486.6538461538461
436.3571238033619	481.53846153846143
436.42645093506684	476.4230769230768
436.49124723065216	471.30769230769215
438.3713490100684	466.1923076923075
441.1928496059669	461.07692307692287
460.9703569987868	455.9615384615382
465.63206750503434	450.8461538461536
465.7746223797498	445.73076923076894
474.9844549015595	440.6153846153843
475.00699245634206	435.49999999999966
476.855568381975	430.384615384615
478.03062539368375	425.2692307692304
495.75366340763316	420.15384615384573
495.77771247007405	415.0384615384611
496.45113718877565	409.92307692307645
510.4531878282212	404.8076923076918
510.49642594029217	399.69230769230717
511.0706487426679	394.5769230769225
513.8261748939595	389.4615384615379
515.2686319595465	384.34615384615324
520.2336656521413	379.2307692307686
520.2768281387802	374.11538461538396
524.6323390385959	369.0
545.1915440072596	361.2692307692308
545.2518425388276	353.53846153846155
545.4421130655477	345.8076923076923
552.7058758758528	338.0769230769231
552.711656679079	330.34615384615387
552.9235781520637	322.61538461538464
553.7551449667484	314.8846153846154
555.6754199461559	307.1538461538462
556.8008703392484	299.42307692307696
566.4617735458557	291.69230769230774
569.0321338878543	283.9615384615385
569.0554964062665	276.2307692307693
569.5436539549345	268.50000000000006
570.4462985930777	260.76923076923083
578.1042289791052	253.0384615384616
578.2036180899296	245.30769230769238
579.0591378014349	237.57692307692315
585.0079150156985	229.84615384615392
585.1297810853247	222.1153846153847
590.2420317278921	214.38461538461547
590.2471187924986	206.65384615384625
590.5981737555209	198.92307692307702
590.6199259669182	191.1923076923078
591.8187320982911	183.46153846153857
601.354477034641	175.73076923076934
602.0	168.0
