92.0	161.0
92.39563908828828	168.3846153846154
92.81957908648661	175.76923076923077
99.5622516423765	183.15384615384616
99.64182598544609	190.53846153846155
103.56299610526712	197.92307692307693
103.65870238035693	205.30769230769232
107.69496344638404	212.6923076923077
107.8275636970422	220.0769230769231
108.1242326648115	227.46153846153848
114.04027048588051	234.84615384615387
115.85096288248813	242.23076923076925
115.92480395180182	249.61538461538464
120.3352471538678	257.0
122.14173350011666	264.38461538461536
122.25808613109228	271.7692307692307
126.53955598622053	279.1538461538461
126.54484957369596	286.53846153846143
130.2571062859159	293.9230769230768
130.3308762505543	301.30769230769215
130.59041197332166	308.6923076923075
131.0984150408747	316.07692307692287
132.10479434854128	323.4615384615382
133.02847667498293	330.8461538461536
142.80086322271976	338.23076923076894
144.9861211092174	345.6153846153843
149.68475402160195	353.0
149.69221385652563	359.15384615384613
161.4911557197371	365.30769230769226
166.44092485070337	371.4615384615384
171.87417918882932	377.6153846153845
177.5500953328941	383.76923076923066
178.0465760800948	389.9230769230768
188.85870147838736	396.0769230769229
195.7910585796095	402.23076923076906
200.3641278856727	408.3846153846152
200.6370593941934	414.5384615384613
202.5126411434448	420.69230769230745
218.03329977889948	426.8461538461536
218.23156328860136	432.9999999999997
219.25504633478457	439.15384615384585
221.5411598362455	445.307692307692
241.5204239461658	451.4615384615381
241.6019528593396	457.61538461538424
251.57426550981404	463.7692307692304
251.78670104776387	469.9230769230765
263.5219900326442	476.07692307692264
269.8967331662425	482.2307692307688
275.0981319186467	488.3846153846149
281.293907563952	494.53846153846104
281.30371547511334	500.69230769230717
281.51666440896236	506.8461538461533
283.13438712799217	513.0
296.44351555459633	507.5769230769231
298.1467592393361	502.1538461538462
298.1649002008547	496.7307692307693
301.5046686275897	491.3076923076924
303.6295522719926	485.8846153846155
305.1793514236217	480.46153846153857
307.2288059912101	475.03846153846166
308.92151003072195	469.61538461538476
309.0154834411614	464.19230769230785
309.03462018037465	458.76923076923094
310.04032760935706	453.34615384615404
316.22114405621625	447.92307692307713
317.90591201068423	442.5000000000002
317.9135311380085	437.0769230769233
321.4807950544813	431.6538461538464
321.5579213320446	426.2307692307695
325.2764967544881	420.8076923076926
325.3235708226626	415.3846153846157
328.63103640815615	409.9615384615388
330.8505357836302	404.5384615384619
330.87077856065963	399.115384615385
334.4875500733149	393.6923076923081
334.51696872297754	388.26923076923117
338.1370262106172	382.84615384615427
338.13889107004667	377.42307692307736
338.35418875161434	372.0
339.2781364321482	377.0
339.66935087434445	382.0
351.0594481757841	387.0
351.0618869107113	392.0
355.73891109206744	397.0
355.97270308275165	402.0
362.1351558230159	407.0
362.1351673326385	412.0
362.76044285906795	417.0
363.4573993160084	422.0
372.9405761438175	427.0
372.9730297341922	432.0
373.9693010940316	437.0
374.04935423213783	442.0
374.9535830528408	447.0
386.68736016482876	452.0
386.71099056344207	457.0
392.2599143325746	462.0
392.3669713955138	467.0
397.3551783232835	472.0
400.4840309725179	477.0
400.607182821073	482.0
406.09839104662626	487.0
409.09140674769566	492.0
411.56329729680937	497.0
416.2282308368871	502.0
420.4559736052163	496.88461538461536
420.51685843484677	491.7692307692307
431.4244632404695	486.6538461538461
431.53962132246653	481.53846153846143
432.5586469085784	476.4230769230768
434.0379526069299	471.30769230769215
436.3627862285545	466.1923076923075
438.4317138884799	461.07692307692287
460.7203359716029	455.9615384615382
464.9344440135352	450.8461538461536
470.26977540477105	445.73076923076894
470.3974702304411	440.6153846153843
480.1514856086932	435.49999999999966
485.25379434897764	430.384615384615
489.98761695933547	425.2692307692304
495.7485864036679	420.15384615384573
495.8111251046737	415.0384615384611
504.6489148540691	409.92307692307645
505.0288055896442	404.8076923076918
505.6673821302222	399.69230769230717
506.101311515336	394.5769230769225
525.3920722945836	389.4615384615379
525.5792065898903	384.34615384615324
534.446242683923	379.2307692307686
539.5132954835987	374.11538461538396
542.8060429565219	369.0
542.8668135712644	361.2692307692308
547.4954472647289	353.53846153846155
550.1714406710298	345.8076923076923
550.1995229952897	338.0769230769231
550.9678519238439	330.34615384615387
557.1539796385892	322.61538461538464
557.2274173000711	314.8846153846154
561.5413234641368	307.1538461538462
563.9502430570569	299.42307692307696
566.1588205789388	291.69230769230774
566.1981993119897	283.9615384615385
571.4352691244466	276.2307692307693
573.4946085609971	268.50000000000006
575.7006510279284	260.76923076923083
578.3816280024744	253.0384615384616
580.415787042962	245.30769230769238
582.8774191570286	237.57692307692315
582.9082268740582	229.84615384615392
583.7959942583743	222.1153846153847
590.031452541155	214.38461538461547
590.1005687176815	206.65384615384625
590.413896952093	198.92307692307702
596.9577455342459	191.1923076923078
599.1609777854505	183.46153846153857
599.3177826388622	175.73076923076934
602.0	168.0
