92.0	161.0
92.47498044958533	168.3846153846154
93.46301965651426	175.76923076923077
94.25668934584655	183.15384615384616
95.35589133942229	190.53846153846155
97.34474242046159	197.92307692307693
97.864039736295	205.30769230769232
108.16498316598417	212.6923076923077
109.75903155619255	220.0769230769231
109.83931005075735	227.46153846153848
114.11595915001675	234.84615384615387
114.13278342035206	242.23076923076925
114.28403707464912	249.61538461538464
119.88361320849772	257.0
121.90499337502719	264.38461538461536
122.00604617886827	271.7692307692307
122.66764886838173	279.1538461538461
123.32086745590858	286.53846153846143
124.88075558303365	293.9230769230768
132.762891454157	301.30769230769215
134.52297097267004	308.6923076923075
134.54825947438854	316.07692307692287
134.91952785315596	323.4615384615382
140.63496426276396	330.8461538461536
140.67866669191991	338.23076923076894
141.08920365533834	345.6153846153843
148.80606780616304	353.0
154.5354760911545	359.15384615384613
155.0707307402716	365.30769230769226
156.97866698283795	371.4615384615384
171.74823652603223	377.6153846153845
177.58545683484675	383.76923076923066
183.41565064740155	389.9230769230768
189.81627596870473	396.0769230769229
190.02617430560207	402.23076923076906
190.69254851617896	408.3846153846152
207.4180560620591	414.5384615384613
213.03701316011689	420.69230769230745
218.58707104655377	426.8461538461536
218.70692723345618	432.9999999999997
229.16931447368796	439.15384615384585
235.14207954391168	445.307692307692
235.24317682198253	451.4615384615381
237.26309160357545	457.61538461538424
239.1561250807483	463.7692307692304
239.86199030292985	469.9230769230765
263.23932451472655	476.07692307692264
268.8732595610938	482.2307692307688
269.18308096839297	488.3846153846149
281.29892959446715	494.53846153846104
281.3604445276438	500.69230769230717
282.6979142919473	506.8461538461533
285.3198111320517	513.0
296.08368726945014	507.5769230769231
297.9162931496513	502.1538461538462
298.0783719212161	496.7307692307693
301.77877386385273	491.3076923076924
303.2482543792572	485.8846153846155
305.27443308276486	480.46153846153857
305.30276788424356	475.03846153846166
305.6746767051726	469.61538461538476
310.81236896753495	464.19230769230785
312.59868571862427	458.76923076923094
314.4422031631116	453.34615384615404
314.4774857739226	447.92307692307713
315.03109261770624	442.5000000000002
320.0723937401716	437.0769230769233
321.56642847391134	431.6538461538464
321.6348153162097	426.2307692307695
325.0552469409635	420.8076923076926
325.12332268260894	415.3846153846157
329.1146786227852	409.9615384615388
330.5458851887394	404.5384615384619
330.5952524547679	399.115384615385
334.39796429881227	393.6923076923081
336.11736306526853	388.26923076923117
337.72404948694077	382.84615384615427
337.76292106523545	377.42307692307736
341.9734643628792	372.0
342.01296244459354	377.0
342.6500035701958	382.0
343.6567043622611	387.0
345.4568072895965	392.0
356.17988921665943	397.0
359.363032020395	402.0
359.36684879148663	407.0
359.75880121944743	412.0
366.7837459998832	417.0
369.54891154906073	422.0
372.34172164555565	427.0
372.60730796660073	432.0
373.4542078435779	437.0
373.5143651105239	442.0
383.4159499149407	447.0
383.44516810480553	452.0
389.6268229340126	457.0
392.0845205796973	462.0
394.5230331813005	467.0
397.6331623787998	472.0
400.1372831890048	477.0
400.24208137530445	482.0
400.5488573202695	487.0
402.03316641591965	492.0
403.5340570317431	497.0
404.90386369377575	502.0
408.28962249741016	496.88461538461536
408.54478593387466	491.7692307692307
430.99222678551456	486.6538461538461
435.9273709870679	481.53846153846143
441.4140349657037	476.4230769230768
441.43048640766233	471.30769230769215
442.89705125404635	466.1923076923075
444.0159459977982	461.07692307692287
445.6093828187101	455.9615384615382
465.3425159583734	450.8461538461536
465.50499122606533	445.73076923076894
475.1938688770372	440.6153846153843
480.3638411403406	435.49999999999966
480.4531047696262	430.384615384615
481.85611411101604	425.2692307692304
482.6783815549247	420.15384615384573
483.3017794921969	415.0384615384611
488.0005651594526	409.92307692307645
511.16538102207755	404.8076923076918
514.6690854155082	399.69230769230717
520.1123902535941	394.5769230769225
525.4993425884247	389.4615384615379
525.6115643985994	384.34615384615324
525.826648646861	379.2307692307686
539.7320150910857	374.11538461538396
540.0488084790155	369.0
545.6486136658581	361.2692307692308
545.6530248039461	353.53846153846155
545.8562804882382	345.8076923076923
552.1057458379893	338.0769230769231
552.2719588196443	330.34615384615387
556.7055754419537	322.61538461538464
559.7074294462407	314.8846153846154
561.4339503343622	307.1538461538462
561.4605903361632	299.42307692307696
566.5598366843554	291.69230769230774
566.5868388078142	283.9615384615385
566.7252927383772	276.2307692307693
567.6016861684727	268.50000000000006
568.2454879324729	260.76923076923083
569.9152203469563	253.0384615384616
572.3429785917679	245.30769230769238
583.2272268524234	237.57692307692315
585.264316218617	229.84615384615392
587.284131336816	222.1153846153847
589.9963163786925	214.38461538461547
592.6127208956985	206.65384615384625
592.6135047231933	198.92307692307702
593.0492324028291	191.1923076923078
594.0904461033614	183.46153846153857
601.9724782146777	175.73076923076934
602.0	168.0
