92.0	161.0
92.64714359733311	168.3846153846154
93.35648300032277	175.76923076923077
94.66444084724361	183.15384615384616
95.73562455045659	190.53846153846155
97.68769639735521	197.92307692307693
97.7669215435622	205.30769230769232
108.11213591338017	212.6923076923077
108.17005913566528	220.0769230769231
111.96977335930615	227.46153846153848
114.19456060233273	234.84615384615387
114.23848940037233	242.23076923076925
118.43243958921008	249.61538461538464
120.26162551206376	257.0
120.30641563747483	264.38461538461536
124.04129767578151	271.7692307692307
124.14790201192389	279.1538461538461
124.31555239511405	286.53846153846143
124.3561219836072	293.9230769230768
126.38404341820268	301.30769230769215
127.24481285075352	308.6923076923075
136.3408532801266	316.07692307692287
136.50851347923074	323.4615384615382
140.48905874602903	330.8461538461536
140.59403864369798	338.23076923076894
144.73889592088167	345.6153846153843
149.53021559338615	353.0
149.62919499847328	359.15384615384613
162.00326181461543	365.30769230769226
167.04403467755998	371.4615384615384
167.1439511257645	377.6153846153845
167.26224128710822	383.76923076923066
170.82973557049576	389.9230769230768
174.83391471498922	396.0769230769229
177.39969799888598	402.23076923076906
201.3106125968044	408.3846153846152
207.3844096080604	414.5384615384613
212.0747441729141	420.69230769230745
212.12040016544304	426.8461538461536
224.13452046966574	432.9999999999997
224.21175492867854	439.15384615384585
225.5302200339702	445.307692307692
226.8552340348567	451.4615384615381
231.18610898349093	457.61538461538424
235.21953402482282	463.7692307692304
237.17771508703936	469.9230769230765
241.65605052905377	476.07692307692264
268.5654942451258	482.2307692307688
268.8523677326248	488.3846153846149
271.11354763037923	494.53846153846104
287.25013704844974	500.69230769230717
292.53988832592114	506.8461538461533
292.6803906196641	513.0
292.83722433999026	507.5769230769231
293.99763310790075	502.1538461538462
294.42458431788737	496.7307692307693
301.6340460018656	491.3076923076924
301.76711160875703	485.8846153846155
305.3084204568012	480.46153846153857
305.38984048909987	475.03846153846166
309.25705730691396	469.61538461538476
309.2578354565477	464.19230769230785
309.47952683878395	458.76923076923094
310.5912531139792	453.34615384615404
311.44241010648506	447.92307692307713
318.25303161350786	442.5000000000002
319.5501212096536	437.0769230769233
321.6638188595909	431.6538461538464
323.709037603018	426.2307692307695
323.7133493105058	420.8076923076926
326.87468390413807	415.3846153846157
326.98194418995087	409.9615384615388
327.01672717266274	404.5384615384619
332.45116934237774	399.115384615385
334.0126724079579	393.6923076923081
334.0203137260359	388.26923076923117
338.06364703989186	382.84615384615427
339.97735892258424	377.42307692307736
342.46352787824003	372.0
342.46388204534105	377.0
348.0723641798725	382.0
348.0786270941209	387.0
349.03349440036993	392.0
349.62557143302047	397.0
350.13305665979976	402.0
352.42876274208135	407.0
364.59765046436945	412.0
364.6545254301907	417.0
364.79310752323016	422.0
364.8073293414734	427.0
366.93256858249765	432.0
378.17958839211263	437.0
378.2955969537838	442.0
379.1012321538106	447.0
386.4201274702586	452.0
386.5222197080248	457.0
386.9881910095165	462.0
394.6336042564307	467.0
394.7485247018529	472.0
395.08001749783637	477.0
396.4658623498454	482.0
397.46743321139337	487.0
398.6914198333917	492.0
401.68075867118847	497.0
416.4414175994201	502.0
416.5242486298446	496.88461538461536
425.6945891590647	491.7692307692307
431.0136577823016	486.6538461538461
431.09662446740305	481.53846153846143
431.9866294086388	476.4230769230768
433.1700182268012	471.30769230769215
451.64554351296545	466.1923076923075
455.15534924759174	461.07692307692287
460.50278093665406	455.9615384615382
460.7567660634586	450.8461538461536
470.7501130921594	445.73076923076894
476.059788432309	440.6153846153843
480.2610425091507	435.49999999999966
480.60537516096423	430.384615384615
482.0948300810101	425.2692307692304
496.33221610995173	420.15384615384573
499.9513872251205	415.0384615384611
505.3026666467698	409.92307692307645
510.6426768044926	404.8076923076918
515.11009383291	399.69230769230717
520.3390033977442	394.5769230769225
520.5342923001452	389.4615384615379
530.1723789250038	384.34615384615324
534.6684374044818	379.2307692307686
534.8386872859795	374.11538461538396
536.5241666916172	369.0
545.5524768274656	361.2692307692308
547.8515140897324	353.53846153846155
547.866492349947	345.8076923076923
552.7094615121213	338.0769230769231
555.0615223367951	330.34615384615387
555.063889252034	322.61538461538464
559.6996775695166	314.8846153846154
561.802568036692	307.1538461538462
561.8482106332654	299.42307692307696
561.8898250189395	291.69230769230774
562.8078197670234	283.9615384615385
563.5638864787645	276.2307692307693
573.4727473524674	268.50000000000006
573.5916040395698	260.76923076923083
574.0124949783586	253.0384615384616
580.4466939600576	245.30769230769238
582.718470354041	237.57692307692315
582.8451289589641	229.84615384615392
583.4856754525947	222.1153846153847
589.6296238733048	214.38461538461547
592.5505944883139	206.65384615384625
592.5705296545515	198.92307692307702
596.717616969963	191.1923076923078
596.7546399848128	183.46153846153857
596.8135674256198	175.73076923076934
602.0	168.0
