92.0	161.0
95.6052554352304	168.3846153846154
95.63375421464741	175.76923076923077
99.80349233754758	183.15384615384616
101.58012471387332	190.53846153846155
103.68265460857053	197.92307692307693
105.77171563632263	205.30769230769232
108.08866173388341	212.6923076923077
110.14536835244542	220.0769230769231
110.15522098485106	227.46153846153848
114.38226713426438	234.84615384615387
116.11524364882928	242.23076923076925
116.17253968244056	249.61538461538464
116.90687046713808	257.0
117.21791435325308	264.38461538461536
123.99121132343234	271.7692307692307
124.00211046027397	279.1538461538461
128.60209718178007	286.53846153846143
128.61188782304626	293.9230769230768
132.28290158280498	301.30769230769215
134.61902657822696	308.6923076923075
136.3682025803927	316.07692307692287
136.47148574159186	323.4615384615382
140.49916213443007	330.8461538461536
140.529603861314	338.23076923076894
141.25793132181198	345.6153846153843
141.66604720162954	353.0
142.5869833055769	359.15384615384613
160.8497439572388	365.30769230769226
167.59746382203758	371.4615384615384
167.62087402312883	377.6153846153845
177.4696890569924	383.76923076923066
177.65411621759182	389.9230769230768
189.87119744960418	396.0769230769229
194.5838742506072	402.23076923076906
195.04909128573456	408.3846153846152
207.36346507858337	414.5384615384613
212.60779409049206	420.69230769230745
212.69845902394138	426.8461538461536
213.04907908720736	432.9999999999997
214.77440025111028	439.15384615384585
235.39487939914937	445.307692307692
240.47272782856678	451.4615384615381
240.50310907405287	457.61538461538424
240.84752129906065	463.7692307692304
257.7260295155343	469.9230769230765
263.97155894697374	476.07692307692264
268.4639315034985	482.2307692307688
268.5957320470679	488.3846153846149
280.2530854153036	494.53846153846104
280.6510764405563	500.69230769230717
292.3554083609432	506.8461538461533
292.43291904917805	513.0
293.12447358501447	507.5769230769231
298.09640130584035	502.1538461538462
299.9857286737093	496.7307692307693
301.9406644054846	491.3076923076924
301.9535305210022	485.8846153846155
305.41674365946267	480.46153846153857
307.27492287241637	475.03846153846166
307.31813480917543	469.61538461538476
307.7840074221779	464.19230769230785
307.98660951165937	458.76923076923094
314.64311248527804	453.34615384615404
314.65832650628795	447.92307692307713
317.80851357954265	442.5000000000002
320.0337569826243	437.0769230769233
320.0596478834085	431.6538461538464
323.70635067407613	426.2307692307695
323.7076929344872	420.8076923076926
327.26167869839594	415.3846153846157
327.2695048775351	409.9615384615388
330.55256737708197	404.5384615384619
332.74156928035313	399.115384615385
332.7498692578451	393.6923076923081
336.1644968136318	388.26923076923117
337.7293932641364	382.84615384615427
339.84148457355974	377.42307692307736
339.8794320926991	372.0
340.4256632264302	377.0
341.21760063243323	382.0
350.226517942444	387.0
350.40228066012895	392.0
350.6540817029554	397.0
351.4849874130081	402.0
352.44661612966485	407.0
364.48918492621283	412.0
364.58274819251636	417.0
365.06255393690606	422.0
372.5452497755394	427.0
372.6406283768289	432.0
373.3105431267809	437.0
373.871441129418	442.0
375.99506742858216	447.0
386.8917621721449	452.0
386.92575453939503	457.0
391.8180577376366	462.0
394.61750278625175	467.0
394.6535972298002	472.0
400.7324707434364	477.0
400.7638282162987	482.0
406.34342665996945	487.0
409.2208061132966	492.0
409.2212446352687	497.0
410.0418766026359	502.0
411.02607731125937	496.88461538461536
426.8341565360338	491.7692307692307
426.83892061310274	486.6538461538461
435.6958480226497	481.53846153846143
435.9011906667571	476.4230769230768
436.2211586327442	471.30769230769215
439.3983196385646	466.1923076923075
440.9481110240897	461.07692307692287
459.98418051287405	455.9615384615382
460.4334353867731	450.8461538461536
461.1075422409935	445.73076923076894
462.15471665901333	440.6153846153843
466.40284695601537	435.49999999999966
467.7930393426047	430.384615384615
490.08845055987445	425.2692307692304
490.4746418448446	420.15384615384573
491.50302415321676	415.0384615384611
494.1734729480125	409.92307692307645
496.6901876356257	404.8076923076918
498.0114055165501	399.69230769230717
520.1258494492673	394.5769230769225
525.7622267893249	389.4615384615379
525.8755790745303	384.34615384615324
534.5276226148763	379.2307692307686
534.6106349241718	374.11538461538396
543.0206766111411	369.0
545.5659957641473	361.2692307692308
547.2707158742448	353.53846153846155
547.4556056205654	345.8076923076923
552.5335780618082	338.0769230769231
554.6356734819476	330.34615384615387
554.7251144129522	322.61538461538464
559.3369503922837	314.8846153846154
559.3660074393879	307.1538461538462
560.0519733470874	299.42307692307696
560.2276024990634	291.69230769230774
569.017852743186	283.9615384615385
569.0503157984961	276.2307692307693
573.4652208930435	268.50000000000006
575.9596663933962	260.76923076923083
578.5342219467993	253.0384615384616
580.3192878234138	245.30769230769238
582.867780980568	237.57692307692315
582.9702956763654	229.84615384615392
587.367639137623	222.1153846153847
587.5335241235344	214.38461538461547
587.6340724327274	206.65384615384625
589.2257000894282	198.92307692307702
597.1169842740509	191.1923076923078
597.1312003676663	183.46153846153857
601.9619202368169	175.73076923076934
602.0	168.0
