92.0	161.0
95.95973719295554	168.3846153846154
97.72261458891859	175.76923076923077
97.75457905148944	183.15384615384616
97.78301794506669	190.53846153846155
98.92878116685802	197.92307692307693
99.21883606981622	205.30769230769232
108.14926652475881	212.6923076923077
108.15795544248836	220.0769230769231
111.78387735991204	227.46153846153848
111.89412820310739	234.84615384615387
112.57811642680063	242.23076923076925
117.85014668313157	249.61538461538464
119.95139230965425	257.0
120.12765111558187	264.38461538461536
120.65705787124706	271.7692307692307
121.92465563535835	279.1538461538461
121.96754310671362	286.53846153846143
130.25455241254573	293.9230769230768
132.23226669043973	301.30769230769215
134.52990814082312	308.6923076923075
136.7627621897958	316.07692307692287
136.78279565550096	323.4615384615382
137.10465674465388	330.8461538461536
142.81235003038051	338.23076923076894
142.82558467408768	345.6153846153843
150.51238153040998	353.0
150.55647084499083	359.15384615384613
152.04987356934615	365.30769230769226
154.7590992246339	371.4615384615384
154.98774334859544	377.6153846153845
158.09527035539475	383.76923076923066
183.36859233472683	389.9230769230768
183.3951814835017	396.0769230769229
194.4249883859579	402.23076923076906
195.0196274925026	408.3846153846152
206.6138038669698	414.5384615384613
206.72597870276905	420.69230769230745
207.59631844981828	426.8461538461536
207.94888721918517	432.9999999999997
228.6031238048466	439.15384615384585
234.71518798328256	445.307692307692
239.9461219126808	451.4615384615381
246.86253113635837	457.61538461538424
252.80071495692962	463.7692307692304
257.16488718584117	469.9230769230765
257.37433344874887	476.07692307692264
269.94507339787134	482.2307692307688
269.99387038227	488.3846153846149
280.6326229901202	494.53846153846104
285.82122068862117	500.69230769230717
291.9278485204892	506.8461538461533
294.7882395182961	513.0
294.7939359134043	507.5769230769231
295.27909329678266	502.1538461538462
296.227397711881	496.7307692307693
301.72723792854686	491.3076923076924
303.70718101500165	485.8846153846155
303.7310497619342	480.46153846153857
307.4483451493231	475.03846153846166
309.05954052662383	469.61538461538476
310.7538917284066	464.19230769230785
312.52599505026524	458.76923076923094
314.16502075170246	453.34615384615404
316.3343730783928	447.92307692307713
318.23659443150206	442.5000000000002
318.2519343893164	437.0769230769233
321.7633106912173	431.6538461538464
321.8153052302935	426.2307692307695
322.1306822111643	420.8076923076926
327.0854949306894	415.3846153846157
329.1375405462118	409.9615384615388
329.14189437510464	404.5384615384619
329.5029661786659	399.115384615385
330.195695398	393.6923076923081
331.6265684535326	388.26923076923117
338.11572509564564	382.84615384615427
339.88772405600605	377.42307692307736
339.8982949526541	372.0
340.67123571948446	377.0
348.28992864323857	382.0
348.29312776118417	387.0
353.3380744897003	392.0
356.54590441919606	397.0
356.5616643468724	402.0
361.97756426498586	407.0
364.29262613137286	412.0
364.47807862090116	417.0
370.00220699005746	422.0
372.890036745858	427.0
372.9294578839785	432.0
373.6871484743763	437.0
381.3722495358326	442.0
383.50162320885556	447.0
386.99373125256085	452.0
386.9937724433232	457.0
392.5943300717921	462.0
392.5987903285945	467.0
397.2773982638203	472.0
397.5288014930186	477.0
397.66814890960774	482.0
405.6791616650007	487.0
405.7170262029844	492.0
411.41471200365277	497.0
416.35717760738487	502.0
421.4367502714914	496.88461538461536
421.51843196261495	491.7692307692307
430.6392368550807	486.6538461538461
436.45054534819576	481.53846153846143
436.56864248565296	476.4230769230768
446.1680023765641	471.30769230769215
450.5891508740079	466.1923076923075
450.6638451111011	461.07692307692287
452.16108224841196	455.9615384615382
454.36648862676986	450.8461538461536
454.9382680511245	445.73076923076894
474.9628570405392	440.6153846153843
475.30434813712077	435.49999999999966
486.4038407167717	430.384615384615
486.4045699172099	425.2692307692304
494.77942128311395	420.15384615384573
495.1883007525764	415.0384615384611
504.68457400893845	409.92307692307645
509.8815835909426	404.8076923076918
515.2493955201102	399.69230769230717
515.4966707854993	394.5769230769225
525.0986255614927	389.4615384615379
530.0934286191592	384.34615384615324
530.1999924597555	379.2307692307686
530.3382083167404	374.11538461538396
531.2665890525724	369.0
532.7183397926159	361.2692307692308
535.9743580454319	353.53846153846155
537.0551397549591	345.8076923076923
552.4411542751999	338.0769230769231
554.72767701204	330.34615384615387
554.7602514848395	322.61538461538464
559.1703879615467	314.8846153846154
559.3606993701994	307.1538461538462
560.2403463044325	299.42307692307696
560.2828898547599	291.69230769230774
568.7183002034182	283.9615384615385
570.783891097943	276.2307692307693
573.1458075099918	268.50000000000006
573.3091887244098	260.76923076923083
578.3463325506091	253.0384615384616
580.4298818730441	245.30769230769238
580.5694993904931	237.57692307692315
584.8765229893513	229.84615384615392
585.0629959209126	222.1153846153847
590.011771180476	214.38461538461547
590.0739095489736	206.65384615384625
590.2551892267186	198.92307692307702
596.5592524845754	191.1923076923078
599.2504659250063	183.46153846153857
601.9740409907694	175.73076923076934
602.0	168.0
