92.0	161.0
95.7862558979193	168.3846153846154
95.82043847125301	175.76923076923077
96.28616128095527	183.15384615384616
97.35368911446061	190.53846153846155
103.81052651087043	197.92307692307693
106.14100304055772	205.30769230769232
107.85846482769352	212.6923076923077
107.94999842230428	220.0769230769231
112.21863542282945	227.46153846153848
112.23186321486665	234.84615384615387
116.3960280630305	242.23076923076925
116.41529749556906	249.61538461538464
116.42147684033624	257.0
121.98238937858648	264.38461538461536
124.34137202302688	271.7692307692307
124.37256226234143	279.1538461538461
125.10196551149453	286.53846153846143
130.50203562245895	293.9230769230768
130.50437576850902	301.30769230769215
134.64596686965513	308.6923076923075
134.67387500533778	316.07692307692287
138.76577036447677	323.4615384615382
138.78451305931483	330.8461538461536
142.71193122304987	338.23076923076894
142.7841862017013	345.6153846153843
150.01898865460635	353.0
155.02373420039862	359.15384615384613
155.1203723051522	365.30769230769226
166.98049485124443	371.4615384615384
167.05307037397665	377.6153846153845
178.47585815384127	383.76923076923066
178.57804348800414	389.9230769230768
189.9774913386991	396.0769230769229
190.08928567567222	402.23076923076906
201.37622398596181	408.3846153846152
206.83172496166364	414.5384615384613
211.60781162414168	420.69230769230745
218.56865770636145	426.8461538461536
224.33577766388078	432.9999999999997
229.51038226356266	439.15384615384585
229.6837176877204	445.307692307692
230.20211772013565	451.4615384615381
230.82706403501493	457.61538461538424
251.36329249597284	463.7692307692304
251.6224768252792	469.9230769230765
263.7923074916845	476.07692307692264
263.81264846116085	482.2307692307688
265.63971982153845	488.3846153846149
267.18570429025607	494.53846153846104
267.55014776526605	500.69230769230717
291.9000315428116	506.8461538461533
291.93301503448964	513.0
292.3342956334858	507.5769230769231
297.94787492358364	502.1538461538462
297.97091035749486	496.7307692307693
298.39588226606054	491.3076923076924
299.5181087490291	485.8846153846155
305.44642787051794	480.46153846153857
307.187751026253	475.03846153846166
307.2517795399067	469.61538461538476
310.70648694640914	464.19230769230785
312.53659476656117	458.76923076923094
312.6083042711931	453.34615384615404
313.2862084930977	447.92307692307713
314.1002437424942	442.5000000000002
319.679051323862	437.0769230769233
319.75362740702997	431.6538461538464
323.6028831907853	426.2307692307695
325.39961009401463	420.8076923076926
325.4211756430681	415.3846153846157
329.09178400196737	409.9615384615388
330.4864596857363	404.5384615384619
330.53262076712974	399.115384615385
334.5316258032577	393.6923076923081
336.2158531331301	388.26923076923117
336.23142944281346	382.84615384615427
336.5109914483925	377.42307692307736
337.3790051105328	372.0
338.4124016846082	377.0
340.61346631256407	382.0
350.7985376596032	387.0
353.08238524586903	392.0
353.1117113619373	397.0
354.0757202676448	402.0
361.8773878864287	407.0
364.624326572525	412.0
364.6679839672896	417.0
364.9244148700705	422.0
366.25630123847066	427.0
375.8243167544962	432.0
375.8824119361435	437.0
380.96460093462804	442.0
383.88857751849525	447.0
386.70947568752104	452.0
386.7200861164303	457.0
391.8302964349622	462.0
391.90822158730316	467.0
391.9817594768602	472.0
393.1210283964961	477.0
393.5187235424668	482.0
396.2438847268657	487.0
396.31774903590644	492.0
398.74221674327947	497.0
416.6025290669782	502.0
416.605215318547	496.88461538461536
416.88424746810557	491.7692307692307
431.0090350322557	486.6538461538461
436.22477652958986	481.53846153846143
436.384934512079	476.4230769230768
437.61617233659047	471.30769230769215
451.6460525905239	466.1923076923075
451.65983942232566	461.07692307692287
461.43515779325264	455.9615384615382
465.9131486961943	450.8461538461536
470.6891917850791	445.73076923076894
476.3887835687987	440.6153846153843
480.31404418663266	435.49999999999966
480.59976021167387	430.384615384615
490.4098580454271	425.2692307692304
496.0080269863858	420.15384615384573
500.4109492140235	415.0384615384611
500.5106961281812	409.92307692307645
501.2314815519061	404.8076923076918
503.38556707906326	399.69230769230717
520.2143114409798	394.5769230769225
524.4701743920747	389.4615384615379
524.6265406948761	384.34615384615324
525.0828256634052	379.2307692307686
528.2378573202699	374.11538461538396
528.4245623689476	369.0
530.6588238588226	361.2692307692308
534.3219005631595	353.53846153846155
549.6227049458399	345.8076923076923
549.8691239527257	338.0769230769231
550.2941263685018	330.34615384615387
556.7831103377672	322.61538461538464
559.5499516509088	314.8846153846154
561.4272676978651	307.1538461538462
561.649378253801	299.42307692307696
562.3428097527182	291.69230769230774
568.7486956439012	283.9615384615385
568.8031889791267	276.2307692307693
569.2696725261234	268.50000000000006
570.7449047242702	260.76923076923083
577.8535727567693	253.0384615384616
577.9228227327217	245.30769230769238
578.7628381371546	237.57692307692315
585.149046272208	229.84615384615392
587.9094032680622	222.1153846153847
587.9102602882834	214.38461538461547
592.3576372442932	206.65384615384625
594.7010620128524	198.92307692307702
596.66602608005	191.1923076923078
596.8590333332488	183.46153846153857
601.5412504864693	175.73076923076934
602.0	168.0
