92.0	161.0
95.87716189481043	168.3846153846154
97.5519019824958	175.76923076923077
97.70320750884547	183.15384615384616
98.18657692335715	190.53846153846155
103.92916353572119	197.92307692307693
103.96910810144561	205.30769230769232
104.6569525466438	212.6923076923077
105.16707650070286	220.0769230769231
105.3569642206901	227.46153846153848
113.93903501720575	234.84615384615387
116.32714729251823	242.23076923076925
118.17393269039404	249.61538461538464
118.18484235604089	257.0
122.25494578723172	264.38461538461536
123.99194235021764	271.7692307692307
124.00703182508693	279.1538461538461
124.45267812963988	286.53846153846143
130.26340472917778	293.9230769230768
130.30562358985	301.30769230769215
130.57160122247558	308.6923076923075
136.80075790752858	316.07692307692287
136.80574028739318	323.4615384615382
137.17238556685726	330.8461538461536
138.38046057740397	338.23076923076894
144.5523717386794	345.6153846153843
144.59251728893074	353.0
146.4892084998178	359.15384615384613
161.56525639048562	365.30769230769226
166.15578522438437	371.4615384615384
166.22165915030874	377.6153846153845
168.37320366939474	383.76923076923066
184.56635445284093	389.9230769230768
184.64338729016882	396.0769230769229
186.1431576074314	402.23076923076906
189.09840863063212	408.3846153846152
207.2457716855491	414.5384615384613
207.29104763145324	420.69230769230745
217.88260582091652	426.8461538461536
224.51856968848995	432.9999999999997
224.53263629124783	439.15384615384585
226.0057937823392	445.307692307692
240.77827824267365	451.4615384615381
241.0907287899318	457.61538461538424
251.5329571241073	463.7692307692304
257.91513822362384	469.9230769230765
258.10757639025053	476.07692307692264
259.88725073511165	482.2307692307688
275.62911166526743	488.3846153846149
275.6872584136274	494.53846153846104
277.0602608732007	500.69230769230717
277.1155072529854	506.8461538461533
294.4229146970024	513.0
296.59724737118836	507.5769230769231
298.06237880434065	502.1538461538462
300.1289371106282	496.7307692307693
300.1513389335545	491.3076923076924
300.76890014078936	485.8846153846155
305.61473914485185	480.46153846153857
305.6151222445363	475.03846153846166
308.96851978910803	469.61538461538476
310.5775503440951	464.19230769230785
312.46044376436157	458.76923076923094
312.49190962898126	453.34615384615404
312.9509018990367	447.92307692307713
313.92441941816963	442.5000000000002
319.775902343834	437.0769230769233
321.9084997098984	431.6538461538464
323.21043810460736	426.2307692307695
323.22942524556066	420.8076923076926
323.8128043875005	415.3846153846157
324.6726386617957	409.9615384615388
330.81346781735044	404.5384615384619
332.3107527316565	399.115384615385
334.14269426865485	393.6923076923081
334.2672705872523	388.26923076923117
337.96046578555496	382.84615384615427
339.9360067793959	377.42307692307736
339.9494232505631	372.0
340.1107425955898	377.0
340.46660915737027	382.0
350.96730033560164	387.0
350.98727811485054	392.0
356.6147707500958	397.0
359.1952157771709	402.0
359.24691096721904	407.0
364.6715469985114	412.0
364.71729504008135	417.0
365.4131423127118	422.0
365.5439147464699	427.0
375.1839030364698	432.0
377.94454013897257	437.0
378.14764696804775	442.0
384.0388710563549	447.0
384.1259101349928	452.0
388.96517612347577	457.0
392.04954494292554	462.0
392.1313371752525	467.0
397.8825143593001	472.0
400.4322488102771	477.0
400.5253503498594	482.0
401.29525689816677	487.0
401.6825183463687	492.0
411.26010550246053	497.0
411.37565757007474	502.0
412.59568611760875	496.88461538461536
413.72707685912843	491.7692307692307
430.3110127504118	486.6538461538461
430.39386853877994	481.53846153846143
430.5406309785552	476.4230769230768
446.33511589718904	471.30769230769215
446.3461662115244	466.1923076923075
447.6766428669768	461.07692307692287
459.96529828891295	455.9615384615382
460.02901502076753	450.8461538461536
470.5313390440547	445.73076923076894
475.7701388674494	440.6153846153843
475.914565758066	435.49999999999966
476.20979237612045	430.384615384615
477.1900198839817	425.2692307692304
496.28154131456245	420.15384615384573
500.4068069031295	415.0384615384611
504.85294542861027	409.92307692307645
505.2212145305767	404.8076923076918
505.7850740638572	399.69230769230717
508.0664505793964	394.5769230769225
511.1383842029198	389.4615384615379
529.5115278262224	384.34615384615324
530.0205218867189	379.2307692307686
531.6109076735986	374.11538461538396
543.226793680609	369.0
543.249582478515	361.2692307692308
543.3969952647542	353.53846153846155
550.3547097533858	345.8076923076923
552.4828447942676	338.0769230769231
552.50046652657	330.34615384615387
552.8698099326521	322.61538461538464
559.0094550956824	314.8846153846154
559.2572087512314	307.1538461538462
564.4265120312342	299.42307692307696
564.4332543680877	291.69230769230774
564.6662778779279	283.9615384615385
565.796895498024	276.2307692307693
573.6502195746705	268.50000000000006
573.704135670941	260.76923076923083
573.9791008497333	253.0384615384616
574.7747481853777	245.30769230769238
576.0285670442378	237.57692307692315
585.4201187544178	229.84615384615392
587.6470027955725	222.1153846153847
587.6671583510439	214.38461538461547
588.1941975251177	206.65384615384625
588.561250094313	198.92307692307702
596.9304555634762	191.1923076923078
596.9696800393656	183.46153846153857
597.4695336509465	175.73076923076934
602.0	168.0
