92.0	161.0
95.81974568347488	168.3846153846154
97.89045791730518	175.76923076923077
99.72893403015209	183.15384615384616
102.09248932712477	190.53846153846155
102.121318535668	197.92307692307693
102.39851234357656	205.30769230769232
108.08785893341168	212.6923076923077
108.15272758229598	220.0769230769231
112.12177502353542	227.46153846153848
113.98614567570984	234.84615384615387
116.11121545728591	242.23076923076925
116.13475634309584	249.61538461538464
120.5180323448924	257.0
120.51948594639802	264.38461538461536
124.0178406698061	271.7692307692307
126.38989389989453	279.1538461538461
128.2524261149069	286.53846153846143
128.39190281636414	293.9230769230768
132.4521221387171	301.30769230769215
132.49019559887373	308.6923076923075
136.41397304617783	316.07692307692287
136.48049425168173	323.4615384615382
140.5792053414283	330.8461538461536
140.67624237776673	338.23076923076894
144.9028454680875	345.6153846153843
148.95362685059308	353.0
154.99846340812167	359.15384615384613
160.97606687099739	365.30769230769226
160.9881584715028	371.4615384615384
162.61815266086504	377.6153846153845
178.57257021443678	383.76923076923066
178.58596258865444	389.9230769230768
190.46127197897871	396.0769230769229
195.1514924388531	402.23076923076906
195.2712649359338	408.3846153846152
196.77539976685915	414.5384615384613
196.94063727944075	420.69230769230745
218.59370309008384	426.8461538461536
223.48649524900023	432.9999999999997
223.62244058141002	439.15384615384585
234.34584484422973	445.307692307692
241.49591419667564	451.4615384615381
245.61197697971903	457.61538461538424
251.72696005551188	463.7692307692304
258.7409635427944	469.9230769230765
263.9467783384766	476.07692307692264
270.0788164255799	482.2307692307688
274.4978455086669	488.3846153846149
274.5752076889484	494.53846153846104
276.79929308068967	500.69230769230717
279.306054055497	506.8461538461533
294.54979120278034	513.0
296.4418422568058	507.5769230769231
296.44860255399504	502.1538461538462
300.0148307760872	496.7307692307693
301.9527688183806	491.3076923076924
303.45030220693627	485.8846153846155
305.3291345933211	480.46153846153857
305.37215549443954	475.03846153846166
305.48471668295434	469.61538461538476
306.4859059558877	464.19230769230785
312.8420635288335	458.76923076923094
314.2323402721393	453.34615384615404
314.37671002877516	447.92307692307713
314.86100750594414	442.5000000000002
319.9004106064106	437.0769230769233
321.77402779577136	431.6538461538464
323.4223479233688	426.2307692307695
323.4884470878003	420.8076923076926
323.74081474217934	415.3846153846157
324.5192230979276	409.9615384615388
330.5821865549662	404.5384615384619
332.4162078215954	399.115384615385
334.26210283290726	393.6923076923081
334.3185079113353	388.26923076923117
334.67332464929143	382.84615384615427
335.83293330113446	377.42307692307736
337.05003439232945	372.0
345.37695697095694	377.0
345.3889872698245	382.0
345.9000668526046	387.0
353.12225731062534	392.0
353.20554220931086	397.0
354.01084852071955	402.0
354.9663817569534	407.0
364.1031190559822	412.0
364.2325036208541	417.0
369.97809833031795	422.0
370.0259664837841	427.0
375.98268417285567	432.0
375.9837720103968	437.0
380.66558664709333	442.0
383.6090212982014	447.0
386.663940405025	452.0
389.5663598999534	457.0
391.81253582499846	462.0
391.8563242860059	467.0
391.99586020147996	472.0
392.3467226496123	477.0
392.6611577933337	482.0
394.8476322824149	487.0
397.9358122210234	492.0
411.8407338879746	497.0
411.8775178357307	502.0
421.3266289699285	496.88461538461536
421.50575138259865	491.7692307692307
430.4005458722959	486.6538461538461
430.67796804189504	481.53846153846143
431.0864740367823	476.4230769230768
431.1405739496402	471.30769230769215
451.36299409193936	466.1923076923075
456.61662989535995	461.07692307692287
460.73444426644585	455.9615384615382
466.3761873003791	450.8461538461536
466.3919831037851	445.73076923076894
475.7453779168908	440.6153846153843
475.83671680908765	435.49999999999966
476.6722470462946	430.384615384615
479.59311035732736	425.2692307692304
482.4954041925936	420.15384615384573
485.4539353899128	415.0384615384611
487.7831028592124	409.92307692307645
489.125254851666	404.8076923076918
495.18438259181755	399.69230769230717
499.26548785881243	394.5769230769225
525.3750461726765	389.4615384615379
530.4952648580598	384.34615384615324
530.5259295548915	379.2307692307686
531.8226476733329	374.11538461538396
532.5949907271113	369.0
545.4198123403421	361.2692307692308
547.3208910600885	353.53846153846155
547.5359188785145	345.8076923076923
552.4833406504009	338.0769230769231
552.5207814331436	330.34615384615387
552.5497093404098	322.61538461538464
553.990306630146	314.8846153846154
554.7539294780951	307.1538461538462
556.1307566860676	299.42307692307696
557.8174979295268	291.69230769230774
560.559409283718	283.9615384615385
561.8630971304284	276.2307692307693
573.8135863113484	268.50000000000006
573.8135869230455	260.76923076923083
573.9968079877166	253.0384615384616
580.8740960511391	245.30769230769238
582.8151705306977	237.57692307692315
582.8492786444588	229.84615384615392
583.4544975615203	222.1153846153847
584.658857423783	214.38461538461547
585.0823264657232	206.65384615384625
594.9222025261815	198.92307692307702
594.9273382208615	191.1923076923078
599.1781667633649	183.46153846153857
599.1791745292975	175.73076923076934
602.0	168.0
