92.0	161.0
95.87540652876619	168.3846153846154
95.88435118889275	175.76923076923077
96.18924266259822	183.15384615384616
97.07616980523466	190.53846153846155
98.69665596327027	197.92307692307693
105.63649902139889	205.30769230769232
108.24843395247127	212.6923076923077
109.96892958062678	220.0769230769231
109.98717554190412	227.46153846153848
114.20009454523674	234.84615384615387
116.28279059970166	242.23076923076925
117.92178922497125	249.61538461538464
120.44920703457491	257.0
120.46250094496624	264.38461538461536
120.90580426616424	271.7692307692307
121.94468323661032	279.1538461538461
128.1671381385737	286.53846153846143
130.4221200756324	293.9230769230768
130.51592331675906	301.30769230769215
134.52784192205849	308.6923076923075
136.67676605019565	316.07692307692287
138.34207039097737	323.4615384615382
138.50391915157647	330.8461538461536
142.6202741137363	338.23076923076894
142.63794609165657	345.6153846153843
149.81556383252942	353.0
154.8332071303998	359.15384615384613
155.33528153546786	365.30769230769226
157.1142637677536	371.4615384615384
172.38889828281765	377.6153846153845
178.5163391004841	383.76923076923066
183.69154469786196	389.9230769230768
183.77190890985383	396.0769230769229
195.19717124906583	402.23076923076906
195.30529047142107	408.3846153846152
207.45731237733165	414.5384615384613
212.10284873573596	420.69230769230745
212.3930033947778	426.8461538461536
213.694346806185	432.9999999999997
215.443085679871	439.15384615384585
235.49031701149255	445.307692307692
240.01549522534592	451.4615384615381
240.39969289122476	457.61538461538424
252.53300322823566	463.7692307692304
252.68121424325003	469.9230769230765
253.79351663609572	476.07692307692264
254.0894451465903	482.2307692307688
274.66521506708835	488.3846153846149
280.2952118749376	494.53846153846104
280.46857894838257	500.69230769230717
281.64325835400876	506.8461538461533
285.3129764462687	513.0
296.38085383135524	507.5769230769231
296.45331925231136	502.1538461538462
299.92586767279545	496.7307692307693
299.9826302317264	491.3076923076924
300.13345679527794	485.8846153846155
305.2752417283177	480.46153846153857
305.29641482590966	475.03846153846166
305.2986954070247	469.61538461538476
305.42831518566425	464.19230769230785
306.996814587671	458.76923076923094
308.0377065679582	453.34615384615404
316.3475144489056	447.92307692307713
317.99857015861033	442.5000000000002
319.5586344232484	437.0769230769233
321.56639284113817	431.6538461538464
321.57201919779243	426.2307692307695
325.2983472237964	420.8076923076926
327.34060551504876	415.3846153846157
328.6833665101855	409.9615384615388
330.69796594124153	404.5384615384619
330.73743792701435	399.115384615385
334.071471951369	393.6923076923081
336.1920171860501	388.26923076923117
337.70122811630335	382.84615384615427
337.84553683176733	377.42307692307736
342.75237081271877	372.0
342.75339923879926	377.0
347.6387779458485	382.0
350.33326752824956	387.0
350.51931390375677	392.0
351.086416594443	397.0
358.4997968373365	402.0
358.7629824241702	407.0
358.77517082747437	412.0
359.1680456208823	417.0
360.51860948022676	422.0
372.9912520689626	427.0
375.82398057782007	432.0
378.2932668430287	437.0
381.1754728327707	442.0
381.25245221604814	447.0
381.5214077164145	452.0
389.40261992823383	457.0
392.3061551797519	462.0
394.81277193003314	467.0
397.30170167180853	472.0
397.58063430930895	477.0
398.4751170557633	482.0
399.08017068988806	487.0
401.2491990707333	492.0
403.7995422403608	497.0
416.7987545311204	502.0
421.7433616064817	496.88461538461536
421.7577976236152	491.7692307692307
422.39099308532514	486.6538461538461
425.06247143380665	481.53846153846143
427.5418557443406	476.4230769230768
431.9921901401792	471.30769230769215
436.5175725042086	466.1923076923075
440.0549269920833	461.07692307692287
460.75141443085136	455.9615384615382
465.38130805440017	450.8461538461536
470.084612120157	445.73076923076894
475.9311396416295	440.6153846153843
476.0394935673469	435.49999999999966
477.2393364613418	430.384615384615
490.83931005338934	425.2692307692304
495.8218684637041	420.15384615384573
495.9423925065511	415.0384615384611
496.5478564672081	409.92307692307645
498.5653509593074	404.8076923076918
501.7393937304045	399.69230769230717
520.7692319691955	394.5769230769225
525.1979742571581	389.4615384615379
530.7306286328143	384.34615384615324
530.8139279089802	379.2307692307686
532.4004616329812	374.11538461538396
542.7178958501056	369.0
542.8056368360635	361.2692307692308
543.5209399014674	353.53846153846155
543.8540120244896	345.8076923076923
552.5154764247884	338.0769230769231
554.5090123784415	330.34615384615387
556.941303922055	322.61538461538464
559.5210829968793	314.8846153846154
561.6422192849427	307.1538461538462
564.1519577493099	299.42307692307696
566.3617733234025	291.69230769230774
568.9782151600402	283.9615384615385
570.7846871652027	276.2307692307693
573.3706899545377	268.50000000000006
573.5023427400284	260.76923076923083
574.2424447926641	253.0384615384616
574.8408713143081	245.30769230769238
576.169487295289	237.57692307692315
577.6003756713674	229.84615384615392
587.5088499466328	222.1153846153847
589.5585620188352	214.38461538461547
589.5705871414652	206.65384615384625
594.2812259365529	198.92307692307702
594.4869625625315	191.1923076923078
599.3745389442021	183.46153846153857
601.6459494842076	175.73076923076934
602.0	168.0
