92.0	161.0
92.39441147965657	168.3846153846154
97.53437372591105	175.76923076923077
97.65894165309219	183.15384615384616
97.79572182432517	190.53846153846155
104.09198500607903	197.92307692307693
106.21945232825315	205.30769230769232
108.1946547391535	212.6923076923077
108.2060011691233	220.0769230769231
111.83773885695695	227.46153846153848
111.98216064598945	234.84615384615387
112.40571711130863	242.23076923076925
112.87263978789262	249.61538461538464
120.10841096173515	257.0
120.15897426391703	264.38461538461536
120.24063591611818	271.7692307692307
126.59172870500932	279.1538461538461
126.60146486957639	286.53846153846143
130.60919867434828	293.9230769230768
132.56087829832504	301.30769230769215
134.18404246375914	308.6923076923075
134.24464308818682	316.07692307692287
134.94120799536864	323.4615384615382
140.88172003589415	330.8461538461536
140.8918556080294	338.23076923076894
144.6210804779703	345.6153846153843
149.58544649999612	353.0
155.97816292025684	359.15384615384613
156.06135993349218	365.30769230769226
166.8860677155281	371.4615384615384
166.91976148543853	377.6153846153845
178.84403946167848	383.76923076923066
178.8497245215295	389.9230769230768
190.3653402877241	396.0769230769229
195.29007802653643	402.23076923076906
200.43337536597997	408.3846153846152
206.7278209889727	414.5384615384613
206.99115351422708	420.69230769230745
208.88539444181208	426.8461538461536
210.38328074200743	432.9999999999997
228.683286253212	439.15384615384585
229.22693961065065	445.307692307692
240.2182364336933	451.4615384615381
246.39950213042363	457.61538461538424
246.60988897557965	463.7692307692304
257.4132721733526	469.9230769230765
257.6732057784511	476.07692307692264
269.93554934700586	482.2307692307688
275.8840153608631	488.3846153846149
275.8903891679537	494.53846153846104
276.84951415618696	500.69230769230717
277.80211129175916	506.8461538461533
278.4191201542643	513.0
296.53861286935256	507.5769230769231
296.56082331947783	502.1538461538462
297.09765933034527	496.7307692307693
297.9937329846246	491.3076923076924
303.28191323474675	485.8846153846155
305.5649399034071	480.46153846153857
307.2278052454574	475.03846153846166
307.24315860769667	469.61538461538476
307.53823318742656	464.19230769230785
307.88739776074397	458.76923076923094
314.15278038262414	453.34615384615404
316.1242201098042	447.92307692307713
316.22619901797333	442.5000000000002
316.4295635531991	437.0769230769233
317.5512414957938	431.6538461538464
323.43752227431753	426.2307692307695
323.4788598632414	420.8076923076926
326.85772211600516	415.3846153846157
329.11663671124535	409.9615384615388
330.59476453916994	404.5384615384619
330.6689875767799	399.115384615385
330.7014763182326	393.6923076923081
331.52150518388885	388.26923076923117
332.54865666207553	382.84615384615427
332.5638579291499	377.42307692307736
342.41062777222106	372.0
342.4355246278566	377.0
343.2331106874879	382.0
350.2241642809586	387.0
350.2561148108216	392.0
356.44727052016384	397.0
356.4575963769224	402.0
356.8008176000708	407.0
364.3288263760127	412.0
364.52168960348564	417.0
369.9030294683783	422.0
373.0435070007469	427.0
373.07524124646517	432.0
377.9881280250276	437.0
378.1068725548458	442.0
384.2688018945198	447.0
384.2755463466189	452.0
389.33129756233274	457.0
392.3856071031	462.0
395.32495632336577	467.0
395.3396041549128	472.0
395.7417790133254	477.0
403.4855062975833	482.0
406.24428787199645	487.0
408.66393696789464	492.0
411.61254214534495	497.0
415.3689351519118	502.0
415.3696850057856	496.88461538461536
416.16750041891186	491.7692307692307
419.38092137268234	486.6538461538461
422.8546171258903	481.53846153846143
425.3698186281894	476.4230769230768
446.5433273299313	471.30769230769215
446.59687329753757	466.1923076923075
455.32425452321553	461.07692307692287
455.5282507026567	455.9615384615382
456.1688524236222	450.8461538461536
457.68249265244407	445.73076923076894
475.42434268433607	440.6153846153843
480.46818919912573	435.49999999999966
485.39906507593815	430.384615384615
491.3276069116987	425.2692307692304
495.8955151710867	420.15384615384573
501.19784204788624	415.0384615384611
504.6449395832931	409.92307692307645
509.96002789993855	404.8076923076918
510.2065084188891	399.69230769230717
511.2649028958896	394.5769230769225
514.457627386506	389.4615384615379
530.318007077666	384.34615384615324
535.8960507590451	379.2307692307686
540.1718810913961	374.11538461538396
543.1041018693153	369.0
543.178633413348	361.2692307692308
547.3749086906884	353.53846153846155
550.1426781363474	345.8076923076923
552.3505421906839	338.0769230769231
552.4100286919157	330.34615384615387
556.796253071409	322.61538461538464
559.311491218358	314.8846153846154
561.6467881641629	307.1538461538462
563.7754835574918	299.42307692307696
563.8656510492647	291.69230769230774
564.210918709257	283.9615384615385
565.0447655642689	276.2307692307693
566.0211973080085	268.50000000000006
575.5805650282749	260.76923076923083
575.7033286477545	253.0384615384616
576.610393537662	245.30769230769238
583.1064717650287	237.57692307692315
584.817583818823	229.84615384615392
585.046617125873	222.1153846153847
585.446461390753	214.38461538461547
591.9770741644637	206.65384615384625
594.3688775256737	198.92307692307702
594.3997040044404	191.1923076923078
599.2385583506918	183.46153846153857
601.2952315754692	175.73076923076934
602.0	168.0
