92.0	161.0
92.5643893112307	168.3846153846154
97.60757051457699	175.76923076923077
100.14643635225953	183.15384615384616
102.01484885267618	190.53846153846155
103.73763748353176	197.92307692307693
103.75041396283068	205.30769230769232
107.91470544370011	212.6923076923077
110.04718760468704	220.0769230769231
110.05214706932993	227.46153846153848
114.14625966105675	234.84615384615387
114.1887414135926	242.23076923076925
114.20129519842406	249.61538461538464
120.39308998662483	257.0
122.0539194490257	264.38461538461536
124.30527574051966	271.7692307692307
124.3229714498947	279.1538461538461
125.01850451979467	286.53846153846143
130.37803882403372	293.9230769230768
132.2665961989147	301.30769230769215
132.28336814691363	308.6923076923075
136.82153054240814	316.07692307692287
136.8238443786616	323.4615384615382
136.95686751074462	330.8461538461536
137.55517440725725	338.23076923076894
138.3172309082004	345.6153846153843
149.62072114797834	353.0
149.9340074049017	359.15384615384613
161.53735107004886	365.30769230769226
161.57864721296104	371.4615384615384
172.08398600116752	377.6153846153845
172.14735782929392	383.76923076923066
174.10426980218946	389.9230769230768
176.98859147223052	396.0769230769229
181.43325827434325	402.23076923076906
184.12448489141673	408.3846153846152
188.52401136676932	414.5384615384613
190.9141526497573	420.69230769230745
193.41675676270245	426.8461538461536
223.63720370727705	432.9999999999997
223.85711927497266	439.15384615384585
235.46026956956138	445.307692307692
240.150704914868	451.4615384615381
246.51704396875897	457.61538461538424
246.7465789607224	463.7692307692304
258.4860581876172	469.9230769230765
258.58379581079555	476.07692307692264
259.14135948855073	482.2307692307688
274.1289515836205	488.3846153846149
274.51452192383636	494.53846153846104
285.69371042767426	500.69230769230717
291.4843843732843	506.8461538461533
291.60215946619655	513.0
292.17929124333807	507.5769230769231
298.0865879090959	502.1538461538462
298.08861800594747	496.7307692307693
301.9793475839532	491.3076923076924
301.99789528189035	485.8846153846155
305.35376937029906	480.46153846153857
307.18082034140156	475.03846153846166
308.7625363217864	469.61538461538476
308.8195300028262	464.19230769230785
312.6916849036985	458.76923076923094
312.694328810153	453.34615384615404
312.7661236788492	447.92307692307713
317.78679131389026	442.5000000000002
317.90350765743085	437.0769230769233
318.52953376695314	431.6538461538464
323.47389469866266	426.2307692307695
323.5368294591509	420.8076923076926
323.99183674210025	415.3846153846157
328.7743777894109	409.9615384615388
328.80495116463766	404.5384615384619
328.81314109834375	399.115384615385
329.40984214312806	393.6923076923081
330.72993681705236	388.26923076923117
332.3773918429101	382.84615384615427
333.22236075377185	377.42307692307736
333.7175592360311	372.0
344.88498659162883	377.0
345.00045282690314	382.0
345.46549362772447	387.0
347.0085141510771	392.0
356.19363396896426	397.0
356.2843659135753	402.0
361.61822279785537	407.0
361.67552305670444	412.0
367.36085509127554	417.0
369.6778523017393	422.0
372.7694395919075	427.0
375.2608779301462	432.0
378.597786912172	437.0
378.6307164522664	442.0
384.1264126301168	447.0
384.1325336616168	452.0
389.79203597460014	457.0
389.79438487179226	462.0
394.55485726807444	467.0
394.6045264917314	472.0
400.17428118303474	477.0
400.4044409826829	482.0
405.7319548536157	487.0
408.72887718186524	492.0
411.95281843896	497.0
411.955596917297	502.0
420.4074309465211	496.88461538461536
420.9114648367225	491.7692307692307
430.4645572156101	486.6538461538461
430.73588139183715	481.53846153846143
441.768222911084	476.4230769230768
441.76831379609814	471.30769230769215
442.0275923204024	466.1923076923075
455.3905917897691	461.07692307692287
460.5167572233079	455.9615384615382
466.2492865055723	450.8461538461536
470.07732122810285	445.73076923076894
470.2427665477646	440.6153846153843
471.62439839621396	435.49999999999966
474.4750971697927	430.384615384615
478.380781704915	425.2692307692304
479.3426678384478	420.15384615384573
481.21389929923004	415.0384615384611
481.300383262718	409.92307692307645
509.7699040361348	404.8076923076918
515.103890240933	399.69230769230717
520.9368958185144	394.5769230769225
520.9494160069211	389.4615384615379
521.7969838690067	384.34615384615324
534.6024917036237	379.2307692307686
534.9450154155089	374.11538461538396
535.4420117874594	369.0
536.1105743914034	361.2692307692308
536.8119167328243	353.53846153846155
550.189932142662	345.8076923076923
552.1564091017989	338.0769230769231
552.1867273241648	330.34615384615387
552.4050980484612	322.61538461538464
553.5091041535942	314.8846153846154
561.3794782960043	307.1538461538462
561.4255031909515	299.42307692307696
562.0808542169273	291.69230769230774
569.0104803099622	283.9615384615385
570.8708204885214	276.2307692307693
573.4458162541692	268.50000000000006
575.6123990555617	260.76923076923083
578.2016041834795	253.0384615384616
580.2618056845683	245.30769230769238
582.8232888339444	237.57692307692315
584.9847217807529	229.84615384615392
587.412999495476	222.1153846153847
589.82955326687	214.38461538461547
589.936273681156	206.65384615384625
590.4429753348795	198.92307692307702
591.7259954201144	191.1923076923078
593.2560537018849	183.46153846153857
601.3548942289284	175.73076923076934
602.0	168.0
