92.0	161.0
96.07663119054966	168.3846153846154
97.89567514948907	175.76923076923077
99.60677704560942	183.15384615384616
99.78803538981346	190.53846153846155
103.68274201411049	197.92307692307693
106.23049445584579	205.30769230769232
108.2755928638658	212.6923076923077
108.27698722936836	220.0769230769231
112.23528730651607	227.46153846153848
113.91221245948735	234.84615384615387
115.88354420943033	242.23076923076925
118.00812094992914	249.61538461538464
118.14791614746913	257.0
121.91584497651296	264.38461538461536
122.02891130641767	271.7692307692307
126.44706236786284	279.1538461538461
126.47246908809166	286.53846153846143
130.53879450215155	293.9230769230768
130.56474117304023	301.30769230769215
134.51322848043245	308.6923076923075
136.55987154176623	316.07692307692287
138.567460757443	323.4615384615382
138.5754611780461	330.8461538461536
139.35371027022742	338.23076923076894
139.94280187152742	345.6153846153843
149.18582695204316	353.0
155.18086611120248	359.15384615384613
155.49662479817442	365.30769230769226
156.31644729911508	371.4615384615384
159.42855960074567	377.6153846153845
163.44168104697678	383.76923076923066
166.72563482707417	389.9230769230768
189.08538949628064	396.0769230769229
195.35918657782003	402.23076923076906
195.55487497694926	408.3846153846152
195.79530065147154	414.5384615384613
211.84329010353963	420.69230769230745
211.89651209040264	426.8461538461536
213.85605868288235	432.9999999999997
214.8710002013744	439.15384615384585
234.4644066759573	445.307692307692
234.88515726720632	451.4615384615381
235.8340580501294	457.61538461538424
251.9207346126572	463.7692307692304
252.064813274502	469.9230769230765
262.7350961587459	476.07692307692264
268.9385258400112	482.2307692307688
274.16876178118633	488.3846153846149
280.4579172035644	494.53846153846104
286.8050566043082	500.69230769230717
292.5790343609073	506.8461538461533
292.6393698706161	513.0
296.39416635141	507.5769230769231
298.2231983758436	502.1538461538462
300.0002934123303	496.7307692307693
301.4892425098035	491.3076923076924
303.47602609914685	485.8846153846155
305.5130436167263	480.46153846153857
305.5452745649527	475.03846153846166
305.82038683667605	469.61538461538476
311.0018207985899	464.19230769230785
311.0250188964411	458.76923076923094
311.22723977017085	453.34615384615404
312.0769837415703	447.92307692307713
317.9663137606407	442.5000000000002
317.98726318517794	437.0769230769233
321.561236675577	431.6538461538464
321.6682359284346	426.2307692307695
322.2925623774973	420.8076923076926
327.2685838735769	415.3846153846157
329.09738054519386	409.9615384615388
329.10594883243425	404.5384615384619
332.2617787317186	399.115384615385
332.39325920765714	393.6923076923081
336.3177925146276	388.26923076923117
338.0516221617187	382.84615384615427
338.05712527441676	377.42307692307736
338.281127536975	372.0
338.8366554291832	377.0
348.16827182368974	382.0
348.2054112502174	387.0
348.6039674067808	392.0
355.70732529219543	397.0
358.8990804233163	402.0
361.89751134837286	407.0
361.92821497680984	412.0
362.71669942517815	417.0
369.6464190349158	422.0
369.79824297375916	427.0
370.1031111253478	432.0
371.3764254283898	437.0
372.19697738656254	442.0
383.59439936974604	447.0
383.68131681208894	452.0
384.0753861178619	457.0
391.88082790670796	462.0
394.66922710108884	467.0
398.1288369947504	472.0
400.87974718418536	477.0
403.4043019722007	482.0
403.44055758967687	487.0
404.13277918088426	492.0
404.2464808672506	497.0
406.0810187113245	502.0
420.8196615736246	496.88461538461536
425.48233441128167	491.7692307692307
425.6525814947388	486.6538461538461
435.9235469221118	481.53846153846143
440.7247127047079	476.4230769230768
445.7935099330157	471.30769230769215
451.3286865334607	466.1923076923075
451.43879345609537	461.07692307692287
461.52144415677793	455.9615384615382
461.52518262975775	450.8461538461536
463.12454828814595	445.73076923076894
475.20311599701034	440.6153846153843
475.2509132950534	435.49999999999966
485.6332580931784	430.384615384615
485.68266610717876	425.2692307692304
486.4534737406535	420.15384615384573
500.5473383016613	415.0384615384611
506.004956858665	409.92307692307645
510.93622411698493	404.8076923076918
511.0177996767135	399.69230769230717
512.578591287272	394.5769230769225
513.2184851740964	389.4615384615379
515.8042041978256	384.34615384615324
519.2978029003631	379.2307692307686
540.2112975300026	374.11538461538396
543.0159981140789	369.0
545.3644336946692	361.2692307692308
545.4203355933325	353.53846153846155
545.4208366973652	345.8076923076923
546.4593967764233	338.0769230769231
554.4362746138343	330.34615384615387
554.4559458952367	322.61538461538464
559.4830790398918	314.8846153846154
559.5184157558391	307.1538461538462
559.5287404171344	299.42307692307696
560.9130105784578	291.69230769230774
562.8316119128194	283.9615384615385
570.822089867257	276.2307692307693
573.463956650536	268.50000000000006
573.5172882384871	260.76923076923083
577.9469649255113	253.0384615384616
580.3239254397305	245.30769230769238
582.5921614507262	237.57692307692315
585.114650409333	229.84615384615392
587.3492610157782	222.1153846153847
587.4495482728157	214.38461538461547
587.6178344671247	206.65384615384625
594.3579867388659	198.92307692307702
596.8645912740269	191.1923076923078
599.2942032283803	183.46153846153857
601.4050755305814	175.73076923076934
602.0	168.0
