96.0	249.0
96.08456605013149	256.34615384615387
96.09042769263384	263.69230769230774
96.51738398888142	271.0384615384616
106.46295428526903	278.3846153846155
108.66276819903828	285.73076923076934
111.2068662894213	293.0769230769232
113.30861500601176	300.4230769230771
113.34145278500068	307.76923076923094
117.8428013988461	315.1153846153848
117.85631452402399	322.4615384615387
117.92351813039932	329.80769230769255
118.75010691980751	337.1538461538464
119.05625430772751	344.5000000000003
119.28627386146552	351.84615384615415
130.96824359156832	359.192307692308
130.98480136696202	366.5384615384619
134.93385021685083	373.88461538461576
134.95394780620464	381.2307692307696
135.8070051586958	388.5769230769235
141.50417384925154	395.92307692307736
144.12183614582744	403.2692307692312
144.13968374385718	410.6153846153851
148.1777808404896	417.96153846153896
150.44689077138617	425.30769230769283
150.50543873257706	432.6538461538467
154.87053276884217	440.0
157.73320419546894	437.9230769230769
157.82218731964863	435.8461538461538
157.88578224842476	433.7692307692307
165.55075635087542	431.6923076923076
165.6478042471723	429.6153846153845
165.7487771741691	427.53846153846143
173.24329475492172	425.46153846153834
175.7642026858451	423.38461538461524
178.724784567361	421.30769230769215
178.7318594678147	419.23076923076906
183.64514820980406	417.15384615384596
183.67689639821643	415.07692307692287
184.30348642458287	412.9999999999998
185.75125401236784	410.9230769230767
193.8903246721137	408.8461538461536
196.5277771306064	406.7692307692305
199.20911578714592	404.6923076923074
201.7715613863379	402.6153846153843
204.43582649514286	400.5384615384612
204.4552850695648	398.4615384615381
204.78878266678433	396.384615384615
206.1865029726161	394.3076923076919
214.59766332227744	392.23076923076883
217.0153278172747	390.15384615384573
217.07446717493053	388.07692307692264
217.43900336356026	386.0
224.59966591497826	391.5769230769231
224.67794497644644	397.1538461538462
229.37781554820563	402.7307692307693
229.46058464864313	408.3076923076924
234.63537031576766	413.8846153846155
237.14572276938287	419.46153846153857
237.15095703092734	425.03846153846166
237.58765863318465	430.61538461538476
237.6975501883339	436.19230769230785
238.46225387968016	441.76923076923094
248.83568487669604	447.34615384615404
251.1902112686362	452.92307692307713
251.22547375445012	458.5000000000002
252.2158510701975	464.0769230769233
259.1457574990295	469.6538461538464
259.16895375206644	475.2307692307695
264.0511907501286	480.8076923076926
266.4834264175007	486.3846153846157
266.5434335309264	491.9615384615388
271.2052848436804	497.5384615384619
271.2800321262092	503.115384615385
271.77226270597055	508.6923076923081
278.80042716609034	514.2692307692312
278.82530824092225	519.8461538461543
279.32684025986214	525.4230769230774
285.52605587703476	531.0
285.6058394609628	525.4615384615385
285.7070401762724	519.9230769230769
287.3369683185693	514.3846153846154
288.0055209838979	508.8461538461538
296.9592516711071	503.30769230769226
299.502468619643	497.7692307692307
299.5113087997361	492.23076923076917
303.61993998392245	486.6923076923076
303.7332943457339	481.1538461538461
308.35583500919057	475.6153846153845
308.3850089143749	470.076923076923
312.6424850770281	464.53846153846143
315.04685172384126	458.9999999999999
315.0509410596923	453.46153846153834
319.59133396949034	447.9230769230768
319.6112755241522	442.38461538461524
320.25321021391716	436.8461538461537
321.5517773906476	431.30769230769215
321.5853921138705	425.7692307692306
330.2995764289701	420.23076923076906
330.39839200058253	414.6923076923075
334.9089989022983	409.15384615384596
335.0380897420994	403.6153846153844
339.66483522183563	398.07692307692287
339.67996652968213	392.5384615384613
343.82080196822045	387.0
343.9134857620585	389.46153846153845
344.15235126084684	391.9230769230769
350.92357321736523	394.38461538461536
353.37493817703347	396.8461538461538
353.4317903964329	399.30769230769226
358.3525340957821	401.7692307692307
358.3685431201365	404.23076923076917
362.8497802889133	406.6923076923076
365.2787916414433	409.1538461538461
368.0862390399798	411.6153846153845
370.42400652789917	414.076923076923
370.47374755888336	416.53846153846143
375.178118018654	418.9999999999999
375.1949203048422	421.46153846153834
375.64532870353094	423.9230769230768
376.7174696032193	426.38461538461524
378.29680323151763	428.8461538461537
379.33733788506896	431.30769230769215
389.02037582543045	433.7692307692306
389.154759225143	436.23076923076906
394.33656505753527	438.6923076923075
396.74571780523826	441.15384615384596
396.758132090637	443.6153846153844
401.35113888850714	446.07692307692287
403.89116056329175	448.5384615384613
403.9044837259401	451.0
404.751791417687	443.65384615384613
411.27667585324275	436.30769230769226
411.4564113535206	428.9615384615384
411.9301286564921	421.6153846153845
419.422558658783	414.26923076923066
422.75688733515324	406.9230769230768
422.7771838563133	399.5769230769229
427.61444825494436	392.23076923076906
430.1794820735194	384.8846153846152
432.8404822550889	377.5384615384613
435.67634563905847	370.19230769230745
438.5330997321219	362.8461538461536
438.5629511163742	355.4999999999997
438.96388336551115	348.15384615384585
446.84941271983274	340.807692307692
446.88242061162595	333.4615384615381
452.08877155275303	326.11538461538424
454.7755434915667	318.7692307692304
454.78087241916006	311.4230769230765
460.24003544018666	304.07692307692264
462.52336469809717	296.7307692307688
465.50326752886116	289.3846153846149
468.449114781321	282.03846153846104
468.4925054543628	274.69230769230717
473.99792713793596	267.3461538461533
474.0	260.0
