96.0	249.0
96.50613147169706	256.34615384615387
96.54245735611353	263.69230769230774
104.7554465646029	271.0384615384616
104.75964113104813	278.3846153846155
108.81016706185471	285.73076923076934
108.88859890942605	293.0769230769232
109.25673165583594	300.4230769230771
115.31645367734407	307.76923076923094
117.49213663916403	315.1153846153848
119.72276596939123	322.4615384615387
119.72643143662948	329.80769230769255
119.81966296591412	337.1538461538464
120.06536240251472	344.5000000000003
120.2297425762121	351.84615384615415
120.90328959533194	359.192307692308
133.08405218613032	366.5384615384619
133.13085387243652	373.88461538461576
136.97643923259437	381.2307692307696
137.12944430731068	388.5769230769235
141.4889180511047	395.92307692307736
144.10187574571304	403.2692307692312
146.13974233327883	410.6153846153851
147.92750444973225	417.96153846153896
148.03109663569253	425.30769230769283
148.59118894841262	432.6538461538467
155.07018484553282	440.0
157.90686010592137	437.9230769230769
160.59542084438417	435.8461538461538
162.6625360843887	433.7692307692307
162.73707022708308	431.6923076923076
163.22847270386598	429.6153846153845
164.83729459825864	427.53846153846143
172.78626042703368	425.46153846153834
172.98292766253272	423.38461538461524
178.5372433528348	421.30769230769215
181.113189345836	419.23076923076906
183.2739026410557	417.15384615384596
186.17997167642835	415.07692307692287
188.34087282788556	412.9999999999998
191.63479975139538	410.9230769230767
191.6386855041561	408.8461538461536
196.24406851139773	406.7692307692305
199.226878370822	404.6923076923074
199.23797635518514	402.6153846153843
199.90471311714975	400.5384615384612
206.667359126942	398.4615384615381
208.88667610520216	396.384615384615
209.07460830596395	394.3076923076919
214.34874686435586	392.23076923076883
217.41589457387863	390.15384615384573
219.5522252791307	388.07692307692264
222.42167680904635	386.0
224.2938164426733	391.5769230769231
224.3952059551627	397.1538461538462
229.22836088824204	402.7307692307693
232.17969730324808	408.3076923076924
234.42573005405347	413.8846153846155
234.44977617933225	419.46153846153857
235.24815828309067	425.03846153846166
235.31177327320785	430.61538461538476
235.98994225508528	436.19230769230785
238.4194568123079	441.76923076923094
239.45937089084467	447.34615384615404
240.79223131035945	452.92307692307713
242.99553660406892	458.5000000000002
246.7357951772273	464.0769230769233
259.3068793997793	469.6538461538464
261.60461436562684	475.2307692307695
263.86509185408136	480.8076923076926
265.95642850598375	486.3846153846157
266.0149699174163	491.9615384615388
271.4979582381824	497.5384615384619
271.5513494549928	503.115384615385
276.1257015823542	508.6923076923081
276.2030122396054	514.2692307692312
280.8847080141785	519.8461538461543
280.99256204163396	525.4230769230774
286.114553103987	531.0
287.82352593192485	525.4615384615385
287.9512200413994	519.9230769230769
292.5200312942451	514.3846153846154
294.504967266959	508.8461538461538
294.62929369260087	503.30769230769226
299.1423430469208	497.7692307692307
301.7558747152462	492.23076923076917
303.57518907908934	486.6923076923076
306.20147187785545	481.1538461538461
306.2241557951105	475.6153846153845
310.144216531669	470.076923076923
310.2671398188394	464.53846153846143
314.9577919866046	458.9999999999999
315.00779784011524	453.46153846153834
319.1212752500946	447.9230769230768
321.26845901702666	442.38461538461524
324.0822789334461	436.8461538461537
326.3152837628476	431.30769230769215
326.32089190117756	425.7692307692306
326.75451506871866	420.23076923076906
332.90065351109087	414.6923076923075
335.2727545648289	409.15384615384596
335.28415521799616	403.6153846153844
335.99021313770663	398.07692307692287
341.834601729986	392.5384615384613
343.82125150838976	387.0
343.94063228606177	389.46153846153845
348.86340706725207	391.9230769230769
350.8206881298166	394.38461538461536
350.89558017673954	396.8461538461538
351.20780452096426	399.30769230769226
352.1252111645529	401.7692307692307
360.68475538016526	404.23076923076917
360.7395019778888	406.6923076923076
365.73893637518705	409.1538461538461
367.95371900338876	411.6153846153845
370.3609550690395	414.076923076923
372.5744960636135	416.53846153846143
372.6362583004587	418.9999999999999
373.48023463779197	421.46153846153834
373.77917590721614	423.9230769230768
382.2489666383798	426.38461538461524
384.79759402604367	428.8461538461537
384.83271623236294	431.30769230769215
389.5970864128259	433.7692307692306
389.59759977179505	436.23076923076906
390.26938583999527	438.6923076923075
396.12631939401143	441.15384615384596
399.00722698177105	443.6153846153844
401.3461192060423	446.07692307692287
403.2075998338973	448.5384615384613
405.8005615274397	451.0
406.07944870843755	443.65384615384613
411.990205591896	436.30769230769226
412.00358466127307	428.9615384615384
416.79117468167806	421.6153846153845
416.8469804810688	414.26923076923066
417.87740220327777	406.9230769230768
419.4933563564376	399.5769230769229
427.9396140573972	392.23076923076906
430.83555163643666	384.8846153846152
430.8417578954627	377.5384615384613
435.81363108094376	370.19230769230745
438.87964696856375	362.8461538461536
440.87291893769236	355.4999999999997
443.6304353073306	348.15384615384585
446.8798899851253	340.807692307692
446.92786068340166	333.4615384615381
447.7832699246616	326.11538461538424
448.7095980499393	318.7692307692304
457.3304703433357	311.4230769230765
460.1613855644816	304.07692307692264
460.2182490837098	296.7307692307688
465.2878222718372	289.3846153846149
467.7210529566874	282.03846153846104
470.4882376215441	274.69230769230717
473.880716596884	267.3461538461533
474.0	260.0
