96.0	249.0
96.60697618707941	256.34615384615387
102.44747989245832	263.69230769230774
102.46331327595493	271.0384615384616
102.52192374664112	278.3846153846155
108.5034153721683	285.73076923076934
108.59584475999357	293.0769230769232
109.34801516766682	300.4230769230771
109.82222602158224	307.76923076923094
117.35770279545517	315.1153846153848
119.65847467104123	322.4615384615387
119.70191474340427	329.80769230769255
119.83704045335645	337.1538461538464
126.18803189407696	344.5000000000003
126.27895109225474	351.84615384615415
127.03043232300745	359.192307692308
132.58900949015788	366.5384615384619
132.682293730669	373.88461538461576
133.07772296425838	381.2307692307696
139.571396720689	388.5769230769235
139.58355272926192	395.92307692307736
139.91725766010492	403.2692307692312
141.33726363349976	410.6153846153851
148.2150990869833	417.96153846153896
150.78893586745644	425.30769230769283
150.79210728550913	432.6538461538467
155.08530075824308	440.0
157.53488148681544	437.9230769230769
160.24324921855688	435.8461538461538
160.28294397794662	433.7692307692307
165.84714045561515	431.6923076923076
167.877957269379	429.6153846153845
170.98503949008017	427.53846153846143
170.99007414745617	425.46153846153834
171.7571827547896	423.38461538461524
178.23182576241226	421.30769230769215
178.28293371992865	419.23076923076906
178.54536113408426	417.15384615384596
179.28104742756966	415.07692307692287
179.5067433837699	412.9999999999998
191.6426983178611	410.9230769230767
193.89004803973336	408.8461538461536
196.2366304761747	406.7692307692305
199.15294370075745	404.6923076923074
201.93972945765947	402.6153846153843
204.01554116445183	400.5384615384612
206.83811156458464	398.4615384615381
206.90007772207613	396.384615384615
211.50413060006287	394.3076923076919
214.0968614271154	392.23076923076883
217.14359641042776	390.15384615384573
217.2313657849194	388.07692307692264
218.03767444768593	386.0
219.18929464060543	391.5769230769231
219.37793599593155	397.1538461538462
229.6341834089905	402.7307692307693
231.50749679543875	408.3076923076924
234.6417558023821	413.8846153846155
234.65901936276182	419.46153846153857
239.06846322632657	425.03846153846166
241.33369853115178	430.61538461538476
241.44123923794035	436.19230769230785
246.77476679604564	441.76923076923094
249.03154101465856	447.34615384615404
249.1721630149142	452.92307692307713
253.8804390152116	458.5000000000002
253.92998785367965	464.0769230769233
259.20721189258944	469.6538461538464
261.0939401029797	475.2307692307695
263.8714662302598	480.8076923076926
266.6017486776463	486.3846153846157
268.88852334002866	491.9615384615388
271.09319878776336	497.5384615384619
274.03204548043044	503.115384615385
274.0625406979559	508.6923076923081
278.3740359378653	514.2692307692312
278.4143428872354	519.8461538461543
283.4697671284331	525.4230769230774
283.64357080434496	531.0
284.04283361756615	525.4615384615385
284.82985704570285	519.9230769230769
285.02267696593424	514.3846153846154
286.3451688552179	508.8461538461538
286.66945939982116	503.30769230769226
299.295297645463	497.7692307692307
299.3278965857205	492.23076923076917
303.88131644236	486.6923076923076
306.0823240964989	481.1538461538461
306.1079517230634	475.6153846153845
306.6761137001568	470.076923076923
312.4359147217106	464.53846153846143
312.4476562672791	458.9999999999999
313.3630296146252	453.46153846153834
314.4139412890675	447.9230769230768
315.7484286462424	442.38461538461524
323.73215960023765	436.8461538461537
325.6812907927429	431.30769230769215
327.98396112042536	425.7692307692306
328.04107438324735	420.23076923076906
332.4910400107595	414.6923076923075
332.66183552536495	409.15384615384596
337.4997308701293	403.6153846153844
337.5025957304334	398.07692307692287
341.4545197050181	392.5384615384613
343.69239810691886	387.0
346.6075848089251	389.46153846153845
346.63932583592054	391.9230769230769
346.8173460080667	394.38461538461536
348.34742822755004	396.8461538461538
355.7031290540202	399.30769230769226
358.55769201618494	401.7692307692307
360.2924036902582	404.23076923076917
363.3881257333396	406.6923076923076
363.3926077839475	409.1538461538461
367.909656357556	411.6153846153845
368.0132758389184	414.076923076923
372.61319859842047	416.53846153846143
374.6593273937317	418.9999999999999
374.70363109796455	421.46153846153834
380.02670662070403	423.9230769230768
380.0594856698267	426.38461538461524
384.31070995895806	428.8461538461537
386.96343337412696	431.30769230769215
389.1707976215362	433.7692307692306
389.2694201793476	436.23076923076906
390.1280592616094	438.6923076923075
391.4044811009076	441.15384615384596
399.05931098975384	443.6153846153844
401.21217620851417	446.07692307692287
403.6174056540931	448.5384615384613
403.68942247237425	451.0
409.0049000801145	443.65384615384613
411.1965780798935	436.30769230769226
411.3994535610469	428.9615384615384
412.11104895761264	421.6153846153845
413.8018436426577	414.26923076923066
414.58934979011013	406.9230769230768
425.21933082896015	399.5769230769229
427.8800996747872	392.23076923076906
427.88896798766893	384.8846153846152
433.3110483427367	377.5384615384613
435.57461108302743	370.19230769230745
438.2477792075908	362.8461538461536
438.47808182872376	355.4999999999997
438.7716781357015	348.15384615384585
439.44847613122323	340.807692307692
439.5381539064431	333.4615384615381
451.7377626742807	326.11538461538424
454.4700217421733	318.7692307692304
454.5814654651852	311.4230769230765
460.4190587438892	304.07692307692264
460.4399526023281	296.7307692307688
465.16761691757483	289.3846153846149
465.2235331830336	282.03846153846104
470.64520767818976	274.69230769230717
473.2885475652881	267.3461538461533
474.0	260.0
