96.0	249.0
99.7416464650895	256.34615384615387
102.06427209534593	263.69230769230774
102.0981122635385	271.0384615384616
102.95554934742087	278.3846153846155
103.21914887838354	285.73076923076934
110.92267462656412	293.0769230769232
113.126019164085	300.4230769230771
113.1597702258075	307.76923076923094
117.8738009187996	315.1153846153848
120.04721922048167	322.4615384615387
120.06572847758086	329.80769230769255
120.37194764715206	337.1538461538464
121.43641064848151	344.5000000000003
128.53642051239675	351.84615384615415
130.78402155148783	359.192307692308
133.1753100134546	366.5384615384619
134.86370166630067	373.88461538461576
137.0109236458678	381.2307692307696
139.1329003859849	388.5769230769235
139.2127205194331	395.92307692307736
139.4851829495374	403.2692307692312
146.0505058811123	410.6153846153851
146.05234731501565	417.96153846153896
146.46869636357135	425.30769230769283
152.84171058004372	432.6538461538467
155.01604931387308	440.0
155.04766636578452	437.9230769230769
156.03110033203237	435.8461538461538
162.79237396965914	433.7692307692307
162.88488079620512	431.6923076923076
167.79750009647526	429.6153846153845
167.8427356839374	427.53846153846143
168.31744870380967	425.46153846153834
169.43654074696	423.38461538461524
169.94413484083987	421.30769230769215
171.59368119666905	419.23076923076906
183.23226690702265	417.15384615384596
185.64725101942304	415.07692307692287
185.8540369417287	412.9999999999998
191.4130045285423	410.9230769230767
194.05619989259807	408.8461538461536
194.08094674827825	406.7692307692305
198.7640783207399	404.6923076923074
198.81822398155373	402.6153846153843
203.83438609779108	400.5384615384612
203.9584710724493	398.4615384615381
209.30201166865152	396.384615384615
209.4071960255931	394.3076923076919
214.66047173470446	392.23076923076883
214.66520241328945	390.15384615384573
219.68012491674853	388.07692307692264
219.76300025219734	386.0
224.1867249649296	391.5769230769231
226.91256773406445	397.1538461538462
229.41936313316586	402.7307692307693
229.51903529318093	408.3076923076924
229.88384631158928	413.8846153846155
237.04436112600493	419.46153846153857
239.51861687859645	425.03846153846166
239.53708073800584	430.61538461538476
239.9764076985587	436.19230769230785
246.60001526441658	441.76923076923094
246.67038759721407	447.34615384615404
251.77352985448556	452.92307692307713
254.01940701798833	458.5000000000002
256.338965782763	464.0769230769233
256.4700431420533	469.6538461538464
257.00354955705404	475.2307692307695
258.60813218988227	480.8076923076926
259.7726244941269	486.3846153846157
259.88421775073857	491.9615384615388
271.4721924829023	497.5384615384619
273.4391182093397	503.115384615385
273.54185505350443	508.6923076923081
278.7193018611971	514.2692307692312
278.83844336102317	519.8461538461543
283.5449051722924	525.4230769230774
286.2013018827278	531.0
286.208574890192	525.4615384615385
286.8868474502141	519.9230769230769
286.9777437431775	514.3846153846154
294.59678070768683	508.8461538461538
297.32688615453725	503.30769230769226
297.3373013642216	497.7692307692307
301.1518659671749	492.23076923076917
301.23636916468126	486.6923076923076
305.93415167379044	481.1538461538461
308.2942259642512	475.6153846153845
310.0983649169904	470.076923076923
310.2163759482006	464.53846153846143
310.6228452393314	458.9999999999999
311.78550868557954	453.46153846153834
313.5520157890051	447.9230769230768
313.97437551667855	442.38461538461524
323.5447674281291	436.8461538461537
323.6920720982624	431.30769230769215
328.31060336316716	425.7692307692306
328.38889210749585	420.23076923076906
332.82025055049604	414.6923076923075
335.1412168119653	409.15384615384596
335.1829126393894	403.6153846153844
335.1994446171545	398.07692307692287
335.2151862185996	392.5384615384613
335.67078812676743	387.0
346.1049171615359	389.46153846153845
348.7911456610251	391.9230769230769
350.970407372603	394.38461538461536
351.0942550075695	396.8461538461538
351.1218554968956	399.30769230769226
352.73788184989286	401.7692307692307
360.66540726718654	404.23076923076917
363.18433339295376	406.6923076923076
365.44279362868554	409.1538461538461
365.51078693141613	411.6153846153845
366.14771847925266	414.076923076923
367.1918285672706	416.53846153846143
368.5978679022434	418.9999999999999
370.1110921075205	421.46153846153834
370.2342786691761	423.9230769230768
373.3410759185623	426.38461538461524
384.5300326513911	428.8461538461537
384.6189481230401	431.30769230769215
384.92077929275564	433.7692307692306
385.3334999242945	436.23076923076906
385.4002260131557	438.6923076923075
396.1586003534401	441.15384615384596
399.0652629898929	443.6153846153844
400.8736848249536	446.07692307692287
403.7591306145656	448.5384615384613
403.7783573911775	451.0
408.9372698727549	443.65384615384613
411.65456811283417	436.30769230769226
411.6588392498499	428.9615384615384
412.4456757812707	421.6153846153845
419.28988404866277	414.26923076923066
422.1070284796125	406.9230769230768
422.2750036539245	399.5769230769229
428.1585253506172	392.23076923076906
430.3869629163916	384.8846153846152
430.54928309980613	377.5384615384613
430.6440625729447	370.19230769230745
438.3201230335352	362.8461538461536
441.54596851289546	355.4999999999997
443.7424414633159	348.15384615384585
443.9381439387417	340.807692307692
444.6720792451147	333.4615384615381
445.079754226045	326.11538461538424
454.57199569791385	318.7692307692304
454.72720020349965	311.4230769230765
455.5077977932804	304.07692307692264
463.209196039292	296.7307692307688
463.2124177446529	289.3846153846149
468.42826659931626	282.03846153846104
470.62236334761576	274.69230769230717
473.9281520147233	267.3461538461533
474.0	260.0
