96.0	249.0
96.04759981933933	256.34615384615387
97.24393851623589	263.69230769230774
98.29914541611231	271.0384615384616
99.2053316061741	278.3846153846155
108.58792927853213	285.73076923076934
108.74496548214107	293.0769230769232
109.09716047317828	300.4230769230771
109.9845316658412	307.76923076923094
117.67066784879951	315.1153846153848
119.8555346195488	322.4615384615387
119.86123602594479	329.80769230769255
124.30345475841689	337.1538461538464
124.31556567903263	344.5000000000003
124.73621770802782	351.84615384615415
125.2424252420451	359.192307692308
133.18120510829397	366.5384615384619
133.191958106089	373.88461538461576
133.62997329727182	381.2307692307696
139.25565152443457	388.5769230769235
139.3650562324718	395.92307692307736
144.18541202725504	403.2692307692312
146.11791220730333	410.6153846153851
148.5854855249506	417.96153846153896
148.5891356904753	425.30769230769283
152.5993357016047	432.6538461538467
152.60791949153742	440.0
152.67599683331315	437.9230769230769
160.22879460490375	435.8461538461538
160.32614742519235	433.7692307692307
161.27404416607962	431.6923076923076
162.2620065717399	429.6153846153845
163.90141615666778	427.53846153846143
164.47913997234392	425.46153846153834
175.46874490623932	423.38461538461524
175.5304055767511	421.30769230769215
175.92469663386362	419.23076923076906
176.49510419870904	417.15384615384596
176.81979643908795	415.07692307692287
188.35325895438464	412.9999999999998
191.04710571519837	410.9230769230767
193.80721005988002	408.8461538461536
196.07039571806587	406.7692307692305
196.27373952914152	404.6923076923074
197.01889774088784	402.6153846153843
198.12773650297353	400.5384615384612
198.52492570136368	398.4615384615381
199.02094499614725	396.384615384615
200.45513643341545	394.3076923076919
203.97402944843589	392.23076923076883
204.00083745675724	390.15384615384573
219.82324596238243	388.07692307692264
222.13361835686177	386.0
222.19527177824247	391.5769230769231
222.59640358352428	397.1538461538462
229.14340992088933	402.7307692307693
229.2411416814841	408.3076923076924
234.28781477073812	413.8846153846155
236.852033519766	419.46153846153857
236.91876787211632	425.03846153846166
241.45014274582707	430.61538461538476
241.5936118238613	436.19230769230785
242.3568573995865	441.76923076923094
249.48263529952789	447.34615384615404
249.49249392681236	452.92307692307713
250.27218889170902	458.5000000000002
256.36129200922255	464.0769230769233
256.39130439448934	469.6538461538464
261.6080452130667	475.2307692307695
261.64089941663633	480.8076923076926
261.84484749692166	486.3846153846157
268.75515651550387	491.9615384615388
268.84575944986926	497.5384615384619
274.1230076958811	503.115384615385
274.1251758326903	508.6923076923081
274.58328905583136	514.2692307692312
281.2563984730871	519.8461538461543
281.34071451265487	525.4230769230774
281.62677546849113	531.0
281.8619684277767	525.4615384615385
283.85867308451384	519.9230769230769
292.78960135148134	514.3846153846154
292.82503657915754	508.8461538461538
296.8534023162456	503.30769230769226
296.9550004707923	497.7692307692307
297.73995532410316	492.23076923076917
297.90522751559325	486.6923076923076
298.3609580639471	481.1538461538461
300.6295097585325	475.6153846153845
302.41093700279606	470.076923076923
312.8158872761133	464.53846153846143
314.99335881600547	458.9999999999999
315.0543932993666	453.46153846153834
315.27326655102695	447.9230769230768
321.3261555308895	442.38461538461524
323.8105794931291	436.8461538461537
323.9014488503809	431.30769230769215
328.5043610126855	425.7692307692306
330.531062095246	420.23076923076906
330.62769480298107	414.6923076923075
330.9440853839897	409.15384615384596
331.5526282115299	403.6153846153844
333.4924098724707	398.07692307692287
341.71884744108166	392.5384615384613
341.805156118448	387.0
342.55206265241776	389.46153846153845
348.43789520527713	391.9230769230769
350.8859568820735	394.38461538461536
353.4981551471514	396.8461538461538
353.58991810964113	399.30769230769226
354.3910115174083	401.7692307692307
360.332063298655	404.23076923076917
360.5576291209794	406.6923076923076
365.7771641113955	409.1538461538461
365.79775625623915	411.6153846153845
366.59814382779416	414.076923076923
367.23176727168635	416.53846153846143
374.9706840989684	418.9999999999999
377.463809446398	421.46153846153834
377.5233813421787	423.9230769230768
382.21952151635935	426.38461538461524
382.23170581921426	428.8461538461537
382.84114345694474	431.30769230769215
384.05853962590356	433.7692307692306
384.5699235427593	436.23076923076906
385.90218922131976	438.6923076923075
385.91429140742366	441.15384615384596
398.8455243314095	443.6153846153844
398.92372000735764	446.07692307692287
403.34474647911287	448.5384615384613
403.5332628295485	451.0
404.5773290859428	443.65384615384613
405.0668566583057	436.30769230769226
413.91819720996796	428.9615384615384
414.0109416860868	421.6153846153845
420.14133130686116	414.26923076923066
422.51282212854875	406.9230769230768
422.5718328852863	399.5769230769229
427.395994800491	392.23076923076906
427.58391350688237	384.8846153846152
428.0636521691777	377.5384615384613
435.9856812522046	370.19230769230745
438.4696609527646	362.8461538461536
441.6675678959494	355.4999999999997
441.6742345739027	348.15384615384585
446.71260255982264	340.807692307692
448.9513171108142	333.4615384615381
449.1306810922488	326.11538461538424
449.9681422085326	318.7692307692304
457.0401113514337	311.4230769230765
460.2749061680117	304.07692307692264
460.3155467245179	296.7307692307688
465.33699630913344	289.3846153846149
467.9157972091376	282.03846153846104
468.0415314134961	274.69230769230717
469.06493288568197	267.3461538461533
474.0	260.0
