96.0	249.0
99.75352944087152	256.34615384615387
102.56046062144672	263.69230769230774
104.34366077717716	271.0384615384616
106.40485247586558	278.3846153846155
108.45013637007395	285.73076923076934
111.08494407512794	293.0769230769232
113.51767010300341	300.4230769230771
115.71942697301775	307.76923076923094
115.72215941253283	315.1153846153848
115.83207815011178	322.4615384615387
116.69866627829849	329.80769230769255
124.12695584360647	337.1538461538464
124.19180019273902	344.5000000000003
124.8229611526684	351.84615384615415
125.1656705134153	359.192307692308
132.72910646391637	366.5384615384619
132.85407434114728	373.88461538461576
133.5540598838388	381.2307692307696
139.8382520527311	388.5769230769235
141.37026974502336	395.92307692307736
143.7537590033599	403.2692307692312
145.79218984231505	410.6153846153851
148.4709467440984	417.96153846153896
150.75121699527833	425.30769230769283
150.7681252423223	432.6538461538467
150.82974191434545	440.0
157.85620937504908	437.9230769230769
157.93634380886058	435.8461538461538
163.17966608978642	433.7692307692307
165.83556549725077	431.6923076923076
168.14057031759344	429.6153846153845
168.21117132508238	427.53846153846143
172.77153298603383	425.46153846153834
176.10772232624566	423.38461538461524
178.20975873824784	421.30769230769215
181.21475673681317	419.23076923076906
183.4349981473677	417.15384615384596
186.4647775062512	415.07692307692287
186.47159545216556	412.9999999999998
191.5166706055124	410.9230769230767
191.5216881937092	408.8461538461536
196.77380323518167	406.7692307692305
196.7838355193136	404.6923076923074
196.84761811491862	402.6153846153843
204.03528440923566	400.5384615384612
204.07277940592007	398.4615384615381
204.65677581345187	396.384615384615
205.38229967508155	394.3076923076919
206.00933467762354	392.23076923076883
217.14967501440353	390.15384615384573
219.68754267740727	388.07692307692264
219.77567718943948	386.0
220.31282973879502	391.5769230769231
221.50945747434122	397.1538461538462
229.4675974548472	402.7307692307693
229.5321572763381	408.3076923076924
230.17668413349168	413.8846153846155
237.0401699604447	419.46153846153857
237.08415171519047	425.03846153846166
241.66960657282556	430.61538461538476
244.04257449179218	436.19230769230785
244.08468996638956	441.76923076923094
249.21421819115528	447.34615384615404
249.3058573867244	452.92307692307713
253.7879960279488	458.5000000000002
253.8598626181411	464.0769230769233
254.4165331543697	469.6538461538464
255.97545617122688	475.2307692307695
257.21947955504646	480.8076923076926
258.239695177759	486.3846153846157
259.1498756581282	491.9615384615388
271.0449366071289	497.5384615384619
273.5444971903626	503.115384615385
276.2000452451119	508.6923076923081
276.27438483479676	514.2692307692312
280.923697017322	519.8461538461543
280.948113256955	525.4230769230774
281.32424476665665	531.0
287.89790406677304	525.4615384615385
288.0376378426701	519.9230769230769
288.0597259119063	514.3846153846154
288.9883736839074	508.8461538461538
289.01672006923053	503.30769230769226
290.5890039440629	497.7692307692307
292.8822401636334	492.23076923076917
303.91962718892125	486.6923076923076
305.9388185519077	481.1538461538461
305.961672725339	475.6153846153845
310.4112296459101	470.076923076923
312.9436283291366	464.53846153846143
314.6645222761272	458.9999999999999
317.0763253614446	453.46153846153834
319.0517429052919	447.9230769230768
319.1753117750095	442.38461538461524
319.67051952290524	436.8461538461537
320.70843598011504	431.30769230769215
320.93609488132245	425.7692307692306
330.1297693313645	420.23076923076906
330.1695804702398	414.6923076923075
330.55277306629523	409.15384615384596
337.3960302445973	403.6153846153844
339.07228494450425	398.07692307692287
339.2207468672897	392.5384615384613
339.4639383214247	387.0
339.9676065740999	389.46153846153845
340.6054087568096	391.9230769230769
350.987290377465	394.38461538461536
353.6553215133784	396.8461538461538
355.9457576043141	399.30769230769226
358.2068892643995	401.7692307692307
358.2259550674761	404.23076923076917
358.9763933261315	406.6923076923076
360.0405698189462	409.1538461538461
360.5719539359687	411.6153846153845
362.41601586981767	414.076923076923
364.40943072282045	416.53846153846143
374.9027131972758	418.9999999999999
374.9330781122281	421.46153846153834
379.73251365309903	423.9230769230768
382.163177503162	426.38461538461524
384.60301996861824	428.8461538461537
384.6778290300603	431.30769230769215
385.49027505571587	433.7692307692306
391.28853891212316	436.23076923076906
391.42254519027057	438.6923076923075
391.9033773109066	441.15384615384596
392.85615255442457	443.6153846153844
393.5045770653059	446.07692307692287
403.8801381866469	448.5384615384613
403.8822972913829	451.0
408.8579001934106	443.65384615384613
409.0233547017905	436.30769230769226
414.13948734891727	428.9615384615384
414.1568163553655	421.6153846153845
414.27637888488226	414.26923076923066
422.6256791635538	406.9230769230768
424.9173654269914	399.5769230769229
425.0084153792472	392.23076923076906
430.47503510593845	384.8846153846152
432.9512621475317	377.5384615384613
436.2591874621151	370.19230769230745
438.28707082306664	362.8461538461536
438.3487105450015	355.4999999999997
443.7501506787853	348.15384615384585
443.93860327458094	340.807692307692
444.9744984028436	333.4615384615381
446.112739800118	326.11538461538424
447.1460638051002	318.7692307692304
447.5056161422286	311.4230769230765
449.4432319746173	304.07692307692264
463.0728890385397	296.7307692307688
463.10374114726835	289.3846153846149
468.5029085340127	282.03846153846104
470.80502271209934	274.69230769230717
473.19822527613337	267.3461538461533
474.0	260.0
