96.0	249.0
100.08945297459401	256.34615384615387
102.47243259149546	263.69230769230774
102.50477593727518	271.0384615384616
106.6228358789297	278.3846153846155
109.01140259189391	285.73076923076934
110.72402438609893	293.0769230769232
110.84010774815297	300.4230769230771
111.47786937798296	307.76923076923094
117.26745577905454	315.1153846153848
117.2694665895693	322.4615384615387
121.71405327613684	329.80769230769255
123.83193375576373	337.1538461538464
123.86868515306695	344.5000000000003
124.47318731789456	351.84615384615415
130.73127151098987	359.192307692308
130.75451496417145	366.5384615384619
135.25799143602327	373.88461538461576
137.64383102834614	381.2307692307696
137.64645404346874	388.5769230769235
138.27645126583795	395.92307692307736
143.79919280870058	403.2692307692312
143.8454898845402	410.6153846153851
148.56170872566412	417.96153846153896
148.57180460948373	425.30769230769283
152.78715634985028	432.6538461538467
154.85737499370265	440.0
157.4383989941016	437.9230769230769
160.58116951532665	435.8461538461538
162.62284874498843	433.7692307692307
162.83074772278673	431.6923076923076
163.40643102043492	429.6153846153845
170.44572872722495	427.53846153846143
173.53378217005485	425.46153846153834
173.5560590934722	423.38461538461524
178.1284635035306	421.30769230769215
178.28718694392498	419.23076923076906
179.0547496102278	417.15384615384596
186.4593859017403	415.07692307692287
186.4721833513796	412.9999999999998
191.14399580035848	410.9230769230767
193.54068606720745	408.8461538461536
193.7569260517861	406.7692307692305
194.14981673716585	404.6923076923074
201.279891731053	402.6153846153843
203.8401120803542	400.5384615384612
206.5786312968189	398.4615384615381
209.28255845690208	396.384615384615
211.5895297477798	394.3076923076919
214.81075462571968	392.23076923076883
214.82163819535504	390.15384615384573
215.5398192022007	388.07692307692264
222.2138867035325	386.0
222.2589930868253	391.5769230769231
227.1743222329857	397.1538461538462
229.22555188051405	402.7307692307693
229.30384205321064	408.3076923076924
234.1138198566385	413.8846153846155
237.0608456130134	419.46153846153857
239.0697060114945	425.03846153846166
239.23849734734418	430.61538461538476
244.54934918726087	436.19230769230785
244.55019751260164	441.76923076923094
248.9329157440959	447.34615384615404
251.2554021089143	452.92307692307713
251.4983390308126	458.5000000000002
251.78675833109097	464.0769230769233
259.030688049848	469.6538461538464
261.7524727042013	475.2307692307695
263.629590255866	480.8076923076926
263.78967448834254	486.3846153846157
268.60136754130286	491.9615384615388
270.9862840309837	497.5384615384619
270.9876609384833	503.115384615385
271.54776078391075	508.6923076923081
272.7885912500082	514.2692307692312
281.4288053760066	519.8461538461543
283.4333262135457	525.4230769230774
283.5810866300134	531.0
288.1272515475266	525.4615384615385
290.1597251081412	519.9230769230769
292.5013120172873	514.3846153846154
294.7643332557957	508.8461538461538
294.8395738114582	503.30769230769226
295.33778296316916	497.7692307692307
296.338062800015	492.23076923076917
297.44550923763165	486.6923076923076
306.2301349147604	481.1538461538461
307.890146056843	475.6153846153845
310.43563602414395	470.076923076923
310.4998270780074	464.53846153846143
315.14741636005493	458.9999999999999
315.1551793624941	453.46153846153834
315.7611253274936	447.9230769230768
321.7387885704016	442.38461538461524
321.7721505163412	436.8461538461537
326.0078566926314	431.30769230769215
328.30078322570665	425.7692307692306
330.69461677954064	420.23076923076906
332.4770736084846	414.6923076923075
332.59136115005174	409.15384615384596
333.13449288349904	403.6153846153844
333.3138044931097	398.07692307692287
341.32600111440286	392.5384615384613
341.41396258228247	387.0
346.61465748647714	389.46153846153845
348.4647403056088	391.9230769230769
350.9612219798079	394.38461538461536
351.0846723183476	396.8461538461538
355.5129247233575	399.30769230769226
358.52932900645106	401.7692307692307
358.57889119664924	404.23076923076917
358.97375025653776	406.6923076923076
359.0535451261749	409.1538461538461
359.1277736021124	411.6153846153845
370.5162373210164	414.076923076923
372.6939553014376	416.53846153846143
372.731920152976	418.9999999999999
377.68318942482176	421.46153846153834
379.9320158053241	423.9230769230768
381.7948232611532	426.38461538461524
384.55835642437046	428.8461538461537
386.93457639017066	431.30769230769215
389.47735041526806	433.7692307692306
389.51001587532113	436.23076923076906
394.31227887514365	438.6923076923075
396.07177909749333	441.15384615384596
398.8109224817846	443.6153846153844
398.8899877847685	446.07692307692287
399.2511851298168	448.5384615384613
399.48418982027476	451.0
400.6631966542258	443.65384615384613
401.8296065691876	436.30769230769226
403.1867909723351	428.9615384615384
416.9282210814114	421.6153846153845
417.10183879421595	414.26923076923066
417.7699540293476	406.9230769230768
418.0918653144126	399.5769230769229
419.1047398045301	392.23076923076906
420.0864103930748	384.8846153846152
432.8218955620323	377.5384615384613
435.9293847579716	370.19230769230745
436.01097371367393	362.8461538461536
436.98576509153213	355.4999999999997
438.1691594869298	348.15384615384585
440.05373731051293	340.807692307692
449.6318683834425	333.4615384615381
449.64826488481896	326.11538461538424
454.5183534815393	318.7692307692304
457.41986296421805	311.4230769230765
460.53162631459145	304.07692307692264
460.53367735495476	296.7307692307688
461.29007026988177	289.3846153846149
468.2511046570771	282.03846153846104
470.43620745080636	274.69230769230717
470.69280595788365	267.3461538461533
474.0	260.0
