96.0	249.0
96.56025741220425	256.34615384615387
97.56184570192099	263.69230769230774
104.45640018727103	271.0384615384616
106.893415695324	278.3846153846155
108.76401301235073	285.73076923076934
111.03893596312717	293.0769230769232
113.48680486201681	300.4230769230771
113.48936953643434	307.76923076923094
114.11665172692787	315.1153846153848
114.4032193849329	322.4615384615387
114.57353104229212	329.80769230769255
114.86853973486984	337.1538461538464
115.09991969473742	344.5000000000003
128.58821436811527	351.84615384615415
128.65775366453835	359.192307692308
132.65208096963678	366.5384615384619
132.74994555975888	373.88461538461576
132.98040818177722	381.2307692307696
139.7632304951608	388.5769230769235
139.77360842080782	395.92307692307736
144.1378754384755	403.2692307692312
146.34703383561117	410.6153846153851
146.35917739148056	417.96153846153896
150.26614455458773	425.30769230769283
152.32952711045536	432.6538461538467
154.7330191449695	440.0
157.5094219211785	437.9230769230769
160.43200517538278	435.8461538461538
163.25745443307375	433.7692307692307
163.26476777050067	431.6923076923076
167.8752097364965	429.6153846153845
170.60052656389772	427.53846153846143
170.72147186135248	425.46153846153834
171.04710514800925	423.38461538461524
178.65138947526964	421.30769230769215
178.6816322740149	419.23076923076906
179.5370884155355	417.15384615384596
186.10138574551146	415.07692307692287
188.96243426396558	412.9999999999998
188.97625341735034	410.9230769230767
189.18495318656667	408.8461538461536
196.5172257399154	406.7692307692305
196.60460238480707	404.6923076923074
197.43163435306	402.6153846153843
203.94561512866886	400.5384615384612
203.96123954611087	398.4615384615381
208.87831913275795	396.384615384615
211.68704751167914	394.3076923076919
211.74735652250132	392.23076923076883
212.6077731941525	390.15384615384573
212.62201998350446	388.07692307692264
213.40626704013283	386.0
224.69006511549864	391.5769230769231
227.3829199690546	397.1538461538462
229.2792937188925	402.7307692307693
231.94146470429445	408.3076923076924
234.721185682416	413.8846153846155
236.95527039958478	419.46153846153857
237.04118420225217	425.03846153846166
241.39694540978581	430.61538461538476
241.6239401943959	436.19230769230785
246.65818804072615	441.76923076923094
246.68079958582928	447.34615384615404
251.2504218698285	452.92307692307713
251.29269959946936	458.5000000000002
251.34360641469402	464.0769230769233
259.2732066848799	469.6538461538464
261.5487414151246	475.2307692307695
264.1632310311991	480.8076923076926
266.27847025536545	486.3846153846157
268.834344657912	491.9615384615388
268.844076038864	497.5384615384619
273.97983857577225	503.115384615385
276.42025072090564	508.6923076923081
276.4776333534142	514.2692307692312
276.66040177968534	519.8461538461543
278.2781682388404	525.4230769230774
278.32208141261077	531.0
287.79075970669805	525.4615384615385
290.0235810200642	519.9230769230769
292.8288337761191	514.3846153846154
292.8431627758593	508.8461538461538
293.1677400034372	503.30769230769226
293.50846013451655	497.7692307692307
301.19506941609365	492.23076923076917
303.6366331328907	486.6923076923076
303.7777779317625	481.1538461538461
307.968121315459	475.6153846153845
310.137470278842	470.076923076923
310.1687308647937	464.53846153846143
314.4936029189969	458.9999999999999
314.5486029480695	453.46153846153834
315.1785686251544	447.9230769230768
316.0288271036828	442.38461538461524
317.39782604692425	436.8461538461537
319.4305264970171	431.30769230769215
328.39097739149963	425.7692307692306
330.12907560439174	420.23076923076906
330.367929683494	414.6923076923075
335.20376601965324	409.15384615384596
337.4389493872557	403.6153846153844
339.2099861754608	398.07692307692287
341.74085532974965	392.5384615384613
341.8163042012923	387.0
346.36707711610876	389.46153846153845
346.4947480153888	391.9230769230769
351.4200466205013	394.38461538461536
353.3423316625114	396.8461538461538
353.45963671905764	399.30769230769226
353.8240151340956	401.7692307692307
355.3815586506637	404.23076923076917
356.2914891441408	406.6923076923076
358.1098203188945	409.1538461538461
368.1053804179714	411.6153846153845
368.1176096965196	414.076923076923
368.2525477567591	416.53846153846143
374.65441177260374	418.9999999999999
374.719181201731	421.46153846153834
375.6499855822648	423.9230769230768
376.90429612757794	426.38461538461524
377.5553382202771	428.8461538461537
379.68497120077325	431.30769230769215
381.74999903433496	433.7692307692306
382.9747318051507	436.23076923076906
394.3188856761532	438.6923076923075
394.352901509812	441.15384615384596
394.45600145798403	443.6153846153844
394.6133541443457	446.07692307692287
396.3570150015871	448.5384615384613
406.49690775724724	451.0
408.85969413254765	443.65384615384613
409.00047431290227	436.30769230769226
414.14676291347376	428.9615384615384
416.7444714789428	421.6153846153845
419.3163444342546	414.26923076923066
419.50920576570843	406.9230769230768
419.7600534185125	399.5769230769229
428.16895168096397	392.23076923076906
430.14698477268485	384.8846153846152
433.2231992705951	377.5384615384613
433.29974875805965	370.19230769230745
438.91822190255846	362.8461538461536
441.42583620249104	355.4999999999997
444.12796934671627	348.15384615384585
444.16263172089253	340.807692307692
449.7216801923718	333.4615384615381
451.57659709766034	326.11538461538424
455.1202184478118	318.7692307692304
457.630822155732	311.4230769230765
457.6393755851295	304.07692307692264
458.09679744480474	296.7307692307688
465.71938780433806	289.3846153846149
465.7720750090226	282.03846153846104
466.061220823243	274.69230769230717
473.9974529088159	267.3461538461533
474.0	260.0
