96.0	249.0
100.26956286910217	256.34615384615387
100.29427685262358	263.69230769230774
104.16316818093927	271.0384615384616
104.2626305439557	278.3846153846155
109.10990937424008	285.73076923076934
109.11632832568326	293.0769230769232
113.07708961821606	300.4230769230771
115.64993554469456	307.76923076923094
117.23488448276231	315.1153846153848
117.30192341198818	322.4615384615387
122.0826529027239	329.80769230769255
122.141855950023	337.1538461538464
122.21003999163324	344.5000000000003
122.78814759756176	351.84615384615415
124.67441542458876	359.192307692308
124.8976655699895	366.5384615384619
127.57680178337404	373.88461538461576
137.5626824186274	381.2307692307696
137.58652604725938	388.5769230769235
141.603644368217	395.92307692307736
144.1742170041476	403.2692307692312
144.18379590363952	410.6153846153851
144.8145975002975	417.96153846153896
145.09426103379715	425.30769230769283
152.42669852187004	432.6538461538467
152.5244130235983	440.0
153.49920769977015	437.9230769230769
160.54135662221205	435.8461538461538
160.56863679097302	433.7692307692307
160.8272447668993	431.6923076923076
168.42883356721921	429.6153846153845
168.43089650935562	427.53846153846143
172.8820947136025	425.46153846153834
173.07575141915603	423.38461538461524
178.55738141374823	421.30769230769215
180.77441636987052	419.23076923076906
183.47279365904197	417.15384615384596
183.52622171671717	415.07692307692287
188.75486872512963	412.9999999999998
188.76605570800422	410.9230769230767
194.17240577568694	408.8461538461536
196.31321118553655	406.7692307692305
199.05907746000324	404.6923076923074
201.13614916032498	402.6153846153843
204.13305737355333	400.5384615384612
206.33137923079488	398.4615384615381
206.34093660728095	396.384615384615
206.49896774065374	394.3076923076919
208.0378617911935	392.23076923076883
217.40065424209897	390.15384615384573
217.40531770328747	388.07692307692264
217.47608924019275	386.0
224.5337934007669	391.5769230769231
224.62938708205596	397.1538461538462
224.66236233512646	402.7307692307693
231.9482140704016	408.3076923076924
232.02348115926583	413.8846153846155
232.05407471892582	419.46153846153857
233.09219416452606	425.03846153846166
241.488652757129	430.61538461538476
244.05989964832136	436.19230769230785
246.2931963559186	441.76923076923094
246.42838252014198	447.34615384615404
246.86159350753502	452.92307692307713
253.74703735591075	458.5000000000002
253.81414939009971	464.0769230769233
254.50450450151078	469.6538461538464
255.9425856255416	475.2307692307695
263.91930686610243	480.8076923076926
266.3794174782916	486.3846153846157
268.5690897405116	491.9615384615388
271.2149673112684	497.5384615384619
271.3160306333018	503.115384615385
276.39689820177836	508.6923076923081
278.6006716293729	514.2692307692312
281.11027402700756	519.8461538461543
281.21158175532565	525.4230769230774
285.60788231351	531.0
285.6906986448485	525.4615384615385
290.2549685912528	519.9230769230769
290.29319700801	514.3846153846154
294.986483275561	508.8461538461538
296.86295940348145	503.30769230769226
297.0205119344308	497.7692307692307
297.3138652994564	492.23076923076917
298.62507099262103	486.6923076923076
306.110541319988	481.1538461538461
308.27844229381486	475.6153846153845
308.3052737095292	470.076923076923
308.4129354480132	464.53846153846143
314.5264770830159	458.9999999999999
317.348202680751	453.46153846153834
319.5920425853804	447.9230769230768
321.19212679350744	442.38461538461524
321.3102688556254	436.8461538461537
321.9259332807083	431.30769230769215
323.02607765647974	425.7692307692306
330.45374797206324	420.23076923076906
332.52960802420813	414.6923076923075
332.5385459407615	409.15384615384596
337.1249601082264	403.6153846153844
339.5099118016982	398.07692307692287
339.5632646100537	392.5384615384613
340.23891696928393	387.0
340.2839875682258	389.46153846153845
348.8875098233594	391.9230769230769
348.93538350653506	394.38461538461536
353.3873403701509	396.8461538461538
353.523625630435	399.30769230769226
358.58404141110043	401.7692307692307
360.42603800760327	404.23076923076917
360.4668816204075	406.6923076923076
365.74634304985824	409.1538461538461
365.7700237736222	411.6153846153845
366.43529685359107	414.076923076923
372.45613269374996	416.53846153846143
375.01577425830277	418.9999999999999
377.1343299907105	421.46153846153834
379.75167482788555	423.9230769230768
379.7752411154489	426.38461538461524
384.7248004868022	428.8461538461537
386.6907383916925	431.30769230769215
389.3258006058166	433.7692307692306
389.3714143541155	436.23076923076906
390.1195016016452	438.6923076923075
391.2211848920169	441.15384615384596
392.721012389359	443.6153846153844
401.5092444928185	446.07692307692287
403.8230171710333	448.5384615384613
403.8452664665869	451.0
409.04877885307604	443.65384615384613
411.42711324599435	436.30769230769226
414.557203018637	428.9615384615384
416.854937312208	421.6153846153845
419.8086297421812	414.26923076923066
421.99513480894535	406.9230769230768
425.431427485375	399.5769230769229
428.20499994499545	392.23076923076906
428.20713016710596	384.8846153846152
433.04724410834666	377.5384615384613
435.7272529274648	370.19230769230745
438.3512662868801	362.8461538461536
438.5567747475078	355.4999999999997
438.61006294330724	348.15384615384585
440.50834108451625	340.807692307692
441.0620991173038	333.4615384615381
452.2456981588197	326.11538461538424
454.70776119200747	318.7692307692304
457.2593417871992	311.4230769230765
459.77618432699126	304.07692307692264
460.0090034820205	296.7307692307688
460.24203121902747	289.3846153846149
468.3084053355578	282.03846153846104
468.3299241877278	274.69230769230717
468.5206590886902	267.3461538461533
474.0	260.0
