96.0	249.0
100.04631617618561	256.34615384615387
100.13666619212133	263.69230769230774
104.24260130751061	271.0384615384616
104.41684614369372	278.3846153846155
108.8471699304919	285.73076923076934
111.07400059594565	293.0769230769232
111.1517549443097	300.4230769230771
111.62517203046896	307.76923076923094
117.2286020831153	315.1153846153848
119.52259968428393	322.4615384615387
122.16305173268695	329.80769230769255
123.93491590373594	337.1538461538464
126.3915898158487	344.5000000000003
126.48571466091585	351.84615384615415
127.22714720649616	359.192307692308
127.38360634244454	366.5384615384619
134.94042565035699	373.88461538461576
136.93207140113634	381.2307692307696
139.39037156968533	388.5769230769235
141.83809375593808	395.92307692307736
141.88458997140245	403.2692307692312
142.63949871596807	410.6153846153851
143.7027127250985	417.96153846153896
150.30482649603235	425.30769230769283
150.41747561018187	432.6538461538467
151.06281043667028	440.0
157.99493808022524	437.9230769230769
158.0046783030107	435.8461538461538
158.1371401703832	433.7692307692307
165.78649017247153	431.6923076923076
165.81104137775384	429.6153846153845
166.23333356497005	427.53846153846143
166.66935201947325	425.46153846153834
167.3621856468276	423.38461538461524
178.34279921635022	421.30769230769215
181.1757449052296	419.23076923076906
183.6691015335829	417.15384615384596
186.3310140192025	415.07692307692287
186.36219781879154	412.9999999999998
186.5764786396698	410.9230769230767
187.23104576904174	408.8461538461536
189.44028578115044	406.7692307692305
190.89063704315444	404.6923076923074
192.4852390085802	402.6153846153843
204.33119098968152	400.5384615384612
204.38829108519374	398.4615384615381
204.45674727539102	396.384615384615
211.91196874488327	394.3076923076919
211.95297978129233	392.23076923076883
217.1359672122921	390.15384615384573
219.36787717216626	388.07692307692264
219.38912095738397	386.0
224.86226967603022	391.5769230769231
224.86987975875115	397.1538461538462
229.53580094293866	402.7307692307693
231.6814594169076	408.3076923076924
234.61768606407716	413.8846153846155
234.64852324538614	419.46153846153857
238.99462604442724	425.03846153846166
241.47145789784483	430.61538461538476
241.58882080805697	436.19230769230785
246.9089740025542	441.76923076923094
246.92097807865065	447.34615384615404
251.90862356400356	452.92307692307713
251.92949152958874	458.5000000000002
252.09950894291558	464.0769230769233
259.3408577896491	469.6538461538464
259.34397332206703	475.2307692307695
264.08497867375485	480.8076923076926
264.131475058277	486.3846153846157
264.7488827065272	491.9615384615388
265.07194201079653	497.5384615384619
266.47804329045346	503.115384615385
276.0298478615088	508.6923076923081
278.9795985739331	514.2692307692312
280.8540751716632	519.8461538461543
283.3442567200972	525.4230769230774
283.4102560535381	531.0
288.33561661494696	525.4615384615385
290.0649377374209	519.9230769230769
292.8258227938364	514.3846153846154
292.83473337081756	508.8461538461538
293.4052151183518	503.30769230769226
294.11492480451744	497.7692307692307
301.40386563063674	492.23076923076917
303.7536301349636	486.6923076923076
306.01733206827976	481.1538461538461
306.07429601868216	475.6153846153845
306.1628165026301	470.076923076923
312.56561404313874	464.53846153846143
315.0457885964809	458.9999999999999
315.089059118727	453.46153846153834
315.6019596914583	447.9230769230768
321.39967692003086	442.38461538461524
323.520855536302	436.8461538461537
325.91475078778836	431.30769230769215
325.9696512520056	425.7692307692306
326.82800808734964	420.23076923076906
328.011635260421	414.6923076923075
329.1874088432439	409.15384615384596
330.91026973840786	403.6153846153844
332.7417186802775	398.07692307692287
341.4958384837545	392.5384615384613
343.77082340989324	387.0
343.83798901560857	389.46153846153845
348.5926761339799	391.9230769230769
348.71714614995153	394.38461538461536
353.56165165776196	396.8461538461538
355.66173408349124	399.30769230769226
357.9788205993001	401.7692307692307
358.14701417371316	404.23076923076917
362.98068738492253	406.6923076923076
365.17846074350194	409.1538461538461
365.2209646504278	411.6153846153845
369.97730382798227	414.076923076923
372.9127319132831	416.53846153846143
372.923973580816	418.9999999999999
377.7258196105238	421.46153846153834
377.7361855240194	423.9230769230768
377.967259704845	426.38461538461524
379.47770593721424	428.8461538461537
387.04741745988406	431.30769230769215
388.95741478558637	433.7692307692306
389.0553903452068	436.23076923076906
389.9702276079161	438.6923076923075
396.3580749605138	441.15384615384596
396.44852573606175	443.6153846153844
396.4690828100483	446.07692307692287
403.53491964279954	448.5384615384613
403.63032916805906	451.0
408.9858657316272	443.65384615384613
411.64972902577927	436.30769230769226
411.7674273497602	428.9615384615384
417.08048991281174	421.6153846153845
417.1551068836442	414.26923076923066
417.93543877413697	406.9230769230768
425.44474971851207	399.5769230769229
425.45505308611763	392.23076923076906
426.15070248333785	384.8846153846152
433.15355317536245	377.5384615384613
433.1907334534259	370.19230769230745
438.3077198616897	362.8461538461536
438.3953014837145	355.4999999999997
444.37793872566306	348.15384615384585
446.40242398425823	340.807692307692
446.43952651192274	333.4615384615381
451.8217187659352	326.11538461538424
455.0390276950361	318.7692307692304
455.0641728095876	311.4230769230765
460.49561313311335	304.07692307692264
462.9984840423993	296.7307692307688
463.0024306260496	289.3846153846149
468.0401653310768	282.03846153846104
468.1931257483709	274.69230769230717
468.30384584219604	267.3461538461533
474.0	260.0
