96.0	249.0
96.21744011723523	256.34615384615387
102.5575483928219	263.69230769230774
102.56227965144815	271.0384615384616
106.65524230512713	278.3846153846155
106.66615731036337	285.73076923076934
110.90381239158043	293.0769230769232
113.0585981887957	300.4230769230771
113.13300093242835	307.76923076923094
117.36916280401198	315.1153846153848
117.40801825825439	322.4615384615387
117.57755629785596	329.80769230769255
118.44104219974511	337.1538461538464
118.799900904906	344.5000000000003
128.72251134264417	351.84615384615415
130.3818248435728	359.192307692308
133.0026951795899	366.5384615384619
135.38295366536255	373.88461538461576
137.16399701387564	381.2307692307696
139.58704362118092	388.5769230769235
141.6587117711459	395.92307692307736
143.70607736325778	403.2692307692312
143.79288619698525	410.6153846153851
143.88553885073907	417.96153846153896
144.73749487435603	425.30769230769283
145.7981119770428	432.6538461538467
155.10681959973317	440.0
157.91458815962443	437.9230769230769
160.7255443943637	435.8461538461538
160.72570778606368	433.7692307692307
161.136246243255	431.6923076923076
167.88556966846602	429.6153846153845
168.03117254937683	427.53846153846143
173.26829744976473	425.46153846153834
175.45780049980252	423.38461538461524
178.0023589723944	421.30769230769215
181.05277344135735	419.23076923076906
181.05438517431327	417.15384615384596
181.7750445269421	415.07692307692287
188.76114878867713	412.9999999999998
188.84238510813043	410.9230769230767
193.71069044857703	408.8461538461536
196.3363395125663	406.7692307692305
199.09147095880041	404.6923076923074
201.77158074137253	402.6153846153843
201.79021083968428	400.5384615384612
201.89071318647336	398.4615384615381
209.65293643061958	396.384615384615
212.23111843438664	394.3076923076919
214.1958041791874	392.23076923076883
214.3574829150608	390.15384615384573
214.41872466138395	388.07692307692264
221.95330464253956	386.0
222.03216732698192	391.5769230769231
227.09160061922805	397.1538461538462
229.35552105166295	402.7307692307693
229.50741433683456	408.3076923076924
234.52230467749055	413.8846153846155
234.5424679540275	419.46153846153857
239.42316698016074	425.03846153846166
239.44877146186394	430.61538461538476
240.2925978352021	436.19230769230785
246.65340022002468	441.76923076923094
246.67002116306335	447.34615384615404
246.76951012939728	452.92307692307713
247.03884390742274	458.5000000000002
248.60231069676303	464.0769230769233
249.66189030810273	469.6538461538464
261.2132803512173	475.2307692307695
263.72290834404123	480.8076923076926
266.1411816189986	486.3846153846157
268.8761649983382	491.9615384615388
271.02969205203374	497.5384615384619
273.5027982138502	503.115384615385
273.69531018932724	508.6923076923081
278.5171176236102	514.2692307692312
278.5762877679703	519.8461538461543
279.262464518943	525.4230769230774
285.7113214023613	531.0
288.30210308375564	525.4615384615385
288.3039922790025	519.9230769230769
288.8114912087642	514.3846153846154
295.0908228758209	508.8461538461538
295.10219473489576	503.30769230769226
299.4176212318861	497.7692307692307
299.46924918849	492.23076923076917
299.9034603304888	486.6923076923076
306.1516909058147	481.1538461538461
308.1326700240373	475.6153846153845
308.13427184630126	470.076923076923
312.6009070363569	464.53846153846143
314.5669545549537	458.9999999999999
317.32708148066445	453.46153846153834
317.3290393626993	447.9230769230768
317.4547556049134	442.38461538461524
318.0449222226952	436.8461538461537
319.554257548136	431.30769230769215
328.30887313955657	425.7692307692306
328.3415501472497	420.23076923076906
329.0608557778491	414.6923076923075
335.16712483138025	409.15384615384596
335.2029127564661	403.6153846153844
335.6465423861058	398.07692307692287
336.9454861499366	392.5384615384613
337.4763234744701	387.0
337.83542114076204	389.46153846153845
348.65015901192834	391.9230769230769
348.7785053130405	394.38461538461536
349.15155052319426	396.8461538461538
355.90701220252447	399.30769230769226
355.98922545479894	401.7692307692307
356.1262348338288	404.23076923076917
356.8082200091341	406.6923076923076
365.63349224142144	409.1538461538461
365.63763169370986	411.6153846153845
366.4978391589774	414.076923076923
367.25869820726905	416.53846153846143
375.1792106631614	418.9999999999999
375.224526790286	421.46153846153834
375.3875292220561	423.9230769230768
376.07184208907796	426.38461538461524
376.12910873685803	428.8461538461537
386.54303724291253	431.30769230769215
388.9301206211635	433.7692307692306
389.14442758344484	436.23076923076906
389.4048410918722	438.6923076923075
389.7545690533452	441.15384615384596
398.56207991779263	443.6153846153844
401.31835981845694	446.07692307692287
401.40411484872834	448.5384615384613
406.563324614309	451.0
406.5994218043759	443.65384615384613
407.4447706538459	436.30769230769226
408.4846065230329	428.9615384615384
417.1054381518601	421.6153846153845
420.0977421346481	414.26923076923066
420.1009504473498	406.9230769230768
425.41800414897574	399.5769230769229
425.4395421883545	392.23076923076906
426.21274515222603	384.8846153846152
433.26446939065704	377.5384615384613
433.265890126193	370.19230769230745
433.640612562091	362.8461538461536
434.5013268663772	355.4999999999997
435.54760489531566	348.15384615384585
436.98057585324267	340.807692307692
438.7443270579442	333.4615384615381
439.9100918045865	326.11538461538424
443.5210743045478	318.7692307692304
446.73367002414744	311.4230769230765
459.9369514251942	304.07692307692264
462.62591814510625	296.7307692307688
465.3700639479156	289.3846153846149
465.5410564689963	282.03846153846104
466.46754793535564	274.69230769230717
466.85495031211036	267.3461538461533
474.0	260.0
