96.0	249.0
96.33053207827923	256.34615384615387
102.0752708863086	263.69230769230774
104.13303400369881	271.0384615384616
104.13320427054886	278.3846153846155
108.84174616676498	285.73076923076934
108.87496437494367	293.0769230769232
109.62646690336337	300.4230769230771
115.42313658210372	307.76923076923094
115.4561132263113	315.1153846153848
116.05102873264111	322.4615384615387
122.13722326794755	329.80769230769255
124.4034291517458	337.1538461538464
124.42577518635534	344.5000000000003
125.11749498239976	351.84615384615415
130.47705454084283	359.192307692308
133.19287525003222	366.5384615384619
133.1969757313908	373.88461538461576
133.82128230168482	381.2307692307696
139.78938747141942	388.5769230769235
139.80229497224255	395.92307692307736
140.08719216985824	403.2692307692312
145.80160172770732	410.6153846153851
145.85879978441693	417.96153846153896
150.19489866425548	425.30769230769283
152.4831083379694	432.6538461538467
152.63515740618442	440.0
153.21300318976708	437.9230769230769
160.53749311221532	435.8461538461538
160.60010431534488	433.7692307692307
165.76383007941743	431.6923076923076
168.4527804675426	429.6153846153845
170.48169425720613	427.53846153846143
170.52669500400887	425.46153846153834
171.00962892036296	423.38461538461524
172.21304795872487	421.30769230769215
181.0245024386984	419.23076923076906
181.0245362980222	417.15384615384596
181.85745445931332	415.07692307692287
188.8552810222763	412.9999999999998
188.8724025115007	410.9230769230767
193.72193081670326	408.8461538461536
193.7259270465798	406.7692307692305
198.56804805355597	404.6923076923074
201.66375377310231	402.6153846153843
203.9736840045137	400.5384615384612
204.12189745590402	398.4615384615381
204.69734141225123	396.384615384615
205.17673499488598	394.3076923076919
214.4387488386163	392.23076923076883
217.1783357494746	390.15384615384573
217.18507117973982	388.07692307692264
221.66110804894015	386.0
224.39059568801034	391.5769230769231
227.02884885555463	397.1538461538462
229.6084290268499	402.7307692307693
231.85955315675608	408.3076923076924
234.2887369220374	413.8846153846155
236.48297323643484	419.46153846153857
236.51829840459337	425.03846153846166
236.5568916222624	430.61538461538476
244.24943543242736	436.19230769230785
244.30445138610295	441.76923076923094
245.0642114741283	447.34615384615404
246.16057696238585	452.92307692307713
254.14165362772755	458.5000000000002
256.3983011821335	464.0769230769233
259.1217611564559	469.6538461538464
261.3661301030937	475.2307692307695
261.4939202648843	480.8076923076926
266.76579852434804	486.3846153846157
266.76612527399254	491.9615384615388
267.2650155679614	497.5384615384619
268.6817121510365	503.115384615385
276.43485948439513	508.6923076923081
278.738560546904	514.2692307692312
278.79403427164056	519.8461538461543
283.42449625052194	525.4230769230774
283.43472593671635	531.0
288.2099946177892	525.4615384615385
288.26730291901396	519.9230769230769
288.7568641860218	514.3846153846154
295.1483274839102	508.8461538461538
295.1501341831534	503.30769230769226
295.5357938949842	497.7692307692307
296.0800785897785	492.23076923076917
296.25097869604303	486.6923076923076
306.1358844907359	481.1538461538461
308.06647845309453	475.6153846153845
310.3660021347346	470.076923076923
310.41982635727237	464.53846153846143
310.80358846029566	458.9999999999999
317.384444513028	453.46153846153834
317.3906561613476	447.9230769230768
317.471232055061	442.38461538461524
317.67396843947864	436.8461538461537
325.8794712204594	431.30769230769215
328.3373519877015	425.7692307692306
330.2566050027325	420.23076923076906
330.38195827516563	414.6923076923075
335.103585144034	409.15384615384596
335.1614245256396	403.6153846153844
339.19899340966464	398.07692307692287
341.3623188727214	392.5384615384613
344.29187657083384	387.0
346.67766666551967	389.46153846153845
348.82266492867933	391.9230769230769
351.3762379807726	394.38461538461536
353.72865047315867	396.8461538461538
353.7862240719169	399.30769230769226
353.9316445589466	401.7692307692307
354.0509203993414	404.23076923076917
355.01262387403074	406.6923076923076
365.2652844946757	409.1538461538461
365.35720286218424	411.6153846153845
370.56761078366907	414.076923076923
372.5834093654769	416.53846153846143
374.90205198056543	418.9999999999999
375.02620346540573	421.46153846153834
375.1684213034044	423.9230769230768
382.0850360406229	426.38461538461524
382.1689025979449	428.8461538461537
386.7374483679221	431.30769230769215
389.1021414155146	433.7692307692306
389.14715184671434	436.23076923076906
389.868658899079	438.6923076923075
396.4869996592406	441.15384615384596
396.52409426487947	443.6153846153844
401.400929453441	446.07692307692287
403.30898333912756	448.5384615384613
403.4640041824595	451.0
408.57091229141906	443.65384615384613
411.4771961706351	436.30769230769226
411.5677546234352	428.9615384615384
412.0965356180196	421.6153846153845
420.1534064205953	414.26923076923066
422.0503422736091	406.9230769230768
422.3044219525329	399.5769230769229
422.88737540134156	392.23076923076906
423.4323868230578	384.8846153846152
433.51129299270644	377.5384615384613
433.53376354107615	370.19230769230745
433.68142643284585	362.8461538461536
440.8514198317616	355.4999999999997
441.02580943060843	348.15384615384585
446.8156651720205	340.807692307692
446.89246763402514	333.4615384615381
452.0684255035042	326.11538461538424
452.1725677266427	318.7692307692304
453.03915241498953	311.4230769230765
453.7318382883411	304.07692307692264
462.58087182268963	296.7307692307688
465.1389335846371	289.3846153846149
468.59551542300846	282.03846153846104
468.6019471100048	274.69230769230717
473.5991097095895	267.3461538461533
474.0	260.0
