96.0	249.0
96.15657359695774	256.34615384615387
101.98876436176161	263.69230769230774
102.00378208756186	271.0384615384616
102.77486929104684	278.3846153846155
108.70384006883523	285.73076923076934
110.9762237290311	293.0769230769232
111.0665624955527	300.4230769230771
115.70745733091532	307.76923076923094
115.7109679003924	315.1153846153848
115.98122172255809	322.4615384615387
121.6186005064047	329.80769230769255
124.22016179780192	337.1538461538464
124.25560212011762	344.5000000000003
124.46066606979845	351.84615384615415
130.80380618184975	359.192307692308
132.80091705984646	366.5384615384619
135.0507248991013	373.88461538461576
137.394601299198	381.2307692307696
139.72759990333026	388.5769230769235
141.4080529105539	395.92307692307736
141.41654658224502	403.2692307692312
142.19531146319534	410.6153846153851
148.2127558244273	417.96153846153896
150.45625426021508	425.30769230769283
152.98793634954743	432.6538461538467
152.98957776584007	440.0
153.5630152034492	437.9230769230769
154.36786239647975	435.8461538461538
154.7579898333476	433.7692307692307
165.31988587866823	431.6923076923076
165.3678098904258	429.6153846153845
165.96046549586708	427.53846153846143
167.24253484596767	425.46153846153834
175.75597015150254	423.38461538461524
178.1272269172589	421.30769230769215
181.25628713060647	419.23076923076906
181.26187439492676	417.15384615384596
181.70371024668805	415.07692307692287
188.63542614326533	412.9999999999998
188.68005761615186	410.9230769230767
193.85871283337588	408.8461538461536
193.85932006280882	406.7692307692305
198.6590021353453	404.6923076923074
201.9076241684532	402.6153846153843
201.92076967107164	400.5384615384612
202.52875759551898	398.4615384615381
203.06151917420485	396.384615384615
204.80266976893557	394.3076923076919
214.6243278300329	392.23076923076883
216.82030606700317	390.15384615384573
219.43496359921258	388.07692307692264
221.85810521785294	386.0
221.8670197343815	391.5769230769231
222.17703984870812	397.1538461538462
223.3445870972971	402.7307692307693
223.85232264124838	408.3076923076924
234.09723248337326	413.8846153846155
236.81700910605147	419.46153846153857
236.9507123444748	425.03846153846166
236.99506106850316	430.61538461538476
237.21868871428563	436.19230769230785
246.78574598580502	441.76923076923094
248.9199340552802	447.34615384615404
251.42695020511076	452.92307692307713
251.4342705067568	458.5000000000002
251.56902256623152	464.0769230769233
258.7960954901426	469.6538461538464
258.9604026530875	475.2307692307695
264.1897667952851	480.8076923076926
264.2038161564814	486.3846153846157
264.64888109302643	491.9615384615388
265.2910761541792	497.5384615384619
266.735147454901	503.115384615385
276.07665961933463	508.6923076923081
278.8291329493622	514.2692307692312
280.90231664193755	519.8461538461543
283.41886495782916	525.4230769230774
283.4238874370208	531.0
283.96372232282533	525.4615384615385
284.36271641081396	519.9230769230769
285.1299890642778	514.3846153846154
294.5588303213486	508.8461538461538
294.5769741371027	503.30769230769226
298.8838597232176	497.7692307692307
298.93285303080404	492.23076923076917
299.0390207379753	486.6923076923076
299.98280951871357	481.1538461538461
300.6350323417409	475.6153846153845
301.5483366400002	470.076923076923
312.9447031051098	464.53846153846143
312.95414445842266	458.9999999999999
312.99988624144095	453.46153846153834
319.2219863387998	447.9230769230768
321.31363227584194	442.38461538461524
321.49495713530104	436.8461538461537
325.94610127310324	431.30769230769215
325.9882894227188	425.7692307692306
330.2630475573332	420.23076923076906
330.44530854642056	414.6923076923075
335.2032212457508	409.15384615384596
336.88301136468164	403.6153846153844
337.0750703255578	398.07692307692287
341.6579971565767	392.5384615384613
341.6625320767188	387.0
346.7294620231612	389.46153846153845
348.4162358550687	391.9230769230769
351.4475258729507	394.38461538461536
351.46845729334024	396.8461538461538
355.64561513449667	399.30769230769226
355.70522020837615	401.7692307692307
360.39710086295116	404.23076923076917
363.0990202987404	406.6923076923076
365.7699776695953	409.1538461538461
365.7886263091095	411.6153846153845
369.9838519435683	414.076923076923
370.18218631791495	416.53846153846143
370.7447149133129	418.9999999999999
371.0181586544369	421.46153846153834
379.3644250543618	423.9230769230768
379.42894447985435	426.38461538461524
384.434286351721	428.8461538461537
384.56353477744307	431.30769230769215
384.63374474449523	433.7692307692306
391.9111698399494	436.23076923076906
391.9304359173297	438.6923076923075
396.74864255721144	441.15384615384596
396.75353565895927	443.6153846153844
396.95184623026444	446.07692307692287
398.3116538281571	448.5384615384613
399.6039175820661	451.0
408.7096950936253	443.65384615384613
411.98727714040643	436.30769230769226
414.0154970695969	428.9615384615384
414.09816085100834	421.6153846153845
415.15439834891674	414.26923076923066
421.9609181274874	406.9230769230768
424.7319045082982	399.5769230769229
428.04152031017753	392.23076923076906
430.41298317646516	384.8846153846152
430.435374544007	377.5384615384613
435.96987152110063	370.19230769230745
435.99573845437357	362.8461538461536
441.6380609766031	355.4999999999997
441.65099944446956	348.15384615384585
442.24180404586633	340.807692307692
442.75330035765404	333.4615384615381
452.1929958730671	326.11538461538424
452.1965283837487	318.7692307692304
452.79181892129003	311.4230769230765
454.3152510006033	304.07692307692264
462.48765816917364	296.7307692307688
465.7404529622356	289.3846153846149
468.32556421730806	282.03846153846104
468.3292976956471	274.69230769230717
473.5308213989313	267.3461538461533
474.0	260.0
