96.0	249.0
96.55306400514915	256.34615384615387
97.72809975698605	263.69230769230774
104.45678263298943	271.0384615384616
106.50240960007869	278.3846153846155
106.55529309497135	285.73076923076934
111.10280355752556	293.0769230769232
111.12850402362128	300.4230769230771
111.23795123034161	307.76923076923094
112.04197793830367	315.1153846153848
119.52970847022834	322.4615384615387
119.57360048210259	329.80769230769255
120.02996849515448	337.1538461538464
120.90715374384943	344.5000000000003
128.64502838741473	351.84615384615415
130.78472337946735	359.192307692308
132.91350658856186	366.5384615384619
135.08107970584635	373.88461538461576
137.35805206524833	381.2307692307696
137.38533256780192	388.5769230769235
141.46070085373603	395.92307692307736
143.83388296913455	403.2692307692312
143.942721660511	410.6153846153851
148.34467545872138	417.96153846153896
148.41769324787444	425.30769230769283
148.56575707000695	432.6538461538467
154.77829795050087	440.0
157.33337251112587	437.9230769230769
160.48257091747254	435.8461538461538
160.49803845613772	433.7692307692307
161.22515796350632	431.6923076923076
167.67320019632496	429.6153846153845
170.45688349252373	427.53846153846143
170.45799456905115	425.46153846153834
170.75000026233818	423.38461538461524
172.23775879772256	421.30769230769215
180.85136091385797	419.23076923076906
181.01143530336347	417.15384615384596
186.0421722683495	415.07692307692287
188.98618058801875	412.9999999999998
191.34838051969376	410.9230769230767
191.4405430831168	408.8461538461536
196.35510833564402	406.7692307692305
198.54349228056074	404.6923076923074
198.77131081523328	402.6153846153843
203.92289750450615	400.5384615384612
204.12754855085203	398.4615384615381
209.3036355795959	396.384615384615
211.66137045782023	394.3076923076919
214.44893707850275	392.23076923076883
214.53091487290482	390.15384615384573
215.02148550589428	388.07692307692264
215.52631943083904	386.0
224.73923078170978	391.5769230769231
226.69148908526572	397.1538461538462
229.3490003573681	402.7307692307693
229.36591787727528	408.3076923076924
229.69841122432086	413.8846153846155
236.7289515163687	419.46153846153857
239.1490356750077	425.03846153846166
242.11411801877912	430.61538461538476
242.12695810338704	436.19230769230785
246.32386826771813	441.76923076923094
249.39671739969643	447.34615384615404
251.24192166927287	452.92307692307713
251.27488011144956	458.5000000000002
256.77138728202243	464.0769230769233
256.7926321034092	469.6538461538464
261.78065779180866	475.2307692307695
264.1468266011983	480.8076923076926
266.3944398557008	486.3846153846157
266.47962477506513	491.9615384615388
266.5417722288911	497.5384615384619
267.6123069416968	503.115384615385
269.4962167947747	508.6923076923081
271.59172533401323	514.2692307692312
281.2225197392536	519.8461538461543
283.2594565477776	525.4230769230774
285.51436124492807	531.0
285.63775986756355	525.4615384615385
286.35661725066865	519.9230769230769
287.25285937049375	514.3846153846154
288.5398626314945	508.8461538461538
296.8080693451876	503.30769230769226
296.8634753480532	497.7692307692307
301.6870755552916	492.23076923076917
301.6950331305737	486.6923076923076
306.2489871101614	481.1538461538461
306.2518224419775	475.6153846153845
306.3936167837883	470.076923076923
312.9128730497197	464.53846153846143
312.93954087362636	458.9999999999999
313.2830163605764	453.46153846153834
314.07020752243517	447.9230769230768
321.619937800186	442.38461538461524
323.88858759257215	436.8461538461537
323.90635043602276	431.30769230769215
327.88829677748726	425.7692307692306
328.06673451790607	420.23076923076906
328.5728759994452	414.6923076923075
329.7457600692443	409.15384615384596
336.7977831906821	403.6153846153844
337.0169705821621	398.07692307692287
337.470704456961	392.5384615384613
343.79748306397335	387.0
343.9203316215606	389.46153846153845
348.4639252973573	391.9230769230769
348.5674229496908	394.38461538461536
353.3122223096138	396.8461538461538
356.07881261441497	399.30769230769226
358.3020338835727	401.7692307692307
358.3147178464685	404.23076923076917
358.40987016288955	406.6923076923076
358.7667519076052	409.1538461538461
367.6175935561115	411.6153846153845
370.1843296228638	414.076923076923
370.29051311236293	416.53846153846143
374.61124230617423	418.9999999999999
374.7746874096573	421.46153846153834
380.0137059594608	423.9230769230768
382.5219904743646	426.38461538461524
382.52302050250023	428.8461538461537
382.8508404594208	431.30769230769215
389.4202374109294	433.7692307692306
391.6693278004904	436.23076923076906
394.00442944874004	438.6923076923075
394.11533628516923	441.15384615384596
395.0143272867068	443.6153846153844
401.5995578328451	446.07692307692287
403.40803156857396	448.5384615384613
406.4388171280302	451.0
409.09450474654557	443.65384615384613
409.12874353250095	436.30769230769226
414.7145494436121	428.9615384615384
417.2288059807902	421.6153846153845
419.5209942206222	414.26923076923066
422.15864232005777	406.9230769230768
425.1515601730941	399.5769230769229
425.2471115616293	392.23076923076906
425.9377174300118	384.8846153846152
427.26289312488814	377.5384615384613
427.48149013321034	370.19230769230745
438.72263380772733	362.8461538461536
441.63400411309806	355.4999999999997
443.57501265874885	348.15384615384585
443.58400718022864	340.807692307692
449.74690710139566	333.4615384615381
451.963755864441	326.11538461538424
454.3090556828041	318.7692307692304
457.44412748877164	311.4230769230765
460.40093371921836	304.07692307692264
462.55394650575994	296.7307692307688
465.53879164747786	289.3846153846149
468.5883123286892	282.03846153846104
471.18147884316505	274.69230769230717
471.1995412489262	267.3461538461533
474.0	260.0
