98.0	190.0
102.9011213739453	192.96153846153845
102.90522295208554	195.9230769230769
107.19143797089649	198.88461538461536
109.68475190842274	201.8461538461538
111.99888447754691	204.80769230769226
112.24298109384607	207.76923076923072
112.30017669740448	210.73076923076917
113.72041370984856	213.69230769230762
122.4956280382372	216.65384615384608
122.52883674731828	219.61538461538453
122.5591487565813	222.57692307692298
129.64524466876534	225.53846153846143
132.13530697131534	228.4999999999999
132.1926885199801	231.46153846153834
132.6760110675347	234.4230769230768
133.20149382713413	237.38461538461524
141.57194355968352	240.3461538461537
144.63846734580315	243.30769230769215
144.66230008207717	246.2692307692306
145.23437973302794	249.23076923076906
145.69478318588264	252.1923076923075
154.56427678077947	255.15384615384596
156.82887336470736	258.1153846153844
158.88659945717632	261.07692307692287
161.29100762333758	264.0384615384613
163.92780856918006	267.0
163.98495054951093	264.15384615384613
168.26956402133672	261.30769230769226
171.37981022700214	258.4615384615384
171.37995655464113	255.61538461538456
175.8620525273368	252.76923076923072
175.93155080082036	249.92307692307688
176.01279622219087	247.07692307692304
182.5725986709924	244.2307692307692
185.18360700961696	241.38461538461536
187.57908223758048	238.53846153846152
187.63829446656237	235.69230769230768
187.68292339382987	232.84615384615384
194.5327824401901	230.0
194.61494439908628	227.15384615384616
199.4568405699798	224.30769230769232
199.48252510357077	221.46153846153848
203.65913563589444	218.61538461538464
203.7530841213527	215.7692307692308
203.90816300128384	212.92307692307696
210.97129839427458	210.07692307692312
211.01749107603808	207.23076923076928
215.42667404460738	204.38461538461544
217.63540445942846	201.5384615384616
220.18888703705193	198.69230769230776
222.81628010689244	195.84615384615392
226.67138718491822	193.0
231.66449991381575	211.07692307692307
237.12317142353686	229.15384615384613
237.1538599719345	247.2307692307692
246.00921981582414	265.30769230769226
246.4370915283859	283.38461538461536
255.7016301853532	301.46153846153845
261.0474045579904	319.53846153846155
261.1970090048684	337.61538461538464
261.6982528990694	355.69230769230774
263.17480928409236	373.76923076923083
266.31673082955285	391.8461538461539
269.04313402474645	409.923076923077
271.796853015573	428.0000000000001
295.20539324085485	446.0769230769232
295.5339506210719	464.1538461538463
297.2654326640633	482.2307692307694
298.62135781883075	500.3076923076925
314.2367528404883	518.3846153846156
320.2900092430182	536.4615384615387
320.3820088685888	554.5384615384618
322.01222327636503	572.6153846153849
334.6533577112845	590.692307692308
339.85530609297695	608.7692307692311
344.6861527092152	626.8461538461542
344.68726135302353	644.9230769230772
344.9202014432461	663.0
358.11420506018436	644.8846153846154
358.1184631514302	626.7692307692307
358.32707242552686	608.6538461538461
370.40939727990184	590.5384615384614
370.5919850798434	572.4230769230768
377.98412316157265	554.3076923076922
378.0947381580915	536.1923076923075
386.63956202138365	518.0769230769229
391.04112900905915	499.9615384615382
391.1624382578707	481.8461538461536
391.52086380316814	463.73076923076894
404.203695588534	445.6153846153843
408.18756428695355	427.49999999999966
412.2275320837789	409.384615384615
416.5763567439387	391.2692307692304
419.9245609499172	373.15384615384573
420.30626627934225	355.0384615384611
428.5754134933089	336.92307692307645
428.66880410138583	318.8076923076918
429.4255815514468	300.69230769230717
441.9286792999316	282.5769230769225
441.95967014787254	264.4615384615379
442.60770523184175	246.34615384615327
454.7807127460883	228.23076923076866
454.7849479090209	210.11538461538404
455.71431429074687	192.0
456.42296411081674	194.73076923076923
458.35865397965364	197.46153846153845
459.38136624255884	200.19230769230768
459.81822648223266	202.9230769230769
472.12478019541635	205.65384615384613
473.9518095630781	208.38461538461536
473.99851125426375	211.11538461538458
478.8552459749037	213.8461538461538
478.916424628419	216.57692307692304
483.0559752539874	219.30769230769226
483.10122579906704	222.0384615384615
487.9836520520796	224.76923076923072
487.9844001448454	227.49999999999994
491.73275782121584	230.23076923076917
494.1631267166287	232.9615384615384
494.18303459835295	235.69230769230762
494.92565166294963	238.42307692307685
496.1196007525361	241.15384615384608
503.0370695200519	243.8846153846153
505.57166123614786	246.61538461538453
505.61963809064275	249.34615384615375
506.07185861119876	252.07692307692298
511.8834890182161	254.8076923076922
514.0676170202515	257.53846153846143
514.1268686331091	260.26923076923066
519.1232578260385	263.0
522.5298421672189	260.1923076923077
524.9290339117065	257.38461538461536
524.9464798295772	254.57692307692304
525.2402993430188	251.76923076923072
533.2781573617225	248.9615384615384
535.8429982032072	246.15384615384608
538.7428693864151	243.34615384615375
538.9291609419868	240.53846153846143
539.8544261605462	237.7307692307691
539.8913991346428	234.9230769230768
540.9453614689257	232.11538461538447
543.9687540717724	229.30769230769215
555.5853728160328	226.49999999999983
555.6857577754363	223.6923076923075
555.7273595477247	220.8846153846152
564.2502494057536	218.07692307692287
564.3329218370503	215.26923076923055
565.0060270838579	212.46153846153823
566.280589364281	209.6538461538459
568.3994263964202	206.84615384615358
570.3455330679608	204.03846153846126
581.3215920125839	201.23076923076894
581.3936830779609	198.42307692307662
586.7145434329768	195.6153846153843
589.9612890458747	192.80769230769198
590.0	190.0
