98.0	190.0
102.13085825926612	192.96153846153845
102.38880567174137	195.9230769230769
102.78844013882279	198.88461538461536
109.71816906054991	201.8461538461538
109.83016153335863	204.80769230769226
109.89720979506856	207.76923076923072
117.19386367773221	210.73076923076917
117.29474471658908	213.69230769230762
122.06537683593824	216.65384615384608
124.77865481723687	219.61538461538453
124.82473736958107	222.57692307692298
129.2046352857786	225.53846153846143
132.13359315547922	228.4999999999999
134.7177809587728	231.46153846153834
137.09443949098448	234.4230769230768
137.17745811335817	237.38461538461524
137.68822498018267	240.3461538461537
138.37740042810134	243.30769230769215
140.4819986912244	246.2692307692306
149.2803096245773	249.23076923076906
151.48645382774447	252.1923076923075
154.26473914849464	255.15384615384596
154.32306409132062	258.1153846153844
159.36759264679665	261.07692307692287
159.36912725905776	264.0384615384613
163.91918164894813	267.0
166.64122514693693	264.15384615384613
168.80438914770914	261.30769230769226
171.37977756516798	258.4615384615384
171.3802524393729	255.61538461538456
176.04688809564848	252.76923076923072
177.92910492065684	249.92307692307688
177.95787971090076	247.07692307692304
178.45489021862437	244.2307692307692
179.36937839013376	241.38461538461536
187.6476247115384	238.53846153846152
190.0802088035469	235.69230769230768
190.09022283317478	232.84615384615384
194.73634851033057	230.0
194.76251664572146	227.15384615384616
194.90319591030064	224.30769230769232
201.56462964452174	221.46153846153848
203.65152674499706	218.61538461538464
206.1418994365132	215.7692307692308
206.19992718952412	212.92307692307696
206.25608957534314	210.07692307692312
206.9479505533087	207.23076923076928
208.41999576091334	204.38461538461544
217.6310040515355	201.5384615384616
220.26396964353975	198.69230769230776
220.29782952115644	195.84615384615392
226.64572095469194	193.0
226.71288294007348	211.07692307692307
226.91085170467377	229.15384615384613
241.54560450032145	247.2307692307692
241.74040958882506	265.30769230769226
250.70283091442485	283.38461538461536
251.11766488818304	301.46153846153845
261.7332023728819	319.53846153846155
266.81867383514515	337.61538461538464
266.8215683316223	355.69230769230774
276.4724893843335	373.76923076923083
281.0643238334937	391.8461538461539
281.198989704217	409.923076923077
290.18358517186897	428.0000000000001
294.9269630545689	446.0769230769232
295.32319142621566	464.1538461538463
304.88559613675943	482.2307692307694
310.3893254841748	500.3076923076925
315.5516921887261	518.3846153846156
319.13116103798	536.4615384615387
324.2231646839313	554.5384615384618
329.58892629046176	572.6153846153849
334.05453658317685	590.692307692308
334.11724325500415	608.7692307692311
334.83004555565896	626.8461538461542
335.9112103845919	644.9230769230772
338.8504012493478	663.0
339.41651083219494	644.8846153846154
362.54617087547894	626.7692307692307
365.931708329345	608.6538461538461
366.1536551651531	590.5384615384614
374.52638153344105	572.4230769230768
374.70443705508313	554.3076923076922
375.6852029894	536.1923076923075
387.3973053118008	518.0769230769229
390.60703800863143	499.9615384615382
394.8208378158057	481.8461538461536
395.071894638267	463.73076923076894
395.49494907779666	445.6153846153843
397.05335915020504	427.49999999999966
400.92323758279156	409.384615384615
416.8777842076184	391.2692307692304
416.9274611985829	373.15384615384573
416.93493488094623	355.0384615384611
418.52511904009947	336.92307692307645
433.2502511401411	318.8076923076918
437.24365479070485	300.69230769230717
441.3589291613899	282.5769230769225
446.3271871605063	264.4615384615379
446.3508795140814	246.34615384615327
453.8294435583033	228.23076923076866
458.03410275853645	210.11538461538404
458.18713020134084	192.0
458.98892880065245	194.73076923076923
465.12436695947554	197.46153846153845
465.1882726732026	200.19230769230768
469.88906745486537	202.9230769230769
472.33025401413744	205.65384615384613
474.46025013997235	208.38461538461536
474.4947291321836	211.11538461538458
474.9471874180164	213.8461538461538
480.6483129637236	216.57692307692304
480.82926141997416	219.30769230769226
481.1485877145045	222.0384615384615
487.58530065424765	224.76923076923072
487.6516604226218	227.49999999999994
488.18006431260955	230.23076923076917
489.5632740404561	232.9615384615384
489.8472137762007	235.69230769230762
491.97968011855426	238.42307692307685
501.1684291533343	241.15384615384608
501.1837360077378	243.8846153846153
501.3496293599872	246.61538461538453
501.4564761440178	249.34615384615375
502.33194032493174	252.07692307692298
512.4270605685191	254.8076923076922
514.1420655586551	257.53846153846143
514.3066663404093	260.26923076923066
515.1541675032225	263.0
522.4771073645901	260.1923076923077
524.7794927682669	257.38461538461536
524.9356861105744	254.57692307692304
525.1725320075385	251.76923076923072
525.4571927069331	248.9615384615384
536.181607884496	246.15384615384608
536.188400964133	243.34615384615375
542.2533691098656	240.53846153846143
542.2566338462282	237.7307692307691
543.0542245332083	234.9230769230768
550.6465559600529	232.11538461538447
552.7684812525422	229.30769230769215
552.8294736972132	226.49999999999983
553.676194921658	223.6923076923075
561.582722778248	220.8846153846152
561.6875322091049	218.07692307692287
561.8322019850546	215.26923076923055
562.3899519625858	212.46153846153823
564.5253971984862	209.6538461538459
575.7430354347144	206.84615384615358
578.7505443828746	204.03846153846126
578.752774209421	201.23076923076894
579.5426685019506	198.42307692307662
586.7083748399277	195.6153846153843
589.8035296299631	192.80769230769198
590.0	190.0
