98.0	190.0
102.27821829534875	192.96153846153845
102.39317804640142	195.9230769230769
102.41189660771246	198.88461538461536
102.44299678132056	201.8461538461538
104.95848488423432	204.80769230769226
107.24278378774794	207.76923076923072
109.55575786444493	210.73076923076917
119.72093318362045	213.69230769230762
122.05517971949202	216.65384615384608
124.51616908757985	219.61538461538453
126.90735014517944	222.57692307692298
127.04907081765107	225.53846153846143
127.51109491300464	228.4999999999999
134.17356777380502	231.46153846153834
136.98866061833462	234.4230769230768
137.1160224533137	237.38461538461524
141.74449946310853	240.3461538461537
141.75422164223565	243.30769230769215
147.2152134001602	246.2692307692306
149.38103829887703	249.23076923076906
151.6876428450799	252.1923076923075
154.16684730352102	255.15384615384596
154.23512594570585	258.1153846153844
154.59195869718013	261.07692307692287
155.71654646894228	264.0384615384613
156.7886684089032	267.0
157.37032905150994	264.15384615384613
168.3022643654822	261.30769230769226
168.46382028477137	258.4615384615384
169.3474016167969	255.61538461538456
170.08479961407843	252.76923076923072
171.74093633501778	249.92307692307688
171.7984417940141	247.07692307692304
172.46544085599078	244.2307692307692
185.2031260950933	241.38461538461536
185.28081392364524	238.53846153846152
185.94586266445575	235.69230769230768
187.3297808775685	232.84615384615384
188.71434070634064	230.0
190.12129030010436	227.15384615384616
190.34898113619016	224.30769230769232
201.6131478772677	221.46153846153848
203.56813315186616	218.61538461538464
203.73191669174787	215.7692307692308
204.23577495933205	212.92307692307696
204.43423261997089	210.07692307692312
206.43267240688613	207.23076923076928
215.89402596532548	204.38461538461544
215.90274421163772	201.5384615384616
216.5703563915856	198.69230769230776
217.8337756388929	195.84615384615392
219.2856577087873	193.0
220.54138826761053	211.07692307692307
222.454582580413	229.15384615384613
242.171952227093	247.2307692307692
242.18986095003348	265.30769230769226
242.92008165352792	283.38461538461536
256.60666254752806	301.46153846153845
256.7115388559843	319.53846153846155
266.5656015911838	337.61538461538464
271.4131390299969	355.69230769230774
275.3409313154286	373.76923076923083
280.7760167365945	391.8461538461539
280.9128438289045	409.923076923077
281.0225311361074	428.0000000000001
295.820300672991	446.0769230769232
295.9308036414933	464.1538461538463
297.3923923216046	482.2307692307694
309.35912836784934	500.3076923076925
309.7645160485161	518.3846153846156
310.4034941457333	536.4615384615387
312.0534524197833	554.5384615384618
315.16286814137527	572.6153846153849
315.71777046874064	590.692307692308
338.8725675639141	608.7692307692311
338.9476614428148	626.8461538461542
348.45458818461145	644.9230769230772
353.28290469675244	663.0
353.3030111419597	644.8846153846154
361.7172177260708	626.7692307692307
366.59831137444866	608.6538461538461
370.4011294505186	590.5384615384614
370.46647577497777	572.4230769230768
372.0278330729863	554.3076923076922
374.11848561275383	536.1923076923075
387.23859935265614	518.0769230769229
387.2420922317417	499.9615384615382
395.8468232275515	481.8461538461536
395.93067996294405	463.73076923076894
403.133237615321	445.6153846153843
403.13876432368806	427.49999999999966
412.5725105636358	409.384615384615
416.0260186955746	391.2692307692304
420.9583036719069	373.15384615384573
421.03910636147646	355.0384615384611
429.40914526218415	336.92307692307645
433.77568773644634	318.8076923076918
433.78125688578046	300.69230769230717
434.6703153363398	282.5769230769225
434.92516147361454	264.4615384615379
450.2413616435051	246.34615384615327
454.71823490462117	228.23076923076866
454.72468452448305	210.11538461538404
455.70240259221356	192.0
463.09988047488997	194.73076923076923
465.56225960177136	197.46153846153845
467.5794861419506	200.19230769230768
469.66132831127044	202.9230769230769
471.673195740331	205.65384615384613
471.87214363177674	208.38461538461536
472.17434995471496	211.11538461538458
478.40168720892694	213.8461538461538
478.4144490141344	216.57692307692304
483.39263692669317	219.30769230769226
485.18856689156144	222.0384615384615
487.9209638680318	224.76923076923072
487.93623760862863	227.49999999999994
491.81821933043847	230.23076923076917
491.9199146490936	232.9615384615384
492.2071501730288	235.69230769230762
493.0474238611153	238.42307692307685
494.49513616896627	241.15384615384608
494.8830129066272	243.8846153846153
496.53095167322385	246.61538461538453
496.8252236653853	249.34615384615375
509.77884733687705	252.07692307692298
509.8886086473888	254.8076923076922
514.2687914854002	257.53846153846143
516.324990341062	260.26923076923066
519.5935660151296	263.0
519.6435081856857	260.1923076923077
519.9819426627662	257.38461538461536
520.9957429619886	254.57692307692304
522.6694535472327	251.76923076923072
533.5289828313105	248.9615384615384
535.9291932575334	246.15384615384608
539.4325569579007	243.34615384615375
541.7203445305108	240.53846153846143
541.815682442278	237.7307692307691
546.9985989506553	234.9230769230768
549.8387877342559	232.11538461538447
553.2553886936936	229.30769230769215
553.2876267317715	226.49999999999983
558.4910165647124	223.6923076923075
558.5914726401131	220.8846153846152
559.2854422400053	218.07692307692287
567.2450970902394	215.26923076923055
567.279842473287	212.46153846153823
567.5408015856924	209.6538461538459
575.2436946328339	206.84615384615358
575.2573082249344	204.03846153846126
581.0204827701674	201.23076923076894
581.0501554629699	198.42307692307662
586.7912422293557	195.6153846153843
589.6706415750126	192.80769230769198
590.0	190.0
