98.0	190.0
102.48773220613079	192.96153846153845
104.89329329493616	195.9230769230769
105.01113149675317	198.88461538461536
105.52465124678906	201.8461538461538
106.1508689378205	204.80769230769226
115.15971912760682	207.76923076923072
115.17307698519026	210.73076923076917
120.0971182875594	213.69230769230762
121.86637897018423	216.65384615384608
121.9094113265281	219.61538461538453
126.87835863820719	222.57692307692298
126.95937958552429	225.53846153846143
127.70066872602766	228.4999999999999
128.80702152423277	231.46153846153834
137.34925572132175	234.4230769230768
139.25273214473728	237.38461538461524
142.143309770167	240.3461538461537
144.54723877947038	243.30769230769215
146.87706510365797	246.2692307692306
149.3585885577856	249.23076923076906
151.8902312488771	252.1923076923075
151.95327648835269	255.15384615384596
156.42571037317106	258.1153846153844
159.25216520011807	261.07692307692287
159.33697167962208	264.0384615384613
163.972292049568	267.0
166.64548153428683	264.15384615384613
168.3062518926221	261.30769230769226
168.40599881340032	258.4615384615384
173.5921872878657	255.61538461538456
176.00761253819843	252.76923076923072
177.82615925276593	249.92307692307688
177.95752551965091	247.07692307692304
178.3226840685268	244.2307692307692
178.83088512396512	241.38461538461536
179.67311296306664	238.53846153846152
189.42655693831395	235.69230769230768
192.13857907359704	232.84615384615384
192.23535796642457	230.0
196.75922781042462	227.15384615384616
198.98113016811027	224.30769230769232
199.07053556661373	221.46153846153848
199.9662565919307	218.61538461538464
205.88415787100826	215.7692307692308
208.20643844719473	212.92307692307696
211.12394662784166	210.07692307692312
213.24342641172038	207.23076923076928
215.78141231803895	204.38461538461544
215.7952368208562	201.5384615384616
215.9787958000628	198.69230769230776
216.2050579127509	195.84615384615392
217.79747841679136	193.0
231.69106572160848	211.07692307692307
237.062752765728	229.15384615384613
237.1659600636331	247.2307692307692
238.00859611509435	265.30769230769226
251.13657351542733	283.38461538461536
256.5709848916366	301.46153846153845
256.76441592793725	319.53846153846155
258.16566013215123	337.61538461538464
271.45255530345224	355.69230769230774
271.5131700613887	373.76923076923083
271.98652496939707	391.8461538461539
285.5244585842429	409.923076923077
290.0654053173409	428.0000000000001
295.7260099121108	446.0769230769232
295.8056480341045	464.1538461538463
296.6185318048967	482.2307692307694
299.25447352568403	500.3076923076925
314.2750575144949	518.3846153846156
314.331190953814	536.4615384615387
324.3741242411268	554.5384615384618
324.4426393108313	572.6153846153849
335.21005356216887	590.692307692308
335.2525701875482	608.7692307692311
343.6249984878919	626.8461538461542
349.3622321256618	644.9230769230772
349.4957374408239	663.0
357.9497412000636	644.8846153846154
361.56256031479256	626.7692307692307
365.4807576475603	608.6538461538461
369.8122222517034	590.5384615384614
369.86306468074156	572.4230769230768
378.21676188880855	554.3076923076922
382.8344286608786	536.1923076923075
386.3950341712239	518.0769230769229
390.76418055566904	499.9615384615382
390.90466385994176	481.8461538461536
399.9805876646329	463.73076923076894
404.04975407203733	445.6153846153843
408.19674097777846	427.49999999999966
412.73875607404113	409.384615384615
416.3680952887572	391.2692307692304
419.99219014100726	373.15384615384573
420.14443209511205	355.0384615384611
420.6739789905901	336.92307692307645
422.07233612581143	318.8076923076918
436.6567803665209	300.69230769230717
442.10185532345224	282.5769230769225
442.11173534906095	264.4615384615379
442.23099859712596	246.34615384615327
453.4316969261545	228.23076923076866
453.43548512391567	210.11538461538404
460.7444266702908	192.0
460.9055772202817	194.73076923076923
461.34562339902516	197.46153846153845
467.672485056935	200.19230769230768
467.75068554573096	202.9230769230769
471.76975432085345	205.65384615384613
474.55362477724793	208.38461538461536
476.2546675440204	211.11538461538458
478.59680685904306	213.8461538461538
478.74513994011016	216.57692307692304
479.10998585081205	219.30769230769226
479.71695742843826	222.0384615384615
481.1843394672961	224.76923076923072
482.04225841599543	227.49999999999994
483.47723323951095	230.23076923076917
494.67957259480477	232.9615384615384
496.490766086285	235.69230769230762
496.6150490774308	238.42307692307685
501.1839339415756	241.15384615384608
502.9698813454962	243.8846153846153
505.38070527578157	246.61538461538453
505.49365762523473	249.34615384615375
506.0357902804379	252.07692307692298
511.97594765015094	254.8076923076922
512.0285363319271	257.53846153846143
512.5914711152064	260.26923076923066
513.4818233468088	263.0
515.454874835602	260.1923076923077
515.9995409022326	257.38461538461536
528.0554021902938	254.57692307692304
528.0852781668309	251.76923076923072
533.0623901063813	248.9615384615384
533.194666314413	246.15384615384608
538.9745312164416	243.34615384615375
541.7051542898338	240.53846153846143
544.515181937906	237.7307692307691
544.5950773989518	234.9230769230768
545.2422764931408	232.11538461538447
553.3560446026916	229.30769230769215
555.8796127814926	226.49999999999983
555.9888041892514	223.6923076923075
556.0657512772538	220.8846153846152
556.6102128183103	218.07692307692287
566.6511786059626	215.26923076923055
569.5063921093271	212.46153846153823
572.5868486751327	209.6538461538459
572.7084612774981	206.84615384615358
577.9060584695907	204.03846153846126
581.3141400678278	201.23076923076894
583.7824068533504	198.42307692307662
586.4420709257715	195.6153846153843
586.5506818780185	192.80769230769198
590.0	190.0
