98.0	190.0
102.81387214516499	192.96153846153845
105.14281747445793	195.9230769230769
105.22119294753739	198.88461538461536
105.39311663264064	201.8461538461538
105.54826952158137	204.80769230769226
106.40143093723997	207.76923076923072
117.6613696096214	210.73076923076917
117.66271308021985	213.69230769230762
118.38103957033988	216.65384615384608
119.06266975294069	219.61538461538453
126.7579948421405	222.57692307692298
126.82048305891286	225.53846153846143
127.04960044395875	228.4999999999999
128.3529810827993	231.46153846153834
137.15691415532763	234.4230769230768
137.18211206696247	237.38461538461524
142.28212745489316	240.3461538461537
142.28874133082917	243.30769230769215
146.71785273317454	246.2692307692306
146.76073368790108	249.23076923076906
147.06327713878093	252.1923076923075
154.53616339988253	255.15384615384596
156.60581878221396	258.1153846153844
158.83136622346916	261.07692307692287
161.5161508905024	264.0384615384613
163.91131434883857	267.0
166.53011682626675	264.15384615384613
168.88587619727585	261.30769230769226
170.63533056701814	258.4615384615384
173.34046422787142	255.61538461538456
173.3632901282562	252.76923076923072
178.25300510613488	249.92307692307688
178.26370922909643	247.07692307692304
182.76191697161477	244.2307692307692
182.77489903934955	241.38461538461536
187.32898823022666	238.53846153846152
187.3913183502716	235.69230769230768
187.92008733756518	232.84615384615384
189.18582222153773	230.0
196.85638044228713	227.15384615384616
196.94971189998918	224.30769230769232
201.79347757119095	221.46153846153848
201.82131425360208	218.61538461538464
201.87292034587972	215.7692307692308
202.96078485504214	212.92307692307696
211.25503100149163	210.07692307692312
212.96945442719806	207.23076923076928
215.3498494098443	204.38461538461544
215.45145207249394	201.5384615384616
220.47394574136	198.69230769230776
222.64086257376277	195.84615384615392
226.70398704553602	193.0
232.07262443552105	211.07692307692307
232.24267395657893	229.15384615384613
242.1167405493515	247.2307692307692
242.149783164282	265.30769230769226
242.90347217827872	283.38461538461536
257.11982157952235	301.46153846153845
257.12565948515476	319.53846153846155
258.5771889242544	337.61538461538464
271.32406088387836	355.69230769230774
271.44758599055535	373.76923076923083
272.0374027685016	391.8461538461539
274.17909727511693	409.923076923077
290.6427996108922	428.0000000000001
295.3768385013833	446.0769230769232
295.6484042795586	464.1538461538463
304.41796506566	482.2307692307694
304.86884827571737	500.3076923076925
305.9597754457376	518.3846153846156
309.21834854143316	536.4615384615387
309.6157781707261	554.5384615384618
329.18818401850115	572.6153846153849
334.93352408499055	590.692307692308
334.94615618264345	608.7692307692311
335.3378853572624	626.8461538461542
349.5060758171068	644.9230769230772
353.8965834878875	663.0
353.9307016146998	644.8846153846154
354.15832897619225	626.7692307692307
356.8328684384526	608.6538461538461
369.80804787301963	590.5384615384614
374.10515606967493	572.4230769230768
374.3269152047606	554.3076923076922
382.45000317298496	536.1923076923075
386.86507692275546	518.0769230769229
391.03121914147334	499.9615384615382
391.31240739605016	481.8461538461536
399.3187818662513	463.73076923076894
403.78357718519	445.6153846153843
407.3118851678377	427.49999999999966
412.70205836635006	409.384615384615
412.7091842367779	391.2692307692304
414.1563850194939	373.15384615384573
416.27737783192254	355.0384615384611
416.8727448834288	336.92307692307645
432.8937989751909	318.8076923076918
437.9020722753616	300.69230769230717
437.93423987692995	282.5769230769225
438.3941766847088	264.4615384615379
449.3741817181767	246.34615384615327
449.63318015822085	228.23076923076866
458.6550653987061	210.11538461538404
458.7577645675363	192.0
459.0974833998315	194.73076923076923
465.0748320402277	197.46153846153845
465.1324873332124	200.19230769230768
469.6716557121959	202.9230769230769
471.822056452929	205.65384615384613
474.0627320503265	208.38461538461536
474.1108271583608	211.11538461538458
474.74438964025956	213.8461538461538
476.1209309684881	216.57692307692304
483.1211739089856	219.30769230769226
483.1522323783478	222.0384615384615
487.48322867997604	224.76923076923072
487.58584758797605	227.49999999999994
491.9998416595971	230.23076923076917
492.00356117362287	232.9615384615384
496.66051347777557	235.69230769230762
498.46452465726077	238.42307692307685
498.5577852776236	241.15384615384608
498.72818439413714	243.8846153846153
499.7647832647785	246.61538461538453
501.38652560511355	249.34615384615375
503.6053939148838	252.07692307692298
512.5172470809667	254.8076923076922
514.4673619540475	257.53846153846143
516.9544515500897	260.26923076923066
516.9579130358019	263.0
522.1835728029033	260.1923076923077
522.23166544304	257.38461538461536
527.968945368779	254.57692307692304
528.014667842138	251.76923076923072
533.4668647024455	248.9615384615384
533.571036583627	246.15384615384608
533.9171165312829	243.34615384615375
534.4146337926203	240.53846153846143
536.3257109651387	237.7307692307691
539.2400016473246	234.9230769230768
541.7150279194724	232.11538461538447
542.6059266844321	229.30769230769215
555.5919766827371	226.49999999999983
555.7795584826251	223.6923076923075
555.8291106586814	220.8846153846152
556.5977364982185	218.07692307692287
559.0493063190859	215.26923076923055
569.7943287835479	212.46153846153823
569.8840177968074	209.6538461538459
575.8814074831922	206.84615384615358
577.9846352415958	204.03846153846126
581.2315869028882	201.23076923076894
584.2173905941692	198.42307692307662
584.2202103500576	195.6153846153843
584.8945718404273	192.80769230769198
590.0	190.0
