98.0	190.0
98.01587237444306	192.96153846153845
98.40426185211354	195.9230769230769
107.31676923582712	198.88461538461536
110.22300948329891	201.8461538461538
112.04638639706454	204.80769230769226
112.07065166920798	207.76923076923072
112.62190830067681	210.73076923076917
112.95884148397685	213.69230769230762
114.06766533370147	216.65384615384608
124.54845296583362	219.61538461538453
124.59521904912123	222.57692307692298
125.42079960694718	225.53846153846143
131.8161958967964	228.4999999999999
131.89444943489025	231.46153846153834
132.19446840113454	234.4230769230768
139.4083901428375	237.38461538461524
141.82568937791766	240.3461538461537
141.91294325324404	243.30769230769215
142.0238084509992	246.2692307692306
143.62140150142804	249.23076923076906
151.34246045623698	252.1923076923075
154.09197440333438	255.15384615384596
154.19573590403797	258.1153846153844
154.68004323751686	261.07692307692287
161.9241390505416	264.0384615384613
163.92360325920936	267.0
164.0296324366669	264.15384615384613
168.36379858726283	261.30769230769226
171.02136498220446	258.4615384615384
171.11889241569182	255.61538461538456
171.7342014493247	252.76923076923072
178.07372103483237	249.92307692307688
180.59477096883037	247.07692307692304
182.8560465066103	244.2307692307692
184.95603373646864	241.38461538461536
185.08971914546385	238.53846153846152
185.40821188267043	235.69230769230768
186.35052921935568	232.84615384615384
194.16605761376337	230.0
196.48374942487976	227.15384615384616
198.7976813649152	224.30769230769232
198.85161483638242	221.46153846153848
204.22042073165204	218.61538461538464
204.22203969688152	215.7692307692308
204.31960127423744	212.92307692307696
210.82189718888282	210.07692307692312
212.91807490941076	207.23076923076928
212.963039587978	204.38461538461544
213.10831218288914	201.5384615384616
220.57350425450727	198.69230769230776
220.59282679266752	195.84615384615392
220.98168782954124	193.0
232.01830191797737	211.07692307692307
237.17483455036046	229.15384615384613
242.08463338591113	247.2307692307692
246.98732503391957	265.30769230769226
251.34597842070423	283.38461538461536
251.48749722764202	301.46153846153845
252.28741598841592	319.53846153846155
266.96129976173273	337.61538461538464
266.9613553744565	355.69230769230774
268.4247760726949	373.76923076923083
281.0669590103957	391.8461538461539
281.22728175769896	409.923076923077
291.25253685945717	428.0000000000001
296.05545701337996	446.0769230769232
299.73764014327304	464.1538461538463
305.53910999213537	482.2307692307694
310.83002699959917	500.3076923076925
314.748866964759	518.3846153846156
315.0282802660272	536.4615384615387
315.9531796587429	554.5384615384618
317.2762242584591	572.6153846153849
334.6104241096437	590.692307692308
334.854147953118	608.7692307692311
345.0418621784993	626.8461538461542
345.0524444892257	644.9230769230772
352.8587227411244	663.0
357.306995488144	644.8846153846154
361.9715224627744	626.7692307692307
366.205460940575	608.6538461538461
370.74556503249215	590.5384615384614
370.78193010428004	572.4230769230768
371.56922419694683	554.3076923076922
382.1770989490251	536.1923076923075
382.5090893286605	518.0769230769229
382.622872519718	499.9615384615382
394.7994550573631	481.8461538461536
394.97081691213236	463.73076923076894
403.2921597247498	445.6153846153843
403.5121305669231	427.49999999999966
404.916648013278	409.384615384615
416.29797915941947	391.2692307692304
420.0342485979051	373.15384615384573
420.3047338673603	355.0384615384611
429.64954170646257	336.92307692307645
432.9184247134132	318.8076923076918
437.8895674856159	300.69230769230717
441.93081985202485	282.5769230769225
441.96812526392375	264.4615384615379
442.49628526402205	246.34615384615327
454.1333827071746	228.23076923076866
458.4519933818795	210.11538461538404
458.5883920981048	192.0
463.0625656772181	194.73076923076923
463.1089262071308	197.46153846153845
463.12366570185304	200.19230769230768
469.8435956399247	202.9230769230769
472.18153197619597	205.65384615384613
474.4482456497339	208.38461538461536
476.5927843468153	211.11538461538458
476.62483273935425	213.8461538461538
480.83118162779715	216.57692307692304
482.8030856782958	219.30769230769226
482.9375605414711	222.0384615384615
483.15462692979116	224.76923076923072
490.0781607298919	227.49999999999994
490.12894805874595	230.23076923076917
490.64424016847096	232.9615384615384
496.31541096401645	235.69230769230762
496.42710688375075	238.42307692307685
500.9085477750614	241.15384615384608
500.9788425146809	243.8846153846153
505.4673682498971	246.61538461538453
505.58504548440044	249.34615384615375
506.3976251200118	252.07692307692298
507.02011378581534	254.8076923076922
514.1461038395931	257.53846153846143
516.360374374689	260.26923076923066
516.5593252752458	263.0
516.7427865653415	260.1923076923077
524.8690012495749	257.38461538461536
527.5907933847061	254.57692307692304
527.7222853743376	251.76923076923072
533.8248864583722	248.9615384615384
536.4205216062671	246.15384615384608
539.2107752755453	243.34615384615375
541.9493309790017	240.53846153846143
544.9185194447297	237.7307692307691
544.958654567559	234.9230769230768
545.4755800642542	232.11538461538447
552.7187747940595	229.30769230769215
552.8218746014023	226.49999999999983
552.909693507467	223.6923076923075
553.6727858682605	220.8846153846152
554.2872550438752	218.07692307692287
566.6554125230823	215.26923076923055
566.8626416647634	212.46153846153823
567.1202488471617	209.6538461538459
568.8069268378218	206.84615384615358
570.21642842407	204.03846153846126
570.5807226184343	201.23076923076894
573.6531712764863	198.42307692307662
575.1426148417413	195.6153846153843
577.7502293358701	192.80769230769198
590.0	190.0
