98.0	190.0
102.68687421612296	192.96153846153845
102.72771049737901	195.9230769230769
107.21919882247643	198.88461538461536
109.55644738756345	201.8461538461538
112.46574429934537	204.80769230769226
112.50188310614762	207.76923076923072
112.65568201649198	210.73076923076917
119.40030315811921	213.69230769230762
119.4548832272583	216.65384615384608
120.1974881539263	219.61538461538453
121.52921472025541	222.57692307692298
129.43414471969032	225.53846153846143
129.5798651817701	228.4999999999999
134.29435506446697	231.46153846153834
136.61216810391556	234.4230769230768
136.76036333762647	237.38461538461524
142.05812317435348	240.3461538461537
144.3904778665795	243.30769230769215
146.58989749449373	246.2692307692306
149.2459852374804	249.23076923076906
149.29113761686418	252.1923076923075
149.60892008551318	255.15384615384596
150.1256939338925	258.1153846153844
159.35659578060447	261.07692307692287
159.41184089407423	264.0384615384613
163.81591058171136	267.0
166.0807299500471	264.15384615384613
168.9602101389735	261.30769230769226
168.98439205338735	258.4615384615384
173.09509778465082	255.61538461538456
175.87637284948744	252.76923076923072
177.79629348102122	249.92307692307688
180.7618056723219	247.07692307692304
182.8052732913781	244.2307692307692
184.6945597519994	241.38461538461536
187.18980670113143	238.53846153846152
187.20517114915748	235.69230769230768
187.55177610623906	232.84615384615384
187.84174986127942	230.0
190.05660479998545	227.15384615384616
199.5326661743828	224.30769230769232
201.4012725370669	221.46153846153848
203.65537222430288	218.61538461538464
203.73037719833118	215.7692307692308
204.01430209601537	212.92307692307696
204.7781041037333	210.07692307692312
213.33152668892816	207.23076923076928
215.3292970690063	204.38461538461544
215.42986051088695	201.5384615384616
215.44895240507745	198.69230769230776
216.65293632285926	195.84615384615392
216.84201348534455	193.0
232.1859556676215	211.07692307692307
236.22432122173123	229.15384615384613
241.16855657390403	247.2307692307692
241.33552354973324	265.30769230769226
242.72907957492606	283.38461538461536
244.60832822636445	301.46153846153845
246.51347103732778	319.53846153846155
249.29607348907612	337.61538461538464
251.14577213449488	355.69230769230774
256.2594844822865	373.76923076923083
261.9876184927348	391.8461538461539
285.15704109005304	409.923076923077
285.550686921929	428.0000000000001
286.00659395952334	446.0769230769232
300.16027750145224	464.1538461538463
305.50877350109795	482.2307692307694
305.6102661822346	500.3076923076925
315.50746700589684	518.3846153846156
315.55728241941245	536.4615384615387
315.76510633635445	554.5384615384618
330.36954179635114	572.6153846153849
335.16239039186155	590.692307692308
339.69043854736634	608.7692307692311
339.73062966583353	626.8461538461542
340.6582112521966	644.9230769230772
354.16962539266535	663.0
354.1753521286514	644.8846153846154
361.7436806581401	626.7692307692307
361.9177381077303	608.6538461538461
369.96656656021486	590.5384615384614
370.1510453890245	572.4230769230768
378.0026420055842	554.3076923076922
382.7308669631031	536.1923076923075
382.94774261861835	518.0769230769229
383.8945567223737	499.9615384615382
384.68108008583766	481.8461538461536
384.76182680410955	463.73076923076894
404.3530588098289	445.6153846153843
408.38033552926146	427.49999999999966
408.3866101295167	409.384615384615
415.80136600189365	391.2692307692304
416.1202239935473	373.15384615384573
424.4956341891858	355.0384615384611
428.877173290423	336.92307692307645
433.1229347889853	318.8076923076918
438.0159849938069	300.69230769230717
442.0109967142482	282.5769230769225
442.06279221810206	264.4615384615379
443.2003800670717	246.34615384615327
454.3908336790776	228.23076923076866
454.4454848227868	210.11538461538404
460.868493083879	192.0
463.22918584191945	194.73076923076923
465.3264808899029	197.46153846153845
465.38391852586284	200.19230769230768
469.82177764203647	202.9230769230769
471.91259248226214	205.65384615384613
471.95769766866874	208.38461538461536
476.7009275220789	211.11538461538458
478.8439263449551	213.8461538461538
478.85424733761977	216.57692307692304
479.619469176537	219.30769230769226
485.27565024148873	222.0384615384615
487.7316499590068	224.76923076923072
487.7694459793569	227.49999999999994
487.9500201812948	230.23076923076917
488.9298909257226	232.9615384615384
496.7283444089961	235.69230769230762
496.78990063804974	238.42307692307685
497.51322232990526	241.15384615384608
503.5651413405819	243.8846153846153
505.2998690770413	246.61538461538453
505.42816086072224	249.34615384615375
510.2501010271531	252.07692307692298
512.2294558369509	254.8076923076922
514.5592863593517	257.53846153846143
514.5848135336653	260.26923076923066
515.0232088374511	263.0
515.6341681626299	260.1923076923077
525.1780676092396	257.38461538461536
528.0287788753602	254.57692307692304
530.4961563804665	251.76923076923072
530.5668533435347	248.9615384615384
531.224872136228	246.15384615384608
538.8569032814901	243.34615384615375
538.8915716174126	240.53846153846143
544.3324964370366	237.7307692307691
544.341609185992	234.9230769230768
544.6224003536572	232.11538461538447
553.4116696336118	229.30769230769215
553.4134174595387	226.49999999999983
558.2330490010621	223.6923076923075
561.2684738906707	220.8846153846152
564.3355894743152	218.07692307692287
567.4383742587524	215.26923076923055
567.4487531988975	212.46153846153823
568.0942282769091	209.6538461538459
569.0009187903282	206.84615384615358
578.1383916278726	204.03846153846126
580.8334757277187	201.23076923076894
583.6222355427061	198.42307692307662
586.2653120645348	195.6153846153843
586.5434448732336	192.80769230769198
590.0	190.0
