98.0	190.0
98.38962681953204	192.96153846153845
105.14737132199794	195.9230769230769
107.61944070925736	198.88461538461536
109.64157850358151	201.8461538461538
109.7024246815013	204.80769230769226
110.69251770636602	207.76923076923072
112.1185064040782	210.73076923076917
119.89122095873974	213.69230769230762
119.96565812464438	216.65384615384608
124.29480524213515	219.61538461538453
126.76723840961253	222.57692307692298
126.89338673816414	225.53846153846143
131.81547176822906	228.4999999999999
134.55893476398714	231.46153846153834
134.61531260762976	234.4230769230768
139.44253853418112	237.38461538461524
139.4603913612962	240.3461538461537
140.08272792868257	243.30769230769215
141.21262718391762	246.2692307692306
141.9012601277236	249.23076923076906
143.47788338860698	252.1923076923075
154.37681218834297	255.15384615384596
154.45116544913418	258.1153846153844
154.66658267363584	261.07692307692287
154.79161712064987	264.0384615384613
164.23986380591296	267.0
164.2648431711922	264.15384615384613
164.38757379026964	261.30769230769226
165.0316043538938	258.4615384615384
165.0663336183956	255.61538461538456
175.53122148526873	252.76923076923072
175.59747419830205	249.92307692307688
176.2362475863138	247.07692307692304
176.8267760265189	244.2307692307692
185.26053529722307	241.38461538461536
187.1684870452312	238.53846153846152
189.78508421789022	235.69230769230768
189.88026715228034	232.84615384615384
194.40764788673698	230.0
196.6790501376235	227.15384615384616
199.1260111698316	224.30769230769232
199.18722080160563	221.46153846153848
199.46611902890876	218.61538461538464
200.7525972193121	215.7692307692308
201.8414394346198	212.92307692307696
201.97924550021	210.07692307692312
204.38949219247232	207.23076923076928
206.81127605770757	204.38461538461544
207.40993285320866	201.5384615384616
209.67957823893144	198.69230769230776
222.9678628073943	195.84615384615392
227.6533192172456	193.0
227.69558160995425	211.07692307692307
227.97474197648626	229.15384615384613
241.97257471873803	247.2307692307692
242.09047064974317	265.30769230769226
242.85250064507258	283.38461538461536
244.47050014412096	301.46153846153845
248.6158729968578	319.53846153846155
266.41418461312	337.61538461538464
270.80733615542096	355.69230769230774
270.83269130003987	373.76923076923083
271.9232019906019	391.8461538461539
272.13294177330437	409.923076923077
272.22304536734583	428.0000000000001
295.8718218960591	446.0769230769232
299.91483304152223	464.1538461538463
300.3101937531638	482.2307692307694
310.07800262852317	500.3076923076925
310.25655768662597	518.3846153846156
311.41737053579556	536.4615384615387
313.1767030300556	554.5384615384618
330.0136374814063	572.6153846153849
330.0977287652055	590.692307692308
330.25531216933626	608.7692307692311
343.7799987990405	626.8461538461542
348.9939339763226	644.9230769230772
349.1192652230689	663.0
349.3067458797485	644.8846153846154
361.8695797155096	626.7692307692307
361.9643537234108	608.6538461538461
369.63079889667506	590.5384615384614
370.00917980308685	572.4230769230768
370.63010574526527	554.3076923076922
371.0962889234554	536.1923076923075
386.56187696669133	518.0769230769229
390.5691406083644	499.9615384615382
394.97282938036756	481.8461538461536
400.09794831150293	463.73076923076894
403.53869269563575	445.6153846153843
403.7054149224609	427.49999999999966
412.4110776511123	409.384615384615
416.62899181354817	391.2692307692304
420.49347837312	373.15384615384573
420.6993054263778	355.0384615384611
428.73213039448063	336.92307692307645
429.0214433346452	318.8076923076918
429.59381681677286	300.69230769230717
441.34663484065754	282.5769230769225
445.07757485394137	264.4615384615379
445.14056356721164	246.34615384615327
445.1708249851758	228.23076923076866
446.91888095894177	210.11538461538404
449.383885784425	192.0
463.0808140034034	194.73076923076923
465.095906166369	197.46153846153845
465.2534399967947	200.19230769230768
469.9708213149229	202.9230769230769
470.0092610264271	205.65384615384613
470.4582650105765	208.38461538461536
476.6872196223946	211.11538461538458
476.68786627837085	213.8461538461538
476.8690443078105	216.57692307692304
483.52564132151997	219.30769230769226
485.1564013880037	222.0384615384615
487.9296175852172	224.76923076923072
490.2146359956695	227.49999999999994
490.21669365906996	230.23076923076917
490.62316572543614	232.9615384615384
491.8900221965943	235.69230769230762
492.3107643724868	238.42307692307685
494.1787795137426	241.15384615384608
503.5893750055399	243.8846153846153
503.5965294433705	246.61538461538453
508.05158379108394	249.34615384615375
508.05176294832233	252.07692307692298
511.911712997146	254.8076923076922
514.4230878895299	257.53846153846143
514.4501899205796	260.26923076923066
519.1851866134396	263.0
522.5817084373318	260.1923076923077
524.9189161632261	257.38461538461536
528.037948738914	254.57692307692304
528.0925637580784	251.76923076923072
528.3646007718462	248.9615384615384
528.5324219077086	246.15384615384608
539.4603243523038	243.34615384615375
539.460441913119	240.53846153846143
544.4128279430029	237.7307692307691
547.2893053092929	234.9230769230768
550.0458448846892	232.11538461538447
550.1313540774175	229.30769230769215
555.4831066027513	226.49999999999983
555.5358545057968	223.6923076923075
561.0931512231012	220.8846153846152
561.3627115244217	218.07692307692287
561.6273932296491	215.26923076923055
570.3353326046572	212.46153846153823
572.4267103676469	209.6538461538459
575.6621010931582	206.84615384615358
575.7454283204773	204.03846153846126
581.0239990541016	201.23076923076894
584.041465941096	198.42307692307662
584.1511459258204	195.6153846153843
589.2217805752688	192.80769230769198
590.0	190.0
