98.0	190.0
102.37367523745536	192.96153846153845
104.93062472587978	195.9230769230769
107.4312624879429	198.88461538461536
109.95545237718605	201.8461538461538
110.02933518332831	204.80769230769226
114.94091118301884	207.76923076923072
114.96072154438247	210.73076923076917
119.89145341418016	213.69230769230762
121.81661539589653	216.65384615384608
124.45479137982947	219.61538461538453
126.89260913217953	222.57692307692298
126.92336540989423	225.53846153846143
127.15147532244256	228.4999999999999
134.57812604979122	231.46153846153834
137.15260956903387	234.4230769230768
139.75541814950367	237.38461538461524
139.7593440251602	240.3461538461537
144.3809843852889	243.30769230769215
144.48766832253654	246.2692307692306
144.69979455686138	249.23076923076906
151.4354629788026	252.1923076923075
151.64166714217998	255.15384615384596
156.73353745529786	258.1153846153844
159.21007452518595	261.07692307692287
159.24671891172	264.0384615384613
159.33065005946335	267.0
159.34783163472	264.15384615384613
168.70465235006316	261.30769230769226
170.99955474125778	258.4615384615384
171.05166171795167	255.61538461538456
175.66412290173184	252.76923076923072
178.11710444049623	249.92307692307688
180.4576078436567	247.07692307692304
183.08300238137414	244.2307692307692
184.8152462300656	241.38461538461536
187.71810847771016	238.53846153846152
189.47229965368618	235.69230769230768
191.83116790191363	232.84615384615384
192.04553330535552	230.0
192.4571051695725	227.15384615384616
198.87489271467103	224.30769230769232
201.71075359028063	221.46153846153848
203.71347275115463	218.61538461538464
203.85813264474638	215.7692307692308
208.31011543881291	212.92307692307696
211.11715164615492	210.07692307692312
211.14649134002048	207.23076923076928
211.62913218567536	204.38461538461544
218.00704674372534	201.5384615384616
220.55456390034328	198.69230769230776
222.32901652350148	195.84615384615392
222.50351485174107	193.0
222.6887027498848	211.07692307692307
236.97759359365472	229.15384615384613
241.18121913442266	247.2307692307692
241.2814606240085	265.30769230769226
251.35281353278594	283.38461538461536
256.7681857997278	301.46153846153845
261.4064287339271	319.53846153846155
265.4881605009855	337.61538461538464
270.3794364638303	355.69230769230774
275.37973200125	373.76923076923083
280.9968969056895	391.8461538461539
285.32638880227387	409.923076923077
290.2749742668655	428.0000000000001
290.43019950375304	446.0769230769232
299.6468499310578	464.1538461538463
305.449864275088	482.2307692307694
310.23634125427327	500.3076923076925
314.33057930847065	518.3846153846156
314.7280974358891	536.4615384615387
315.9466977972292	554.5384615384618
329.0300064438011	572.6153846153849
335.30672023318334	590.692307692308
338.87310317714184	608.7692307692311
344.578630497588	626.8461538461542
349.8759516746924	644.9230769230772
349.8914904974131	663.0
350.684564610961	644.8846153846154
361.33155903552534	626.7692307692307
361.52153381804055	608.6538461538461
362.35581665551103	590.5384615384614
364.54939855628027	572.4230769230768
378.9135791744158	554.3076923076922
382.588201243489	536.1923076923075
386.56696023523557	518.0769230769229
390.81098341076535	499.9615384615382
390.9641430188268	481.8461538461536
392.6737247491112	463.73076923076894
394.46436157706154	445.6153846153843
408.23519232495863	427.49999999999966
411.5395511049723	409.384615384615
411.94179268165675	391.2692307692304
419.9608858955001	373.15384615384573
420.15056857422076	355.0384615384611
428.7310051670113	336.92307692307645
428.7818667849825	318.8076923076918
430.27233077194313	300.69230769230717
441.26674922123425	282.5769230769225
446.2895270496873	264.4615384615379
449.5911513315983	246.34615384615327
449.7000245726188	228.23076923076866
450.40688786171427	210.11538461538404
451.2872687392438	192.0
452.72933931348837	194.73076923076923
454.6695813169988	197.46153846153845
467.6139904357843	200.19230769230768
467.6436642200387	202.9230769230769
468.1714744175021	205.65384615384613
468.81382534418657	208.38461538461536
476.8336270978221	211.11538461538458
476.8359065362918	213.8461538461538
480.6882808983645	216.57692307692304
483.0590285954966	219.30769230769226
483.19285844883586	222.0384615384615
483.61758729536916	224.76923076923072
489.56401577562696	227.49999999999994
489.7755742448736	230.23076923076917
490.58746307268456	232.9615384615384
496.70745504255996	235.69230769230762
496.71460202186125	238.42307692307685
497.4995590385828	241.15384615384608
503.3965940139978	243.8846153846153
505.8294050689262	246.61538461538453
507.46609920074326	249.34615384615375
510.15028066063593	252.07692307692298
510.1665017348386	254.8076923076922
514.694417972858	257.53846153846143
516.9940251518822	260.26923076923066
519.7907502213508	263.0
521.8138946873255	260.1923076923077
521.9671528208413	257.38461538461536
527.8948096766215	254.57692307692304
530.8323960573509	251.76923076923072
533.6139873584883	248.9615384615384
533.6737971783887	246.15384615384608
533.96055747982	243.34615384615375
535.4234692545402	240.53846153846143
536.5353721642662	237.7307692307691
537.43803992621	234.9230769230768
550.429354984203	232.11538461538447
550.4987967973806	229.30769230769215
555.5205406085231	226.49999999999983
555.6035175080591	223.6923076923075
556.7056046688078	220.8846153846152
563.8748008834435	218.07692307692287
564.0293124612182	215.26923076923055
570.2179341247555	212.46153846153823
570.2604553871387	209.6538461538459
570.7556452873204	206.84615384615358
578.6803250370419	204.03846153846126
580.8846857181984	201.23076923076894
580.9611262438934	198.42307692307662
581.6246995735034	195.6153846153843
581.9772172365675	192.80769230769198
590.0	190.0
