98.0	190.0
102.89291720068368	192.96153846153845
102.89519649034449	195.9230769230769
103.34461957772898	198.88461538461536
109.64938797918205	201.8461538461538
109.77445305644629	204.80769230769226
115.07568099732516	207.76923076923072
115.11257428530577	210.73076923076917
115.37138893790193	213.69230769230762
122.38488169905963	216.65384615384608
122.4276860252509	219.61538461538453
127.220938793812	222.57692307692298
127.29138454460853	225.53846153846143
131.862671620152	228.4999999999999
132.02563673500185	231.46153846153834
132.38064520109373	234.4230769230768
132.65092907350044	237.38461538461524
133.71995159470973	240.3461538461537
136.07480694668118	243.30769230769215
147.13270178418597	246.2692307692306
147.16452563536288	249.23076923076906
151.74888535612487	252.1923076923075
151.82134675275813	255.15384615384596
156.87316867530953	258.1153846153844
158.75414274929722	261.07692307692287
158.9109000713234	264.0384615384613
159.76555724832352	267.0
160.48519477437432	264.15384615384613
162.34855630849884	261.30769230769226
170.97431865358863	258.4615384615384
173.46705529278398	255.61538461538456
173.51074358552285	252.76923076923072
177.98091829837782	249.92307692307688
178.04228782287143	247.07692307692304
182.45832518155166	244.2307692307692
182.48233151056294	241.38461538461536
187.52272806195418	238.53846153846152
189.55865420315214	235.69230769230768
189.56882877044202	232.84615384615384
190.37246530695526	230.0
196.54830434578815	227.15384615384616
198.9227120484745	224.30769230769232
201.85471119163068	221.46153846153848
201.8595213120128	218.61538461538464
201.86971608959024	215.7692307692308
208.7396613011766	212.92307692307696
208.78695481736722	210.07692307692312
208.8899288679053	207.23076923076928
215.36975731532445	204.38461538461544
217.84091723474296	201.5384615384616
217.94920702343597	198.69230769230776
218.6611109065513	195.84615384615392
219.54900048809964	193.0
220.09289367866543	211.07692307692307
236.26156893403518	229.15384615384613
241.2733708446501	247.2307692307692
246.77556786722823	265.30769230769226
251.57783780144138	283.38461538461536
256.63429885591364	301.46153846153845
256.7496794859148	319.53846153846155
257.8493192683721	337.61538461538464
271.7323659258428	355.69230769230774
271.7505017207505	373.76923076923083
280.87282667865327	391.8461538461539
281.0938237885005	409.923076923077
281.2063558828955	428.0000000000001
295.89815839640136	446.0769230769232
295.9419373194656	464.1538461538463
306.03753092441593	482.2307692307694
310.12278629887106	500.3076923076925
310.31550717751753	518.3846153846156
320.3811701316854	536.4615384615387
324.7729237502196	554.5384615384618
324.888596383827	572.6153846153849
325.6178056903104	590.692307692308
327.3915936326186	608.7692307692311
343.9800640599257	626.8461538461542
349.87521688057234	644.9230769230772
349.90799790028603	663.0
350.14611192580907	644.8846153846154
361.90508617467765	626.7692307692307
365.9852885121005	608.6538461538461
366.02798509471705	590.5384615384614
367.20791907884126	572.4230769230768
367.5790381472557	554.3076923076922
382.46754603339303	536.1923076923075
382.79334440648057	518.0769230769229
390.5404636952143	499.9615384615382
395.51860274935285	481.8461538461536
399.6604879752985	463.73076923076894
404.4708139226114	445.6153846153843
407.80674476476867	427.49999999999966
412.2367600524803	409.384615384615
415.70022707515466	391.2692307692304
416.05418617540556	373.15384615384573
416.82816271242626	355.0384615384611
428.6752943112573	336.92307692307645
428.8622913630291	318.8076923076918
430.1658700077249	300.69230769230717
432.4993832972904	282.5769230769225
446.11528258218897	264.4615384615379
449.5284139736135	246.34615384615327
449.53544139001275	228.23076923076866
458.80036299310774	210.11538461538404
458.8093533553431	192.0
459.34163752262066	194.73076923076923
465.4087197646885	197.46153846153845
465.4379244984409	200.19230769230768
465.730320451561	202.9230769230769
465.7426415137741	205.65384615384613
466.67914288970985	208.38461538461536
468.4874304646374	211.11538461538458
468.7343015082772	213.8461538461538
472.086818696149	216.57692307692304
482.91012324855916	219.30769230769226
485.02638119708047	222.0384615384615
485.190644595796	224.76923076923072
489.70224671666404	227.49999999999994
489.7166451169374	230.23076923076917
494.5001736938939	232.9615384615384
496.18669738272797	235.69230769230762
496.38862691595745	238.42307692307685
501.05142099013824	241.15384615384608
501.05543985904643	243.8846153846153
501.2870561749458	246.61538461538453
507.66237036605077	249.34615384615375
509.87326876128816	252.07692307692298
509.9307448212713	254.8076923076922
514.6791427059064	257.53846153846143
514.7030358534765	260.26923076923066
519.3701884982019	263.0
519.4050003272185	260.1923076923077
520.2919754401314	257.38461538461536
520.338385131069	254.57692307692304
521.6354837404771	251.76923076923072
533.0588641339565	248.9615384615384
536.6038452156558	246.15384615384608
536.6083201393465	243.34615384615375
541.9732208801747	240.53846153846143
542.0501520470016	237.7307692307691
542.4025199662826	234.9230769230768
543.5187517366282	232.11538461538447
544.0798106632552	229.30769230769215
555.8078502140925	226.49999999999983
558.9985731052675	223.6923076923075
559.0232976714008	220.8846153846152
559.5112622441038	218.07692307692287
567.1064438697351	215.26923076923055
570.0466195878925	212.46153846153823
573.0685466565726	209.6538461538459
573.0930585176258	206.84615384615358
578.3243899097864	204.03846153846126
581.0938213689097	201.23076923076894
583.7842539162654	198.42307692307662
583.8131586129109	195.6153846153843
583.9249781376496	192.80769230769198
590.0	190.0
