98.0	190.0
102.35546268007388	192.96153846153845
105.30156183158213	195.9230769230769
105.32068758138286	198.88461538461536
106.0644017970705	201.8461538461538
106.60763472818971	204.80769230769226
107.0773339266668	207.76923076923072
107.91253391769564	210.73076923076917
110.71531273825396	213.69230769230762
122.45813405161206	216.65384615384608
124.68456909373057	219.61538461538453
127.50968457193292	222.57692307692298
127.51925344726311	225.53846153846143
132.41499161216237	228.4999999999999
132.43007089071858	231.46153846153834
137.18250982086377	234.4230769230768
137.24574913156715	237.38461538461524
137.98893905864963	240.3461538461537
139.08748230353842	243.30769230769215
140.89563616621896	246.2692307692306
141.0054154959017	249.23076923076906
142.43888224928776	252.1923076923075
144.24285800823793	255.15384615384596
156.7296603094795	258.1153846153844
158.92141688136016	261.07692307692287
161.8397419335292	264.0384615384613
161.8852390420359	267.0
162.4261787845138	264.15384615384613
163.15675676652552	261.30769230769226
164.92540596875133	258.4615384615384
173.56657631099122	255.61538461538456
173.57527512625728	252.76923076923072
173.7092138775186	249.92307692307688
174.18694372583815	247.07692307692304
182.97931214038027	244.2307692307692
183.00912542160745	241.38461538461536
183.43985005691852	238.53846153846152
189.4667412277717	235.69230769230768
191.77371083576332	232.84615384615384
191.87207170735232	230.0
197.02980020033877	227.15384615384616
197.07820207191764	224.30769230769232
201.77227124213016	221.46153846153848
201.78892120426048	218.61538461538464
206.00568059362047	215.7692307692308
206.16289358330744	212.92307692307696
206.93473983209324	210.07692307692312
206.9738079289317	207.23076923076928
215.87941329444277	204.38461538461544
218.2747470045346	201.5384615384616
220.31441979723124	198.69230769230776
222.50048705944263	195.84615384615392
222.5708349981912	193.0
232.53811076741218	211.07692307692307
232.5858152854246	229.15384615384613
233.01452373487413	247.2307692307692
233.3727205741788	265.30769230769226
251.78762255243527	283.38461538461536
251.86870774503095	301.46153846153845
261.16336703096533	319.53846153846155
261.27827065285226	337.61538461538464
262.8518303921451	355.69230769230774
275.5206202091217	373.76923076923083
275.750103954393	391.8461538461539
276.9775169687273	409.923076923077
289.81414595980505	428.0000000000001
295.774962642129	446.0769230769232
295.85291915423653	464.1538461538463
304.9781699981706	482.2307692307694
305.30787350721783	500.3076923076925
305.41066419550754	518.3846153846156
320.67382406098244	536.4615384615387
325.3372278696525	554.5384615384618
329.81898092757865	572.6153846153849
333.97179847903834	590.692307692308
339.1467905352441	608.7692307692311
339.2701196867594	626.8461538461542
349.6206243857001	644.9230769230772
349.7397244430587	663.0
350.92042488800263	644.8846153846154
361.52665411184427	626.7692307692307
361.58907634904267	608.6538461538461
361.9320079130025	590.5384615384614
374.4623625763701	572.4230769230768
378.6032010425111	554.3076923076922
378.6485286932884	536.1923076923075
387.3920324760717	518.0769230769229
391.6995500843486	499.9615384615382
396.03464909417187	481.8461538461536
396.04472610832926	463.73076923076894
396.8688003063375	445.6153846153843
407.3119830922508	427.49999999999966
407.7196978731724	409.384615384615
416.31133706001424	391.2692307692304
416.3315927322994	373.15384615384573
424.722343140489	355.0384615384611
424.9114315408362	336.92307692307645
425.28988439418356	318.8076923076918
425.81594726267406	300.69230769230717
441.76819347395127	282.5769230769225
441.8221955727685	264.4615384615379
442.16011854815423	246.34615384615327
444.35443093487237	228.23076923076866
445.1834728237231	210.11538461538404
460.68260615751313	192.0
460.6868271036338	194.73076923076923
465.4409715239275	197.46153846153845
465.51043920694076	200.19230769230768
465.8626807663962	202.9230769230769
466.44694609240594	205.65384615384613
474.5069541097397	208.38461538461536
476.69727033670375	211.11538461538458
479.0341344258169	213.8461538461538
479.0410485668697	216.57692307692304
483.0116832997783	219.30769230769226
485.06399600354706	222.0384615384615
487.9040631879319	224.76923076923072
489.8802215016738	227.49999999999994
491.8197711316838	230.23076923076917
494.16521514510015	232.9615384615384
496.2401803464603	235.69230769230762
498.41199490174586	238.42307692307685
501.25195690850654	241.15384615384608
501.2604775869181	243.8846153846153
505.6660675824202	246.61538461538453
505.71896756336076	249.34615384615375
509.6586567702264	252.07692307692298
512.4566438002635	254.8076923076922
514.6945508131356	257.53846153846143
514.708227870403	260.26923076923066
514.9896415881051	263.0
516.3342460423468	260.1923076923077
524.6661269411034	257.38461538461536
527.6894116125371	254.57692307692304
530.7509577380107	251.76923076923072
530.770620922374	248.9615384615384
531.24625903599	246.15384615384608
538.6639690984323	243.34615384615375
542.0943275950285	240.53846153846143
544.6663822182308	237.7307692307691
547.0591638660455	234.9230769230768
547.1376428904027	232.11538461538447
547.2778995485488	229.30769230769215
555.4254085733925	226.49999999999983
555.5642208410683	223.6923076923075
561.2482937962783	220.8846153846152
561.2578284854297	218.07692307692287
561.5220990906578	215.26923076923055
569.6062825082987	212.46153846153823
572.9114233321283	209.6538461538459
572.989353601473	206.84615384615358
578.0106019244279	204.03846153846126
578.0844344773825	201.23076923076894
578.8954489068565	198.42307692307662
586.5311337360484	195.6153846153843
586.7151483635249	192.80769230769198
590.0	190.0
