98.0	190.0
102.38427306638013	192.96153846153845
105.17641244889214	195.9230769230769
105.21513177560131	198.88461538461536
110.2310337140908	201.8461538461538
112.57907489312345	204.80769230769226
114.78222240633555	207.76923076923072
117.04939623468523	210.73076923076917
117.2053533077963	213.69230769230762
122.59077365356589	216.65384615384608
124.80810389636554	219.61538461538453
127.09854223481611	222.57692307692298
129.86646917838058	225.53846153846143
129.88872954079218	228.4999999999999
134.81256723292654	231.46153846153834
134.82117125201583	234.4230769230768
139.80697423083217	237.38461538461524
142.19909558207445	240.3461538461537
144.0289262306418	243.30769230769215
144.08547037931615	246.2692307692306
144.7718818586094	249.23076923076906
152.09355288472466	252.1923076923075
152.09570589370483	255.15384615384596
152.6318132310168	258.1153846153844
153.2377618524115	261.07692307692287
161.48745189118435	264.0384615384613
164.0267569784928	267.0
166.6922850868623	264.15384615384613
168.69927463021517	261.30769230769226
170.86006967272007	258.4615384615384
173.0774306351874	255.61538461538456
175.87249460327115	252.76923076923072
177.6455684860393	249.92307692307688
180.63411263658443	247.07692307692304
180.64018705284153	244.2307692307692
184.9603268097051	241.38461538461536
184.98737501364675	238.53846153846152
185.87814625162127	235.69230769230768
186.7845181086041	232.84615384615384
194.14365057956434	230.0
194.31371994079757	227.15384615384616
195.23380481283698	224.30769230769232
196.5346214789809	221.46153846153848
197.3189370158877	218.61538461538464
205.79900320368816	215.7692307692308
208.56266761819472	212.92307692307696
210.9803068208472	210.07692307692312
213.25482963885756	207.23076923076928
215.197692416394	204.38461538461544
215.2025370713865	201.5384615384616
219.9466344291142	198.69230769230776
222.84011449615346	195.84615384615392
222.87951009517977	193.0
224.4961412074033	211.07692307692307
237.34733603695295	229.15384615384613
241.75061218103826	247.2307692307692
241.77665766117696	265.30769230769226
251.4969189310165	283.38461538461536
251.52791822840086	301.46153846153845
252.9618105287655	319.53846153846155
265.64841512629636	337.61538461538464
265.96795346091017	355.69230769230774
266.8520272567787	373.76923076923083
269.8183594351398	391.8461538461539
270.6912422754916	409.923076923077
275.12314027067987	428.0000000000001
279.4142819677906	446.0769230769232
299.59849419651005	464.1538461538463
299.63725921164377	482.2307692307694
300.20537837056	500.3076923076925
301.4246155517066	518.3846153846156
302.75492207962554	536.4615384615387
307.22446103564494	554.5384615384618
307.3387818465172	572.6153846153849
334.03058865512065	590.692307692308
334.29527165485166	608.7692307692311
344.06865519830484	626.8461538461542
348.9282112130923	644.9230769230772
348.94358139238716	663.0
358.1508901817593	644.8846153846154
361.90118005611305	626.7692307692307
366.1471921327593	608.6538461538461
366.29325441696625	590.5384615384614
373.76014231293874	572.4230769230768
374.05988934985794	554.3076923076922
382.4107360003515	536.1923076923075
387.3979136700051	518.0769230769229
390.73158179299725	499.9615384615382
391.0634547299731	481.8461538461536
391.190922791517	463.73076923076894
393.204814659432	445.6153846153843
394.4440518363267	427.49999999999966
395.9126218921013	409.384615384615
398.99358303889056	391.2692307692304
402.46305748149337	373.15384615384573
424.19637659867783	355.0384615384611
424.33659923014875	336.92307692307645
433.32578826355746	318.8076923076918
433.336599143388	300.69230769230717
434.4699529073007	282.5769230769225
445.66235784569596	264.4615384615379
449.67675026655695	246.34615384615327
453.84160929151454	228.23076923076866
458.0788853205579	210.11538461538404
458.1109733920544	192.0
462.93146374679856	194.73076923076923
465.6196606989335	197.46153846153845
467.2967051176443	200.19230769230768
467.3751056467955	202.9230769230769
471.97072834629006	205.65384615384613
473.9733757090834	208.38461538461536
474.12508023732096	211.11538461538458
474.9977179059152	213.8461538461538
476.1835887883543	216.57692307692304
483.4762484349825	219.30769230769226
483.4791012777266	222.0384615384615
487.6359430184672	224.76923076923072
487.72011074140545	227.49999999999994
492.22564969927106	230.23076923076917
492.2773279956044	232.9615384615384
492.6739915445629	235.69230769230762
498.876956731077	238.42307692307685
498.8865816426357	241.15384615384608
503.60550657105955	243.8846153846153
505.1248415573141	246.61538461538453
505.34212800701465	249.34615384615375
506.1731756626201	252.07692307692298
507.03553644322756	254.8076923076922
514.0316835028864	257.53846153846143
516.335673671611	260.26923076923066
519.1448144654772	263.0
519.2809639301269	260.1923076923077
524.7365625167314	257.38461538461536
527.4112701212981	254.57692307692304
530.2111577135933	251.76923076923072
530.3782998192286	248.9615384615384
536.4269620699492	246.15384615384608
536.4773680925863	243.34615384615375
541.6060761422547	240.53846153846143
541.6969886441384	237.7307692307691
541.9887591450333	234.9230769230768
542.6194501599731	232.11538461538447
552.6843616926773	229.30769230769215
555.4236894939982	226.49999999999983
558.8965027745065	223.6923076923075
561.0119505297386	220.8846153846152
561.0951596020165	218.07692307692287
567.3061818948798	215.26923076923055
569.7785302435441	212.46153846153823
569.7843138930641	209.6538461538459
570.3126042926218	206.84615384615358
571.702523056515	204.03846153846126
571.7267499333874	201.23076923076894
584.1911324476617	198.42307692307662
584.2030268374012	195.6153846153843
585.195529878553	192.80769230769198
590.0	190.0
