98.0	190.0
102.5945564079511	192.96153846153845
105.19063929821354	195.9230769230769
105.24712363051812	198.88461538461536
105.69378779881848	201.8461538461538
112.27319706780577	204.80769230769226
112.34153143427847	207.76923076923072
112.54545479600476	210.73076923076917
119.65095200697799	213.69230769230762
119.76434139034795	216.65384615384608
124.45733862487654	219.61538461538453
127.16637060931487	222.57692307692298
129.1915218103883	225.53846153846143
129.28688436754373	228.4999999999999
129.90146523615053	231.46153846153834
137.28683276413116	234.4230769230768
139.0760087682688	237.38461538461524
139.2037496863265	240.3461538461537
144.50679393829571	243.30769230769215
146.96195159842506	246.2692307692306
146.9861977511302	249.23076923076906
147.0175478908179	252.1923076923075
153.99093042961098	255.15384615384596
156.814872979148	258.1153846153844
156.84449123236018	261.07692307692287
161.45901292135707	264.0384615384613
161.52680095023922	267.0
161.58301377123658	264.15384615384613
163.23202369882446	261.30769230769226
164.1554015821264	258.4615384615384
173.64289372866733	255.61538461538456
173.6431173666258	252.76923076923072
174.079487180519	249.92307692307688
180.13944353433246	247.07692307692304
182.4391740979103	244.2307692307692
184.9640530626418	241.38461538461536
184.9780909700798	238.53846153846152
185.46561435094094	235.69230769230768
192.34343564948597	232.84615384615384
192.383876302858	230.0
192.77929046285425	227.15384615384616
199.10648932902188	224.30769230769232
199.2102780618466	221.46153846153848
204.14855161321037	218.61538461538464
204.16847580771488	215.7692307692308
208.57133547840291	212.92307692307696
208.64878652636995	210.07692307692312
213.5628259977074	207.23076923076928
215.77015116631102	204.38461538461544
215.79054678992762	201.5384615384616
216.5001048889124	198.69230769230776
217.77530699782756	195.84615384615392
218.58018068177228	193.0
220.12731044110853	211.07692307692307
221.91340403936263	229.15384615384613
240.98526259318928	247.2307692307692
241.13820751820478	265.30769230769226
241.33765648755377	283.38461538461536
255.60156865312595	301.46153846153845
260.7595027861021	319.53846153846155
265.5591652632153	337.61538461538464
265.65504727622425	355.69230769230774
276.6764403471852	373.76923076923083
276.6808995981002	391.8461538461539
278.1753368293439	409.923076923077
290.7752806781876	428.0000000000001
295.2681259454522	446.0769230769232
299.96937776047525	464.1538461538463
304.4457176617525	482.2307692307694
310.0797112101974	500.3076923076925
314.95848083312484	518.3846153846156
315.0912526628125	536.4615384615387
325.2922797976608	554.5384615384618
325.3396063218601	572.6153846153849
326.0350157855889	590.692307692308
338.8747357797748	608.7692307692311
344.90427385289325	626.8461538461542
349.9785875794773	644.9230769230772
353.27790021184404	663.0
353.3074428825409	644.8846153846154
354.7304034940169	626.7692307692307
355.4791046120735	608.6538461538461
357.8232538150031	590.5384615384614
358.38844795487773	572.4230769230768
378.47654303080935	554.3076923076922
383.4421955118263	536.1923076923075
386.7501236272996	518.0769230769229
390.79411126222664	499.9615384615382
390.8191878779367	481.8461538461536
399.10265724246943	463.73076923076894
403.7635253952206	445.6153846153843
403.9366370693895	427.49999999999966
405.13219464176075	409.384615384615
415.749020553924	391.2692307692304
415.8024374629867	373.15384615384573
415.86277519711734	355.0384615384611
429.41642605218533	336.92307692307645
433.0783755288013	318.8076923076918
436.9307428665335	300.69230769230717
441.6061033412987	282.5769230769225
446.2650445785254	264.4615384615379
449.3385553750874	246.34615384615327
454.79561805129885	228.23076923076866
458.7516018421639	210.11538461538404
458.7769849908405	192.0
463.12965520068275	194.73076923076923
465.03262069129926	197.46153846153845
465.22562150317634	200.19230769230768
469.98958731517286	202.9230769230769
469.9913315567459	205.65384615384613
470.1696341727101	208.38461538461536
470.28995590374024	211.11538461538458
478.6472538245831	213.8461538461538
478.68971713219247	216.57692307692304
479.3820297388813	219.30769230769226
480.0683859137082	222.0384615384615
481.3339335082676	224.76923076923072
482.38538219607403	227.49999999999994
491.9350424733673	230.23076923076917
491.9918619649034	232.9615384615384
492.41905933809664	235.69230769230762
492.83896233538684	238.42307692307685
501.014372948127	241.15384615384608
501.1004029560581	243.8846153846153
501.78926436770604	246.61538461538453
502.6301382588294	249.34615384615375
509.59487180053065	252.07692307692298
512.424408543367	254.8076923076922
514.119418427201	257.53846153846143
514.2396899916598	260.26923076923066
519.3492800578026	263.0
519.3752130547803	260.1923076923077
520.0768290064184	257.38461538461536
527.9995352633028	254.57692307692304
530.719590800388	251.76923076923072
532.974827473237	248.9615384615384
536.3642267898812	246.15384615384608
536.3780645810668	243.34615384615375
536.84965398281	240.53846153846143
544.1467050545689	237.7307692307691
547.0525472887446	234.9230769230768
547.0927962570787	232.11538461538447
547.2409334171139	229.30769230769215
555.9881514528533	226.49999999999983
558.266145357552	223.6923076923075
560.9877100501712	220.8846153846152
561.0893054094755	218.07692307692287
567.127261284932	215.26923076923055
570.2068311469578	212.46153846153823
572.8337768627088	209.6538461538459
572.8849709968782	206.84615384615358
573.3996051154515	204.03846153846126
574.5822845657297	201.23076923076894
576.632851130022	198.42307692307662
577.5206537172486	195.6153846153843
589.2742411050652	192.80769230769198
590.0	190.0
