83.0	187.0
87.60045100814702	200.03846153846155
90.11677187835626	213.0769230769231
92.61014940485218	226.11538461538464
95.07909687588771	239.1538461538462
97.71260234231183	252.19230769230774
100.44351783891528	265.2307692307693
102.55847487889682	278.26923076923083
102.59787310057023	291.3076923076924
108.04756974201807	304.3461538461539
108.15712856905901	317.3846153846155
108.95005059759869	330.423076923077
109.10327333772396	343.46153846153857
110.071901256357	356.5000000000001
111.40640928993155	369.53846153846166
112.6290292452347	382.5769230769232
125.67483374132438	395.61538461538476
127.91025056435262	408.6538461538463
130.58384847567388	421.69230769230785
133.1649464449276	434.7307692307694
133.21210678842283	447.76923076923094
138.62644870079103	460.8076923076925
141.0625287078758	473.84615384615404
143.83835229755962	486.8846153846156
145.75192962061374	499.92307692307713
145.86646974984822	512.9615384615387
145.9333373566545	526.0
153.69298350148196	517.9230769230769
153.83473945221874	509.8461538461538
154.5881887557984	501.7692307692307
161.60880144169113	493.6923076923076
161.69930231026422	485.6153846153845
162.0610872899473	477.53846153846143
163.41256518344522	469.46153846153834
163.7624244779537	461.38461538461524
174.29639973370385	453.30769230769215
177.18175365067881	445.23076923076906
177.1828585688686	437.15384615384596
177.9588166542551	429.07692307692287
185.05947581598969	420.9999999999998
187.56442821641525	412.9230769230767
187.5936640025481	404.8461538461536
188.16304451913692	396.7692307692305
194.66656512474194	388.6923076923074
197.83927691255306	380.6153846153843
197.87549398355816	372.5384615384612
202.8401345861589	364.4615384615381
202.89567303991177	356.384615384615
208.21220161755846	348.3076923076919
210.2136214778191	340.23076923076883
213.14184900159046	332.15384615384573
213.1481449561368	324.07692307692264
213.8546702751226	316.0
221.92633301814323	324.2307692307692
222.1563813510665	332.46153846153845
229.3059171854231	340.6923076923077
232.77413899457784	348.9230769230769
236.72134016319188	357.15384615384613
239.91189738735054	365.38461538461536
242.61666635078387	373.6153846153846
242.81449693809085	381.8461538461538
244.08596648125936	390.07692307692304
253.1706798146429	398.30769230769226
256.59101336753986	406.5384615384615
256.6581738306029	414.7692307692307
263.6255933606006	422.99999999999994
263.63956955499714	431.23076923076917
271.3406579310388	439.4615384615384
271.3496254839229	447.6923076923076
278.0845363588524	455.92307692307685
281.11343127324494	464.1538461538461
281.17920375636646	472.3846153846153
282.28687992583275	480.6153846153845
283.2556827217998	488.84615384615375
285.45014259627703	497.076923076923
298.35572491980287	505.3076923076922
298.5380614878491	513.5384615384614
299.49149422359176	521.7692307692307
301.0197277809671	530.0
301.736359778994	522.1923076923077
313.95054649589946	514.3846153846155
316.6234955609964	506.57692307692315
316.64499104573093	498.76923076923083
321.9786690437502	490.9615384615385
322.1048562807975	483.1538461538462
327.1244009476136	475.34615384615387
330.12904382544446	467.53846153846155
333.12945702802614	459.7307692307692
333.14745956676626	451.9230769230769
333.60151975640355	444.1153846153846
340.9721614838637	436.30769230769226
343.96565093673615	428.49999999999994
346.66695055301466	420.6923076923076
348.84749450159677	412.8846153846153
351.76567720246953	405.076923076923
354.24459105582764	397.26923076923066
357.8713196957136	389.46153846153834
357.87159452697364	381.653846153846
358.2256173121383	373.8461538461537
365.43803234138943	366.0384615384614
365.5280333096405	358.23076923076906
366.1036837679555	350.42307692307674
367.6340449423322	342.6153846153844
368.2930911301755	334.8076923076921
370.8615371710696	327.0
373.9744791582062	334.46153846153845
375.0798195484657	341.9230769230769
392.89279989484027	349.38461538461536
393.0710081008837	356.8461538461538
401.47772809906047	364.30769230769226
405.977813224322	371.7692307692307
411.2495249828597	379.23076923076917
411.3164412978668	386.6923076923076
418.68717560897966	394.1538461538461
418.88632839596755	401.6153846153845
428.1547342689844	409.076923076923
432.75487705923365	416.53846153846143
436.988119656454	423.9999999999999
440.7670207566431	431.46153846153834
441.0244644371571	438.9230769230768
449.68470836075073	446.38461538461524
453.43557158780914	453.8461538461537
457.49102538276054	461.30769230769215
457.61354642763047	468.7692307692306
466.1630638270151	476.23076923076906
471.7371797390174	483.6923076923075
471.74404996490165	491.15384615384596
472.1148049174131	498.6153846153844
483.87006812077885	506.07692307692287
487.87094981194315	513.5384615384613
491.1804491777613	521.0
491.3274729818951	508.4230769230769
491.82515440281736	495.8461538461538
500.1205216232798	483.2692307692307
502.87081331774266	470.6923076923076
502.91091636721546	458.1153846153845
503.3343548530635	445.53846153846143
510.6787398479618	432.96153846153834
513.8663718296064	420.38461538461524
516.6694198760415	407.80769230769215
516.798833976319	395.23076923076906
517.6598582410738	382.65384615384596
518.1206128722793	370.07692307692287
527.8712687443691	357.4999999999998
527.9778428986222	344.9230769230767
528.7483471551895	332.3461538461536
529.615547843173	319.7692307692305
539.1558828434704	307.1923076923074
539.1999902198795	294.6153846153843
540.1972217495181	282.0384615384612
540.2637890323834	269.4615384615381
541.0811484286302	256.884615384615
552.7684281440021	244.30769230769195
552.778051785616	231.73076923076889
552.9469248069823	219.15384615384582
561.4092079577997	206.57692307692275
562.0	194.0
