83.0	187.0
87.44013698702564	200.03846153846155
87.45684290175421	213.0769230769231
88.4692367089656	226.11538461538464
95.57310023754337	239.1538461538462
95.57892606459008	252.19230769230774
95.64355630306558	265.2307692307693
96.50875796393578	278.26923076923083
98.2983722159607	291.3076923076924
99.50969058620079	304.3461538461539
110.74961043730602	317.3846153846155
112.82252687846172	330.423076923077
115.50236045333317	343.46153846153857
115.51541203590763	356.5000000000001
116.02661213882294	369.53846153846166
122.89327762236456	382.5769230769232
123.03993846288196	395.61538461538476
123.10980909075872	408.6538461538463
124.10420131891262	421.69230769230785
133.56343653172297	434.7307692307694
133.5787076447934	447.76923076923094
134.47386327737325	460.8076923076925
135.91239447005384	473.84615384615404
137.24478885274874	486.8846153846156
138.6157278344834	499.92307692307713
148.65654929710323	512.9615384615387
148.69496764090206	526.0
149.52292059868176	517.9230769230769
156.29015313439805	509.8461538461538
159.2950825621578	501.7692307692307
161.45515099515922	493.6923076923076
161.56709882845712	485.6153846153845
166.9961977521149	477.53846153846143
169.2885413070451	469.46153846153834
171.43268537833185	461.38461538461524
174.62659120896154	453.30769230769215
177.2769747390244	445.23076923076906
177.28630276164824	437.15384615384596
181.95338248439919	429.07692307692287
181.96034572373668	420.9999999999998
182.69500527321142	412.9230769230767
190.10507226930164	404.8461538461536
192.3520751326882	396.7692307692305
195.1469516366447	388.6923076923074
197.67110330824028	380.6153846153843
200.03220683501547	372.5384615384612
203.0886664972985	364.4615384615381
203.09615964991386	356.384615384615
203.58663446394158	348.3076923076919
204.73139401932517	340.23076923076883
204.84139363253553	332.15384615384573
206.17740028446184	324.07692307692264
218.64591832002006	316.0
218.83210561112926	324.2307692307692
225.40287785015704	332.46153846153845
229.8050045669627	340.6923076923077
229.80829632431946	348.9230769230769
236.75059594559218	357.15384615384613
240.11832100634945	365.38461538461536
240.1195370862136	373.6153846153846
246.84653044745798	381.8461538461538
249.50995939505006	390.07692307692304
253.07929051023478	398.30769230769226
256.5717292839431	406.5384615384615
256.6511378291459	414.7692307692307
257.30345625525547	422.99999999999994
267.67733193384703	431.23076923076917
267.72449350612357	439.4615384615384
268.3200743182712	447.6923076923076
270.15502393983763	455.92307692307685
280.9700928834112	464.1538461538461
284.6316801627058	472.3846153846153
288.3104687168327	480.6153846153845
288.42978294621497	488.84615384615375
289.1310931696892	497.076923076923
298.7878153302337	505.3076923076922
298.8564291021756	513.5384615384614
305.014859971462	521.7692307692307
305.2576490528558	530.0
305.5741946722139	522.1923076923077
313.40353515451693	514.3846153846155
316.80530219880524	506.57692307692315
316.83728468415484	498.76923076923083
317.6323594307969	490.9615384615385
319.0018831879292	483.1538461538462
327.4668334942979	475.34615384615387
327.52712868029624	467.53846153846155
328.4248157184717	459.7307692307692
329.4149203325947	451.9230769230769
331.3975830964734	444.1153846153846
340.6995177605397	436.30769230769226
343.7365537888068	428.49999999999994
346.85404505360805	420.6923076923076
349.34270804038783	412.8846153846153
352.213737662412	405.076923076923
352.26799171145444	397.26923076923066
352.76594573364474	389.46153846153834
359.8704393115147	381.653846153846
360.0486766588787	373.8461538461537
360.76392027985236	366.0384615384614
368.5435089816783	358.23076923076906
370.9486491096656	350.42307692307674
371.0456475150179	342.6153846153844
376.10508248888345	334.8076923076921
376.33957534813163	327.0
385.4648360866598	334.46153846153845
385.4921124931244	341.9230769230769
386.6793817448586	349.38461538461536
397.6109829621987	356.8461538461538
397.84061002771756	364.30769230769226
398.51139402211373	371.7692307692307
398.7396085438176	379.23076923076917
414.55146048378003	386.6923076923076
419.0800115611331	394.1538461538461
419.26293601545945	401.6153846153845
420.4231492602321	409.076923076923
431.71645530134714	416.53846153846143
431.8121630025366	423.9999999999999
433.16947889671565	431.46153846153834
435.3402180921803	438.9230769230768
449.61369214772765	446.38461538461524
449.73492810677516	453.8461538461537
450.1976272308422	461.30769230769215
461.94596881513024	468.7692307692306
462.23256460632166	476.23076923076906
463.0540881599276	483.6923076923075
475.777899055976	491.15384615384596
479.0912356476615	498.6153846153844
484.48070846667804	506.07692307692287
488.4928247241286	513.5384615384613
488.58724412427995	521.0
488.82254630998256	508.4230769230769
497.38976712993895	495.8461538461538
497.39544200515115	483.2692307692307
497.67337182360717	470.6923076923076
504.9283081836965	458.1153846153845
505.1426221578008	445.53846153846143
505.5542661913251	432.96153846153834
513.821221250855	420.38461538461524
513.8455555114209	407.80769230769215
518.9517494014362	395.23076923076906
519.0978550907138	382.65384615384596
519.7619676508767	370.07692307692287
528.0682466592884	357.4999999999998
528.0742587542929	344.9230769230767
528.7924979291266	332.3461538461536
529.2578244461658	319.7692307692305
531.6766163162139	307.1923076923074
541.5320104018753	294.6153846153843
541.5529115835859	282.0384615384612
547.8620178730881	269.4615384615381
547.8697769661765	256.884615384615
553.3436797169186	244.30769230769195
553.4210207935357	231.73076923076889
558.3754324729322	219.15384615384582
561.0920248311154	206.57692307692275
562.0	194.0
