83.0	187.0
83.4229610126968	200.03846153846155
90.38586565476562	213.0769230769231
90.40242482515971	226.11538461538464
95.64522053744676	239.1538461538462
95.65192870828183	252.19230769230774
100.69764059067319	265.2307692307693
100.70848854663097	278.26923076923083
100.74969687227726	291.3076923076924
108.34997790916069	304.3461538461539
108.35145148355681	317.3846153846155
108.50977799868978	330.423076923077
109.544413001894	343.46153846153857
118.08839689303097	356.5000000000001
118.13923222428863	369.53846153846166
123.60975945744632	382.5769230769232
125.96349513717044	395.61538461538476
127.92216319365679	408.6538461538463
128.14777897580765	421.69230769230785
128.33271995037822	434.7307692307694
129.7353349837737	447.76923076923094
130.59074572711904	460.8076923076925
141.0902907470584	473.84615384615404
143.53212955274316	486.8846153846156
143.61616539250593	499.92307692307713
148.99236281395372	512.9615384615387
148.99279202048592	526.0
153.959319128428	517.9230769230769
154.00298127137472	509.8461538461538
158.83662861873682	501.7692307692307
161.50422478531166	493.6923076923076
161.598987405493	485.6153846153845
162.18465717571294	477.53846153846143
169.43893408177414	469.46153846153834
169.46667013243302	461.38461538461524
174.2896708943479	453.30769230769215
176.53251910626196	445.23076923076906
179.37275705969765	437.15384615384596
181.71048344937842	429.07692307692287
184.52632220810548	420.9999999999998
186.80543613017466	412.9230769230767
186.84036623626108	404.8461538461536
187.3642893997659	396.7692307692305
195.08094885749475	388.6923076923074
195.09078319227018	380.6153846153843
195.29666907839123	372.5384615384612
196.52822559116308	364.4615384615381
204.91770809155716	356.384615384615
205.05670311179398	348.3076923076919
210.16175595566617	340.23076923076883
210.17762660925806	332.15384615384573
215.71362622340246	324.07692307692264
218.34501055857683	316.0
218.62629134169302	324.2307692307692
226.02494324470652	332.46153846153845
226.09056412666362	340.6923076923077
226.83501633567104	348.9230769230769
235.658756909926	357.15384615384613
239.10822006555398	365.38461538461536
239.3355001461268	373.6153846153846
240.54163470151687	381.8461538461538
249.8728692011644	390.07692307692304
253.92335338812705	398.30769230769226
257.1633630185583	406.5384615384615
257.2674494689618	414.7692307692307
264.1625286834055	422.99999999999994
266.8577083555353	431.23076923076917
271.0688213452667	439.4615384615384
274.77027745809875	447.6923076923076
274.7795952281677	455.92307692307685
281.5258897341555	464.1538461538461
285.1105672396536	472.3846153846153
285.118724736873	480.6153846153845
292.0865264944014	488.84615384615375
292.09285466062175	497.076923076923
292.2227081476235	505.3076923076922
292.69427682178775	513.5384615384614
305.21080087127336	521.7692307692307
305.21582955052435	530.0
310.81459272207	522.1923076923077
314.15463559000256	514.3846153846155
314.15949481978134	506.57692307692315
314.37813200475466	498.76923076923083
315.137278252867	490.9615384615385
317.36854810532833	483.1538461538462
327.3783064421608	475.34615384615387
327.3913564328772	467.53846153846155
327.4684138286522	459.7307692307692
327.8217263678368	451.9230769230769
338.7533134742514	444.1153846153846
338.7568098772693	436.30769230769226
339.12693956913307	428.49999999999994
346.9049091163204	420.6923076923076
349.56824685467257	412.8846153846153
349.6037314086066	405.076923076923
350.445859014718	397.26923076923066
351.3101524155139	389.46153846153834
353.2055440279137	381.653846153846
362.86219338417084	373.8461538461537
365.372138705115	366.0384615384614
365.5014809592215	358.23076923076906
371.00325352402336	350.42307692307674
371.0757908168792	342.6153846153844
371.5469504408058	334.8076923076921
380.76161122911714	327.0
384.5567402732664	334.46153846153845
384.8905289695698	341.9230769230769
392.9761605211629	349.38461538461536
393.06921349455075	356.8461538461538
393.78277812992206	364.30769230769226
395.3042932753054	371.7692307692307
398.2789561464752	379.23076923076917
398.8968090507495	386.6923076923076
418.84175993214643	394.1538461538461
419.09409653727465	401.6153846153845
427.3213158916371	409.076923076923
427.6527816204623	416.53846153846143
428.63939108116784	423.9999999999999
431.475551121859	431.46153846153834
445.08621451096883	438.9230769230768
445.13027254487866	446.38461538461524
454.3844799877476	453.8461538461537
457.56462740501246	461.30769230769215
457.9202827849104	468.7692307692306
467.4294846922839	476.23076923076906
471.7044213475648	483.6923076923075
471.7176888159417	491.15384615384596
472.3165111654826	498.6153846153844
474.09324330394185	506.07692307692287
474.1502175323843	513.5384615384613
478.53072678420506	521.0
494.44773144712184	508.4230769230769
494.4653458042027	495.8461538461538
499.4668243281572	483.2692307692307
502.22591522488625	470.6923076923076
502.4186738451139	458.1153846153845
503.25089081527574	445.53846153846143
504.13434410020295	432.96153846153834
513.5103931945259	420.38461538461524
516.5245264308234	407.80769230769215
519.8689599357517	395.23076923076906
522.3982791587669	382.65384615384596
524.9870648633354	370.07692307692287
527.435488280853	357.4999999999998
527.5104647463734	344.9230769230767
533.6758398659151	332.3461538461536
535.8478478108532	319.7692307692305
536.0091629830895	307.1923076923074
536.3056385333014	294.6153846153843
544.4169718358357	282.0384615384612
547.8511992467919	269.4615384615381
547.8683906027585	256.884615384615
548.2668062049542	244.30769230769195
555.5589791384291	231.73076923076889
559.1524617001247	219.15384615384582
559.1591170529733	206.57692307692275
562.0	194.0
