83.0	187.0
88.01142286277772	200.03846153846155
90.0705715429981	213.0769230769231
90.23665761803205	226.11538461538464
90.69550182219469	239.1538461538462
97.7916749249015	252.19230769230774
100.6313480522342	265.2307692307693
100.6416282788952	278.26923076923083
105.67798139842836	291.3076923076924
108.26981750441942	304.3461538461539
108.2731394228525	317.3846153846155
113.16808980863026	330.423076923077
113.18946470253368	343.46153846153857
113.4741200565812	356.5000000000001
120.9640948512233	369.53846153846166
120.98222373264613	382.5769230769232
125.72582118764107	395.61538461538476
128.18208597400744	408.6538461538463
128.22891122253355	421.69230769230785
133.53878326235932	434.7307692307694
135.62991784999178	447.76923076923094
138.36895662077444	460.8076923076925
140.54237074224193	473.84615384615404
143.20062505353746	486.8846153846156
143.343403927855	499.92307692307713
143.69293073011588	512.9615384615387
144.6313594254465	526.0
153.94234264143307	517.9230769230769
156.17884182287068	509.8461538461538
156.20097833416693	501.7692307692307
156.62812383727703	493.6923076923076
157.6828943941151	485.6153846153845
166.38847660873608	477.53846153846143
166.39862935805766	469.46153846153834
167.4701804210618	461.38461538461524
174.6709166711795	453.30769230769215
176.56083074893093	445.23076923076906
176.74662616603186	437.15384615384596
177.61555954851295	429.07692307692287
184.248771904395	420.9999999999998
187.1934459593549	412.9230769230767
189.78221896675632	404.8461538461536
192.1452681836982	396.7692307692305
194.91281870305275	388.6923076923074
197.65167512179187	380.6153846153843
200.12938954474672	372.5384615384612
200.17333570229573	364.4615384615381
205.65375578985604	356.384615384615
207.51409987237585	348.3076923076919
210.83612171899208	340.23076923076883
213.01539134354303	332.15384615384573
215.15901393274945	324.07692307692264
215.1998204846498	316.0
222.16998683906095	324.2307692307692
222.1741252274769	332.46153846153845
222.38045454992337	340.6923076923077
232.6242039408169	348.9230769230769
232.62858571648235	357.15384615384613
233.18855284783393	365.38461538461536
234.12374540460655	373.6153846153846
246.47748397046365	381.8461538461538
246.5236060213476	390.07692307692304
253.4042410073612	398.30769230769226
253.58199274077327	406.5384615384615
260.42289657048354	414.7692307692307
264.25013641204697	422.99999999999994
267.63148734055	431.23076923076917
267.6749685235937	439.4615384615384
268.69897454079575	447.6923076923076
269.0404342306187	455.92307692307685
270.10182744124353	464.1538461538461
272.07377557455635	472.3846153846153
274.387773480194	480.6153846153845
277.259685081551	488.84615384615375
294.92303511007736	497.076923076923
298.86035892038603	505.3076923076922
302.4813697858314	513.5384615384614
305.8240692531037	521.7692307692307
305.85569698154285	530.0
306.3849763725148	522.1923076923077
313.28982516788653	514.3846153846155
316.3791289718939	506.57692307692315
319.152983952706	498.76923076923083
319.25416517889255	490.9615384615385
319.78358250139325	483.1538461538462
320.6427134397572	475.34615384615387
330.0885586803694	467.53846153846155
330.2432879571873	459.7307692307692
335.65036665728087	451.9230769230769
335.7077203383913	444.1153846153846
336.61007580045913	436.30769230769226
337.229881944905	428.49999999999994
346.0706912943572	420.6923076923076
346.11067003488387	412.8846153846153
346.41000956857613	405.076923076923
347.45599153845467	397.26923076923066
357.6802579068016	389.46153846153834
357.7073133865155	381.653846153846
357.7762426191903	373.8461538461537
358.3958257120266	366.0384615384614
360.6832982164042	358.23076923076906
361.56717749079246	350.42307692307674
373.3798606391077	342.6153846153844
376.6650230963658	334.8076923076921
376.74985033572614	327.0
377.6181138107577	334.46153846153845
378.4322901783251	341.9230769230769
392.9786587090633	349.38461538461536
397.2762915836707	356.8461538461538
397.6358614627343	364.30769230769226
406.34860620034067	371.7692307692307
406.54406892822385	379.23076923076917
407.0948985480605	386.6923076923076
420.05668872516316	394.1538461538461
423.22051512613257	401.6153846153845
427.91200229971935	409.076923076923
432.0450855603141	416.53846153846143
436.16128977408414	423.9999999999999
436.1819165659639	431.46153846153834
445.1304192311744	438.9230769230768
445.2606978371497	446.38461538461524
453.6259489886135	453.8461538461537
453.8111854826922	461.30769230769215
454.48515356944455	468.7692307692306
454.5213417262988	476.23076923076906
456.5824029573841	483.6923076923075
475.3825543721186	491.15384615384596
479.13648201965697	498.6153846153844
483.41405193121693	506.07692307692287
488.32921662493175	513.5384615384613
491.5347105550684	521.0
494.30635123841785	508.4230769230769
496.82485707612875	495.8461538461538
496.89496131426955	483.2692307692307
502.9850125391247	470.6923076923076
502.99090124698046	458.1153846153845
508.5579237925334	445.53846153846143
510.5989274286561	432.96153846153834
510.86999520190136	420.38461538461524
516.6677889114815	407.80769230769215
519.4067768371963	395.23076923076906
519.5518613875089	382.65384615384596
519.8425181065173	370.07692307692287
520.0287747287125	357.4999999999998
530.8558189058723	344.9230769230767
533.0229631245112	332.3461538461536
533.1489462387922	319.7692307692305
538.9837745544855	307.1923076923074
539.0010839117614	294.6153846153843
539.5119329800945	282.0384615384612
547.758440378255	269.4615384615381
547.805009958043	256.884615384615
553.1442603818898	244.30769230769195
555.7509179736825	231.73076923076889
558.6318338186443	219.15384615384582
558.7479322114831	206.57692307692275
562.0	194.0
