83.0	187.0
87.36402017431875	200.03846153846155
87.45824140221603	213.0769230769231
87.82240437446232	226.11538461538464
89.39802482842948	239.1538461538462
98.12595802962156	252.19230769230774
98.15274680093665	265.2307692307693
102.75093672829298	278.26923076923083
102.8370089215688	291.3076923076924
102.85680772049055	304.3461538461539
110.49144441000843	317.3846153846155
112.97772121288298	330.423076923077
113.06622205029592	343.46153846153857
117.79822646188632	356.5000000000001
118.03833604659961	369.53846153846166
123.1286259522466	382.5769230769232
123.26081072770624	395.61538461538476
128.4883021274177	408.6538461538463
130.86998646236077	421.69230769230785
130.94199084201162	434.7307692307694
135.87582624493103	447.76923076923094
135.88556828034834	460.8076923076925
141.23720378452768	473.84615384615404
143.5169477229618	486.8846153846156
145.76941194122466	499.92307692307713
148.66377837153792	512.9615384615387
151.24800632972162	526.0
153.5764779414921	517.9230769230769
153.7305921545265	509.8461538461538
158.91522317108604	501.7692307692307
158.96986628842882	493.6923076923076
164.44978189904063	485.6153846153845
164.45316890245536	477.53846153846143
164.6755958734885	469.46153846153834
166.19260840287848	461.38461538461524
174.26072633348224	453.30769230769215
174.32176822183516	445.23076923076906
174.83243702237175	437.15384615384596
181.97985054614423	429.07692307692287
182.13839366941886	420.9999999999998
182.64859766359942	412.9230769230767
182.9951538278219	404.8461538461536
192.30476803583855	396.7692307692305
192.4339351447807	388.6923076923074
192.50752374948362	380.6153846153843
199.70645182577465	372.5384615384612
202.85969290680822	364.4615384615381
205.313041407754	356.384615384615
207.7402200054765	348.3076923076919
210.21155194427283	340.23076923076883
210.2714713415082	332.15384615384573
211.11357199411833	324.07692307692264
219.29325604301403	316.0
219.33926907300796	324.2307692307692
225.69161358128275	332.46153846153845
229.15850118467452	340.6923076923077
232.6916403105651	348.9230769230769
232.76317509261844	357.15384615384613
233.57407925345672	365.38461538461536
234.40110103496272	373.6153846153846
236.1597979264229	381.8461538461538
239.17620033074473	390.07692307692304
240.7953193789875	398.30769230769226
256.39247650534224	406.5384615384615
259.95806028949215	414.7692307692307
259.9865256773942	422.99999999999994
267.04715935077076	431.23076923076917
270.3339319743808	439.4615384615384
270.6573942580053	447.6923076923076
277.4038157216187	455.92307692307685
281.00847852133467	464.1538461538461
281.056231173688	472.3846153846153
288.371454668104	480.6153846153845
288.38345477306734	488.84615384615375
294.6431949381856	497.076923076923
294.7516205627591	505.3076923076922
295.5810665513889	513.5384615384614
296.3776017515302	521.7692307692307
297.3499937766608	530.0
300.4389029870205	522.1923076923077
313.29582657580255	514.3846153846155
313.5867513699527	506.57692307692315
314.4099085508459	498.76923076923083
314.95601642837687	490.9615384615385
324.22635029270316	483.1538461538462
327.54740047747134	475.34615384615387
327.57208663782734	467.53846153846155
333.02497775603524	459.7307692307692
335.50301232587066	451.9230769230769
338.5672750552548	444.1153846153846
338.5688739761191	436.30769230769226
344.03567130380594	428.49999999999994
344.0570127876984	420.6923076923076
344.89390933146797	412.8846153846153
351.86154087002836	405.076923076923
354.78492489812027	397.26923076923066
357.25426395244085	389.46153846153834
357.3953751534599	381.653846153846
362.54851595468807	373.8461538461537
362.68257435918184	366.0384615384614
362.73404167996665	358.23076923076906
363.9953446381551	350.42307692307674
373.85667847399924	342.6153846153844
376.520416395713	334.8076923076921
376.6213220184146	327.0
384.357897169029	334.46153846153845
384.55808676526243	341.9230769230769
386.11664204564664	349.38461538461536
387.9080693325031	356.8461538461538
388.0636703844129	364.30769230769226
406.8344688310892	371.7692307692307
406.8765174220505	379.23076923076917
408.0913961312439	386.6923076923076
409.27655281458044	394.1538461538461
424.3736696344997	401.6153846153845
427.56616000890716	409.076923076923
427.68107610489363	416.53846153846143
428.3166512580867	423.9999999999999
441.1482936019686	431.46153846153834
441.2284231400189	438.9230769230768
449.5267018590978	446.38461538461524
453.4973390269361	453.8461538461537
453.8024553748402	461.30769230769215
462.6748512222	468.7692307692306
462.678009770577	476.23076923076906
471.5208387754217	483.6923076923075
471.553330415598	491.15384615384596
472.29614894007955	498.6153846153844
484.19652810983337	506.07692307692287
484.2836637288557	513.5384615384613
491.4709396208556	521.0
493.90901334188334	508.4230769230769
497.08783729533604	495.8461538461538
499.3138110134111	483.2692307692307
502.2035056753859	470.6923076923076
504.9371042996965	458.1153846153845
505.08121891649984	445.53846153846143
506.2148447919231	432.96153846153834
513.9641002912625	420.38461538461524
514.0312865931	407.80769230769215
514.31742994262	395.23076923076906
514.6584912596359	382.65384615384596
517.0791406406241	370.07692307692287
527.6881834186174	357.4999999999998
530.4230016190963	344.9230769230767
530.6029705893071	332.3461538461536
530.8674941241378	319.7692307692305
531.8059197498667	307.1923076923074
532.6911201199483	294.6153846153843
544.5809665669289	282.0384615384612
547.1540527639035	269.4615384615381
550.4767795301136	256.884615384615
553.1856534405209	244.30769230769195
553.2811132726533	231.73076923076889
553.6264577008156	219.15384615384582
561.831285054581	206.57692307692275
562.0	194.0
