83.0	187.0
87.86713721950254	200.03846153846155
87.90326451675921	213.0769230769231
88.49050976106825	226.11538461538464
89.55062364078445	239.1538461538462
89.68438343998558	252.19230769230774
100.45021847344049	265.2307692307693
102.60925244854191	278.26923076923083
105.57538224967477	291.3076923076924
105.63867414206493	304.3461538461539
106.3827102096801	317.3846153846155
107.38793919572095	330.423076923077
107.5496547933369	343.46153846153857
118.00337023889836	356.5000000000001
118.01483121306941	369.53846153846166
118.78264133206889	382.5769230769232
125.77185634239059	395.61538461538476
125.81114933910455	408.6538461538463
130.7259382215994	421.69230769230785
130.7804243765694	434.7307692307694
135.89610151642245	447.76923076923094
136.03031758020236	460.8076923076925
140.91800343066612	473.84615384615404
143.30318493110676	486.8846153846156
143.50359226425618	499.92307692307713
148.50398387554512	512.9615384615387
148.536209525392	526.0
148.702761080636	517.9230769230769
156.47097473560237	509.8461538461538
156.49246999748067	501.7692307692307
161.61393040506618	493.6923076923076
161.6521858767483	485.6153846153845
162.43804472831567	477.53846153846143
163.8088209053877	469.46153846153834
171.80237423302412	461.38461538461524
174.54391736820278	453.30769230769215
176.99440873050676	445.23076923076906
179.49142444982337	437.15384615384596
181.76467153299373	429.07692307692287
181.93702589839953	420.9999999999998
182.68748316003123	412.9230769230767
190.18951458642957	404.8461538461536
192.58465951787903	396.7692307692305
194.72923996685375	388.6923076923074
194.8102109346463	380.6153846153843
200.09770009784918	372.5384615384612
200.1415201520497	364.4615384615381
201.08480300342163	356.384615384615
207.4187557566452	348.3076923076919
210.20516426316124	340.23076923076883
213.01887950882082	332.15384615384573
213.04635942186712	324.07692307692264
214.0138186902057	316.0
215.24700483883544	324.2307692307692
225.71564725719796	332.46153846153845
225.90389957061947	340.6923076923077
232.58251032032814	348.9230769230769
236.7092563354982	357.15384615384613
240.00195385915526	365.38461538461536
242.79640201937005	373.6153846153846
243.03768239193673	381.8461538461538
243.69760430924097	390.07692307692304
253.51263064252717	398.30769230769226
257.1251505125435	406.5384615384615
257.2550415195466	414.7692307692307
264.0043388686291	422.99999999999994
264.0069082610309	431.23076923076917
270.4801624708611	439.4615384615384
270.73233598565986	447.6923076923076
277.91987167579606	455.92307692307685
278.01896894231885	464.1538461538461
284.3974442278562	472.3846153846153
284.45355369055744	480.6153846153845
291.39903145899393	488.84615384615375
294.5697804335493	497.076923076923
294.7859037723062	505.3076923076922
302.13437618938303	513.5384615384614
305.32403421373823	521.7692307692307
308.0558096501758	530.0
308.1929763287115	522.1923076923077
309.1778074149051	514.3846153846155
316.8980297245583	506.57692307692315
316.9006538912275	498.76923076923083
317.5546043842687	490.9615384615385
324.84562591341836	483.1538461538462
327.6598591263154	475.34615384615387
330.1197162853501	467.53846153846155
332.6283884997522	459.7307692307692
332.66398699054366	451.9230769230769
333.1791231010376	444.1153846153846
340.6905715047941	436.30769230769226
340.9219791607026	428.49999999999994
346.44732714804275	420.6923076923076
349.3261939454909	412.8846153846153
349.4475337151098	405.076923076923
354.4280303545512	397.26923076923066
357.01615822702115	389.46153846153834
357.08661036752954	381.653846153846
358.00883402284614	373.8461538461537
358.44683203470294	366.0384615384614
359.51351596437365	358.23076923076906
370.72267338294137	350.42307692307674
374.0207770763643	342.6153846153844
374.04980295423627	334.8076923076921
374.6829458560884	327.0
375.10837787129446	334.46153846153845
377.1654887799457	341.9230769230769
378.44577684195167	349.38461538461536
379.58465977508155	356.8461538461538
401.9404441368573	364.30769230769226
405.7406856840825	371.7692307692307
406.1132386491554	379.23076923076917
414.8876527536039	386.6923076923076
418.7193108475569	394.1538461538461
419.02587539922627	401.6153846153845
427.99447104509034	409.076923076923
431.82617554560784	416.53846153846143
431.8280101035451	423.9999999999999
441.18914739497694	431.46153846153834
441.3118319334988	438.9230769230768
441.5842800801703	446.38461538461524
454.0503816910146	453.8461538461537
457.8614413122753	461.30769230769215
457.9997223229556	468.7692307692306
459.1272631399461	476.23076923076906
470.68597097257896	483.6923076923075
475.6585643781144	491.15384615384596
475.7145790965684	498.6153846153844
483.29818332244923	506.07692307692287
483.5671115937075	513.5384615384613
484.88288967117103	521.0
487.00085996394324	508.4230769230769
497.04637660314944	495.8461538461538
497.0510372917499	483.2692307692307
497.53676260834857	470.6923076923076
505.1892623332302	458.1153846153845
505.3174789702951	445.53846153846143
505.83503948713485	432.96153846153834
513.4031125285386	420.38461538461524
513.5243664407316	407.80769230769215
513.8781637725783	395.23076923076906
521.9979279209279	382.65384615384596
525.0253081411795	370.07692307692287
528.0281617150065	357.4999999999998
528.0445897383629	344.9230769230767
533.8255585304721	332.3461538461536
533.8553298962714	319.7692307692305
538.6836977931642	307.1923076923074
542.1571270550746	294.6153846153843
542.1922438777991	282.0384615384612
547.7064767655238	269.4615384615381
550.2772080480223	256.884615384615
552.8540474530707	244.30769230769195
553.0370996345096	231.73076923076889
553.6109392546748	219.15384615384582
554.4277033733944	206.57692307692275
562.0	194.0
