83.0	187.0
87.92144228216226	200.03846153846155
89.91612162417363	213.0769230769231
92.91982860137614	226.11538461538464
95.27853476481606	239.1538461538462
97.55159761918712	252.19230769230774
100.19653339364596	265.2307692307693
100.38173720351173	278.26923076923083
105.57815541990603	291.3076923076924
105.63521285265718	304.3461538461539
105.72634044424744	317.3846153846155
106.26172653397377	330.423076923077
107.91547292995527	343.46153846153857
108.43115166269871	356.5000000000001
120.4783866864394	369.53846153846166
123.20891964221016	382.5769230769232
123.31056939196965	395.61538461538476
124.1360718626206	408.6538461538463
130.6849563655759	421.69230769230785
130.7237423367679	434.7307692307694
136.03435701451414	447.76923076923094
138.03854521159226	460.8076923076925
141.00756511974353	473.84615384615404
143.08290623800914	486.8846153846156
146.2448356852501	499.92307692307713
146.27566952034695	512.9615384615387
146.48333859911037	526.0
153.6488809882014	517.9230769230769
156.1835198247567	509.8461538461538
158.92405615356722	501.7692307692307
159.0124640082807	493.6923076923076
159.58241021717046	485.6153846153845
160.56959914643147	477.53846153846143
161.83281475670063	469.46153846153834
161.9617952484946	461.38461538461524
174.61646085229034	453.30769230769215
174.6483351952022	445.23076923076906
175.4779507642418	437.15384615384596
176.07180061434664	429.07692307692287
176.8510122942405	420.9999999999998
178.51434610328448	412.9230769230767
180.68147599880834	404.8461538461536
192.41909860126847	396.7692307692305
194.8040835751478	388.6923076923074
194.87383584567584	380.6153846153843
195.361287627542	372.5384615384612
197.03688274051063	364.4615384615381
205.3350395490967	356.384615384615
205.39223536864068	348.3076923076919
205.70079403599493	340.23076923076883
207.01983904285476	332.15384615384573
207.86083286170233	324.07692307692264
219.24598625359025	316.0
219.27860354957699	324.2307692307692
225.60630778756752	332.46153846153845
229.0943320411301	340.6923076923077
229.22089801194883	348.9230769230769
229.69708651969245	357.15384615384613
239.5973666413574	365.38461538461536
239.63493737550115	373.6153846153846
246.71975956931712	381.8461538461538
250.17180634325075	390.07692307692304
253.25200850609386	398.30769230769226
253.34764578814188	406.5384615384615
253.762246425704	414.7692307692307
254.66516229283533	422.99999999999994
267.73470446650947	431.23076923076917
267.7712704329648	439.4615384615384
267.9774376150345	447.6923076923076
268.93149773880936	455.92307692307685
270.7511021654637	464.1538461538461
284.2314454819798	472.3846153846153
284.4824229397782	480.6153846153845
291.9145343830095	488.84615384615375
291.9204477351698	497.076923076923
298.9436703310063	505.3076923076922
298.98375012097387	513.5384615384614
300.0473436075485	521.7692307692307
300.4314656685663	530.0
301.75243760413844	522.1923076923077
313.29616174792085	514.3846153846155
316.33966150526953	506.57692307692315
316.40295501082824	498.76923076923083
317.41016291806363	490.9615384615385
324.35537784154116	483.1538461538462
327.7158863368223	475.34615384615387
329.92591079712037	467.53846153846155
333.1507317074002	459.7307692307692
335.95800465367364	451.9230769230769
335.9738025662327	444.1153846153846
336.3920361239995	436.30769230769226
343.34391686609405	428.49999999999994
346.71758510717564	420.6923076923076
349.18472160019945	412.8846153846153
349.23092872626535	405.076923076923
349.38651408129596	397.26923076923066
357.31957761432614	389.46153846153834
360.05355468866867	381.653846153846
362.6656994824598	373.8461538461537
362.8807083726649	366.0384615384614
368.16059336850844	358.23076923076906
368.2499290312356	350.42307692307674
369.0269073938454	342.6153846153844
369.9828933343879	334.8076923076921
371.78241460624866	327.0
373.76283460072375	334.46153846153845
374.6942211153688	341.9230769230769
377.9891275117713	349.38461538461536
380.3945839899775	356.8461538461538
402.7538029429777	364.30769230769226
402.7756910109716	371.7692307692307
410.3488506614862	379.23076923076917
415.72361262377757	386.6923076923076
418.73414427878873	394.1538461538461
418.8868286073889	401.6153846153845
428.5673728817375	409.076923076923
432.6776987832031	416.53846153846143
436.260513825525	423.9999999999999
440.52487637366966	431.46153846153834
440.5295385988097	438.9230769230768
440.9957037434423	446.38461538461524
453.9821246211177	453.8461538461537
458.0907692610775	461.30769230769215
458.31932579621196	468.7692307692306
467.277622139035	476.23076923076906
470.6689501633447	483.6923076923075
470.9285123281191	491.15384615384596
479.03321531683576	498.6153846153844
484.2989097619639	506.07692307692287
484.3887458823761	513.5384615384613
491.5590607637723	521.0
494.6008604758568	508.4230769230769
496.70169112252034	495.8461538461538
499.86360643284837	483.2692307692307
502.96800982124796	470.6923076923076
502.97013560160894	458.1153846153845
507.8661511115376	445.53846153846143
507.89929273383007	432.96153846153834
508.5452351440275	420.38461538461524
516.3041824140906	407.80769230769215
516.3996374978672	395.23076923076906
516.5819918731229	382.65384615384596
524.8096442009075	370.07692307692287
524.9599486247595	357.4999999999998
530.7168649270226	344.9230769230767
530.7564579279796	332.3461538461536
531.0360797152523	319.7692307692305
539.3374126961105	307.1923076923074
541.8305320200009	294.6153846153843
544.4600872727832	282.0384615384612
544.5274790848488	269.4615384615381
544.5342207820985	256.884615384615
553.5070457474169	244.30769230769195
556.3004431676328	231.73076923076889
556.3013510021036	219.15384615384582
556.746711930594	206.57692307692275
562.0	194.0
