83.0	187.0
87.64202125811582	200.03846153846155
90.45294866032563	213.0769230769231
92.78598732481125	226.11538461538464
95.63804944745179	239.1538461538462
95.64017980961945	252.19230769230774
100.26453927292681	265.2307692307693
100.2808585014312	278.26923076923083
105.28634789465332	291.3076923076924
107.73043761993033	304.3461538461539
110.71947786085629	317.3846153846155
110.7440828979941	330.423076923077
115.55940703845782	343.46153846153857
115.69448091395455	356.5000000000001
121.03912305833862	369.53846153846166
123.1204302298298	382.5769230769232
125.36943655660416	395.61538461538476
128.1596202093731	408.6538461538463
130.90964425043447	421.69230769230785
130.9305528631422	434.7307692307694
135.60151472234938	447.76923076923094
135.80032648968046	460.8076923076925
136.23179370148992	473.84615384615404
143.76023256124273	486.8846153846156
143.7982872568101	499.92307692307713
144.12675029843723	512.9615384615387
144.3884407528507	526.0
154.14188705195645	517.9230769230769
156.09098403199837	509.8461538461538
159.15386907301516	501.7692307692307
159.16760507024046	493.6923076923076
159.16917406072443	485.6153846153845
160.308384524999	477.53846153846143
160.69466955041707	469.46153846153834
160.96861169439794	461.38461538461524
174.06651741967121	453.30769230769215
176.80054743824186	445.23076923076906
176.96163281308083	437.15384615384596
177.37842952397392	429.07692307692287
185.0432648495259	420.9999999999998
185.04628796883432	412.9230769230767
189.70018877978868	404.8461538461536
189.85827446223078	396.7692307692305
190.52450856550738	388.6923076923074
191.19571108304376	380.6153846153843
191.65398187826398	372.5384615384612
202.3746260488931	364.4615384615381
205.03186507694485	356.384615384615
207.6904892846149	348.3076923076919
210.26050168537688	340.23076923076883
213.2139558730278	332.15384615384573
213.2152576941813	324.07692307692264
218.6787189756782	316.0
222.23219936969997	324.2307692307692
225.80900430864543	332.46153846153845
225.9969038235094	340.6923076923077
232.93077578572476	348.9230769230769
236.17292271916858	357.15384615384613
236.3331485687655	365.38461538461536
237.26109130509678	373.6153846153846
246.19935653203268	381.8461538461538
250.4129542753588	390.07692307692304
250.45604727106002	398.30769230769226
250.91196633605324	406.5384615384615
260.3117952517453	414.7692307692307
264.1178669215042	422.99999999999994
264.1691612437688	431.23076923076917
271.30404067073954	439.4615384615384
274.74508210392315	447.6923076923076
274.7724135901671	455.92307692307685
281.13900001071744	464.1538461538461
281.32184014831773	472.3846153846153
281.5456393599303	480.6153846153845
283.6593935581131	488.84615384615375
294.9300311776453	497.076923076923
294.9358651361955	505.3076923076922
295.3014665443242	513.5384615384614
305.6644149007232	521.7692307692307
305.7495870454843	530.0
310.8192168948391	522.1923076923077
313.8884208198442	514.3846153846155
313.9726750275416	506.57692307692315
319.53274777093026	498.76923076923083
319.53928479943283	490.9615384615385
320.2238003702886	483.1538461538462
327.77138661456235	475.34615384615387
330.04040095691613	467.53846153846155
330.1786256912368	459.7307692307692
330.9163816422916	451.9230769230769
338.1028839214134	444.1153846153846
338.28870050876037	436.30769230769226
338.8488507694594	428.49999999999994
346.7401522493298	420.6923076923076
349.07144512406455	412.8846153846153
352.19870736308707	405.076923076923
354.3245215832243	397.26923076923066
357.30401477540613	389.46153846153834
360.17065436172743	381.653846153846
360.2893296161809	373.8461538461537
360.48522134730314	366.0384615384614
368.5171715367002	358.23076923076906
368.5889421728124	350.42307692307674
368.72480062119064	342.6153846153844
376.2565077904279	334.8076923076921
376.4082277661311	327.0
385.27674384995925	334.46153846153845
385.31666078798787	341.9230769230769
385.9491346184321	349.38461538461536
387.0423288834742	356.8461538461538
387.6335239478336	364.30769230769226
405.9883356501602	371.7692307692307
406.2322712469715	379.23076923076917
415.5976127376704	386.6923076923076
415.6381525037329	394.1538461538461
415.68798745222216	401.6153846153845
417.1230455303547	409.076923076923
420.22285263236995	416.53846153846143
436.22330078570064	423.9999999999999
440.68946581370864	431.46153846153834
440.80095449793043	438.9230769230768
449.4829664159537	446.38461538461524
454.4012346425565	453.8461538461537
457.47861534726206	461.30769230769215
457.5232455579567	468.7692307692306
457.53115242414333	476.23076923076906
471.6077853093382	483.6923076923075
471.616542153979	491.15384615384596
472.84435923093287	498.6153846153844
483.4676134489937	506.07692307692287
483.53994119518893	513.5384615384613
485.2222516556559	521.0
485.88089211350245	508.4230769230769
487.2125961530762	495.8461538461538
500.20266402332436	483.2692307692307
502.72748793509044	470.6923076923076
502.76630619323504	458.1153846153845
503.1029511767563	445.53846153846143
503.4863130315345	432.96153846153834
505.81579602813775	420.38461538461524
506.3269943209912	407.80769230769215
508.9372122320167	395.23076923076906
522.1823526994575	382.65384615384596
524.8954020213941	370.07692307692287
528.0205203630404	357.4999999999998
528.0977194045199	344.9230769230767
533.3310748147154	332.3461538461536
533.4829166534499	319.7692307692305
534.3905370573475	307.1923076923074
541.5474225615194	294.6153846153843
541.5490979345552	282.0384615384612
541.9195179440835	269.4615384615381
549.8826389470141	256.884615384615
552.6859158046555	244.30769230769195
552.8101564163807	231.73076923076889
558.3592182654656	219.15384615384582
561.4607500131009	206.57692307692275
562.0	194.0
