83.0	187.0
87.63724854301114	200.03846153846155
87.75285013026206	213.0769230769231
92.47930430060022	226.11538461538464
92.6252651204792	239.1538461538462
98.19055070175601	252.19230769230774
98.19286052280128	265.2307692307693
98.87082327495534	278.26923076923083
105.41451085405659	291.3076923076924
107.84816101104389	304.3461538461539
107.97705884755256	317.3846153846155
112.6154955545472	330.423076923077
112.72368646900439	343.46153846153857
113.6078778864031	356.5000000000001
114.76712777539959	369.53846153846166
115.83841547859215	382.5769230769232
125.69350201956999	395.61538461538476
128.60072637940738	408.6538461538463
128.6284347774566	421.69230769230785
128.7873008273892	434.7307692307694
129.18034114152417	447.76923076923094
131.02612707722753	460.8076923076925
140.7116170054929	473.84615384615404
143.67282774161728	486.8846153846156
145.7505493588531	499.92307692307713
145.9617175359614	512.9615384615387
150.93919182959306	526.0
150.97439020173005	517.9230769230769
156.59004546824409	509.8461538461538
156.61951522179444	501.7692307692307
161.22081721968405	493.6923076923076
161.42151954182958	485.6153846153845
162.23891763910117	477.53846153846143
163.47125013311546	469.46153846153834
171.73356829276184	461.38461538461524
173.9722737392814	453.30769230769215
176.65221812073491	445.23076923076906
179.80108700522325	437.15384615384596
179.83558397186212	429.07692307692287
180.39241080672147	420.9999999999998
187.63739912948645	412.9230769230767
189.82505280896723	404.8461538461536
192.36897959655585	396.7692307692305
195.26763910888266	388.6923076923074
197.29384944030477	380.6153846153843
199.8946561190609	372.5384615384612
202.81486945653904	364.4615384615381
205.3574960615285	356.384615384615
207.67481745639708	348.3076923076919
210.29094121968282	340.23076923076883
210.43524821411506	332.15384615384573
210.5274925983618	324.07692307692264
211.80557071180635	316.0
221.83688102052162	324.2307692307692
226.0661884262901	332.46153846153845
229.39622171851104	340.6923076923077
229.54570658420755	348.9230769230769
229.62477878845078	357.15384615384613
239.38578280739895	365.38461538461536
243.09292697547178	373.6153846153846
243.21385102846682	381.8461538461538
249.66919156423364	390.07692307692304
253.7966433088091	398.30769230769226
257.49300242513283	406.5384615384615
257.5033503333091	414.7692307692307
264.2189365071153	422.99999999999994
264.26297560332716	431.23076923076917
270.53728000393545	439.4615384615384
270.7424568487743	447.6923076923076
277.7451361310851	455.92307692307685
277.75592975017264	464.1538461538461
278.03096935509734	472.3846153846153
279.84544506065737	480.6153846153845
292.1490328108294	488.84615384615375
295.506396192251	497.076923076923
298.83398957863585	505.3076923076922
298.8721419238363	513.5384615384614
299.52739552845156	521.7692307692307
307.97918094207154	530.0
308.008413907573	522.1923076923077
308.1948513050004	514.3846153846155
308.9254525120153	506.57692307692315
311.23165781812617	498.76923076923083
321.730058978635	490.9615384615385
321.8889275633524	483.1538461538462
322.7972307428954	475.34615384615387
330.083100380021	467.53846153846155
332.61103644282423	459.7307692307692
335.95611475596417	451.9230769230769
337.9954383259692	444.1153846153846
340.86106854553276	436.30769230769226
341.0540821319017	428.49999999999994
341.28239460897447	420.6923076923076
349.54187101512656	412.8846153846153
351.92031608400737	405.076923076923
355.1533021988796	397.26923076923066
355.1534063072552	389.46153846153834
360.5599604865107	381.653846153846
360.5727049131982	373.8461538461537
365.4460712525512	366.0384615384614
365.5858442280158	358.23076923076906
371.34407391825664	350.42307692307674
373.3797393399869	342.6153846153844
373.47459725309216	334.8076923076921
380.7438644587791	327.0
384.75377368538705	334.46153846153845
384.96428276947285	341.9230769230769
393.72307293535556	349.38461538461536
397.78637000348726	356.8461538461538
397.89835284652196	364.30769230769226
398.4572078533628	371.7692307692307
411.1325545298912	379.23076923076917
414.8081857550604	386.6923076923076
419.58409008514036	394.1538461538461
419.7040657556165	401.6153846153845
420.30051290792335	409.076923076923
431.7474181294082	416.53846153846143
431.9997959909848	423.9999999999999
432.7088405932426	431.46153846153834
435.415898827159	438.9230769230768
436.7404342148731	446.38461538461524
453.1391351278972	453.8461538461537
453.5077318065651	461.30769230769215
453.5339409162807	468.7692307692306
466.272000497106	476.23076923076906
471.7523667747564	483.6923076923075
471.75621827221755	491.15384615384596
479.1399283119823	498.6153846153844
479.29321105936066	506.07692307692287
487.7950848140948	513.5384615384613
487.8637444594046	521.0
488.5419819551173	508.4230769230769
496.67354962329256	495.8461538461538
496.7744093699868	483.2692307692307
496.88135460678984	470.6923076923076
505.6998822840497	458.1153846153845
505.71063895616135	445.53846153846143
506.30066833859377	432.96153846153834
513.8999202655737	420.38461538461524
513.9713539102343	407.80769230769215
514.6670220353755	395.23076923076906
521.9074791331584	382.65384615384596
522.1544715715762	370.07692307692287
527.4781801861466	357.4999999999998
527.5400087645627	344.9230769230767
528.7288618539409	332.3461538461536
536.412347098649	319.7692307692305
539.1647395069816	307.1923076923074
542.1166271080016	294.6153846153843
544.2317620765466	282.0384615384612
544.4691402242647	269.4615384615381
545.3602345453687	256.884615384615
547.1019691336418	244.30769230769195
556.2789252199261	231.73076923076889
558.94690056668	219.15384615384582
559.0228870556788	206.57692307692275
562.0	194.0
