83.0	187.0
83.09985445641183	200.03846153846155
83.96930233941545	213.0769230769231
92.58814161409423	226.11538461538464
92.59536732409676	239.1538461538462
98.06634101041317	252.19230769230774
100.65950852091788	265.2307692307693
100.69096366186251	278.26923076923083
105.5464782412576	291.3076923076924
105.64057209481564	304.3461538461539
106.0031166741078	317.3846153846155
106.31378942579784	330.423076923077
108.12900926244289	343.46153846153857
118.11485552393188	356.5000000000001
120.67141210731971	369.53846153846166
120.69472527194725	382.5769230769232
120.98019159461738	395.61538461538476
128.06113219566112	408.6538461538463
128.16403759052167	421.69230769230785
133.27211583325243	434.7307692307694
133.42697722685642	447.76923076923094
138.36589452918187	460.8076923076925
140.62768152309098	473.84615384615404
140.7386756652688	486.8846153846156
145.7868686060369	499.92307692307713
145.846947164087	512.9615384615387
150.9234326273347	526.0
150.9862638328604	517.9230769230769
156.14047083942305	509.8461538461538
158.58566720238485	501.7692307692307
158.62140970492752	493.6923076923076
159.59614370820714	485.6153846153845
160.52425597889066	477.53846153846143
162.12532209803874	469.46153846153834
171.51911819483735	461.38461538461524
174.54253223764232	453.30769230769215
177.27425640159493	445.23076923076906
177.29397305272695	437.15384615384596
177.78278887584142	429.07692307692287
179.27409884399785	420.9999999999998
180.23292691353373	412.9230769230767
189.8029116436331	404.8461538461536
189.9385645004778	396.7692307692305
190.66328228220894	388.6923076923074
190.6899416297335	380.6153846153843
191.71347473055886	372.5384615384612
202.41317044730445	364.4615384615381
202.56893573446058	356.384615384615
207.709646727901	348.3076923076919
207.7407002469084	340.23076923076883
212.6819842166393	332.15384615384573
215.83800561209839	324.07692307692264
215.88367967212253	316.0
216.98214438706444	324.2307692307692
218.22614338316026	332.46153846153845
229.71966086221443	340.6923076923077
229.7473422556031	348.9230769230769
229.98250794151045	357.15384615384613
239.5634514830505	365.38461538461536
243.5557514169393	373.6153846153846
246.68982706754494	381.8461538461538
250.31110565914375	390.07692307692304
253.69612604482023	398.30769230769226
253.71121031036162	406.5384615384615
260.20539144699103	414.7692307692307
260.36250402421075	422.99999999999994
261.10474355193446	431.23076923076917
262.8763267704343	439.4615384615384
274.74748608111395	447.6923076923076
278.2662347367092	455.92307692307685
281.7532199571488	464.1538461538461
285.1544238011567	472.3846153846153
285.15968000442564	480.6153846153845
291.08423850433604	488.84615384615375
295.5418596522102	497.076923076923
295.5423610692052	505.3076923076922
295.5769031401273	513.5384615384614
305.34780625257304	521.7692307692307
305.34868236398717	530.0
306.2737651490724	522.1923076923077
313.4251972710909	514.3846153846155
313.63431080283954	506.57692307692315
314.50640077860896	498.76923076923083
322.26330934403245	490.9615384615385
324.3818779701961	483.1538461538462
324.5003597305852	475.34615384615387
325.07062742216084	467.53846153846155
332.40721543415816	459.7307692307692
335.4399653715942	451.9230769230769
337.9440817510395	444.1153846153846
338.0790911279729	436.30769230769226
344.14473624285904	428.49999999999994
346.346036937288	420.6923076923076
349.3815851584052	412.8846153846153
349.47135913066705	405.076923076923
355.1535977409708	397.26923076923066
355.1536257497592	389.46153846153834
359.7838803185347	381.653846153846
362.4364229510125	373.8461538461537
362.53418124264545	366.0384615384614
363.39102040649107	358.23076923076906
364.93383336617205	350.42307692307674
365.06572319278206	342.6153846153844
366.13860749784897	334.8076923076921
381.0294041244759	327.0
385.279547036871	334.46153846153845
385.33246092887947	341.9230769230769
386.5117374337848	349.38461538461536
386.81872820638523	356.8461538461538
402.48304654692186	364.30769230769226
406.5480105805411	371.7692307692307
411.0383490436444	379.23076923076917
415.3336302363907	386.6923076923076
419.7439337536551	394.1538461538461
419.8156003132424	401.6153846153845
420.52167868381554	409.076923076923
431.89462216045246	416.53846153846143
432.1531794750674	423.9999999999999
432.59537627821715	431.46153846153834
433.491822937408	438.9230769230768
450.047522211262	446.38461538461524
453.228788645772	453.8461538461537
457.512061165126	461.30769230769215
457.54573891861304	468.7692307692306
458.92609225488115	476.23076923076906
461.134986073174	483.6923076923075
475.7986009242882	491.15384615384596
475.8484570037116	498.6153846153844
476.2771997049151	506.07692307692287
478.9140987439137	513.5384615384613
490.8871036935555	521.0
490.88965041964485	508.4230769230769
491.1768284692935	495.8461538461538
500.21046730354936	483.2692307692307
500.2164908934676	470.6923076923076
500.5418240505192	458.1153846153845
501.72365404955616	445.53846153846143
502.9677279604402	432.96153846153834
513.6871191496941	420.38461538461524
513.853375585584	407.80769230769215
513.94943116792	395.23076923076906
514.0040412764914	382.65384615384596
515.9411951513256	370.07692307692287
528.1291854477478	357.4999999999998
530.2069542880672	344.9230769230767
533.3682830228237	332.3461538461536
533.3855029252859	319.7692307692305
539.0088518461824	307.1923076923074
541.9650489552537	294.6153846153843
544.2663642903645	282.0384615384612
547.1421993287095	269.4615384615381
550.5910446460813	256.884615384615
552.8234729960858	244.30769230769195
553.0439285801716	231.73076923076889
553.3526271804014	219.15384615384582
555.1697663118962	206.57692307692275
562.0	194.0
