83.0	187.0
83.60891154048817	200.03846153846155
90.50204257775096	213.0769230769231
92.47476640134501	226.11538461538464
95.09708343299906	239.1538461538462
95.10685588192369	252.19230769230774
95.28612360849867	265.2307692307693
102.63133475467798	278.26923076923083
105.28662134824081	291.3076923076924
108.35192151131676	304.3461538461539
110.15254233845955	317.3846153846155
110.28183379804723	330.423076923077
111.02273659485293	343.46153846153857
118.48836874498542	356.5000000000001
120.41562849499903	369.53846153846166
123.02610292841996	382.5769230769232
123.08464786740416	395.61538461538476
123.19844470063519	408.6538461538463
130.7117317627859	421.69230769230785
130.86278809494323	434.7307692307694
135.75434448819863	447.76923076923094
135.89824541182702	460.8076923076925
136.08475333248438	473.84615384615404
137.72221300327809	486.8846153846156
146.07520955001107	499.92307692307713
146.193999430347	512.9615384615387
146.5615341183776	526.0
153.4993900944847	517.9230769230769
153.5402839809472	509.8461538461538
159.06173037654142	501.7692307692307
161.17162110300197	493.6923076923076
164.00887455861942	485.6153846153845
164.05511159184687	477.53846153846143
164.67060509359837	469.46153846153834
171.93556415135825	461.38461538461524
171.9618512828491	453.30769230769215
177.0964727615069	445.23076923076906
179.5351404494003	437.15384615384596
179.56257866456895	429.07692307692287
184.94212928957677	420.9999999999998
186.97155144435382	412.9230769230767
186.9989500292772	404.8461538461536
192.34658531594002	396.7692307692305
192.38686823628828	388.6923076923074
197.37891085946538	380.6153846153843
199.9462037180719	372.5384615384612
202.76222830459727	364.4615384615381
202.83971043084887	356.384615384615
208.25992266411774	348.3076923076919
208.26240350447435	340.23076923076883
208.69491888446345	332.15384615384573
210.05170805963397	324.07692307692264
219.2732739082569	316.0
222.6530047127888	324.2307692307692
222.6717320266914	332.46153846153845
229.21254426721816	340.6923076923077
233.20984789772896	348.9230769230769
236.0501364460545	357.15384615384613
239.8047510537939	365.38461538461536
243.57324724316425	373.6153846153846
246.56787905875402	381.8461538461538
246.6849332408547	390.07692307692304
253.70654947382764	398.30769230769226
256.5986300857214	406.5384615384615
256.76070223727834	414.7692307692307
258.06683835928726	422.99999999999994
267.4110248504417	431.23076923076917
267.51142681754067	439.4615384615384
274.0583891842093	447.6923076923076
274.26804338381726	455.92307692307685
280.85281157820344	464.1538461538461
284.6296195110344	472.3846153846153
284.7227739643929	480.6153846153845
285.1704027470209	488.84615384615375
294.67106025806044	497.076923076923
294.8172963255924	505.3076923076922
301.5510921324347	513.5384615384614
305.6464968278987	521.7692307692307
308.5766402565697	530.0
308.60507691329485	522.1923076923077
313.5719504580524	514.3846153846155
313.69731558989355	506.57692307692315
318.82291840548066	498.76923076923083
319.0181276312563	490.9615384615385
324.896196768373	483.1538461538462
324.8992678042081	475.34615384615387
329.99723929069097	467.53846153846155
330.1292216270208	459.7307692307692
330.9479311950142	451.9230769230769
331.0342542349631	444.1153846153846
341.4606077978602	436.30769230769226
343.88676688673166	428.49999999999994
343.9278093192436	420.6923076923076
349.5060975026097	412.8846153846153
352.0700152135185	405.076923076923
352.1156765762805	397.26923076923066
357.41699256931054	389.46153846153834
357.5257614699267	381.653846153846
357.737639510293	373.8461538461537
365.39307600890544	366.0384615384614
365.5044920153458	358.23076923076906
366.108576522667	350.42307692307674
367.5011813865575	342.6153846153844
369.024332541261	334.8076923076921
371.25265454989625	327.0
385.2114452106525	334.46153846153845
385.33207790231967	341.9230769230769
385.92873931764007	349.38461538461536
397.84242580757353	356.8461538461538
401.93019697559544	364.30769230769226
406.21066278620236	371.7692307692307
410.3269589399014	379.23076923076917
414.7275935205027	386.6923076923076
419.3091409373777	394.1538461538461
423.6779954194314	401.6153846153845
423.6848829084578	409.076923076923
424.142199812192	416.53846153846143
437.1497655877992	423.9999999999999
437.17249676543236	431.46153846153834
445.55506202810903	438.9230769230768
449.6818504934144	446.38461538461524
453.930725454479	453.8461538461537
458.6864150953848	461.30769230769215
458.6971052968838	468.7692307692306
458.83399713388076	476.23076923076906
458.85037308232023	483.6923076923075
459.2672569839285	491.15384615384596
479.18710414591834	498.6153846153844
479.2309116398903	506.07692307692287
481.0251089895214	513.5384615384613
491.5055109721437	521.0
491.55775497911776	508.4230769230769
496.7669294987804	495.8461538461538
499.80478049623116	483.2692307692307
499.83925019420565	470.6923076923076
499.9850648502797	458.1153846153845
501.7801009668945	445.53846153846143
510.9521123781249	432.96153846153834
511.0849719895041	420.38461538461524
516.5319745749032	407.80769230769215
516.6820488500969	395.23076923076906
517.4074032777027	382.65384615384596
518.6824972325687	370.07692307692287
528.2634763172963	357.4999999999998
530.9018619257942	344.9230769230767
533.6870044264027	332.3461538461536
533.6962700500189	319.7692307692305
534.634638094812	307.1923076923074
535.3418227779202	294.6153846153843
544.5959246173431	282.0384615384612
544.7078483641731	269.4615384615381
545.1694836869577	256.884615384615
552.7403637588536	244.30769230769195
552.9390002112671	231.73076923076889
553.8176036550989	219.15384615384582
554.6417811467785	206.57692307692275
562.0	194.0
