83.0	187.0
87.27079553220561	200.03846153846155
87.3001984071439	213.0769230769231
88.3787795652731	226.11538461538464
95.3107551837331	239.1538461538462
97.92732408129059	252.19230769230774
100.6991973102485	265.2307692307693
103.00599735921496	278.26923076923083
103.08486256354958	291.3076923076924
108.34650923346734	304.3461538461539
108.34922521133848	317.3846153846155
108.37259738381687	330.423076923077
115.7392555988056	343.46153846153857
117.94345766648277	356.5000000000001
120.9466544089159	369.53846153846166
122.83174838452057	382.5769230769232
122.93886099858094	395.61538461538476
122.94693080011234	408.6538461538463
130.6888809746086	421.69230769230785
133.1402744798564	434.7307692307694
135.84585454796047	447.76923076923094
138.59911400703194	460.8076923076925
141.36307502636942	473.84615384615404
143.9025732534699	486.8846153846156
143.9073626937743	499.92307692307713
144.35057227200173	512.9615384615387
145.7823352822296	526.0
145.8176735708312	517.9230769230769
156.1790413696636	509.8461538461538
159.0589800357576	501.7692307692307
161.6709085885767	493.6923076923076
161.69809392103463	485.6153846153845
161.71544514155323	477.53846153846143
169.00766651009096	469.46153846153834
169.1701040645884	461.38461538461524
170.05523853780318	453.30769230769215
176.5066110188194	445.23076923076906
176.6678872942758	437.15384615384596
182.2119248290084	429.07692307692287
182.26657943953464	420.9999999999998
186.90649814898396	412.9230769230767
189.61667536579992	404.8461538461536
189.78338611278153	396.7692307692305
190.7839315614987	388.6923076923074
197.86681100521764	380.6153846153843
197.89233958372628	372.5384615384612
198.75857730319612	364.4615384615381
204.96042066617449	356.384615384615
205.01983909640288	348.3076923076919
205.3224782774423	340.23076923076883
213.26813867779697	332.15384615384573
215.46309374337446	324.07692307692264
219.0472667436164	316.0
222.13639366588268	324.2307692307692
222.19852981731285	332.46153846153845
222.5822710117629	340.6923076923077
233.22126408499193	348.9230769230769
233.22721716811978	357.15384615384613
234.3052726341517	365.38461538461536
243.61829327665566	373.6153846153846
246.04853559087624	381.8461538461538
246.08191290873384	390.07692307692304
254.01786558724433	398.30769230769226
257.42049777769273	406.5384615384615
260.27580011059933	414.7692307692307
263.6059989964303	422.99999999999994
267.04069961194443	431.23076923076917
271.23002299655127	439.4615384615384
271.24832054208537	447.6923076923076
271.64923746802276	455.92307692307685
281.2438717556082	464.1538461538461
281.3713389460445	472.3846153846153
281.7118318399972	480.6153846153845
283.3489440745847	488.84615384615375
294.5512377376703	497.076923076923
294.7579768167112	505.3076923076922
295.2948098972731	513.5384615384614
297.0216306792573	521.7692307692307
299.50267950919954	530.0
299.7153979341186	522.1923076923077
302.1845760322288	514.3846153846155
316.5498275357648	506.57692307692315
319.3498274488747	498.76923076923083
321.6759257756342	490.9615384615385
324.9540163473266	483.1538461538462
326.995453543988	475.34615384615387
327.19622495555456	467.53846153846155
328.23156509445124	459.7307692307692
335.39937328175046	451.9230769230769
335.49413182854687	444.1153846153846
341.44669421611906	436.30769230769226
343.7418062051801	428.49999999999994
343.8550470587209	420.6923076923076
344.12426359041154	412.8846153846153
344.7450706278716	405.076923076923
354.6819032302176	397.26923076923066
354.7738054939132	389.46153846153834
360.07736254380114	381.653846153846
360.20800768242015	373.8461538461537
360.52146627247055	366.0384615384614
368.2535946044687	358.23076923076906
368.3897351695018	350.42307692307674
368.61815378231006	342.6153846153844
369.6513385578052	334.8076923076921
380.8364584767784	327.0
384.3669966904562	334.46153846153845
389.5885326534317	341.9230769230769
393.37775757619045	349.38461538461536
393.5991031208879	356.8461538461538
394.48514601659633	364.30769230769226
406.499425305884	371.7692307692307
406.5481592870576	379.23076923076917
414.5503262714764	386.6923076923076
420.0654408462803	394.1538461538461
420.06873426540733	401.6153846153845
420.3113885902768	409.076923076923
420.3200903177867	416.53846153846143
422.23663351271347	423.9999999999999
440.35872107504315	431.46153846153834
440.60236620041985	438.9230769230768
441.8804583371115	446.38461538461524
453.37850075927685	453.8461538461537
453.6768999268705	461.30769230769215
453.77412511966793	468.7692307692306
467.37414262674594	476.23076923076906
471.42053089688346	483.6923076923075
475.93316741653575	491.15384615384596
479.10790670009726	498.6153846153844
479.2397162834888	506.07692307692287
487.80455538746867	513.5384615384613
491.79317058398414	521.0
491.79712636194523	508.4230769230769
492.352468283366	495.8461538461538
492.72906157000205	483.2692307692307
502.37958967054317	470.6923076923076
502.5939344137014	458.1153846153845
502.6356387406818	445.53846153846143
510.616353655636	432.96153846153834
513.8207220129575	420.38461538461524
516.970890641347	407.80769230769215
518.9748411574781	395.23076923076906
521.8865403345038	382.65384615384596
522.0904998520808	370.07692307692287
527.9939213604883	357.4999999999998
530.2197833125209	344.9230769230767
533.7199188116775	332.3461538461536
533.770351662983	319.7692307692305
539.1394222826933	307.1923076923074
539.1442427632879	294.6153846153843
544.6486979621418	282.0384615384612
544.6552709334961	269.4615384615381
550.1361280843524	256.884615384615
552.737036758859	244.30769230769195
555.7163203669494	231.73076923076889
555.7540585649467	219.15384615384582
561.6471429033866	206.57692307692275
562.0	194.0
