83.0	187.0
83.23251113897624	200.03846153846155
89.83793894193782	213.0769230769231
92.46952520215333	226.11538461538464
95.33107314286244	239.1538461538462
95.34487066438335	252.19230769230774
100.21682582755238	265.2307692307693
100.25567912831245	278.26923076923083
105.09793582018989	291.3076923076924
107.75686581423587	304.3461538461539
110.8846574110116	317.3846153846155
112.92224721659431	330.423076923077
113.04605749830534	343.46153846153857
118.15482267168751	356.5000000000001
121.0040445307975	369.53846153846166
123.52783391098484	382.5769230769232
123.53171880452123	395.61538461538476
128.44025628143496	408.6538461538463
131.11999561622875	421.69230769230785
133.63223068665553	434.7307692307694
133.67449901220576	447.76923076923094
138.64703602733331	460.8076923076925
138.7058182448033	473.84615384615404
143.9172265371929	486.8846153846156
146.08722560942968	499.92307692307713
146.15260312880997	512.9615384615387
146.55086449697808	526.0
153.41036693023048	517.9230769230769
153.5546425480667	509.8461538461538
159.02906275315183	501.7692307692307
161.31191234716297	493.6923076923076
161.46929021080226	485.6153846153845
166.47124662416692	477.53846153846143
166.6048435523511	469.46153846153834
167.08401678007414	461.38461538461524
167.21737034739783	453.30769230769215
169.6695142036062	445.23076923076906
170.0019355401915	437.15384615384596
172.98838039354396	429.07692307692287
184.7513973599136	420.9999999999998
184.80706840368762	412.9230769230767
185.39087847668844	404.8461538461536
186.98233076238074	396.7692307692305
195.33430012414718	388.6923076923074
197.9464824528481	380.6153846153843
197.94927011731784	372.5384615384612
198.08868300411842	364.4615384615381
198.4657774202807	356.384615384615
200.17620585499637	348.3076923076919
202.73993720389092	340.23076923076883
203.848132186735	332.15384615384573
215.55694814565084	324.07692307692264
219.4508944272435	316.0
219.4531378439327	324.2307692307692
220.2430245798491	332.46153846153845
229.1036886717544	340.6923076923077
232.42192263837796	348.9230769230769
236.20897792134858	357.15384615384613
240.13406292323901	365.38461538461536
240.13971953402918	373.6153846153846
240.90736089925733	381.8461538461538
242.13816920968304	390.07692307692304
242.96177663166242	398.30769230769226
245.37336630442212	406.5384615384615
260.50980490389077	414.7692307692307
260.5282543877939	422.99999999999994
261.36428933469523	431.23076923076917
262.9919864364817	439.4615384615384
274.67785259882555	447.6923076923076
274.7153625366866	455.92307692307685
275.9049427366195	464.1538461538461
284.9443990789755	472.3846153846153
287.67942059559215	480.6153846153845
291.0831647061188	488.84615384615375
291.349516042576	497.076923076923
291.5900736684276	505.3076923076922
302.1035994851361	513.5384615384614
305.3744392835285	521.7692307692307
305.57155385944884	530.0
311.33342419241575	522.1923076923077
313.284533470807	514.3846153846155
316.1318064100022	506.57692307692315
319.4279094126911	498.76923076923083
319.47509054607565	490.9615384615385
324.59336705856975	483.1538461538462
327.63655000594736	475.34615384615387
330.5242507437771	467.53846153846155
333.03725089494907	459.7307692307692
336.0030481107227	451.9230769230769
338.0140411745439	444.1153846153846
341.2216545679063	436.30769230769226
341.2988123290498	428.49999999999994
341.3850683407836	420.6923076923076
343.2004660985461	412.8846153846153
344.8451283812935	405.076923076923
354.32527312974645	397.26923076923066
354.328828775626	389.46153846153834
354.4508097215733	381.653846153846
362.50781625803063	373.8461538461537
362.654648659009	366.0384615384614
363.41302966309405	358.23076923076906
371.1456621412049	350.42307692307674
374.2536728651635	342.6153846153844
376.18566871156963	334.8076923076921
376.333198975032	327.0
384.8535022045005	334.46153846153845
388.5626482518618	341.9230769230769
393.5501013707597	349.38461538461536
393.68097401034476	356.8461538461538
401.9472406731844	364.30769230769226
402.1420819390399	371.7692307692307
403.4149765074431	379.23076923076917
405.9637401560471	386.6923076923076
419.2077979669807	394.1538461538461
419.4217046093297	401.6153846153845
420.00138213437555	409.076923076923
420.8463689676966	416.53846153846143
435.9235033986364	423.9999999999999
441.38725818694945	431.46153846153834
441.41798271118455	438.9230769230768
441.9556636040351	446.38461538461524
443.4441871825972	453.8461538461537
457.5157736416826	461.30769230769215
457.69464498626775	468.7692307692306
466.1039963073985	476.23076923076906
466.40648621809794	483.6923076923075
467.20189131415134	491.15384615384596
468.0956103310442	498.6153846153844
484.35258593126724	506.07692307692287
488.8822011115917	513.5384615384613
488.9093606461912	521.0
489.391620557665	508.4230769230769
497.19888868493496	495.8461538461538
500.2246346129096	483.2692307692307
500.22507760936037	470.6923076923076
500.71494039639646	458.1153846153845
508.3814080156478	445.53846153846143
508.3969370029295	432.96153846153834
508.90178094896106	420.38461538461524
509.0506640360288	407.80769230769215
519.3652122396674	395.23076923076906
519.4632679680907	382.65384615384596
524.5892573481497	370.07692307692287
524.7135629603085	357.4999999999998
530.9633754811009	344.9230769230767
533.35764799382	332.3461538461536
535.9669812314693	319.7692307692305
538.8670095516073	307.1923076923074
539.0270567803869	294.6153846153843
545.1063628210741	282.0384615384612
547.4208971906047	269.4615384615381
547.4338834984684	256.884615384615
552.9123508207142	244.30769230769195
553.1105701635477	231.73076923076889
558.8630173449299	219.15384615384582
561.8557321210786	206.57692307692275
562.0	194.0
