83.0	187.0
87.2992793817133	200.03846153846155
87.44002760763631	213.0769230769231
92.76371963869886	226.11538461538464
92.87726433940912	239.1538461538462
97.88455519768463	252.19230769230774
97.93188451211851	265.2307692307693
98.83045524094244	278.26923076923083
105.72907297796486	291.3076923076924
108.34021903961981	304.3461538461539
110.67169366478728	317.3846153846155
110.67271955276438	330.423076923077
110.9986113812296	343.46153846153857
111.54925895557243	356.5000000000001
120.23924648742961	369.53846153846166
123.21373139052216	382.5769230769232
126.10492682330725	395.61538461538476
128.5672007232732	408.6538461538463
130.93436384609714	421.69230769230785
133.5596701944976	434.7307692307694
135.53977354709806	447.76923076923094
135.6140269920439	460.8076923076925
141.23907335515614	473.84615384615404
143.84008723760337	486.8846153846156
143.8485244477488	499.92307692307713
144.64663477501423	512.9615384615387
144.75408383029892	526.0
146.96834006691327	517.9230769230769
156.54701825258914	509.8461538461538
156.55139139314352	501.7692307692307
161.23757484388915	493.6923076923076
161.26946258262734	485.6153846153845
161.39006836925148	477.53846153846143
161.5046277682624	469.46153846153834
172.18569014860475	461.38461538461524
172.18641954592346	453.30769230769215
176.7865822993398	445.23076923076906
179.54647501474096	437.15384615384596
179.61574599074038	429.07692307692287
180.22861817135572	420.9999999999998
187.52971263041738	412.9230769230767
189.5694986146716	404.8461538461536
192.67012235454575	396.7692307692305
192.68216732600087	388.6923076923074
193.26972450579365	380.6153846153843
200.316110922284	372.5384615384612
200.37075454875728	364.4615384615381
200.9097897804483	356.384615384615
201.00000318797103	348.3076923076919
210.5560318344171	340.23076923076883
212.9897530591846	332.15384615384573
215.68582259377547	324.07692307692264
215.76923387611066	316.0
221.79453453131507	324.2307692307692
222.0834903146344	332.46153846153845
229.14393561981896	340.6923076923077
229.3068419457364	348.9230769230769
236.7519883289365	357.15384615384613
236.7556091310638	365.38461538461536
242.57047823766356	373.6153846153846
242.61707284840767	381.8461538461538
249.88783679053253	390.07692307692304
253.8764606593201	398.30769230769226
253.93395884600545	406.5384615384615
260.4484371059522	414.7692307692307
263.70492173835476	422.99999999999994
263.87157073181106	431.23076923076917
264.0636193919306	439.4615384615384
274.7267590655576	447.6923076923076
277.68507950337977	455.92307692307685
277.7935555783831	464.1538461538461
284.50303491760405	472.3846153846153
284.74069217086793	480.6153846153845
285.72604049284035	488.84615384615375
286.5326147639969	497.076923076923
286.54503525230433	505.3076923076922
287.06695160412505	513.5384615384614
304.8917832915651	521.7692307692307
304.94032896098054	530.0
305.36332691701506	522.1923076923077
306.6441319142568	514.3846153846155
316.1483217474886	506.57692307692315
319.3897936512002	498.76923076923083
322.1679719906168	490.9615384615385
324.3131918245278	483.1538461538462
327.69567020380714	475.34615384615387
330.45895710953846	467.53846153846155
332.65321044759327	459.7307692307692
335.27220637401757	451.9230769230769
338.07587535186786	444.1153846153846
338.2173167771859	436.30769230769226
338.47773165696424	428.49999999999994
346.57623175577055	420.6923076923076
346.61111691849493	412.8846153846153
347.0891163871061	405.076923076923
354.391220290725	397.26923076923066
354.4299256840273	389.46153846153834
355.35224355916057	381.653846153846
355.7570189286106	373.8461538461537
356.73999963120445	366.0384615384614
357.64188363435164	358.23076923076906
370.69665763613614	350.42307692307674
370.7730007403823	342.6153846153844
371.09749019310675	334.8076923076921
371.9978090669954	327.0
372.0098654091403	334.46153846153845
374.20522226774114	341.9230769230769
374.2274891270612	349.38461538461536
397.81643277132963	356.8461538461538
397.91584718777546	364.30769230769226
399.4533721534622	371.7692307692307
410.49573233676716	379.23076923076917
414.8590854831863	386.6923076923076
415.0620876891487	394.1538461538461
416.3491521130576	401.6153846153845
427.343773128855	409.076923076923
432.5322669557228	416.53846153846143
432.60205262208774	423.9999999999999
433.5367706588401	431.46153846153834
445.2758255475105	438.9230769230768
445.4221214217726	446.38461538461524
453.62528126649903	453.8461538461537
453.84551961832074	461.30769230769215
454.2030799069363	468.7692307692306
454.8105934055501	476.23076923076906
458.6687634927612	483.6923076923075
458.69100819681927	491.15384615384596
479.1901991169906	498.6153846153844
479.46949513917883	506.07692307692287
481.0001960413057	513.5384615384613
482.92994523298944	521.0
494.53517358558884	508.4230769230769
494.55141324061816	495.8461538461538
499.68230336476563	483.2692307692307
499.8539400099007	470.6923076923076
500.6520449497932	458.1153846153845
507.7237068736582	445.53846153846143
507.8388770334102	432.96153846153834
508.98073689714204	420.38461538461524
509.92864905025675	407.80769230769215
519.2024738485836	395.23076923076906
519.3290608797157	382.65384615384596
519.3644989965962	370.07692307692287
520.1737759715397	357.4999999999998
530.3913645353002	344.9230769230767
530.5881281492887	332.3461538461536
531.1730046699774	319.7692307692305
539.0292187251229	307.1923076923074
542.3419961993934	294.6153846153843
544.5424243887604	282.0384615384612
547.7764288504786	269.4615384615381
547.7970860424588	256.884615384615
548.378507937977	244.30769230769195
555.4618852507476	231.73076923076889
558.9415645191431	219.15384615384582
558.982727107165	206.57692307692275
562.0	194.0
