83.0	187.0
83.09353004289446	200.03846153846155
84.22481769636039	213.0769230769231
93.03693360823533	226.11538461538464
93.06244749095796	239.1538461538462
97.98852636742777	252.19230769230774
97.98912245592985	265.2307692307693
103.17869497179093	278.26923076923083
105.28019359308813	291.3076923076924
107.67271997507287	304.3461538461539
107.76278553376645	317.3846153846155
108.15215115334253	330.423076923077
115.81983847090905	343.46153846153857
115.87085315964893	356.5000000000001
116.57787575539129	369.53846153846166
123.52107936604047	382.5769230769232
125.35704010984885	395.61538461538476
128.58481403716033	408.6538461538463
130.66704425374002	421.69230769230785
130.69749058294724	434.7307692307694
136.16500507750737	447.76923076923094
138.34248341517147	460.8076923076925
141.28461068820545	473.84615384615404
143.38909069902073	486.8846153846156
143.46107749174996	499.92307692307713
148.43219588485013	512.9615384615387
148.4397908298494	526.0
153.355692053449	517.9230769230769
156.30361055144903	509.8461538461538
158.9791118147512	501.7692307692307
159.01896952704016	493.6923076923076
159.19411530431012	485.6153846153845
160.59439847720304	477.53846153846143
169.4140285865861	469.46153846153834
171.67947084215194	461.38461538461524
171.727868710452	453.30769230769215
176.8684044839831	445.23076923076906
176.87144887335373	437.15384615384596
177.82272649504733	429.07692307692287
184.65514289695605	420.9999999999998
184.7125083303631	412.9230769230767
189.88461298898733	404.8461538461536
189.88519642425243	396.7692307692305
190.26449476621116	388.6923076923074
197.90519238663373	380.6153846153843
199.96325596185775	372.5384615384612
203.09390001539168	364.4615384615381
204.9009924394381	356.384615384615
208.20960241465164	348.3076923076919
210.0165406339696	340.23076923076883
212.99526435156417	332.15384615384573
213.09632104933772	324.07692307692264
213.56340431669142	316.0
214.49204068843824	324.2307692307692
215.9439678580172	332.46153846153845
215.96396668120872	340.6923076923077
220.56851834812102	348.9230769230769
236.12087335706795	357.15384615384613
236.17781493186413	365.38461538461536
242.8182841820896	373.6153846153846
246.0010884969507	381.8461538461538
249.75981940506352	390.07692307692304
249.93779807423618	398.30769230769226
250.35974274261108	406.5384615384615
252.08429781682037	414.7692307692307
252.22324449076285	422.99999999999994
254.08315915056946	431.23076923076917
271.14725340750795	439.4615384615384
271.15845513748314	447.6923076923076
277.46913250705626	455.92307692307685
277.72755116272333	464.1538461538461
284.59041967588666	472.3846153846153
288.3589199758173	480.6153846153845
291.41949181604434	488.84615384615375
291.4551314040281	497.076923076923
292.2191402902212	505.3076923076922
301.5597197847388	513.5384615384614
301.8547873101022	521.7692307692307
308.401498543657	530.0
308.42844193634886	522.1923076923077
308.59114938892793	514.3846153846155
316.34008619349606	506.57692307692315
319.1170058272067	498.76923076923083
321.60835489858283	490.9615384615385
321.71404304512396	483.1538461538462
322.71258814822744	475.34615384615387
323.7683633360821	467.53846153846155
325.375266667395	459.7307692307692
335.3655562759532	451.9230769230769
335.5525243102894	444.1153846153846
340.83337013654346	436.30769230769226
341.0166792489886	428.49999999999994
341.9958568723285	420.6923076923076
343.3812331987413	412.8846153846153
352.2253305663685	405.076923076923
352.26392636624786	397.26923076923066
357.716241356777	389.46153846153834
357.76052305678	381.653846153846
363.00501141290044	373.8461538461537
365.7420395342783	366.0384615384614
365.8025784828139	358.23076923076906
371.1078499145546	350.42307692307674
373.98758442399037	342.6153846153844
376.95300510513704	334.8076923076921
380.2026911187971	327.0
385.2199524271758	334.46153846153845
389.80254856622764	341.9230769230769
389.8260042663292	349.38461538461536
390.70726358028725	356.8461538461538
401.92735834925185	364.30769230769226
406.7736109105805	371.7692307692307
406.8545103112521	379.23076923076917
407.14361201096995	386.6923076923076
410.0022741715351	394.1538461538461
423.55002188153276	401.6153846153845
423.71093885307175	409.076923076923
424.73616117175004	416.53846153846143
435.91357436190714	423.9999999999999
440.33582289480745	431.46153846153834
440.46620040789867	438.9230769230768
441.75292751090615	446.38461538461524
453.7443773644252	453.8461538461537
453.94942982026225	461.30769230769215
454.6235897453363	468.7692307692306
457.4229054856052	476.23076923076906
471.7583108787233	483.6923076923075
471.7594955535298	491.15384615384596
479.1032300493402	498.6153846153844
483.868932662063	506.07692307692287
487.90100611714314	513.5384615384613
488.12009747340323	521.0
488.1775331849319	508.4230769230769
488.24547706862495	495.8461538461538
499.46180315593637	483.2692307692307
499.5254640702267	470.6923076923076
505.4948390071949	458.1153846153845
507.7600269518432	445.53846153846143
510.73194674762004	432.96153846153834
514.0312353036473	420.38461538461524
516.8749581032861	407.80769230769215
516.8869960698128	395.23076923076906
517.8367775454535	382.65384615384596
518.3141678277613	370.07692307692287
518.8175053417774	357.4999999999998
530.280512113902	344.9230769230767
530.4277159823167	332.3461538461536
536.3603408487924	319.7692307692305
536.4089188958916	307.1923076923074
536.4450953359506	294.6153846153843
538.0251958148575	282.0384615384612
539.6582058669866	269.4615384615381
550.2220754194072	256.884615384615
552.7426125840693	244.30769230769195
556.3844184685443	231.73076923076889
558.7656189079305	219.15384615384582
558.8057500614138	206.57692307692275
562.0	194.0
