83.0	187.0
83.34958375185361	200.03846153846155
89.8722263369418	213.0769230769231
92.76246265057414	226.11538461538464
95.25451907890647	239.1538461538462
98.2221151247251	252.19230769230774
98.22366059458373	265.2307692307693
102.71641110591948	278.26923076923083
105.67018541741164	291.3076923076924
108.34841907965017	304.3461538461539
110.76497067535212	317.3846153846155
112.79880992321522	330.423076923077
115.22546487414039	343.46153846153857
115.47046269916433	356.5000000000001
115.95827179795582	369.53846153846166
117.01288415210674	382.5769230769232
117.43132168651343	395.61538461538476
119.21988181124593	408.6538461538463
121.39445404309251	421.69230769230785
121.91566214962323	434.7307692307694
122.0089010287796	447.76923076923094
138.38968726720836	460.8076923076925
138.48871855457185	473.84615384615404
143.7792593825814	486.8846153846156
145.79052168882666	499.92307692307713
145.850742232366	512.9615384615387
150.74680398735953	526.0
153.94844408672554	517.9230769230769
153.97138846727904	509.8461538461538
159.09149912994778	501.7692307692307
161.6676775413961	493.6923076923076
161.7359675807049	485.6153846153845
161.88606679980623	477.53846153846143
161.98694949053944	469.46153846153834
171.53887928737825	461.38461538461524
171.75565024089397	453.30769230769215
172.7560085053057	445.23076923076906
173.30730635188135	437.15384615384596
182.30967849286378	429.07692307692287
184.25373450787785	420.9999999999998
184.40456396420285	412.9230769230767
190.17477900947122	404.8461538461536
190.19194399876724	396.7692307692305
190.7572227333143	388.6923076923074
197.14947950274092	380.6153846153843
200.2753413366471	372.5384615384612
202.61041796938298	364.4615384615381
204.97648008984928	356.384615384615
205.05568311831524	348.3076923076919
210.07568957040883	340.23076923076883
212.93915453596742	332.15384615384573
215.50839860572677	324.07692307692264
215.6488062272786	316.0
215.88581217874813	324.2307692307692
217.4112244373033	332.46153846153845
218.26416044438707	340.6923076923077
232.2717389541814	348.9230769230769
235.87338679545255	357.15384615384613
235.95860162356973	365.38461538461536
236.43580913400206	373.6153846153846
238.6577934213841	381.8461538461538
240.4695487346755	390.07692307692304
241.92618363698247	398.30769230769226
256.8351714084104	406.5384615384615
260.77722918878055	414.7692307692307
263.40285615546065	422.99999999999994
267.5181773014965	431.23076923076917
267.64987513124913	439.4615384615384
268.3562404474413	447.6923076923076
268.64431163614216	455.92307692307685
269.9830043654568	464.1538461538461
272.6369340175929	472.3846153846153
288.1618967299311	480.6153846153845
288.32758228327947	488.84615384615375
289.4436045484262	497.076923076923
298.2005570935612	505.3076923076922
298.4676223918895	513.5384615384614
305.24445617098286	521.7692307692307
308.4833065130211	530.0
308.55284857947333	522.1923076923077
308.6933558348968	514.3846153846155
316.51402292779414	506.57692307692315
318.82608475851566	498.76923076923083
318.8457355943388	490.9615384615385
324.52383738291695	483.1538461538462
324.60450652397253	475.34615384615387
329.7219473995653	467.53846153846155
329.9041118016661	459.7307692307692
330.0934330936484	451.9230769230769
331.57597471221254	444.1153846153846
340.6820775576209	436.30769230769226
344.211346809617	428.49999999999994
346.58124726353014	420.6923076923076
349.42961406334297	412.8846153846153
352.26968062741736	405.076923076923
352.3069912562464	397.26923076923066
352.93198226978717	389.46153846153834
359.90828990671844	381.653846153846
360.0198538433279	373.8461538461537
360.16521077449903	366.0384615384614
362.02343570583923	358.23076923076906
363.8661912035084	350.42307692307674
365.40007308878313	342.6153846153844
367.77863279350424	334.8076923076921
369.8513266595674	327.0
384.53903390409386	334.46153846153845
384.7777250864926	341.9230769230769
385.70804940519025	349.38461538461536
397.48507879111037	356.8461538461538
402.62834462752886	364.30769230769226
402.6600087511293	371.7692307692307
410.15071101262197	379.23076923076917
410.1753534005327	386.6923076923076
410.3624800254096	394.1538461538461
423.8841174254309	401.6153846153845
427.48267902312807	409.076923076923
427.8111226788042	416.53846153846143
428.7572044471004	423.9999999999999
430.58609405100316	431.46153846153834
445.13212674285757	438.9230769230768
449.62952608511495	446.38461538461524
453.2748883928817	453.8461538461537
457.7684389690839	461.30769230769215
462.9044982925316	468.7692307692306
462.92010084823653	476.23076923076906
463.1089868827702	483.6923076923075
464.5521377611018	491.15384615384596
468.2002259893859	498.6153846153844
469.0286820874152	506.07692307692287
472.5055555316792	513.5384615384613
472.79110670467594	521.0
477.5043504192697	508.4230769230769
497.3504080835952	495.8461538461538
497.3744018302769	483.2692307692307
498.17178588646715	470.6923076923076
505.53259668734245	458.1153846153845
508.3837283415993	445.53846153846143
508.4622286846498	432.96153846153834
514.2311133888854	420.38461538461524
516.8307037610524	407.80769230769215
516.9032081821421	395.23076923076906
522.4351025672869	382.65384615384596
522.4619492095624	370.07692307692287
527.8403622693621	357.4999999999998
527.95350166124	344.9230769230767
533.7518548966561	332.3461538461536
536.0568346795999	319.7692307692305
538.9165242605458	307.1923076923074
538.9434762025433	294.6153846153843
544.4186844829002	282.0384615384612
547.6542496404584	269.4615384615381
550.6458904405135	256.884615384615
552.7510664068147	244.30769230769195
556.357944077241	231.73076923076889
556.3630481085243	219.15384615384582
561.1432024164127	206.57692307692275
562.0	194.0
