83.0	187.0
87.98034695636505	200.03846153846155
90.13657048015037	213.0769230769231
90.1770492023383	226.11538461538464
90.39030359369038	239.1538461538462
91.44694480120042	252.19230769230774
92.08730609213879	265.2307692307693
92.88756617357721	278.26923076923083
96.34949090100008	291.3076923076924
107.71799131493356	304.3461538461539
110.73288288129355	317.3846153846155
113.01025199130399	330.423076923077
113.05566539780823	343.46153846153857
114.00017209180882	356.5000000000001
114.40736195485353	369.53846153846166
122.81321888889573	382.5769230769232
122.82375724036521	395.61538461538476
128.37922725843535	408.6538461538463
128.39283280325472	421.69230769230785
133.1497512180535	434.7307692307694
135.57684351682724	447.76923076923094
138.24481722576868	460.8076923076925
138.39355199528805	473.84615384615404
138.6022711126384	486.8846153846156
138.73058767572186	499.92307692307713
139.5952062266472	512.9615384615387
151.36294442237784	526.0
151.41844510766646	517.9230769230769
156.4397422139098	509.8461538461538
156.45875091502637	501.7692307692307
157.27368009059117	493.6923076923076
163.98896710469936	485.6153846153845
164.00013947069317	477.53846153846143
168.7643211989232	469.46153846153834
171.7796108847816	461.38461538461524
171.86461990527724	453.30769230769215
177.182628912619	445.23076923076906
177.2156857887407	437.15384615384596
177.45007908136435	429.07692307692287
184.65047960345464	420.9999999999998
186.90410783438958	412.9230769230767
187.0776206998876	404.8461538461536
192.68736325065734	396.7692307692305
192.71270391693184	388.6923076923074
192.80243846511607	380.6153846153843
200.50145261137442	372.5384615384612
203.07822152117157	364.4615384615381
205.530841581705	356.384615384615
207.50420030581682	348.3076923076919
207.5494639567035	340.23076923076883
213.02948402353726	332.15384615384573
215.8521597254882	324.07692307692264
215.86085804834204	316.0
216.4536353478785	324.2307692307692
217.58055734955883	332.46153846153845
229.16697456703923	340.6923076923077
232.74328432809938	348.9230769230769
236.3172757038693	357.15384615384613
240.17812093620176	365.38461538461536
243.13954948500546	373.6153846153846
246.77591940673466	381.8461538461538
246.81176130838523	390.07692307692304
247.09640791522853	398.30769230769226
257.1462461262721	406.5384615384615
260.9217613696293	414.7692307692307
260.9412861441665	422.99999999999994
261.49828560026305	431.23076923076917
270.8699591958404	439.4615384615384
273.9183860855959	447.6923076923076
274.0391067055553	455.92307692307685
280.9153573668914	464.1538461538461
284.95450122352395	472.3846153846153
287.6513910144159	480.6153846153845
291.74204491376815	488.84615384615375
291.8726661378617	497.076923076923
292.44944359446237	505.3076923076922
302.0548118833288	513.5384615384614
302.1784092838546	521.7692307692307
302.43147223910455	530.0
310.62983444132004	522.1923076923077
313.44789355626165	514.3846153846155
316.2823287301735	506.57692307692315
319.4264098996405	498.76923076923083
321.72374007444057	490.9615384615385
324.8761634989798	483.1538461538462
327.0484823866885	475.34615384615387
330.00182792427194	467.53846153846155
330.05655439070324	459.7307692307692
335.488961532688	451.9230769230769
338.2121978140685	444.1153846153846
341.3897607511961	436.30769230769226
341.4210722529359	428.49999999999994
341.4631440739662	420.6923076923076
349.57504159916937	412.8846153846153
349.59382598321	405.076923076923
355.0576869560452	397.26923076923066
355.060474772007	389.46153846153834
360.0985862757295	381.653846153846
363.0551611914016	373.8461538461537
365.36049288385396	366.0384615384614
368.29476212128964	358.23076923076906
371.35711035376835	350.42307692307674
371.40314347810585	342.6153846153844
371.46586708463343	334.8076923076921
373.096277472862	327.0
384.38060966703955	334.46153846153845
384.380874631793	341.9230769230769
384.69218819259225	349.38461538461536
397.12390111753007	356.8461538461538
401.71560484675416	364.30769230769226
401.97752446395197	371.7692307692307
402.035254950477	379.23076923076917
415.4237584848342	386.6923076923076
420.00838362363584	394.1538461538461
423.42444879426546	401.6153846153845
423.4490273254366	409.076923076923
431.9076941703173	416.53846153846143
436.9523374371369	423.9999999999999
440.22288741158917	431.46153846153834
440.53552687122846	438.9230769230768
440.70106950016657	446.38461538461524
454.27726577250473	453.8461538461537
457.5727508309944	461.30769230769215
457.955824215584	468.7692307692306
467.1447070818635	476.23076923076906
467.2323825285817	483.6923076923075
468.6676697017828	491.15384615384596
470.428665388201	498.6153846153844
472.68546920300145	506.07692307692287
488.3824222119315	513.5384615384613
490.97284270956635	521.0
494.26137978588025	508.4230769230769
497.1732868110313	495.8461538461538
497.19953133601666	483.2692307692307
497.4540836296137	470.6923076923076
505.28519836651475	458.1153846153845
505.286243261428	445.53846153846143
510.9850989884572	432.96153846153834
511.1421672094424	420.38461538461524
516.4593066168397	407.80769230769215
519.4004562527941	395.23076923076906
522.0885609469397	382.65384615384596
524.9551593558422	370.07692307692287
525.0374985744755	357.4999999999998
525.2630464879222	344.9230769230767
525.4482071518876	332.3461538461536
536.0116097000929	319.7692307692305
536.2307319609279	307.1923076923074
536.6518983573479	294.6153846153843
537.0706370243092	282.0384615384612
537.3548429161134	269.4615384615381
550.7143859178809	256.884615384615
550.7180216139441	244.30769230769195
555.4659036300097	231.73076923076889
558.8283641849395	219.15384615384582
561.2851496171976	206.57692307692275
562.0	194.0
