time startPrice highestPrice lowestPrice endPrice transactionCount
20130815	123	123	123	1.97990605244585	1234
20130815	123	123	123	16.84814604757601	1234
20130815	123	123	123	14.319282318109916	1234
20130815	123	123	123	10.300046088916234	1234
20130815	123	123	123	12.752412845757775	1234
20130815	123	123	123	15.455383855722175	1234
20130815	123	123	123	16.737142280719347	1234
20130815	123	123	123	1.753838206791598	1234
20130815	123	123	123	7.997978917418413	1234
20130815	123	123	123	17.55158882263287	1234
20130815	123	123	123	1.7075220148641113	1234
20130815	123	123	123	6.402170730322627	1234
20130815	123	123	123	1.176859725224566	1234
20130815	123	123	123	9.110609433864498	1234
20130815	123	123	123	7.7088925336374	1234
20130815	123	123	123	19.369923974135343	1234
20130815	123	123	123	6.841078726931206	1234
20130815	123	123	123	11.568279383575517	1234
20130815	123	123	123	18.74559757175551	1234
20130815	123	123	123	12.503648425242082	1234
20130815	123	123	123	1.506863808173926	1234
20130815	123	123	123	5.608445026146911	1234
20130815	123	123	123	2.8625444964561297	1234
20130815	123	123	123	14.779422695571151	1234
20130815	123	123	123	19.34116703920471	1234
20130815	123	123	123	14.50078520603202	1234
20130815	123	123	123	16.18596658949048	1234
20130815	123	123	123	19.67613527599046	1234
20130815	123	123	123	10.712211462803698	1234
20130815	123	123	123	0.04523497570928958	1234
20130815	123	123	123	167.9483370044598	1234
20130815	123	123	123	177.45619728502695	1234
20130815	123	123	123	183.48692183921295	1234
20130815	123	123	123	184.5343519735314	1234
20130815	123	123	123	200.87911764674126	1234
20130815	123	123	123	199.4657046193659	1234
20130815	123	123	123	209.47494056098918	1234
20130815	123	123	123	234.53864018762062	1234
20130815	123	123	123	227.71659881412205	1234
20130815	123	123	123	244.46898485107016	1234
20130815	123	123	123	252.18721922710893	1234
20130815	123	123	123	267.45579776502365	1234
20130815	123	123	123	268.77832717570067	1234
20130815	123	123	123	277.3921347107068	1234
20130815	123	123	123	290.3883183862038	1234
20130815	123	123	123	286.53846153846143	1234
20130815	123	123	123	298.6269749489629	1234
20130815	123	123	123	305.43669232179246	1234
20130815	123	123	123	309.84691125043975	1234
20130815	123	123	123	318.2312864421415	1234
20130815	123	123	123	333.5543040760027	1234
20130815	123	123	123	337.95720960508396	1234
20130815	123	123	123	353.45374487811637	1234
20130815	123	123	123	347.720374175317	1234
20130815	123	123	123	357.26085329726476	1234
20130815	123	123	123	384.4361311402739	1234
20130815	123	123	123	400.7217735786482	1234
20130815	123	123	123	384.99234969944365	1234
20130815	123	123	123	392.97109284994065	1234
20130815	123	123	123	396.1236962330292	1234
20130815	123	123	123	405.0865490458658	1234
20130815	123	123	123	412.3166272296133	1234
20130815	123	123	123	419.02594634537513	1234
20130815	123	123	123	424.6125755965308	1234
20130815	123	123	123	435.5321774884987	1234
20130815	123	123	123	443.14250696117676	1234
20130815	123	123	123	450.4617266300961	1234
20130815	123	123	123	451.7797752856651	1234
20130815	123	123	123	464.28923192203473	1234
20130815	123	123	123	463.95140168271473	1234
20130815	123	123	123	471.88978556449615	1234
20130815	123	123	123	477.34872951411216	1234
20130815	123	123	123	482.2307692307688	1234
20130815	123	123	123	503.8784230056621	1234
20130815	123	123	123	501.7465413618223	1234
20130815	123	123	123	514.2106026538695	1234
20130815	123	123	123	511.7439098002529	1234
20130815	123	123	123	507.5769230769231	1234
20130815	123	123	123	500.33415111362376	1234
20130815	123	123	123	488.1833619325706	1234
20130815	123	123	123	484.79802985037344	1234
20130815	123	123	123	478.2394058753269	1234
20130815	123	123	123	461.3429440738065	1234
20130815	123	123	123	463.3876748793269	1234
20130815	123	123	123	457.64352266713746	1234
20130815	123	123	123	454.5815313254795	1234
20130815	123	123	123	446.44463376319356	1234
20130815	123	123	123	443.61876092267306	1234
20130815	123	123	123	442.5000000000002	1234
20130815	123	123	123	420.8076923076926	1234
20130815	123	123	123	414.94668893105666	1234
20130815	123	123	123	400.6713453711884	1234
20130815	123	123	123	397.2062335206929	1234
20130815	123	123	123	381.9101624395426	1234
20130815	123	123	123	354.8424927108449	1234
20130815	123	123	123	372.0	1234
20130815	123	123	123	396.6254175102013	1234
20130815	123	123	123	407.6516310263866	1234
20130815	123	123	123	416.90020711126755	1234
20130815	123	123	123	427.04706931568063	1234
20130815	123	123	123	432.6368068723244	1234
20130815	123	123	123	437.10930005149953	1234
20130815	123	123	123	452.21537790476515	1234
20130815	123	123	123	455.30672858663587	1234
20130815	123	123	123	458.29843172029314	1234
20130815	123	123	123	462.0	1234
20130815	123	123	123	470.38785963761063	1234
20130815	123	123	123	477.9055303176177	1234
20130815	123	123	123	483.21703125474846	1234
20130815	123	123	123	492.1573638932478	1234
20130815	123	123	123	489.8318809816723	1234
20130815	123	123	123	480.1107754865978	1234
20130815	123	123	123	467.9539767818618	1234
20130815	123	123	123	469.31401839885064	1234
20130815	123	123	123	466.1923076923075	1234
20130815	123	123	123	452.92084729519894	1234
20130815	123	123	123	451.1074874708121	1234
20130815	123	123	123	450.666675995565	1234
20130815	123	123	123	435.6413241337371	1234
20130815	123	123	123	429.8625732699147	1234
20130815	123	123	123	421.70717790355013	1234
20130815	123	123	123	418.1350677898348	1234
20130815	123	123	123	415.0384615384611	1234
20130815	123	123	123	392.3183794883793	1234
20130815	123	123	123	394.2581355153075	1234
20130815	123	123	123	380.24681449837806	1234
20130815	123	123	123	368.7455890773311	1234
20130815	123	123	123	367.93422528009046	1234
20130815	123	123	123	354.8576143390039	1234
20130815	123	123	123	348.73630626509413	1234
20130815	123	123	123	345.8076923076923	1234
20130815	123	123	123	314.9449688317061	1234
20130815	123	123	123	310.68098574395384	1234
20130815	123	123	123	300.94351050101886	1234
20130815	123	123	123	289.72767601709563	1234
20130815	123	123	123	294.82955326483983	1234
20130815	123	123	123	291.11263234038796	1234
20130815	123	123	123	274.1526404153381	1234
20130815	123	123	123	259.72874118706824	1234
20130815	123	123	123	241.35698446772176	1234
20130815	123	123	123	233.97416481336586	1234
20130815	123	123	123	225.7893962792789	1234
20130815	123	123	123	221.44795217305648	1234
20130815	123	123	123	214.75005443764675	1234
20130815	123	123	123	206.8912354996955	1234
20130815	123	123	123	204.8231611588137	1234
20130815	123	123	123	181.26953436445262	1234
20130815	123	123	123	191.1923076923078	1234
20130815	123	123	123	170.93770887371105	1234
20130815	123	123	123	168.0	1234
20130815	123	123	123	3.5577502737190403	1234
20130815	123	123	123	14.414709438172295	1234
20130815	123	123	123	13.470381308140094	1234
20130815	123	123	123	4.900473045660727	1234
20130815	123	123	123	12.709748726436734	1234
20130815	123	123	123	13.248934722521286	1234
20130815	123	123	123	1.767203586665571	1234
20130815	123	123	123	13.921602238804322	1234
20130815	123	123	123	7.928390966347849	1234
20130815	123	123	123	12.403734679800083	1234
20130815	123	123	123	5.2865679632041385	1234
20130815	123	123	123	4.104795359077825	1234
20130815	123	123	123	1.2888189180053078	1234
20130815	123	123	123	7.791849561971573	1234
20130815	123	123	123	12.953727910575468	1234
20130815	123	123	123	7.834344903736186	1234
20130815	123	123	123	14.791669640717455	1234
20130815	123	123	123	8.300071604246567	1234
20130815	123	123	123	9.504054616094937	1234
20130815	123	123	123	7.350207294528872	1234
20130815	123	123	123	5.114554669328884	1234
20130815	123	123	123	17.221327782475264	1234
20130815	123	123	123	0.7348909765138134	1234
20130815	123	123	123	9.701783291241817	1234
20130815	123	123	123	4.1941641754000125	1234
20130815	123	123	123	2.319062852036071	1234
20130815	123	123	123	3.830294013571216	1234
20130815	123	123	123	0.926347141770627	1234
20130815	123	123	123	13.48385486006136	1234
20130815	123	123	123	11.04552066521059	1234