time startPrice highestPrice lowestPrice endPrice transactionCount
20130815	123	123	123	9.731557671559361	1234
20130815	123	123	123	14.767124075451088	1234
20130815	123	123	123	7.9545625488011185	1234
20130815	123	123	123	12.401230860676332	1234
20130815	123	123	123	3.805724582627923	1234
20130815	123	123	123	1.0102120918559998	1234
20130815	123	123	123	17.815165156963882	1234
20130815	123	123	123	6.558345716454479	1234
20130815	123	123	123	14.921091869464966	1234
20130815	123	123	123	3.3161295418513292	1234
20130815	123	123	123	19.610328306338044	1234
20130815	123	123	123	1.1496467376932218	1234
20130815	123	123	123	8.289430766389291	1234
20130815	123	123	123	6.696918048956453	1234
20130815	123	123	123	19.851881258908247	1234
20130815	123	123	123	1.450295543565454	1234
20130815	123	123	123	0.21372770993344226	1234
20130815	123	123	123	0.15250885705540673	1234
20130815	123	123	123	12.115973684250505	1234
20130815	123	123	123	9.421934373662138	1234
20130815	123	123	123	15.178268900945548	1234
20130815	123	123	123	0.4976452116334773	1234
20130815	123	123	123	4.539092782072711	1234
20130815	123	123	123	19.346982570229557	1234
20130815	123	123	123	19.998912299192174	1234
20130815	123	123	123	1.5804412647642119	1234
20130815	123	123	123	16.02373832876278	1234
20130815	123	123	123	4.705704132008832	1234
20130815	123	123	123	19.958465411537617	1234
20130815	123	123	123	13.822382671413642	1234
20130815	123	123	123	175.75010865793496	1234
20130815	123	123	123	250.8345970120019	1234
20130815	123	123	123	227.80610190385792	1234
20130815	123	123	123	232.27376167894596	1234
20130815	123	123	123	241.84984875932207	1234
20130815	123	123	123	246.1927130440452	1234
20130815	123	123	123	279.1897598931467	1234
20130815	123	123	123	278.0368793530267	1234
20130815	123	123	123	279.1538461538461	1234
20130815	123	123	123	299.6546588637251	1234
20130815	123	123	123	310.3560399524284	1234
20130815	123	123	123	310.262954437977	1234
20130815	123	123	123	309.8981392077499	1234
20130815	123	123	123	335.639916050712	1234
20130815	123	123	123	338.0805990374894	1234
20130815	123	123	123	355.0603557646727	1234
20130815	123	123	123	361.87955788337763	1234
20130815	123	123	123	364.8866599018278	1234
20130815	123	123	123	384.8434404482266	1234
20130815	123	123	123	377.6153846153845	1234
20130815	123	123	123	386.65992095443096	1234
20130815	123	123	123	394.14411123250676	1234
20130815	123	123	123	404.98453030529697	1234
20130815	123	123	123	418.6257021064178	1234
20130815	123	123	123	420.69230769230745	1234
20130815	123	123	123	426.8461538461536	1234
20130815	123	123	123	441.6284986714975	1234
20130815	123	123	123	448.3993409474827	1234
20130815	123	123	123	451.4615384615381	1234
20130815	123	123	123	472.8359907603771	1234
20130815	123	123	123	464.8798064200305	1234
20130815	123	123	123	479.05389952570687	1234
20130815	123	123	123	485.4098997657079	1234
20130815	123	123	123	499.65205180195596	1234
20130815	123	123	123	504.9124133861032	1234
20130815	123	123	123	505.81350834652966	1234
20130815	123	123	123	514.6168186000314	1234
20130815	123	123	123	513.0	1234
20130815	123	123	123	499.78708182631635	1234
20130815	123	123	123	502.1538461538462	1234
20130815	123	123	123	491.371013801537	1234
20130815	123	123	123	478.59316385426126	1234
20130815	123	123	123	477.97631645905943	1234
20130815	123	123	123	474.1562416594143	1234
20130815	123	123	123	464.19230769230785	1234
20130815	123	123	123	448.22581725012736	1234
20130815	123	123	123	447.02049221720546	1234
20130815	123	123	123	439.82067651688817	1234
20130815	123	123	123	434.36074827167556	1234
20130815	123	123	123	428.4007846375117	1234
20130815	123	123	123	414.50207280525274	1234
20130815	123	123	123	407.81919402214044	1234
20130815	123	123	123	402.0211410981064	1234
20130815	123	123	123	399.115384615385	1234
20130815	123	123	123	369.5000579834613	1234
20130815	123	123	123	372.0	1234
20130815	123	123	123	377.6911534444373	1234
20130815	123	123	123	390.59697913014145	1234
20130815	123	123	123	391.7940233442808	1234
20130815	123	123	123	394.8034815836135	1234
20130815	123	123	123	400.90034774629237	1234
20130815	123	123	123	403.36962073984967	1234
20130815	123	123	123	425.1456237240399	1234
20130815	123	123	123	425.8161197766866	1234
20130815	123	123	123	423.91679304528327	1234
20130815	123	123	123	436.11212648902745	1234
20130815	123	123	123	434.8332117232719	1234
20130815	123	123	123	437.0	1234
20130815	123	123	123	444.5869780569748	1234
20130815	123	123	123	456.28486371594795	1234
20130815	123	123	123	463.2059485389897	1234
20130815	123	123	123	460.76986451174696	1234
20130815	123	123	123	462.3745151941969	1234
20130815	123	123	123	477.60994067650415	1234
20130815	123	123	123	475.6793843212962	1234
20130815	123	123	123	487.29962779104227	1234
20130815	123	123	123	493.5769209290276	1234
20130815	123	123	123	497.0	1234
20130815	123	123	123	498.4852648085186	1234
20130815	123	123	123	496.263017724712	1234
20130815	123	123	123	490.74311994119756	1234
20130815	123	123	123	486.6538461538461	1234
20130815	123	123	123	470.5782466629246	1234
20130815	123	123	123	466.7417298752377	1234
20130815	123	123	123	466.1923076923075	1234
20130815	123	123	123	457.19104202483885	1234
20130815	123	123	123	448.31445297708046	1234
20130815	123	123	123	432.58360816275206	1234
20130815	123	123	123	429.9545153416546	1234
20130815	123	123	123	423.41290750389504	1234
20130815	123	123	123	413.565680279707	1234
20130815	123	123	123	411.87913551008063	1234
20130815	123	123	123	402.12166519451733	1234
20130815	123	123	123	393.4795176758252	1234
20130815	123	123	123	396.8216451489299	1234
20130815	123	123	123	394.5769230769225	1234
20130815	123	123	123	385.0317928393398	1234
20130815	123	123	123	380.9151317382116	1234
20130815	123	123	123	379.2307692307686	1234
20130815	123	123	123	372.2789648145778	1234
20130815	123	123	123	365.4990475764234	1234
20130815	123	123	123	358.04508024744166	1234
20130815	123	123	123	296.6057180238522	1234
20130815	123	123	123	313.5556005731507	1234
20130815	123	123	123	300.7024547847129	1234
20130815	123	123	123	278.8198835313701	1234
20130815	123	123	123	281.4717509992411	1234
20130815	123	123	123	257.501178188036	1234
20130815	123	123	123	252.55585519433262	1234
20130815	123	123	123	237.8131742578713	1234
20130815	123	123	123	233.04597424767067	1234
20130815	123	123	123	216.08754866563072	1234
20130815	123	123	123	209.65597599757893	1234
20130815	123	123	123	211.22734340263338	1234
20130815	123	123	123	198.74738828516163	1234
20130815	123	123	123	192.45275567173488	1234
20130815	123	123	123	189.42413924147658	1234
20130815	123	123	123	174.85119350207592	1234
20130815	123	123	123	166.44862038245304	1234
20130815	123	123	123	168.0	1234
20130815	123	123	123	19.096262474174367	1234
20130815	123	123	123	13.071558598660078	1234
20130815	123	123	123	3.6685141674122246	1234
20130815	123	123	123	19.732241452164175	1234
20130815	123	123	123	13.238289015940278	1234
20130815	123	123	123	13.08550681581291	1234
20130815	123	123	123	18.3404266884588	1234
20130815	123	123	123	9.894025668293807	1234
20130815	123	123	123	1.5170186957232623	1234
20130815	123	123	123	12.980092074850356	1234
20130815	123	123	123	5.214696419578013	1234
20130815	123	123	123	0.901735937065844	1234
20130815	123	123	123	15.4686594194048	1234
20130815	123	123	123	13.65928254069512	1234
20130815	123	123	123	6.08915569946763	1234
20130815	123	123	123	11.811371901343975	1234
20130815	123	123	123	8.443094853611639	1234
20130815	123	123	123	11.000209098500832	1234
20130815	123	123	123	6.203036594103604	1234
20130815	123	123	123	8.903275370577969	1234
20130815	123	123	123	15.996841399522312	1234
20130815	123	123	123	1.8280965488116108	1234
20130815	123	123	123	6.175227214482957	1234
20130815	123	123	123	19.89555618317408	1234
20130815	123	123	123	3.4252264585716397	1234
20130815	123	123	123	15.925834168001735	1234
20130815	123	123	123	16.26151035137067	1234
20130815	123	123	123	8.222007002110029	1234
20130815	123	123	123	5.15364465684166	1234
20130815	123	123	123	12.474794126989853	1234