time startPrice highestPrice lowestPrice endPrice transactionCount
20130815	123	123	123	13.921757389414038	1234
20130815	123	123	123	16.062599385716585	1234
20130815	123	123	123	11.711803839037781	1234
20130815	123	123	123	3.2604376430805226	1234
20130815	123	123	123	9.710771895507232	1234
20130815	123	123	123	4.978275468648336	1234
20130815	123	123	123	12.227062776187541	1234
20130815	123	123	123	2.3501892094053733	1234
20130815	123	123	123	7.453946311898649	1234
20130815	123	123	123	17.31969912136182	1234
20130815	123	123	123	6.099516221642071	1234
20130815	123	123	123	9.240889947789197	1234
20130815	123	123	123	19.590444463724396	1234
20130815	123	123	123	10.037011622051043	1234
20130815	123	123	123	3.31819897414116	1234
20130815	123	123	123	1.893848190776939	1234
20130815	123	123	123	14.441565030935344	1234
20130815	123	123	123	1.8732741338971692	1234
20130815	123	123	123	1.335982329545795	1234
20130815	123	123	123	9.672357934802182	1234
20130815	123	123	123	15.329791857623444	1234
20130815	123	123	123	4.372936363086413	1234
20130815	123	123	123	11.393870598282913	1234
20130815	123	123	123	6.335765196855505	1234
20130815	123	123	123	18.520716272055985	1234
20130815	123	123	123	15.864951997581848	1234
20130815	123	123	123	12.270774481304212	1234
20130815	123	123	123	11.937443210837042	1234
20130815	123	123	123	0.06902275654947942	1234
20130815	123	123	123	4.756595696075532	1234
20130815	123	123	123	161.0	1234
20130815	123	123	123	195.8484724076299	1234
20130815	123	123	123	194.89972147704898	1234
20130815	123	123	123	205.2174314738042	1234
20130815	123	123	123	205.30769230769232	1234
20130815	123	123	123	219.956905485179	1234
20130815	123	123	123	220.0769230769231	1234
20130815	123	123	123	248.615901943502	1234
20130815	123	123	123	263.1275265851237	1234
20130815	123	123	123	260.1835558210175	1234
20130815	123	123	123	272.665917851183	1234
20130815	123	123	123	276.171729658415	1234
20130815	123	123	123	285.89892833506735	1234
20130815	123	123	123	295.4444957059941	1234
20130815	123	123	123	296.76113710303804	1234
20130815	123	123	123	309.6882950354803	1234
20130815	123	123	123	326.8255716188636	1234
20130815	123	123	123	344.16439613313474	1234
20130815	123	123	123	376.4536676121843	1234
20130815	123	123	123	360.258266457865	1234
20130815	123	123	123	375.45027359733	1234
20130815	123	123	123	386.2506739652682	1234
20130815	123	123	123	403.1237530626906	1234
20130815	123	123	123	406.22553405194424	1234
20130815	123	123	123	414.45601172142034	1234
20130815	123	123	123	428.4139689845027	1234
20130815	123	123	123	437.77431633165236	1234
20130815	123	123	123	439.7327464681256	1234
20130815	123	123	123	471.10091868778613	1234
20130815	123	123	123	457.68231404304953	1234
20130815	123	123	123	463.0194637357052	1234
20130815	123	123	123	472.9889791697076	1234
20130815	123	123	123	480.2206965462309	1234
20130815	123	123	123	487.29913461782684	1234
20130815	123	123	123	491.20873619881235	1234
20130815	123	123	123	501.14567856423093	1234
20130815	123	123	123	502.40711686891314	1234
20130815	123	123	123	509.02443455375993	1234
20130815	123	123	123	513.0	1234
20130815	123	123	123	498.50775812319955	1234
20130815	123	123	123	490.1908643416744	1234
20130815	123	123	123	488.75285664925076	1234
20130815	123	123	123	481.2056194167106	1234
20130815	123	123	123	481.69955092738405	1234
20130815	123	123	123	472.3882414922769	1234
20130815	123	123	123	474.10245912376075	1234
20130815	123	123	123	468.911304693336	1234
20130815	123	123	123	460.74136404796394	1234
20130815	123	123	123	458.76923076923094	1234
20130815	123	123	123	444.3552963353242	1234
20130815	123	123	123	442.5000000000002	1234
20130815	123	123	123	431.2714568946916	1234
20130815	123	123	123	416.8385110992083	1234
20130815	123	123	123	408.46828134308674	1234
20130815	123	123	123	404.0459702509238	1234
20130815	123	123	123	393.4182753694113	1234
20130815	123	123	123	391.66183414551637	1234
20130815	123	123	123	383.1166619977243	1234
20130815	123	123	123	375.1748810354374	1234
20130815	123	123	123	399.99241503560563	1234
20130815	123	123	123	387.0	1234
20130815	123	123	123	402.337892945285	1234
20130815	123	123	123	408.64721637601673	1234
20130815	123	123	123	404.7243244848446	1234
20130815	123	123	123	407.0	1234
20130815	123	123	123	421.0766245099882	1234
20130815	123	123	123	434.5817333607732	1234
20130815	123	123	123	449.75647419671304	1234
20130815	123	123	123	443.7832647180234	1234
20130815	123	123	123	457.4881148155986	1234
20130815	123	123	123	472.24837727224394	1234
20130815	123	123	123	467.6734494263587	1234
20130815	123	123	123	475.65904770508536	1234
20130815	123	123	123	480.1967887900136	1234
20130815	123	123	123	483.6903721355119	1234
20130815	123	123	123	487.53196088085565	1234
20130815	123	123	123	493.22746289894576	1234
20130815	123	123	123	497.0	1234
20130815	123	123	123	502.0	1234
20130815	123	123	123	491.76641936181414	1234
20130815	123	123	123	481.6752119162209	1234
20130815	123	123	123	471.36523410017213	1234
20130815	123	123	123	467.80262846269176	1234
20130815	123	123	123	460.8875432439868	1234
20130815	123	123	123	459.3025707138869	1234
20130815	123	123	123	452.4595851823288	1234
20130815	123	123	123	445.1879416762919	1234
20130815	123	123	123	442.98001569170304	1234
20130815	123	123	123	414.58446736371945	1234
20130815	123	123	123	422.73609538366617	1234
20130815	123	123	123	412.36363391452	1234
20130815	123	123	123	409.8391201120105	1234
20130815	123	123	123	403.08709821756975	1234
20130815	123	123	123	403.9327181692174	1234
20130815	123	123	123	387.8639694185781	1234
20130815	123	123	123	375.7150793831454	1234
20130815	123	123	123	372.2464844375518	1234
20130815	123	123	123	369.0	1234
20130815	123	123	123	352.5165286035054	1234
20130815	123	123	123	342.388237385402	1234
20130815	123	123	123	257.9153668650946	1234
20130815	123	123	123	307.1538461538462	1234
20130815	123	123	123	295.06162630272223	1234
20130815	123	123	123	283.13805938427845	1234
20130815	123	123	123	279.26599911436233	1234
20130815	123	123	123	266.5174766294488	1234
20130815	123	123	123	248.9191766875501	1234
20130815	123	123	123	260.71197563808624	1234
20130815	123	123	123	250.78283883616427	1234
20130815	123	123	123	232.75509728790624	1234
20130815	123	123	123	236.11971005953114	1234
20130815	123	123	123	227.01082192942417	1234
20130815	123	123	123	220.59040182642283	1234
20130815	123	123	123	208.01951203315295	1234
20130815	123	123	123	191.13998350555377	1234
20130815	123	123	123	198.92307692307702	1234
20130815	123	123	123	186.77755587856583	1234
20130815	123	123	123	182.1774206118506	1234
20130815	123	123	123	175.73076923076934	1234
20130815	123	123	123	168.0	1234
20130815	123	123	123	17.05751953941428	1234
20130815	123	123	123	4.308428377910203	1234
20130815	123	123	123	8.466108927765267	1234
20130815	123	123	123	14.196699706263594	1234
20130815	123	123	123	9.432752092087505	1234
20130815	123	123	123	13.093646430155143	1234
20130815	123	123	123	19.928338251499714	1234
20130815	123	123	123	4.014682793437043	1234
20130815	123	123	123	19.922306012238465	1234
20130815	123	123	123	9.717797748648717	1234
20130815	123	123	123	6.231314582978156	1234
20130815	123	123	123	7.814396908899126	1234
20130815	123	123	123	9.752508732137093	1234
20130815	123	123	123	15.193134184602632	1234
20130815	123	123	123	11.186983482873334	1234
20130815	123	123	123	3.1994774596495423	1234
20130815	123	123	123	10.161802050329698	1234
20130815	123	123	123	4.341516667004677	1234
20130815	123	123	123	11.176767865760482	1234
20130815	123	123	123	11.329542215419684	1234
20130815	123	123	123	8.413967600733729	1234
20130815	123	123	123	9.788296322561358	1234
20130815	123	123	123	7.595352772886024	1234
20130815	123	123	123	18.354228395456495	1234
20130815	123	123	123	18.260147118602383	1234
20130815	123	123	123	1.995721618400501	1234
20130815	123	123	123	4.626136984267866	1234
20130815	123	123	123	5.744724866361528	1234
20130815	123	123	123	2.2257550734543297	1234
20130815	123	123	123	2.6387210914729575	1234