time startPrice highestPrice lowestPrice endPrice transactionCount
20130815	123	123	123	14.6288010847353	1234
20130815	123	123	123	5.990425154823356	1234
20130815	123	123	123	18.76889294295801	1234
20130815	123	123	123	17.94867579475369	1234
20130815	123	123	123	17.6545979503154	1234
20130815	123	123	123	7.268896662329134	1234
20130815	123	123	123	15.187796328838063	1234
20130815	123	123	123	12.497751321049375	1234
20130815	123	123	123	12.165258057552304	1234
20130815	123	123	123	14.853764878662407	1234
20130815	123	123	123	1.6447751769611996	1234
20130815	123	123	123	19.24069783747721	1234
20130815	123	123	123	8.306078966277289	1234
20130815	123	123	123	15.746556163536184	1234
20130815	123	123	123	11.394777739560267	1234
20130815	123	123	123	14.253911956286965	1234
20130815	123	123	123	8.68642456708381	1234
20130815	123	123	123	12.084957526966464	1234
20130815	123	123	123	7.397604692017086	1234
20130815	123	123	123	19.81873017808347	1234
20130815	123	123	123	3.2929541297187637	1234
20130815	123	123	123	3.6458473560818216	1234
20130815	123	123	123	1.6452474924413663	1234
20130815	123	123	123	10.528101495162707	1234
20130815	123	123	123	12.516500111421403	1234
20130815	123	123	123	13.228977223096972	1234
20130815	123	123	123	11.420321318714484	1234
20130815	123	123	123	0.7617585237027802	1234
20130815	123	123	123	17.240965912944638	1234
20130815	123	123	123	12.312047117800528	1234
20130815	123	123	123	175.63874460281087	1234
20130815	123	123	123	168.3846153846154	1234
20130815	123	123	123	181.0274589726365	1234
20130815	123	123	123	183.9764385729945	1234
20130815	123	123	123	198.73192714444139	1234
20130815	123	123	123	197.92307692307693	1234
20130815	123	123	123	219.54197077872368	1234
20130815	123	123	123	225.21760479799678	1234
20130815	123	123	123	220.64395947255554	1234
20130815	123	123	123	232.89447573521846	1234
20130815	123	123	123	247.8082829616682	1234
20130815	123	123	123	258.6248778206696	1234
20130815	123	123	123	249.61538461538464	1234
20130815	123	123	123	283.76851539413724	1234
20130815	123	123	123	294.6879142828562	1234
20130815	123	123	123	286.53846153846143	1234
20130815	123	123	123	303.28972923556006	1234
20130815	123	123	123	310.42109199834874	1234
20130815	123	123	123	313.7998493920219	1234
20130815	123	123	123	325.0483941130832	1234
20130815	123	123	123	353.9683343987433	1234
20130815	123	123	123	356.1432081378644	1234
20130815	123	123	123	368.3173509073001	1234
20130815	123	123	123	370.1722049121078	1234
20130815	123	123	123	373.2980868180178	1234
20130815	123	123	123	399.36124390712166	1234
20130815	123	123	123	416.3499267084209	1234
20130815	123	123	123	426.12302332796105	1234
20130815	123	123	123	426.93605359258333	1234
20130815	123	123	123	437.16980779626266	1234
20130815	123	123	123	442.7201254313332	1234
20130815	123	123	123	451.4615384615381	1234
20130815	123	123	123	465.38230481496265	1234
20130815	123	123	123	474.6559763176834	1234
20130815	123	123	123	477.08662843874845	1234
20130815	123	123	123	494.424618136625	1234
20130815	123	123	123	493.9719549134217	1234
20130815	123	123	123	499.0422257010398	1234
20130815	123	123	123	500.69230769230717	1234
20130815	123	123	123	509.10710657243027	1234
20130815	123	123	123	508.09767807153133	1234
20130815	123	123	123	505.2087177790907	1234
20130815	123	123	123	500.5710356355738	1234
20130815	123	123	123	481.9505888158091	1234
20130815	123	123	123	489.46312234038135	1234
20130815	123	123	123	479.8076968178659	1234
20130815	123	123	123	473.9869751607822	1234
20130815	123	123	123	468.6669713302376	1234
20130815	123	123	123	464.4266611861904	1234
20130815	123	123	123	457.4323303060457	1234
20130815	123	123	123	449.9404350893745	1234
20130815	123	123	123	439.9749633518979	1234
20130815	123	123	123	436.18008769714197	1234
20130815	123	123	123	431.6538461538464	1234
20130815	123	123	123	409.9615384615388	1234
20130815	123	123	123	398.6773662829286	1234
20130815	123	123	123	392.2695783948344	1234
20130815	123	123	123	383.07051710788295	1234
20130815	123	123	123	369.5406213045342	1234
20130815	123	123	123	372.18259224124387	1234
20130815	123	123	123	398.08012309168686	1234
20130815	123	123	123	394.479362719065	1234
20130815	123	123	123	415.5223101764758	1234
20130815	123	123	123	409.7581304011766	1234
20130815	123	123	123	421.3638757542134	1234
20130815	123	123	123	419.1508688915948	1234
20130815	123	123	123	436.5676729220942	1234
20130815	123	123	123	432.0	1234
20130815	123	123	123	451.116166742822	1234
20130815	123	123	123	452.7677720799206	1234
20130815	123	123	123	457.66969553574734	1234
20130815	123	123	123	463.75572591726956	1234
20130815	123	123	123	487.9189924177741	1234
20130815	123	123	123	483.32622093423527	1234
20130815	123	123	123	486.7525032312664	1234
20130815	123	123	123	494.90944412723866	1234
20130815	123	123	123	495.83513681589585	1234
20130815	123	123	123	497.0633811917212	1234
20130815	123	123	123	494.99030033619147	1234
20130815	123	123	123	491.56709073260623	1234
20130815	123	123	123	478.78948776383635	1234
20130815	123	123	123	475.6025844321891	1234
20130815	123	123	123	471.30769230769215	1234
20130815	123	123	123	452.19890358020484	1234
20130815	123	123	123	446.4917457476276	1234
20130815	123	123	123	445.73076923076894	1234
20130815	123	123	123	428.058088189958	1234
20130815	123	123	123	416.68945016619284	1234
20130815	123	123	123	412.111840858298	1234
20130815	123	123	123	391.6488191040236	1234
20130815	123	123	123	403.7783147221397	1234
20130815	123	123	123	398.8103941362011	1234
20130815	123	123	123	385.6563189806938	1234
20130815	123	123	123	362.33331680667555	1234
20130815	123	123	123	369.0712019410906	1234
20130815	123	123	123	369.0	1234
20130815	123	123	123	339.2799011284183	1234
20130815	123	123	123	341.72240643233516	1234
20130815	123	123	123	342.82996075074277	1234
20130815	123	123	123	335.4301559177903	1234
20130815	123	123	123	325.4447562400646	1234
20130815	123	123	123	319.6788472561046	1234
20130815	123	123	123	299.2865819904342	1234
20130815	123	123	123	301.91733209740613	1234
20130815	123	123	123	274.60340451405915	1234
20130815	123	123	123	264.0152914158342	1234
20130815	123	123	123	257.437747205947	1234
20130815	123	123	123	255.79108429831936	1234
20130815	123	123	123	253.03182091285976	1234
20130815	123	123	123	231.4306148154705	1234
20130815	123	123	123	230.97159921496592	1234
20130815	123	123	123	212.7854357380115	1234
20130815	123	123	123	205.6772021408836	1234
20130815	123	123	123	212.87681376080553	1234
20130815	123	123	123	204.04631955154068	1234
20130815	123	123	123	188.96534882331036	1234
20130815	123	123	123	191.1923076923078	1234
20130815	123	123	123	175.72456518155235	1234
20130815	123	123	123	162.32797868234937	1234
20130815	123	123	123	168.0	1234
20130815	123	123	123	18.826536543101838	1234
20130815	123	123	123	12.141347356351258	1234
20130815	123	123	123	15.509003611537157	1234
20130815	123	123	123	13.840584060333658	1234
20130815	123	123	123	4.561056191128754	1234
20130815	123	123	123	15.612114663051726	1234
20130815	123	123	123	18.970660039099076	1234
20130815	123	123	123	6.613678053435397	1234
20130815	123	123	123	14.652493009528431	1234
20130815	123	123	123	6.957919088418261	1234
20130815	123	123	123	9.137565751685015	1234
20130815	123	123	123	11.449294431186035	1234
20130815	123	123	123	9.767211021892095	1234
20130815	123	123	123	6.841484716858142	1234
20130815	123	123	123	13.406659363276374	1234
20130815	123	123	123	3.1605320908048284	1234
20130815	123	123	123	0.6904940047178765	1234
20130815	123	123	123	16.871968759632438	1234
20130815	123	123	123	13.883842602632788	1234
20130815	123	123	123	4.346859379319643	1234
20130815	123	123	123	10.718059953421095	1234
20130815	123	123	123	11.737082005781259	1234
20130815	123	123	123	8.229369860663816	1234
20130815	123	123	123	17.10201030211239	1234
20130815	123	123	123	5.947295796375758	1234
20130815	123	123	123	4.097143506562189	1234
20130815	123	123	123	1.063173237835433	1234
20130815	123	123	123	16.962879318709316	1234
20130815	123	123	123	17.836502972526315	1234
20130815	123	123	123	3.7236130480772944	1234