time startPrice highestPrice lowestPrice endPrice transactionCount
20130815	123	123	123	18.910804677982796	1234
20130815	123	123	123	3.459338703559629	1234
20130815	123	123	123	12.900945388710838	1234
20130815	123	123	123	4.51732110885017	1234
20130815	123	123	123	10.652679642723344	1234
20130815	123	123	123	8.884081863025205	1234
20130815	123	123	123	0.5916819957974573	1234
20130815	123	123	123	2.48706365934821	1234
20130815	123	123	123	0.10835202430913515	1234
20130815	123	123	123	7.303134540660521	1234
20130815	123	123	123	12.961309387861743	1234
20130815	123	123	123	8.192914572268812	1234
20130815	123	123	123	7.709660964357397	1234
20130815	123	123	123	15.796202717639948	1234
20130815	123	123	123	8.371008259896266	1234
20130815	123	123	123	15.390654339392364	1234
20130815	123	123	123	16.50485085915681	1234
20130815	123	123	123	18.81349107743771	1234
20130815	123	123	123	5.650560779636685	1234
20130815	123	123	123	5.683368066204939	1234
20130815	123	123	123	0.07181248805873564	1234
20130815	123	123	123	15.709235352755623	1234
20130815	123	123	123	9.704203933077498	1234
20130815	123	123	123	6.87022330104938	1234
20130815	123	123	123	10.761158838547672	1234
20130815	123	123	123	7.292963718528114	1234
20130815	123	123	123	19.3790003603391	1234
20130815	123	123	123	0.9004483936625807	1234
20130815	123	123	123	5.7917251870848325	1234
20130815	123	123	123	19.082212360258982	1234
20130815	123	123	123	168.25930599831767	1234
20130815	123	123	123	181.9824753304638	1234
20130815	123	123	123	176.43004380870713	1234
20130815	123	123	123	195.87328156527434	1234
20130815	123	123	123	192.48839938250856	1234
20130815	123	123	123	205.00059003267242	1234
20130815	123	123	123	238.46802968402267	1234
20130815	123	123	123	227.46153846153848	1234
20130815	123	123	123	242.44002700551655	1234
20130815	123	123	123	252.83679955482847	1234
20130815	123	123	123	263.3091667859878	1234
20130815	123	123	123	291.00467767719476	1234
20130815	123	123	123	309.79950259650224	1234
20130815	123	123	123	302.58037187766314	1234
20130815	123	123	123	312.0072663261798	1234
20130815	123	123	123	313.58584884387125	1234
20130815	123	123	123	322.4582717201584	1234
20130815	123	123	123	331.1383875734343	1234
20130815	123	123	123	339.523956544933	1234
20130815	123	123	123	348.03934103964167	1234
20130815	123	123	123	357.19317503995234	1234
20130815	123	123	123	362.878429004578	1234
20130815	123	123	123	374.53742173466367	1234
20130815	123	123	123	382.8609251970232	1234
20130815	123	123	123	398.3971992042194	1234
20130815	123	123	123	405.40584927399937	1234
20130815	123	123	123	422.14088578070823	1234
20130815	123	123	123	439.8947769092788	1234
20130815	123	123	123	437.8563276603791	1234
20130815	123	123	123	439.15384615384585	1234
20130815	123	123	123	454.8405914997357	1234
20130815	123	123	123	457.9443775980876	1234
20130815	123	123	123	462.8737167746239	1234
20130815	123	123	123	466.44232294775475	1234
20130815	123	123	123	471.1831753864089	1234
20130815	123	123	123	479.7228014524377	1234
20130815	123	123	123	489.87997516545875	1234
20130815	123	123	123	497.61151685888257	1234
20130815	123	123	123	502.5936017119548	1234
20130815	123	123	123	508.0109112798339	1234
20130815	123	123	123	498.42852905532516	1234
20130815	123	123	123	502.08732320353613	1234
20130815	123	123	123	495.5234610381927	1234
20130815	123	123	123	482.37589721894585	1234
20130815	123	123	123	449.70807098832324	1234
20130815	123	123	123	449.9458651959338	1234
20130815	123	123	123	449.15448974687547	1234
20130815	123	123	123	435.1416450694075	1234
20130815	123	123	123	425.47807235339604	1234
20130815	123	123	123	426.8459912177433	1234
20130815	123	123	123	397.74557776249196	1234
20130815	123	123	123	411.5654875526151	1234
20130815	123	123	123	405.5597672024957	1234
20130815	123	123	123	402.385612510013	1234
20130815	123	123	123	398.63966553735787	1234
20130815	123	123	123	373.0859622972511	1234
20130815	123	123	123	382.84615384615427	1234
20130815	123	123	123	371.70671697309496	1234
20130815	123	123	123	378.31112697939733	1234
20130815	123	123	123	385.2224696661094	1234
20130815	123	123	123	413.05719209197156	1234
20130815	123	123	123	397.0	1234
20130815	123	123	123	408.3618397436086	1234
20130815	123	123	123	412.7073751237984	1234
20130815	123	123	123	414.6581293227893	1234
20130815	123	123	123	418.0790246303355	1234
20130815	123	123	123	426.7227839960742	1234
20130815	123	123	123	432.0	1234
20130815	123	123	123	438.5627803760924	1234
20130815	123	123	123	445.46609523301834	1234
20130815	123	123	123	463.5150649490547	1234
20130815	123	123	123	469.6586301148929	1234
20130815	123	123	123	485.0724289352244	1234
20130815	123	123	123	473.70548902080486	1234
20130815	123	123	123	480.7664767029959	1234
20130815	123	123	123	487.0	1234
20130815	123	123	123	496.0814553923555	1234
20130815	123	123	123	495.28125473268176	1234
20130815	123	123	123	496.2981584996099	1234
20130815	123	123	123	489.84975609524514	1234
20130815	123	123	123	481.2267715241391	1234
20130815	123	123	123	481.05794328539304	1234
20130815	123	123	123	472.7429917838328	1234
20130815	123	123	123	469.1690251355981	1234
20130815	123	123	123	461.0982334305098	1234
20130815	123	123	123	460.60782068276296	1234
20130815	123	123	123	454.8642994195837	1234
20130815	123	123	123	445.4425294768179	1234
20130815	123	123	123	436.4367878527347	1234
20130815	123	123	123	433.8306126815944	1234
20130815	123	123	123	422.12462153787567	1234
20130815	123	123	123	408.7382675490387	1234
20130815	123	123	123	410.33553324983245	1234
20130815	123	123	123	409.92307692307645	1234
20130815	123	123	123	364.4884487489767	1234
20130815	123	123	123	389.4615384615379	1234
20130815	123	123	123	379.65702245609447	1234
20130815	123	123	123	359.4047517234072	1234
20130815	123	123	123	358.01035863056376	1234
20130815	123	123	123	340.4033439965602	1234
20130815	123	123	123	329.48052802904556	1234
20130815	123	123	123	329.08115280202287	1234
20130815	123	123	123	322.61538461538464	1234
20130815	123	123	123	301.1311606189549	1234
20130815	123	123	123	302.8377587510105	1234
20130815	123	123	123	274.52458535380543	1234
20130815	123	123	123	277.4372518481784	1234
20130815	123	123	123	271.4852254884043	1234
20130815	123	123	123	265.40524016463985	1234
20130815	123	123	123	248.21691928812322	1234
20130815	123	123	123	251.7626129395521	1234
20130815	123	123	123	243.98373362599142	1234
20130815	123	123	123	234.95991167367268	1234
20130815	123	123	123	201.10669431368945	1234
20130815	123	123	123	206.65384615384625	1234
20130815	123	123	123	187.72449610376532	1234
20130815	123	123	123	187.5783855516685	1234
20130815	123	123	123	183.2194342512419	1234
20130815	123	123	123	167.9628098851356	1234
20130815	123	123	123	168.0	1234
20130815	123	123	123	4.698380943438856	1234
20130815	123	123	123	10.024421219430938	1234
20130815	123	123	123	8.662475589592392	1234
20130815	123	123	123	2.7880612397262627	1234
20130815	123	123	123	14.567440465884623	1234
20130815	123	123	123	10.14395811868248	1234
20130815	123	123	123	16.41121721261164	1234
20130815	123	123	123	19.537523431747626	1234
20130815	123	123	123	13.185443471693466	1234
20130815	123	123	123	8.89901845888981	1234
20130815	123	123	123	9.441923106079317	1234
20130815	123	123	123	8.43446514832756	1234
20130815	123	123	123	3.6549313829646657	1234
20130815	123	123	123	2.6882260707237227	1234
20130815	123	123	123	19.958865135041883	1234
20130815	123	123	123	2.283406450219916	1234
20130815	123	123	123	0.6557156428402999	1234
20130815	123	123	123	11.60574258171826	1234
20130815	123	123	123	7.487184500231834	1234
20130815	123	123	123	8.648193277950782	1234
20130815	123	123	123	0.5559446064241302	1234
20130815	123	123	123	4.187199972943367	1234
20130815	123	123	123	15.525904272551065	1234
20130815	123	123	123	8.890195246976972	1234
20130815	123	123	123	6.961346490185969	1234
20130815	123	123	123	4.892537498842124	1234
20130815	123	123	123	2.070824230526709	1234
20130815	123	123	123	0.4283408425823487	1234
20130815	123	123	123	2.4576527706728224	1234
20130815	123	123	123	6.413771606522443	1234