time startPrice highestPrice lowestPrice endPrice transactionCount
20130815	123	123	123	0.16066991485995885	1234
20130815	123	123	123	18.95463384687908	1234
20130815	123	123	123	12.042316733613996	1234
20130815	123	123	123	8.830216312690025	1234
20130815	123	123	123	5.5151575868878915	1234
20130815	123	123	123	6.024992181543594	1234
20130815	123	123	123	11.243103369791896	1234
20130815	123	123	123	3.93820756240292	1234
20130815	123	123	123	16.662600121194515	1234
20130815	123	123	123	2.2569606236277973	1234
20130815	123	123	123	15.282643595108533	1234
20130815	123	123	123	16.760658782505168	1234
20130815	123	123	123	9.26626611682465	1234
20130815	123	123	123	18.639308073507788	1234
20130815	123	123	123	15.763691203624868	1234
20130815	123	123	123	16.369413945442957	1234
20130815	123	123	123	8.646304873095414	1234
20130815	123	123	123	15.147208087851634	1234
20130815	123	123	123	19.89169106474234	1234
20130815	123	123	123	10.782377150538004	1234
20130815	123	123	123	17.58459231269229	1234
20130815	123	123	123	19.404097941658552	1234
20130815	123	123	123	13.080698090831186	1234
20130815	123	123	123	10.485116426852661	1234
20130815	123	123	123	10.146058443385632	1234
20130815	123	123	123	19.27155135105511	1234
20130815	123	123	123	19.71353400335562	1234
20130815	123	123	123	13.001143245217495	1234
20130815	123	123	123	0.2304887381570775	1234
20130815	123	123	123	12.148534399284049	1234
20130815	123	123	123	164.8712704677954	1234
20130815	123	123	123	172.61810693673948	1234
20130815	123	123	123	193.6712838973871	1234
20130815	123	123	123	196.25047091240233	1234
20130815	123	123	123	209.08939097015138	1234
20130815	123	123	123	208.2868839528986	1234
20130815	123	123	123	215.83071810729953	1234
20130815	123	123	123	235.98918926554234	1234
20130815	123	123	123	230.38001413100486	1234
20130815	123	123	123	242.31439793462675	1234
20130815	123	123	123	243.61795666195633	1234
20130815	123	123	123	249.61538461538464	1234
20130815	123	123	123	257.0	1234
20130815	123	123	123	278.8801243151026	1234
20130815	123	123	123	287.194824987631	1234
20130815	123	123	123	288.18993706105334	1234
20130815	123	123	123	304.83889279234637	1234
20130815	123	123	123	302.58263930069813	1234
20130815	123	123	123	301.30769230769215	1234
20130815	123	123	123	338.7260672889264	1234
20130815	123	123	123	359.14058784513907	1234
20130815	123	123	123	359.6642360060355	1234
20130815	123	123	123	364.02914129084314	1234
20130815	123	123	123	367.27978281319173	1234
20130815	123	123	123	367.4100600773636	1234
20130815	123	123	123	376.99363153675097	1234
20130815	123	123	123	394.8803046411615	1234
20130815	123	123	123	401.29843528475124	1234
20130815	123	123	123	403.8936972839511	1234
20130815	123	123	123	410.68113952676816	1234
20130815	123	123	123	418.1289106541915	1234
20130815	123	123	123	429.70641348795465	1234
20130815	123	123	123	431.85364361166	1234
20130815	123	123	123	439.49481007054226	1234
20130815	123	123	123	439.15384615384585	1234
20130815	123	123	123	445.307692307692	1234
20130815	123	123	123	458.7801781396024	1234
20130815	123	123	123	488.3846153846149	1234
20130815	123	123	123	507.4473426077023	1234
20130815	123	123	123	506.8460777251513	1234
20130815	123	123	123	510.83345195451534	1234
20130815	123	123	123	506.60402710926036	1234
20130815	123	123	123	501.0329808150491	1234
20130815	123	123	123	498.0506409294812	1234
20130815	123	123	123	495.73050342951893	1234
20130815	123	123	123	474.0397821280769	1234
20130815	123	123	123	476.5354844177455	1234
20130815	123	123	123	453.82327283084123	1234
20130815	123	123	123	458.76923076923094	1234
20130815	123	123	123	452.8447390368556	1234
20130815	123	123	123	439.71401632122894	1234
20130815	123	123	123	436.9307811565447	1234
20130815	123	123	123	431.1744819206769	1234
20130815	123	123	123	400.3625072310092	1234
20130815	123	123	123	408.4234285180708	1234
20130815	123	123	123	403.4819736364839	1234
20130815	123	123	123	398.57031342943935	1234
20130815	123	123	123	385.5165406339487	1234
20130815	123	123	123	371.60681577975475	1234
20130815	123	123	123	371.1196414640432	1234
20130815	123	123	123	377.7569390377626	1234
20130815	123	123	123	387.11430398755357	1234
20130815	123	123	123	397.9947187006218	1234
20130815	123	123	123	405.5610840444798	1234
20130815	123	123	123	404.16459020401356	1234
20130815	123	123	123	413.5127106573403	1234
20130815	123	123	123	416.6528148673976	1234
20130815	123	123	123	417.0	1234
20130815	123	123	123	444.5178445540343	1234
20130815	123	123	123	439.1381933704313	1234
20130815	123	123	123	445.6036753485435	1234
20130815	123	123	123	454.6420905709259	1234
20130815	123	123	123	462.6081369781821	1234
20130815	123	123	123	466.0925135802942	1234
20130815	123	123	123	467.0	1234
20130815	123	123	123	479.04510495187105	1234
20130815	123	123	123	480.7604411653102	1234
20130815	123	123	123	482.346560335855	1234
20130815	123	123	123	487.0	1234
20130815	123	123	123	503.50868140043247	1234
20130815	123	123	123	496.6936417424741	1234
20130815	123	123	123	496.58898032172516	1234
20130815	123	123	123	487.0456259417461	1234
20130815	123	123	123	485.5375235571748	1234
20130815	123	123	123	474.97524883378225	1234
20130815	123	123	123	473.28177953172224	1234
20130815	123	123	123	457.97197589236544	1234
20130815	123	123	123	452.45042397863597	1234
20130815	123	123	123	455.61710662309264	1234
20130815	123	123	123	438.989867838044	1234
20130815	123	123	123	435.50488723296013	1234
20130815	123	123	123	434.99924540505	1234
20130815	123	123	123	430.0054391916314	1234
20130815	123	123	123	409.2481497313963	1234
20130815	123	123	123	389.02876140010363	1234
20130815	123	123	123	402.9706358018325	1234
20130815	123	123	123	398.20094624930516	1234
20130815	123	123	123	394.3990434699193	1234
20130815	123	123	123	385.84249841853847	1234
20130815	123	123	123	378.57667819126436	1234
20130815	123	123	123	344.3578836125361	1234
20130815	123	123	123	314.40080131766723	1234
20130815	123	123	123	325.0722354016001	1234
20130815	123	123	123	322.07193487675016	1234
20130815	123	123	123	301.4567853574482	1234
20130815	123	123	123	285.1240612230021	1234
20130815	123	123	123	285.9793668363792	1234
20130815	123	123	123	272.84909795618677	1234
20130815	123	123	123	268.62162502834144	1234
20130815	123	123	123	260.2913501294296	1234
20130815	123	123	123	246.27893914284573	1234
20130815	123	123	123	245.24274926211402	1234
20130815	123	123	123	207.88705621123853	1234
20130815	123	123	123	216.99902244081417	1234
20130815	123	123	123	214.38461538461547	1234
20130815	123	123	123	206.36400964199186	1234
20130815	123	123	123	181.9494692265854	1234
20130815	123	123	123	181.0621870662763	1234
20130815	123	123	123	170.18302003583935	1234
20130815	123	123	123	168.0	1234
20130815	123	123	123	14.412752581710347	1234
20130815	123	123	123	18.762952466465578	1234
20130815	123	123	123	6.635192017204632	1234
20130815	123	123	123	15.734079473815058	1234
20130815	123	123	123	13.307884622595127	1234
20130815	123	123	123	17.07104314426311	1234
20130815	123	123	123	2.600340592297765	1234
20130815	123	123	123	5.105049208624417	1234
20130815	123	123	123	15.038344225445408	1234
20130815	123	123	123	17.588314225039564	1234
20130815	123	123	123	17.125186272073833	1234
20130815	123	123	123	19.183346932308844	1234
20130815	123	123	123	4.610282157954339	1234
20130815	123	123	123	7.602380245688256	1234
20130815	123	123	123	7.784767830403336	1234
20130815	123	123	123	16.014559727850628	1234
20130815	123	123	123	19.72957590552848	1234
20130815	123	123	123	8.198502377625335	1234
20130815	123	123	123	10.343134721580384	1234
20130815	123	123	123	10.752686406667543	1234
20130815	123	123	123	8.862061192522393	1234
20130815	123	123	123	3.5209942065994304	1234
20130815	123	123	123	9.150505668840783	1234
20130815	123	123	123	2.843272407483164	1234
20130815	123	123	123	3.02600111455545	1234
20130815	123	123	123	6.461114735408495	1234
20130815	123	123	123	4.128203065987252	1234
20130815	123	123	123	9.619902146058006	1234
20130815	123	123	123	19.20071465465631	1234
20130815	123	123	123	1.3946178545420707	1234