time startPrice highestPrice lowestPrice endPrice transactionCount
20130815	123	123	123	18.14491748616232	1234
20130815	123	123	123	13.930609643106965	1234
20130815	123	123	123	7.493269069697337	1234
20130815	123	123	123	17.76365371319673	1234
20130815	123	123	123	5.928338674862212	1234
20130815	123	123	123	10.721453671446799	1234
20130815	123	123	123	4.026623164746153	1234
20130815	123	123	123	1.9079789090131327	1234
20130815	123	123	123	6.837279955705428	1234
20130815	123	123	123	18.641277048181465	1234
20130815	123	123	123	3.711159200611902	1234
20130815	123	123	123	3.5926036044929344	1234
20130815	123	123	123	15.296445029048071	1234
20130815	123	123	123	15.325899121255047	1234
20130815	123	123	123	11.832295323390634	1234
20130815	123	123	123	2.3629893823150683	1234
20130815	123	123	123	16.86429457074414	1234
20130815	123	123	123	0.7708657287823351	1234
20130815	123	123	123	6.685746430376418	1234
20130815	123	123	123	5.476533684840874	1234
20130815	123	123	123	13.118159196861829	1234
20130815	123	123	123	14.909822122788544	1234
20130815	123	123	123	14.686683004354691	1234
20130815	123	123	123	12.56541437441783	1234
20130815	123	123	123	16.888113479202392	1234
20130815	123	123	123	14.634812594937756	1234
20130815	123	123	123	18.21931421899905	1234
20130815	123	123	123	13.52218847255244	1234
20130815	123	123	123	6.123907146874188	1234
20130815	123	123	123	7.922693648235704	1234
20130815	123	123	123	164.78557630375664	1234
20130815	123	123	123	175.8938527512171	1234
20130815	123	123	123	175.76923076923077	1234
20130815	123	123	123	193.07522725031743	1234
20130815	123	123	123	190.53846153846155	1234
20130815	123	123	123	202.9183972355677	1234
20130815	123	123	123	218.08807914185743	1234
20130815	123	123	123	222.02933860297267	1234
20130815	123	123	123	228.93834635019667	1234
20130815	123	123	123	235.9353686125238	1234
20130815	123	123	123	248.44194936772178	1234
20130815	123	123	123	253.3585692464244	1234
20130815	123	123	123	294.9443086563914	1234
20130815	123	123	123	285.87500177785734	1234
20130815	123	123	123	292.31533948025896	1234
20130815	123	123	123	297.9919871037563	1234
20130815	123	123	123	309.9974248273163	1234
20130815	123	123	123	324.7523934009719	1234
20130815	123	123	123	332.96883482425005	1234
20130815	123	123	123	338.5974902955406	1234
20130815	123	123	123	346.9200825848294	1234
20130815	123	123	123	355.6405241198167	1234
20130815	123	123	123	368.41522158388193	1234
20130815	123	123	123	377.54976502542746	1234
20130815	123	123	123	383.76923076923066	1234
20130815	123	123	123	401.07596119401865	1234
20130815	123	123	123	407.85307639283116	1234
20130815	123	123	123	426.87355148823093	1234
20130815	123	123	123	425.42895179667255	1234
20130815	123	123	123	468.20259872266945	1234
20130815	123	123	123	476.010318909243	1234
20130815	123	123	123	477.14529231346046	1234
20130815	123	123	123	476.76784997996054	1234
20130815	123	123	123	495.3616966824898	1234
20130815	123	123	123	504.7189297473684	1234
20130815	123	123	123	516.4648871323088	1234
20130815	123	123	123	511.9501088124751	1234
20130815	123	123	123	499.7207787804549	1234
20130815	123	123	123	496.48659387972606	1234
20130815	123	123	123	486.0969913041608	1234
20130815	123	123	123	474.676715633553	1234
20130815	123	123	123	464.31755799759634	1234
20130815	123	123	123	459.91315449609334	1234
20130815	123	123	123	457.3757197722734	1234
20130815	123	123	123	458.2253808575161	1234
20130815	123	123	123	450.3269515203179	1234
20130815	123	123	123	439.29280177746824	1234
20130815	123	123	123	441.25325622306394	1234
20130815	123	123	123	432.43252459230126	1234
20130815	123	123	123	431.6538461538464	1234
20130815	123	123	123	414.0509601754929	1234
20130815	123	123	123	415.3846153846157	1234
20130815	123	123	123	407.27105378232136	1234
20130815	123	123	123	404.5384615384619	1234
20130815	123	123	123	396.94934310096306	1234
20130815	123	123	123	382.86564126020835	1234
20130815	123	123	123	377.747923068583	1234
20130815	123	123	123	382.8934026339049	1234
20130815	123	123	123	382.83637415990705	1234
20130815	123	123	123	399.79973045887914	1234
20130815	123	123	123	392.0	1234
20130815	123	123	123	412.1833388892368	1234
20130815	123	123	123	416.43593847117177	1234
20130815	123	123	123	414.479602661233	1234
20130815	123	123	123	417.0	1234
20130815	123	123	123	430.2488504883081	1234
20130815	123	123	123	429.4196878297575	1234
20130815	123	123	123	433.6991320272673	1234
20130815	123	123	123	438.65178600835645	1234
20130815	123	123	123	450.8346579815218	1234
20130815	123	123	123	474.7524910715372	1234
20130815	123	123	123	464.8223864289785	1234
20130815	123	123	123	462.67044370607607	1234
20130815	123	123	123	479.9633564111294	1234
20130815	123	123	123	484.10607858847493	1234
20130815	123	123	123	478.8571995980254	1234
20130815	123	123	123	483.4443685049183	1234
20130815	123	123	123	496.54740166411847	1234
20130815	123	123	123	501.9573809749991	1234
20130815	123	123	123	495.05646494675887	1234
20130815	123	123	123	482.13077002567877	1234
20130815	123	123	123	483.78577681245065	1234
20130815	123	123	123	470.9771198549795	1234
20130815	123	123	123	465.7244745547395	1234
20130815	123	123	123	464.6330630206592	1234
20130815	123	123	123	466.1923076923075	1234
20130815	123	123	123	450.82095874864655	1234
20130815	123	123	123	435.8091138173588	1234
20130815	123	123	123	440.0767256542235	1234
20130815	123	123	123	433.8786973482066	1234
20130815	123	123	123	421.83365492631975	1234
20130815	123	123	123	420.15384615384573	1234
20130815	123	123	123	402.0626331467174	1234
20130815	123	123	123	403.47337185935277	1234
20130815	123	123	123	399.62929498643086	1234
20130815	123	123	123	384.9448050528063	1234
20130815	123	123	123	384.7857167339388	1234
20130815	123	123	123	381.85231178219897	1234
20130815	123	123	123	374.2582855262759	1234
20130815	123	123	123	371.8042075429366	1234
20130815	123	123	123	358.11284151850236	1234
20130815	123	123	123	345.09124982241514	1234
20130815	123	123	123	341.03301145223276	1234
20130815	123	123	123	337.23878545746544	1234
20130815	123	123	123	329.2483839639365	1234
20130815	123	123	123	271.8814022352225	1234
20130815	123	123	123	269.27506331775146	1234
20130815	123	123	123	275.8667157925283	1234
20130815	123	123	123	251.2013363518729	1234
20130815	123	123	123	241.28232405182905	1234
20130815	123	123	123	245.0654290771418	1234
20130815	123	123	123	219.7120868011183	1234
20130815	123	123	123	218.57169932841347	1234
20130815	123	123	123	214.5799174351233	1234
20130815	123	123	123	207.98819845689667	1234
20130815	123	123	123	206.65384615384625	1234
20130815	123	123	123	191.1923076923078	1234
20130815	123	123	123	174.87547461618334	1234
20130815	123	123	123	158.7631767615373	1234
20130815	123	123	123	168.0	1234
20130815	123	123	123	11.278770658432105	1234
20130815	123	123	123	12.86802841490244	1234
20130815	123	123	123	13.99566726583876	1234
20130815	123	123	123	10.954501517929954	1234
20130815	123	123	123	11.336074328166747	1234
20130815	123	123	123	8.648640499007563	1234
20130815	123	123	123	15.270483035778895	1234
20130815	123	123	123	0.46227231515423517	1234
20130815	123	123	123	12.36088822950932	1234
20130815	123	123	123	16.81307073139614	1234
20130815	123	123	123	4.573392088116536	1234
20130815	123	123	123	18.010464213506904	1234
20130815	123	123	123	3.565646247986556	1234
20130815	123	123	123	3.0657457148256895	1234
20130815	123	123	123	10.83269844611307	1234
20130815	123	123	123	5.51679678334234	1234
20130815	123	123	123	1.1885636534548993	1234
20130815	123	123	123	3.342271218886539	1234
20130815	123	123	123	14.02595361062426	1234
20130815	123	123	123	12.039967634347693	1234
20130815	123	123	123	6.511942371075577	1234
20130815	123	123	123	1.344646526399007	1234
20130815	123	123	123	5.284337272325641	1234
20130815	123	123	123	10.70937386932034	1234
20130815	123	123	123	12.31609041050338	1234
20130815	123	123	123	6.981731096399136	1234
20130815	123	123	123	19.47958977760514	1234
20130815	123	123	123	1.6446107774699237	1234
20130815	123	123	123	12.098072627534208	1234
20130815	123	123	123	3.095935105301053	1234