time startPrice highestPrice lowestPrice endPrice transactionCount
20130815	123	123	123	2.9034006909209142	1234
20130815	123	123	123	11.163656639465403	1234
20130815	123	123	123	14.995703385162624	1234
20130815	123	123	123	6.942747674508278	1234
20130815	123	123	123	11.376019680810645	1234
20130815	123	123	123	14.390546870579179	1234
20130815	123	123	123	2.9500317040933277	1234
20130815	123	123	123	15.695196990977658	1234
20130815	123	123	123	6.183897211806819	1234
20130815	123	123	123	6.926067356374343	1234
20130815	123	123	123	12.059442518359116	1234
20130815	123	123	123	12.64443253540518	1234
20130815	123	123	123	11.004018518205246	1234
20130815	123	123	123	7.368168662635113	1234
20130815	123	123	123	13.134986638010545	1234
20130815	123	123	123	14.901909975615588	1234
20130815	123	123	123	19.340214865095376	1234
20130815	123	123	123	0.006417662607374197	1234
20130815	123	123	123	5.733554414432504	1234
20130815	123	123	123	8.767279345025194	1234
20130815	123	123	123	11.1944506861896	1234
20130815	123	123	123	2.556143681740972	1234
20130815	123	123	123	18.40251625659778	1234
20130815	123	123	123	0.44269479858150884	1234
20130815	123	123	123	15.452472677470661	1234
20130815	123	123	123	2.6600714604242626	1234
20130815	123	123	123	14.286243911885805	1234
20130815	123	123	123	16.16067144877881	1234
20130815	123	123	123	19.373587497639164	1234
20130815	123	123	123	6.895850583151153	1234
20130815	123	123	123	174.35133111719438	1234
20130815	123	123	123	170.7123936565496	1234
20130815	123	123	123	190.45234919359072	1234
20130815	123	123	123	189.54606763510023	1234
20130815	123	123	123	191.78534903645587	1234
20130815	123	123	123	201.7734381465189	1234
20130815	123	123	123	220.87571839081775	1234
20130815	123	123	123	227.46153846153848	1234
20130815	123	123	123	246.22880921269177	1234
20130815	123	123	123	255.43401687067887	1234
20130815	123	123	123	258.5976316496073	1234
20130815	123	123	123	278.18079698851443	1234
20130815	123	123	123	275.19939480863553	1234
20130815	123	123	123	281.74794749823525	1234
20130815	123	123	123	287.02921607293695	1234
20130815	123	123	123	295.53849663499767	1234
20130815	123	123	123	320.494507225303	1234
20130815	123	123	123	324.18239551975324	1234
20130815	123	123	123	338.7870280990044	1234
20130815	123	123	123	331.14255717891126	1234
20130815	123	123	123	366.71409638402935	1234
20130815	123	123	123	374.3772779102564	1234
20130815	123	123	123	380.8877308227991	1234
20130815	123	123	123	391.503017867524	1234
20130815	123	123	123	396.53783277557835	1234
20130815	123	123	123	400.8015284405073	1234
20130815	123	123	123	418.28043307788465	1234
20130815	123	123	123	428.1599457774495	1234
20130815	123	123	123	436.92187214313543	1234
20130815	123	123	123	436.6751186274675	1234
20130815	123	123	123	439.6030377154102	1234
20130815	123	123	123	454.89352396569427	1234
20130815	123	123	123	475.65795749377673	1234
20130815	123	123	123	476.6356347795578	1234
20130815	123	123	123	529.4964635519248	1234
20130815	123	123	123	495.1892739800104	1234
20130815	123	123	123	500.69230769230717	1234
20130815	123	123	123	507.4502997495917	1234
20130815	123	123	123	502.5506808610625	1234
20130815	123	123	123	480.35593477846567	1234
20130815	123	123	123	485.4661258816912	1234
20130815	123	123	123	484.704926397885	1234
20130815	123	123	123	476.08769311126656	1234
20130815	123	123	123	471.8682924418234	1234
20130815	123	123	123	459.4545371118467	1234
20130815	123	123	123	451.7673669176408	1234
20130815	123	123	123	428.8341441852788	1234
20130815	123	123	123	433.57837600455616	1234
20130815	123	123	123	428.9813829257594	1234
20130815	123	123	123	418.19974519865315	1234
20130815	123	123	123	404.10013328279763	1234
20130815	123	123	123	396.3853836708695	1234
20130815	123	123	123	395.2501825131857	1234
20130815	123	123	123	392.3008252671458	1234
20130815	123	123	123	380.5861317895874	1234
20130815	123	123	123	382.84615384615427	1234
20130815	123	123	123	372.5311854110558	1234
20130815	123	123	123	378.6357864130204	1234
20130815	123	123	123	396.40658836536085	1234
20130815	123	123	123	394.1379480907256	1234
20130815	123	123	123	397.0	1234
20130815	123	123	123	407.1479332297227	1234
20130815	123	123	123	407.0	1234
20130815	123	123	123	430.86850837780315	1234
20130815	123	123	123	435.0389108571789	1234
20130815	123	123	123	441.2185535580582	1234
20130815	123	123	123	445.9263299125015	1234
20130815	123	123	123	458.52269665026233	1234
20130815	123	123	123	460.30523524381584	1234
20130815	123	123	123	457.0	1234
20130815	123	123	123	466.87204289756244	1234
20130815	123	123	123	467.71023879292835	1234
20130815	123	123	123	477.3168143919931	1234
20130815	123	123	123	483.2237432502449	1234
20130815	123	123	123	489.0253152135457	1234
20130815	123	123	123	489.82162240533586	1234
20130815	123	123	123	492.0	1234
20130815	123	123	123	503.0373015157995	1234
20130815	123	123	123	498.2459772901849	1234
20130815	123	123	123	495.51462662781006	1234
20130815	123	123	123	485.7439541690518	1234
20130815	123	123	123	479.02396314409435	1234
20130815	123	123	123	476.08885295259324	1234
20130815	123	123	123	469.1666840706882	1234
20130815	123	123	123	459.52473887434917	1234
20130815	123	123	123	452.6564370225881	1234
20130815	123	123	123	448.1502774651442	1234
20130815	123	123	123	428.61258702090254	1234
20130815	123	123	123	426.24600872795594	1234
20130815	123	123	123	414.5605170941483	1234
20130815	123	123	123	406.2596406801123	1234
20130815	123	123	123	399.2468967951251	1234
20130815	123	123	123	396.28314483222596	1234
20130815	123	123	123	393.93634009804975	1234
20130815	123	123	123	389.4615384615379	1234
20130815	123	123	123	375.21706932630593	1234
20130815	123	123	123	363.0018829438941	1234
20130815	123	123	123	354.7623114834658	1234
20130815	123	123	123	345.54725656486517	1234
20130815	123	123	123	316.97386023348093	1234
20130815	123	123	123	330.34615384615387	1234
20130815	123	123	123	301.8327808286144	1234
20130815	123	123	123	298.9103384256922	1234
20130815	123	123	123	290.5066210522428	1234
20130815	123	123	123	278.89153999768644	1234
20130815	123	123	123	274.4719748923955	1234
20130815	123	123	123	263.93373449560903	1234
20130815	123	123	123	242.51258568454853	1234
20130815	123	123	123	246.29436953541997	1234
20130815	123	123	123	245.30769230769238	1234
20130815	123	123	123	226.7287243834049	1234
20130815	123	123	123	221.37446431403364	1234
20130815	123	123	123	218.95649211971926	1234
20130815	123	123	123	208.70647227079965	1234
20130815	123	123	123	196.0613868438637	1234
20130815	123	123	123	189.08199025254868	1234
20130815	123	123	123	176.6999013641935	1234
20130815	123	123	123	179.29066585693184	1234
20130815	123	123	123	160.85164775496247	1234
20130815	123	123	123	168.0	1234
20130815	123	123	123	4.9393592782959335	1234
20130815	123	123	123	13.24709748603403	1234
20130815	123	123	123	0.26574518388390533	1234
20130815	123	123	123	13.62553741014582	1234
20130815	123	123	123	2.945471739625516	1234
20130815	123	123	123	7.801160724802985	1234
20130815	123	123	123	1.2435133251543928	1234
20130815	123	123	123	6.7457452809077605	1234
20130815	123	123	123	14.81905987772697	1234
20130815	123	123	123	16.959113148777	1234
20130815	123	123	123	12.90793095477121	1234
20130815	123	123	123	11.24483723529179	1234
20130815	123	123	123	9.672063188976946	1234
20130815	123	123	123	14.118945451024612	1234
20130815	123	123	123	15.853633116028371	1234
20130815	123	123	123	13.446185862070028	1234
20130815	123	123	123	16.255666366979867	1234
20130815	123	123	123	4.038203098146209	1234
20130815	123	123	123	5.100055595862674	1234
20130815	123	123	123	8.914190383247087	1234
20130815	123	123	123	1.2416473455243837	1234
20130815	123	123	123	1.3773332763923607	1234
20130815	123	123	123	16.85992119932028	1234
20130815	123	123	123	19.222387144021706	1234
20130815	123	123	123	4.98657724932698	1234
20130815	123	123	123	1.046104029933761	1234
20130815	123	123	123	10.499625709458764	1234
20130815	123	123	123	15.130650873902088	1234
20130815	123	123	123	17.526067528159565	1234
20130815	123	123	123	1.6208008584562195	1234