time startPrice highestPrice lowestPrice endPrice transactionCount
20130815	123	123	123	16.071785999648075	1234
20130815	123	123	123	14.949295699237496	1234
20130815	123	123	123	5.100453633989166	1234
20130815	123	123	123	10.643865258901815	1234
20130815	123	123	123	16.01995857844874	1234
20130815	123	123	123	3.094907454549054	1234
20130815	123	123	123	4.600764384104849	1234
20130815	123	123	123	11.676231754335104	1234
20130815	123	123	123	16.722456530175826	1234
20130815	123	123	123	1.2400372922704772	1234
20130815	123	123	123	11.80388385110702	1234
20130815	123	123	123	3.7109680926614974	1234
20130815	123	123	123	19.670908407713313	1234
20130815	123	123	123	5.295270605319907	1234
20130815	123	123	123	11.04692534271052	1234
20130815	123	123	123	2.732735538214768	1234
20130815	123	123	123	6.43846794569437	1234
20130815	123	123	123	16.836381174935735	1234
20130815	123	123	123	6.228770858498764	1234
20130815	123	123	123	9.610874075464928	1234
20130815	123	123	123	17.47747391429611	1234
20130815	123	123	123	17.613129842508584	1234
20130815	123	123	123	15.508653916555886	1234
20130815	123	123	123	0.5775641475576188	1234
20130815	123	123	123	5.16845309938933	1234
20130815	123	123	123	3.8967193321140225	1234
20130815	123	123	123	16.026661060910378	1234
20130815	123	123	123	6.11062144147459	1234
20130815	123	123	123	5.225086434952906	1234
20130815	123	123	123	19.462907003722187	1234
20130815	123	123	123	165.83170527780405	1234
20130815	123	123	123	217.69970728645066	1234
20130815	123	123	123	201.34655104210512	1234
20130815	123	123	123	198.55463341979782	1234
20130815	123	123	123	208.54650974455586	1234
20130815	123	123	123	213.25076769187544	1234
20130815	123	123	123	233.547244891996	1234
20130815	123	123	123	231.04651122957017	1234
20130815	123	123	123	243.44788982050105	1234
20130815	123	123	123	245.5578449814352	1234
20130815	123	123	123	262.1320064297597	1234
20130815	123	123	123	269.09468110590615	1234
20130815	123	123	123	273.05819954264496	1234
20130815	123	123	123	280.2185334765492	1234
20130815	123	123	123	279.1538461538461	1234
20130815	123	123	123	286.53846153846143	1234
20130815	123	123	123	295.2485035334545	1234
20130815	123	123	123	310.7923258936996	1234
20130815	123	123	123	312.5433694678925	1234
20130815	123	123	123	336.5612215584733	1234
20130815	123	123	123	355.5763392168383	1234
20130815	123	123	123	360.80096031286996	1234
20130815	123	123	123	369.9469619376214	1234
20130815	123	123	123	372.3761772830639	1234
20130815	123	123	123	380.90472404533074	1234
20130815	123	123	123	385.25734004065583	1234
20130815	123	123	123	397.1040711196589	1234
20130815	123	123	123	398.39691052127336	1234
20130815	123	123	123	403.36705504382707	1234
20130815	123	123	123	440.91277174222915	1234
20130815	123	123	123	441.4691105438261	1234
20130815	123	123	123	434.2473354332715	1234
20130815	123	123	123	441.1819634272335	1234
20130815	123	123	123	448.4995040776726	1234
20130815	123	123	123	455.0087610291328	1234
20130815	123	123	123	459.7015645844455	1234
20130815	123	123	123	467.41503850092494	1234
20130815	123	123	123	486.25678252708076	1234
20130815	123	123	123	490.19421515493224	1234
20130815	123	123	123	499.5979745907379	1234
20130815	123	123	123	513.430731169497	1234
20130815	123	123	123	510.5289274690676	1234
20130815	123	123	123	498.4603393086529	1234
20130815	123	123	123	484.0961243498748	1234
20130815	123	123	123	477.9228032525223	1234
20130815	123	123	123	478.81725503445574	1234
20130815	123	123	123	470.913256315078	1234
20130815	123	123	123	469.61538461538476	1234
20130815	123	123	123	464.19230769230785	1234
20130815	123	123	123	430.85184022674656	1234
20130815	123	123	123	436.3063580186681	1234
20130815	123	123	123	431.1418273723976	1234
20130815	123	123	123	423.5414192555426	1234
20130815	123	123	123	420.21643080041997	1234
20130815	123	123	123	407.70359313500074	1234
20130815	123	123	123	386.8157041844607	1234
20130815	123	123	123	393.6923076923081	1234
20130815	123	123	123	368.32884450443134	1234
20130815	123	123	123	370.5471367061269	1234
20130815	123	123	123	375.3582596009726	1234
20130815	123	123	123	383.46852093329375	1234
20130815	123	123	123	388.2538747401551	1234
20130815	123	123	123	393.88297966743175	1234
20130815	123	123	123	409.868592901477	1234
20130815	123	123	123	407.0	1234
20130815	123	123	123	425.7786695361151	1234
20130815	123	123	123	431.46178168046384	1234
20130815	123	123	123	432.09314116897144	1234
20130815	123	123	123	443.04243608243667	1234
20130815	123	123	123	442.0	1234
20130815	123	123	123	450.05245547384783	1234
20130815	123	123	123	455.8345953331617	1234
20130815	123	123	123	457.0	1234
20130815	123	123	123	475.75933602816866	1234
20130815	123	123	123	477.3159079246804	1234
20130815	123	123	123	485.6681407204388	1234
20130815	123	123	123	500.989133176571	1234
20130815	123	123	123	501.8690828196722	1234
20130815	123	123	123	500.20238899181703	1234
20130815	123	123	123	494.1708997572306	1234
20130815	123	123	123	491.149684953652	1234
20130815	123	123	123	480.14108149469746	1234
20130815	123	123	123	477.638760556727	1234
20130815	123	123	123	472.3415779385579	1234
20130815	123	123	123	463.0514535225632	1234
20130815	123	123	123	448.5553400905984	1234
20130815	123	123	123	450.6031175486309	1234
20130815	123	123	123	442.7775050440664	1234
20130815	123	123	123	438.44301581363425	1234
20130815	123	123	123	427.1791072055368	1234
20130815	123	123	123	427.16076453141983	1234
20130815	123	123	123	423.19572280161515	1234
20130815	123	123	123	408.120851676144	1234
20130815	123	123	123	405.8379185792907	1234
20130815	123	123	123	392.84402932225174	1234
20130815	123	123	123	382.3287953105897	1234
20130815	123	123	123	385.38301326817333	1234
20130815	123	123	123	381.57843786804773	1234
20130815	123	123	123	369.3507798663863	1234
20130815	123	123	123	362.78316920219225	1234
20130815	123	123	123	335.2511425585135	1234
20130815	123	123	123	332.45963350703295	1234
20130815	123	123	123	330.34615384615387	1234
20130815	123	123	123	311.0059955683769	1234
20130815	123	123	123	302.4614154205413	1234
20130815	123	123	123	286.63880979303036	1234
20130815	123	123	123	286.32137756779525	1234
20130815	123	123	123	264.60107673694256	1234
20130815	123	123	123	271.3679252386162	1234
20130815	123	123	123	267.750731346605	1234
20130815	123	123	123	245.43322987641133	1234
20130815	123	123	123	217.90196226417712	1234
20130815	123	123	123	233.74198237711278	1234
20130815	123	123	123	210.34745391770855	1234
20130815	123	123	123	205.10892981399493	1234
20130815	123	123	123	198.95020459454855	1234
20130815	123	123	123	186.14088058918293	1234
20130815	123	123	123	183.46153846153857	1234
20130815	123	123	123	175.73076923076934	1234
20130815	123	123	123	168.0	1234
20130815	123	123	123	12.643339371892361	1234
20130815	123	123	123	0.738633805411193	1234
20130815	123	123	123	16.126156468432175	1234
20130815	123	123	123	0.4804199700419831	1234
20130815	123	123	123	14.324510995393169	1234
20130815	123	123	123	7.321285708611349	1234
20130815	123	123	123	14.936902487581403	1234
20130815	123	123	123	18.171993870417165	1234
20130815	123	123	123	14.551298383356707	1234
20130815	123	123	123	8.517893189569	1234
20130815	123	123	123	9.698614367237377	1234
20130815	123	123	123	15.837990773137472	1234
20130815	123	123	123	8.01427317999675	1234
20130815	123	123	123	15.442309326834005	1234
20130815	123	123	123	13.506711513515748	1234
20130815	123	123	123	5.68022155306851	1234
20130815	123	123	123	14.854543787155123	1234
20130815	123	123	123	8.912532009502627	1234
20130815	123	123	123	3.4639452164565343	1234
20130815	123	123	123	17.836255682899484	1234
20130815	123	123	123	5.843505903006852	1234
20130815	123	123	123	2.2384931732294056	1234
20130815	123	123	123	18.886776271676883	1234
20130815	123	123	123	19.132146087512208	1234
20130815	123	123	123	7.146890790515843	1234
20130815	123	123	123	16.151665676916235	1234
20130815	123	123	123	17.459394333515466	1234
20130815	123	123	123	2.284163708728484	1234
20130815	123	123	123	11.69763534390631	1234
20130815	123	123	123	6.265283472558101	1234