time startPrice highestPrice lowestPrice endPrice transactionCount
20130815	123	123	123	9.127873447270423	1234
20130815	123	123	123	2.259695734217484	1234
20130815	123	123	123	10.500667692116233	1234
20130815	123	123	123	18.589004777959136	1234
20130815	123	123	123	16.83522277495633	1234
20130815	123	123	123	11.383736544397783	1234
20130815	123	123	123	4.251710681331025	1234
20130815	123	123	123	14.121713106041033	1234
20130815	123	123	123	19.359284275164587	1234
20130815	123	123	123	7.142865342361892	1234
20130815	123	123	123	1.477603694870817	1234
20130815	123	123	123	3.2898567563822168	1234
20130815	123	123	123	8.616983271272785	1234
20130815	123	123	123	4.646870527302067	1234
20130815	123	123	123	9.423181259205855	1234
20130815	123	123	123	19.43350329671578	1234
20130815	123	123	123	7.8702731914117985	1234
20130815	123	123	123	6.90261206373993	1234
20130815	123	123	123	7.859557760680474	1234
20130815	123	123	123	16.205348405230666	1234
20130815	123	123	123	19.745518507356888	1234
20130815	123	123	123	15.22117701466944	1234
20130815	123	123	123	12.915328338444983	1234
20130815	123	123	123	16.46554937768744	1234
20130815	123	123	123	19.712721631736443	1234
20130815	123	123	123	10.105790102797606	1234
20130815	123	123	123	12.099114954798118	1234
20130815	123	123	123	6.121718565464871	1234
20130815	123	123	123	8.426079461795206	1234
20130815	123	123	123	17.58933943130407	1234
20130815	123	123	123	167.24797736136452	1234
20130815	123	123	123	178.68626995645533	1234
20130815	123	123	123	175.76923076923077	1234
20130815	123	123	123	191.4335463746946	1234
20130815	123	123	123	194.33305716134694	1234
20130815	123	123	123	211.11018055080933	1234
20130815	123	123	123	220.47720955975092	1234
20130815	123	123	123	224.2514841239027	1234
20130815	123	123	123	243.41624147819135	1234
20130815	123	123	123	253.60203953956892	1234
20130815	123	123	123	267.740788989777	1234
20130815	123	123	123	266.6057817952014	1234
20130815	123	123	123	275.7342567134017	1234
20130815	123	123	123	297.98122993270823	1234
20130815	123	123	123	301.87942784746303	1234
20130815	123	123	123	323.35000218633917	1234
20130815	123	123	123	323.13524072864413	1234
20130815	123	123	123	323.4615384615382	1234
20130815	123	123	123	331.5148271324667	1234
20130815	123	123	123	357.0000271318423	1234
20130815	123	123	123	364.4601939806135	1234
20130815	123	123	123	366.7588477498902	1234
20130815	123	123	123	371.6573989832038	1234
20130815	123	123	123	392.9193433160313	1234
20130815	123	123	123	384.43074678725367	1234
20130815	123	123	123	410.6199889196858	1234
20130815	123	123	123	415.78925712956874	1234
20130815	123	123	123	442.1567329862295	1234
20130815	123	123	123	435.46601562155485	1234
20130815	123	123	123	443.23291977359634	1234
20130815	123	123	123	445.7272500761058	1234
20130815	123	123	123	478.20870836215744	1234
20130815	123	123	123	463.7692307692304	1234
20130815	123	123	123	474.87015763928656	1234
20130815	123	123	123	480.41338193225914	1234
20130815	123	123	123	483.86856729658706	1234
20130815	123	123	123	488.3846153846149	1234
20130815	123	123	123	502.5571532835724	1234
20130815	123	123	123	510.4548919881238	1234
20130815	123	123	123	496.55584022070235	1234
20130815	123	123	123	498.5191550470252	1234
20130815	123	123	123	496.5162688349208	1234
20130815	123	123	123	490.7588689380839	1234
20130815	123	123	123	482.6826909032675	1234
20130815	123	123	123	470.72014184346665	1234
20130815	123	123	123	470.6626979245057	1234
20130815	123	123	123	468.1640625296806	1234
20130815	123	123	123	446.2366324257422	1234
20130815	123	123	123	447.14615042498787	1234
20130815	123	123	123	440.1876809834925	1234
20130815	123	123	123	437.0769230769233	1234
20130815	123	123	123	426.525583317619	1234
20130815	123	123	123	424.407304243082	1234
20130815	123	123	123	414.3673862201389	1234
20130815	123	123	123	415.06052171471686	1234
20130815	123	123	123	403.88054938569275	1234
20130815	123	123	123	402.3242605319984	1234
20130815	123	123	123	380.1411307967911	1234
20130815	123	123	123	365.95961792094715	1234
20130815	123	123	123	375.4981464355691	1234
20130815	123	123	123	377.0	1234
20130815	123	123	123	382.0	1234
20130815	123	123	123	390.6642033284461	1234
20130815	123	123	123	407.44409862872624	1234
20130815	123	123	123	402.0	1234
20130815	123	123	123	407.34495510410255	1234
20130815	123	123	123	414.4124666554708	1234
20130815	123	123	123	420.95028770098963	1234
20130815	123	123	123	422.9036979180807	1234
20130815	123	123	123	428.0901220183351	1234
20130815	123	123	123	432.4830596944116	1234
20130815	123	123	123	444.93278711660315	1234
20130815	123	123	123	451.3017513786604	1234
20130815	123	123	123	453.82070351358783	1234
20130815	123	123	123	459.9813805671118	1234
20130815	123	123	123	479.1306853167104	1234
20130815	123	123	123	472.96852631626246	1234
20130815	123	123	123	502.84495700754775	1234
20130815	123	123	123	498.658793056851	1234
20130815	123	123	123	499.7058270143218	1234
20130815	123	123	123	496.88461538461536	1234
20130815	123	123	123	486.78530992177724	1234
20130815	123	123	123	469.40458037947326	1234
20130815	123	123	123	473.68826233428706	1234
20130815	123	123	123	457.15742785547394	1234
20130815	123	123	123	458.2821661391765	1234
20130815	123	123	123	450.0406051626316	1234
20130815	123	123	123	449.50561980836653	1234
20130815	123	123	123	436.7088933892145	1234
20130815	123	123	123	438.08824221763484	1234
20130815	123	123	123	416.2479567734903	1234
20130815	123	123	123	402.09861195579754	1234
20130815	123	123	123	400.8002554783126	1234
20130815	123	123	123	381.3655448345267	1234
20130815	123	123	123	386.26153723445765	1234
20130815	123	123	123	382.30086316440594	1234
20130815	123	123	123	374.10125624087067	1234
20130815	123	123	123	367.25633253268165	1234
20130815	123	123	123	332.195919278113	1234
20130815	123	123	123	352.61736865849383	1234
20130815	123	123	123	339.00139699317947	1234
20130815	123	123	123	333.8904059471388	1234
20130815	123	123	123	326.43968664893714	1234
20130815	123	123	123	313.87785733003636	1234
20130815	123	123	123	296.0645475426552	1234
20130815	123	123	123	296.60890104990347	1234
20130815	123	123	123	297.80426080068054	1234
20130815	123	123	123	291.69230769230774	1234
20130815	123	123	123	283.9615384615385	1234
20130815	123	123	123	248.45873948146405	1234
20130815	123	123	123	245.30769230769238	1234
20130815	123	123	123	233.16717317582948	1234
20130815	123	123	123	220.26969693774052	1234
20130815	123	123	123	216.25057621292137	1234
20130815	123	123	123	204.86895417157862	1234
20130815	123	123	123	197.06102447866652	1234
20130815	123	123	123	176.7271134270035	1234
20130815	123	123	123	178.52306836129773	1234
20130815	123	123	123	175.30288082396035	1234
20130815	123	123	123	168.0	1234
20130815	123	123	123	2.557533184001941	1234
20130815	123	123	123	10.353662714897167	1234
20130815	123	123	123	19.393771405870407	1234
20130815	123	123	123	7.963049764579835	1234
20130815	123	123	123	11.741543138255938	1234
20130815	123	123	123	8.197586144316883	1234
20130815	123	123	123	14.63627170301187	1234
20130815	123	123	123	3.9354894958124054	1234
20130815	123	123	123	9.90807666563693	1234
20130815	123	123	123	8.124655428808074	1234
20130815	123	123	123	10.308903655398655	1234
20130815	123	123	123	3.4837493013594223	1234
20130815	123	123	123	17.26271578466804	1234
20130815	123	123	123	2.033964337064045	1234
20130815	123	123	123	16.705741107848485	1234
20130815	123	123	123	9.006291826478508	1234
20130815	123	123	123	5.053122776670731	1234
20130815	123	123	123	17.990103360857116	1234
20130815	123	123	123	12.62838614447116	1234
20130815	123	123	123	18.859624383740417	1234
20130815	123	123	123	9.551814742280207	1234
20130815	123	123	123	3.0706853801200173	1234
20130815	123	123	123	2.7945408978802644	1234
20130815	123	123	123	19.95860458143752	1234
20130815	123	123	123	0.6207919629249536	1234
20130815	123	123	123	6.849343876320044	1234
20130815	123	123	123	8.77771561680537	1234
20130815	123	123	123	0.8428454779990169	1234
20130815	123	123	123	12.429428964481342	1234
20130815	123	123	123	3.324870755192768	1234