time startPrice highestPrice lowestPrice endPrice transactionCount
20130815	123	123	123	18.72984566667888	1234
20130815	123	123	123	19.613699606839788	1234
20130815	123	123	123	17.152644787473704	1234
20130815	123	123	123	12.824237637103504	1234
20130815	123	123	123	11.65724099293759	1234
20130815	123	123	123	4.926957392868605	1234
20130815	123	123	123	17.693562568480658	1234
20130815	123	123	123	13.886142641066424	1234
20130815	123	123	123	3.078770899368277	1234
20130815	123	123	123	4.838544913203744	1234
20130815	123	123	123	5.8433575801046445	1234
20130815	123	123	123	11.46372902969981	1234
20130815	123	123	123	6.158728903701909	1234
20130815	123	123	123	18.89163686104095	1234
20130815	123	123	123	4.329979101471906	1234
20130815	123	123	123	14.720040322476603	1234
20130815	123	123	123	11.021901096844477	1234
20130815	123	123	123	15.9844704610851	1234
20130815	123	123	123	0.20368218907354407	1234
20130815	123	123	123	5.789062344931941	1234
20130815	123	123	123	7.814582868771369	1234
20130815	123	123	123	10.74122733302694	1234
20130815	123	123	123	1.9981362679171522	1234
20130815	123	123	123	12.871280228875033	1234
20130815	123	123	123	15.117413137202707	1234
20130815	123	123	123	2.4577871874367996	1234
20130815	123	123	123	18.902576330968415	1234
20130815	123	123	123	2.780627899354622	1234
20130815	123	123	123	6.310724001239876	1234
20130815	123	123	123	17.509177691515188	1234
20130815	123	123	123	173.47325777884183	1234
20130815	123	123	123	229.97881280024816	1234
20130815	123	123	123	216.71055930309552	1234
20130815	123	123	123	222.3186008549292	1234
20130815	123	123	123	296.36088485280584	1234
20130815	123	123	123	263.40931948051013	1234
20130815	123	123	123	277.7556619705621	1234
20130815	123	123	123	293.23887399752675	1234
20130815	123	123	123	296.24446733413896	1234
20130815	123	123	123	309.54835510370606	1234
20130815	123	123	123	324.6422686532164	1234
20130815	123	123	123	324.5786277979411	1234
20130815	123	123	123	344.13465254452854	1234
20130815	123	123	123	354.00021503719336	1234
20130815	123	123	123	353.0	1234
20130815	123	123	123	377.6153846153845	1234
20130815	123	123	123	391.7985885011132	1234
20130815	123	123	123	396.0769230769229	1234
20130815	123	123	123	404.27220613349334	1234
20130815	123	123	123	411.4082514948304	1234
20130815	123	123	123	426.57358875483874	1234
20130815	123	123	123	430.2234233986792	1234
20130815	123	123	123	433.8902118685811	1234
20130815	123	123	123	441.07221330255754	1234
20130815	123	123	123	440.542432124323	1234
20130815	123	123	123	450.72384973889024	1234
20130815	123	123	123	462.6108874410455	1234
20130815	123	123	123	463.8348338682165	1234
20130815	123	123	123	470.3677406728792	1234
20130815	123	123	123	471.73205862962976	1234
20130815	123	123	123	483.07135167220486	1234
20130815	123	123	123	491.70051847824783	1234
20130815	123	123	123	503.03751039308884	1234
20130815	123	123	123	503.537594419505	1234
20130815	123	123	123	513.5903867238187	1234
20130815	123	123	123	513.0	1234
20130815	123	123	123	501.80335842885717	1234
20130815	123	123	123	496.17830524145756	1234
20130815	123	123	123	485.6082441444235	1234
20130815	123	123	123	490.77943589005355	1234
20130815	123	123	123	475.8353020379255	1234
20130815	123	123	123	471.0025181157456	1234
20130815	123	123	123	461.7982829422657	1234
20130815	123	123	123	462.2310110710444	1234
20130815	123	123	123	454.3601819716584	1234
20130815	123	123	123	450.6169610041514	1234
20130815	123	123	123	441.6872146499335	1234
20130815	123	123	123	442.1144766306489	1234
20130815	123	123	123	429.49968596169475	1234
20130815	123	123	123	413.54151885192823	1234
20130815	123	123	123	417.7767933865501	1234
20130815	123	123	123	414.27094285465114	1234
20130815	123	123	123	407.20673945101566	1234
20130815	123	123	123	387.2652898292708	1234
20130815	123	123	123	391.2080782987252	1234
20130815	123	123	123	384.94475805439185	1234
20130815	123	123	123	372.95647413180063	1234
20130815	123	123	123	386.43479149985296	1234
20130815	123	123	123	395.19170376466633	1234
20130815	123	123	123	411.2587219858159	1234
20130815	123	123	123	407.0	1234
20130815	123	123	123	416.29131958266015	1234
20130815	123	123	123	417.0	1234
20130815	123	123	123	428.74482857213064	1234
20130815	123	123	123	434.52266103673395	1234
20130815	123	123	123	449.11423291806204	1234
20130815	123	123	123	449.8252589510089	1234
20130815	123	123	123	454.66339267632173	1234
20130815	123	123	123	452.1661355528115	1234
20130815	123	123	123	463.91144526348364	1234
20130815	123	123	123	472.2321672793234	1234
20130815	123	123	123	473.5880034060533	1234
20130815	123	123	123	477.95186632181606	1234
20130815	123	123	123	482.0	1234
20130815	123	123	123	490.9932787409373	1234
20130815	123	123	123	496.4106937003605	1234
20130815	123	123	123	499.2273113442347	1234
20130815	123	123	123	494.27886199289225	1234
20130815	123	123	123	488.05875153191937	1234
20130815	123	123	123	486.6538461538461	1234
20130815	123	123	123	473.0214646980801	1234
20130815	123	123	123	473.83268294499044	1234
20130815	123	123	123	463.66858165299453	1234
20130815	123	123	123	459.7643240888567	1234
20130815	123	123	123	461.07692307692287	1234
20130815	123	123	123	449.7048128260006	1234
20130815	123	123	123	446.51489321638473	1234
20130815	123	123	123	445.73076923076894	1234
20130815	123	123	123	434.0520371510367	1234
20130815	123	123	123	423.7456233758327	1234
20130815	123	123	123	418.3525370383323	1234
20130815	123	123	123	417.1827506015185	1234
20130815	123	123	123	411.3368068460994	1234
20130815	123	123	123	388.31572447395484	1234
20130815	123	123	123	389.8699937113073	1234
20130815	123	123	123	386.6755058312981	1234
20130815	123	123	123	375.84870752385655	1234
20130815	123	123	123	373.13826975670975	1234
20130815	123	123	123	365.83371555450987	1234
20130815	123	123	123	307.2230688433029	1234
20130815	123	123	123	332.5147424177309	1234
20130815	123	123	123	336.3435845132181	1234
20130815	123	123	123	325.268429916555	1234
20130815	123	123	123	310.2660021848553	1234
20130815	123	123	123	307.1538461538462	1234
20130815	123	123	123	286.393164233064	1234
20130815	123	123	123	282.26596768482153	1234
20130815	123	123	123	257.0784106759583	1234
20130815	123	123	123	251.65594347765136	1234
20130815	123	123	123	234.55969979883392	1234
20130815	123	123	123	233.11997308010325	1234
20130815	123	123	123	226.43003635524497	1234
20130815	123	123	123	219.49048255294937	1234
20130815	123	123	123	195.8330280977898	1234
20130815	123	123	123	206.65384615384625	1234
20130815	123	123	123	189.46013257764636	1234
20130815	123	123	123	191.1923076923078	1234
20130815	123	123	123	172.297640017768	1234
20130815	123	123	123	162.80973775055992	1234
20130815	123	123	123	168.0	1234
20130815	123	123	123	5.3758016349402515	1234
20130815	123	123	123	15.987868094280461	1234
20130815	123	123	123	8.934521259109287	1234
20130815	123	123	123	2.4532315187398246	1234
20130815	123	123	123	11.136697102681403	1234
20130815	123	123	123	10.115606558716276	1234
20130815	123	123	123	7.6516226459625125	1234
20130815	123	123	123	19.537596351814656	1234
20130815	123	123	123	16.09488406868501	1234
20130815	123	123	123	8.875296324746706	1234
20130815	123	123	123	10.11387344734658	1234
20130815	123	123	123	18.914906312682863	1234
20130815	123	123	123	12.539007147380886	1234
20130815	123	123	123	12.596744512851956	1234
20130815	123	123	123	16.847772665550373	1234
20130815	123	123	123	2.5935886147388065	1234
20130815	123	123	123	2.77906236819238	1234
20130815	123	123	123	13.785790103527626	1234
20130815	123	123	123	11.217258086065986	1234
20130815	123	123	123	13.999418560533712	1234
20130815	123	123	123	9.443088572408968	1234
20130815	123	123	123	16.55598050276549	1234
20130815	123	123	123	13.587782329300058	1234
20130815	123	123	123	3.9956047755363078	1234
20130815	123	123	123	7.757444834055052	1234
20130815	123	123	123	2.3152243489419155	1234
20130815	123	123	123	5.007240572374519	1234
20130815	123	123	123	19.306841561515252	1234
20130815	123	123	123	4.393799827563902	1234
20130815	123	123	123	15.748558147223363	1234