time startPrice highestPrice lowestPrice endPrice transactionCount
20130815	123	123	123	2.5569953762981057	1234
20130815	123	123	123	15.917290112075166	1234
20130815	123	123	123	9.138929148592336	1234
20130815	123	123	123	2.812010072887916	1234
20130815	123	123	123	11.311470542103521	1234
20130815	123	123	123	4.832639890865504	1234
20130815	123	123	123	8.74607296833985	1234
20130815	123	123	123	1.9444679680963173	1234
20130815	123	123	123	11.194513169221247	1234
20130815	123	123	123	14.091369335055138	1234
20130815	123	123	123	6.218528841332914	1234
20130815	123	123	123	0.9509745626618749	1234
20130815	123	123	123	15.430767672689285	1234
20130815	123	123	123	18.715313038321227	1234
20130815	123	123	123	12.994214934303132	1234
20130815	123	123	123	0.0858404123001888	1234
20130815	123	123	123	9.831619841330625	1234
20130815	123	123	123	5.793727284393901	1234
20130815	123	123	123	2.0291752586027223	1234
20130815	123	123	123	18.182006385719554	1234
20130815	123	123	123	13.471213362838965	1234
20130815	123	123	123	14.813318659840649	1234
20130815	123	123	123	16.068857447831068	1234
20130815	123	123	123	14.355707465464798	1234
20130815	123	123	123	10.3618585933971	1234
20130815	123	123	123	11.371849521267825	1234
20130815	123	123	123	3.1581019432493984	1234
20130815	123	123	123	0.87944215941542	1234
20130815	123	123	123	4.6709473345933805	1234
20130815	123	123	123	19.00982011785493	1234
20130815	123	123	123	162.16750232189318	1234
20130815	123	123	123	181.41186313415707	1234
20130815	123	123	123	185.9857054151358	1234
20130815	123	123	123	191.27371744128462	1234
20130815	123	123	123	202.70142088749427	1234
20130815	123	123	123	201.78479328196673	1234
20130815	123	123	123	213.59410603381264	1234
20130815	123	123	123	213.1042153756928	1234
20130815	123	123	123	224.18014466167543	1234
20130815	123	123	123	230.80473703806317	1234
20130815	123	123	123	237.01362331126614	1234
20130815	123	123	123	255.09268437909566	1234
20130815	123	123	123	268.43952443664574	1234
20130815	123	123	123	267.74670423311403	1234
20130815	123	123	123	282.5207385181248	1234
20130815	123	123	123	306.01738994124537	1234
20130815	123	123	123	301.33995921203854	1234
20130815	123	123	123	312.8418839642445	1234
20130815	123	123	123	328.08649464754336	1234
20130815	123	123	123	339.2339219502453	1234
20130815	123	123	123	340.4315453740161	1234
20130815	123	123	123	347.4289353437314	1234
20130815	123	123	123	355.9654796765452	1234
20130815	123	123	123	365.30769230769226	1234
20130815	123	123	123	380.0101661284811	1234
20130815	123	123	123	384.046583748333	1234
20130815	123	123	123	394.59541080060086	1234
20130815	123	123	123	396.211544057564	1234
20130815	123	123	123	409.1254087105638	1234
20130815	123	123	123	433.6485947954731	1234
20130815	123	123	123	430.566960283027	1234
20130815	123	123	123	435.8899336285673	1234
20130815	123	123	123	469.0320231412692	1234
20130815	123	123	123	451.4615384615381	1234
20130815	123	123	123	464.79317721781536	1234
20130815	123	123	123	481.2825952693868	1234
20130815	123	123	123	481.99972577559953	1234
20130815	123	123	123	498.18826500327384	1234
20130815	123	123	123	497.6195464276688	1234
20130815	123	123	123	507.5344037450413	1234
20130815	123	123	123	510.28765212338135	1234
20130815	123	123	123	511.2975353996875	1234
20130815	123	123	123	505.86485151039466	1234
20130815	123	123	123	496.657076066742	1234
20130815	123	123	123	472.2331488207704	1234
20130815	123	123	123	469.61538461538476	1234
20130815	123	123	123	460.03527005443436	1234
20130815	123	123	123	456.669505425391	1234
20130815	123	123	123	430.86329528243164	1234
20130815	123	123	123	424.73693501843667	1234
20130815	123	123	123	430.0574610901956	1234
20130815	123	123	123	421.5148778149338	1234
20130815	123	123	123	409.07244604229226	1234
20130815	123	123	123	413.93968264710384	1234
20130815	123	123	123	392.0476279779422	1234
20130815	123	123	123	388.26923076923117	1234
20130815	123	123	123	368.09306268610567	1234
20130815	123	123	123	376.58992572264617	1234
20130815	123	123	123	381.1970913498515	1234
20130815	123	123	123	379.71504760081933	1234
20130815	123	123	123	384.7527830961396	1234
20130815	123	123	123	392.888770782778	1234
20130815	123	123	123	392.0	1234
20130815	123	123	123	405.38283539280377	1234
20130815	123	123	123	419.6923703407161	1234
20130815	123	123	123	421.6326661597025	1234
20130815	123	123	123	424.52561657321263	1234
20130815	123	123	123	462.0472573523573	1234
20130815	123	123	123	448.062348367859	1234
20130815	123	123	123	475.6997799394007	1234
20130815	123	123	123	472.22001948886304	1234
20130815	123	123	123	474.2750689458407	1234
20130815	123	123	123	484.2546814500315	1234
20130815	123	123	123	485.73458571963266	1234
20130815	123	123	123	488.4153961195653	1234
20130815	123	123	123	505.12090112196415	1234
20130815	123	123	123	497.95857280793786	1234
20130815	123	123	123	493.3369902609018	1234
20130815	123	123	123	496.88461538461536	1234
20130815	123	123	123	481.0621046758497	1234
20130815	123	123	123	481.53846153846143	1234
20130815	123	123	123	465.8538056634963	1234
20130815	123	123	123	466.1923076923075	1234
20130815	123	123	123	452.0916214271824	1234
20130815	123	123	123	454.7248201437533	1234
20130815	123	123	123	448.31344004618325	1234
20130815	123	123	123	418.17778893794923	1234
20130815	123	123	123	419.5385429351195	1234
20130815	123	123	123	419.33628564103265	1234
20130815	123	123	123	413.24323309706296	1234
20130815	123	123	123	408.5871160089319	1234
20130815	123	123	123	409.92307692307645	1234
20130815	123	123	123	402.9631958896682	1234
20130815	123	123	123	393.47608418428155	1234
20130815	123	123	123	394.5769230769225	1234
20130815	123	123	123	384.0976809547877	1234
20130815	123	123	123	377.43124477512004	1234
20130815	123	123	123	369.6665320808741	1234
20130815	123	123	123	357.74315673696753	1234
20130815	123	123	123	350.37906803538164	1234
20130815	123	123	123	345.3981965479753	1234
20130815	123	123	123	343.4319428974988	1234
20130815	123	123	123	330.11381297708914	1234
20130815	123	123	123	330.34615384615387	1234
20130815	123	123	123	289.6007736299933	1234
20130815	123	123	123	280.77735762166344	1234
20130815	123	123	123	290.1969685548982	1234
20130815	123	123	123	283.9615384615385	1234
20130815	123	123	123	276.21002282268927	1234
20130815	123	123	123	264.7004688825289	1234
20130815	123	123	123	258.7665381270309	1234
20130815	123	123	123	248.29706513702982	1234
20130815	123	123	123	224.23828638605852	1234
20130815	123	123	123	199.96081404615472	1234
20130815	123	123	123	210.94109347044028	1234
20130815	123	123	123	171.6928675473436	1234
20130815	123	123	123	184.72876658643918	1234
20130815	123	123	123	181.86460577287127	1234
20130815	123	123	123	173.6600907328275	1234
20130815	123	123	123	168.0	1234
20130815	123	123	123	16.824537280503794	1234
20130815	123	123	123	10.67845306485152	1234
20130815	123	123	123	7.58789909522799	1234
20130815	123	123	123	18.367380402943308	1234
20130815	123	123	123	17.998977199076435	1234
20130815	123	123	123	13.941070137400377	1234
20130815	123	123	123	12.641058605381533	1234
20130815	123	123	123	5.471282206362589	1234
20130815	123	123	123	18.490327657980462	1234
20130815	123	123	123	17.49343129871869	1234
20130815	123	123	123	18.080884726244705	1234
20130815	123	123	123	1.679333753459531	1234
20130815	123	123	123	11.711411397623797	1234
20130815	123	123	123	7.874253413754991	1234
20130815	123	123	123	9.887164015522242	1234
20130815	123	123	123	6.657485263090425	1234
20130815	123	123	123	5.3560300684892015	1234
20130815	123	123	123	14.455469652037802	1234
20130815	123	123	123	7.024399324721468	1234
20130815	123	123	123	2.737315407944847	1234
20130815	123	123	123	2.8564879926627262	1234
20130815	123	123	123	12.489723309270275	1234
20130815	123	123	123	11.760920515855393	1234
20130815	123	123	123	14.099361891013908	1234
20130815	123	123	123	15.704703890801326	1234
20130815	123	123	123	17.62585221082085	1234
20130815	123	123	123	2.183679732074526	1234
20130815	123	123	123	17.45037882262163	1234
20130815	123	123	123	7.098948719745626	1234
20130815	123	123	123	3.2186568489883327	1234