time startPrice highestPrice lowestPrice endPrice transactionCount
20130815	123	123	123	8.169132536835358	1234
20130815	123	123	123	0.41595825062924696	1234
20130815	123	123	123	4.418161322201655	1234
20130815	123	123	123	3.605261676093252	1234
20130815	123	123	123	9.71980107982558	1234
20130815	123	123	123	9.052817862147805	1234
20130815	123	123	123	13.369522022289894	1234
20130815	123	123	123	7.410505545266934	1234
20130815	123	123	123	8.848095796141147	1234
20130815	123	123	123	15.716068117095695	1234
20130815	123	123	123	10.112896301214116	1234
20130815	123	123	123	0.23026349731992468	1234
20130815	123	123	123	17.56329936157297	1234
20130815	123	123	123	15.125466682248796	1234
20130815	123	123	123	17.49921206360874	1234
20130815	123	123	123	4.7452434459106385	1234
20130815	123	123	123	17.59759639870245	1234
20130815	123	123	123	8.180190224661049	1234
20130815	123	123	123	4.614466633376033	1234
20130815	123	123	123	19.120806608011417	1234
20130815	123	123	123	14.745704216271438	1234
20130815	123	123	123	15.825979465877465	1234
20130815	123	123	123	11.477986759667562	1234
20130815	123	123	123	16.621004663789886	1234
20130815	123	123	123	19.022620809851446	1234
20130815	123	123	123	18.209555758444967	1234
20130815	123	123	123	4.303988179579427	1234
20130815	123	123	123	16.409846050047253	1234
20130815	123	123	123	18.787079952989536	1234
20130815	123	123	123	12.429013796939145	1234
20130815	123	123	123	164.22933328426558	1234
20130815	123	123	123	168.3846153846154	1234
20130815	123	123	123	193.76606109000025	1234
20130815	123	123	123	183.51371378583144	1234
20130815	123	123	123	202.37706965840633	1234
20130815	123	123	123	203.5039062397604	1234
20130815	123	123	123	208.53043721142868	1234
20130815	123	123	123	212.6923076923077	1234
20130815	123	123	123	227.46153846153848	1234
20130815	123	123	123	243.22720748264368	1234
20130815	123	123	123	242.82697983321472	1234
20130815	123	123	123	253.25860647908604	1234
20130815	123	123	123	260.0711976074808	1234
20130815	123	123	123	264.9820220021768	1234
20130815	123	123	123	286.22150081740676	1234
20130815	123	123	123	293.9230769230768	1234
20130815	123	123	123	305.91203651185583	1234
20130815	123	123	123	331.2875407556329	1234
20130815	123	123	123	339.4728908310722	1234
20130815	123	123	123	345.72326342829757	1234
20130815	123	123	123	345.99581265380965	1234
20130815	123	123	123	353.73398432370124	1234
20130815	123	123	123	368.04604324793695	1234
20130815	123	123	123	369.34038396437353	1234
20130815	123	123	123	376.8518929161757	1234
20130815	123	123	123	384.37823140165773	1234
20130815	123	123	123	391.97060628791513	1234
20130815	123	123	123	404.11646610422105	1234
20130815	123	123	123	402.23076923076906	1234
20130815	123	123	123	421.2744767720881	1234
20130815	123	123	123	430.7371260924287	1234
20130815	123	123	123	433.68793888464467	1234
20130815	123	123	123	439.15384615384585	1234
20130815	123	123	123	466.1815528761566	1234
20130815	123	123	123	473.21381553513703	1234
20130815	123	123	123	481.92085867333975	1234
20130815	123	123	123	490.3064556969896	1234
20130815	123	123	123	491.26664948774715	1234
20130815	123	123	123	503.8366547593838	1234
20130815	123	123	123	503.1927198657173	1234
20130815	123	123	123	520.1745236231537	1234
20130815	123	123	123	507.0710686778816	1234
20130815	123	123	123	493.9518782023598	1234
20130815	123	123	123	502.1538461538462	1234
20130815	123	123	123	487.77054173487824	1234
20130815	123	123	123	482.5721408468316	1234
20130815	123	123	123	473.46451735189555	1234
20130815	123	123	123	472.64925415818345	1234
20130815	123	123	123	468.0589927580999	1234
20130815	123	123	123	453.92713847418014	1234
20130815	123	123	123	446.3121158956149	1234
20130815	123	123	123	441.529815686276	1234
20130815	123	123	123	447.5752852080773	1234
20130815	123	123	123	435.36158336583196	1234
20130815	123	123	123	432.6711983396311	1234
20130815	123	123	123	431.6538461538464	1234
20130815	123	123	123	410.08669384515287	1234
20130815	123	123	123	393.8507834393842	1234
20130815	123	123	123	389.1252486546398	1234
20130815	123	123	123	380.84352377472885	1234
20130815	123	123	123	381.0173754443689	1234
20130815	123	123	123	372.5872518773262	1234
20130815	123	123	123	374.1004485753113	1234
20130815	123	123	123	376.4976583071965	1234
20130815	123	123	123	380.58940513611157	1234
20130815	123	123	123	385.3109084381131	1234
20130815	123	123	123	393.49286744357744	1234
20130815	123	123	123	398.84236532642666	1234
20130815	123	123	123	403.6498112656616	1234
20130815	123	123	123	413.5960689226214	1234
20130815	123	123	123	414.7800854832227	1234
20130815	123	123	123	419.22472679440153	1234
20130815	123	123	123	513.6934815690273	1234
20130815	123	123	123	457.0	1234
20130815	123	123	123	462.11615022982755	1234
20130815	123	123	123	481.2251881060186	1234
20130815	123	123	123	478.841811293862	1234
20130815	123	123	123	487.34796033985737	1234
20130815	123	123	123	493.6026383835398	1234
20130815	123	123	123	492.94871450391105	1234
20130815	123	123	123	469.45909956642424	1234
20130815	123	123	123	463.79913054639735	1234
20130815	123	123	123	463.69453142278735	1234
20130815	123	123	123	458.52404434576	1234
20130815	123	123	123	445.2003458725969	1234
20130815	123	123	123	435.600989373036	1234
20130815	123	123	123	437.5337812216434	1234
20130815	123	123	123	435.035884204797	1234
20130815	123	123	123	408.9749222723669	1234
20130815	123	123	123	412.6556331347825	1234
20130815	123	123	123	407.69580862496844	1234
20130815	123	123	123	404.8076923076918	1234
20130815	123	123	123	394.81854187435584	1234
20130815	123	123	123	393.91542829455824	1234
20130815	123	123	123	382.2895036812529	1234
20130815	123	123	123	374.19086260371455	1234
20130815	123	123	123	368.5065652311925	1234
20130815	123	123	123	368.51028610155373	1234
20130815	123	123	123	359.36966501665944	1234
20130815	123	123	123	349.0154965223524	1234
20130815	123	123	123	341.4452969824862	1234
20130815	123	123	123	320.34957633448823	1234
20130815	123	123	123	302.60057933002787	1234
20130815	123	123	123	292.4489503905771	1234
20130815	123	123	123	295.25435564863795	1234
20130815	123	123	123	280.33859624743434	1234
20130815	123	123	123	268.2177316020203	1234
20130815	123	123	123	268.50000000000006	1234
20130815	123	123	123	244.22697347911503	1234
20130815	123	123	123	248.07256663692357	1234
20130815	123	123	123	225.4003759794011	1234
20130815	123	123	123	235.24656993365832	1234
20130815	123	123	123	227.06931545208835	1234
20130815	123	123	123	204.10090493861185	1234
20130815	123	123	123	205.11555454762322	1234
20130815	123	123	123	189.81643293429434	1234
20130815	123	123	123	191.1923076923078	1234
20130815	123	123	123	183.46153846153857	1234
20130815	123	123	123	172.08038092355787	1234
20130815	123	123	123	168.0	1234
20130815	123	123	123	9.054090014255532	1234
20130815	123	123	123	19.756707975634228	1234
20130815	123	123	123	16.919694014642673	1234
20130815	123	123	123	6.036569645131329	1234
20130815	123	123	123	5.01235828683191	1234
20130815	123	123	123	6.272975263044125	1234
20130815	123	123	123	10.211183521808273	1234
20130815	123	123	123	5.422693625252554	1234
20130815	123	123	123	17.243345347640005	1234
20130815	123	123	123	13.342132050447717	1234
20130815	123	123	123	19.307496722564572	1234
20130815	123	123	123	18.308306722358008	1234
20130815	123	123	123	7.047511916521478	1234
20130815	123	123	123	18.56569647580517	1234
20130815	123	123	123	15.875025607272459	1234
20130815	123	123	123	7.794383993880665	1234
20130815	123	123	123	2.9073127558579026	1234
20130815	123	123	123	9.83253982088101	1234
20130815	123	123	123	6.090531484808541	1234
20130815	123	123	123	11.765964305658713	1234
20130815	123	123	123	0.9211403744689961	1234
20130815	123	123	123	0.529296146020104	1234
20130815	123	123	123	15.126804180467403	1234
20130815	123	123	123	15.920216713353101	1234
20130815	123	123	123	13.35122531967645	1234
20130815	123	123	123	8.4447119237444	1234
20130815	123	123	123	15.996476639219042	1234
20130815	123	123	123	1.2858760654931434	1234
20130815	123	123	123	16.665498463496384	1234
20130815	123	123	123	6.080950793969784	1234