time startPrice highestPrice lowestPrice endPrice transactionCount
20130815	123	123	123	8.133226239401285	1234
20130815	123	123	123	17.05655919461573	1234
20130815	123	123	123	8.763967617060517	1234
20130815	123	123	123	11.875772647911846	1234
20130815	123	123	123	12.85483702356445	1234
20130815	123	123	123	3.111308684503311	1234
20130815	123	123	123	11.299875961708885	1234
20130815	123	123	123	6.462841561313722	1234
20130815	123	123	123	4.575761136258194	1234
20130815	123	123	123	3.0633643102695274	1234
20130815	123	123	123	6.505937517630789	1234
20130815	123	123	123	19.9173363804812	1234
20130815	123	123	123	19.384849896572383	1234
20130815	123	123	123	19.382478052039197	1234
20130815	123	123	123	19.79736487859163	1234
20130815	123	123	123	15.693971925995724	1234
20130815	123	123	123	11.82174253475116	1234
20130815	123	123	123	3.038992335512849	1234
20130815	123	123	123	11.244006354113678	1234
20130815	123	123	123	13.372742724347733	1234
20130815	123	123	123	10.253600578480082	1234
20130815	123	123	123	11.247135937617234	1234
20130815	123	123	123	10.213786784779655	1234
20130815	123	123	123	12.185119142380191	1234
20130815	123	123	123	2.9466680703908676	1234
20130815	123	123	123	6.925035614765651	1234
20130815	123	123	123	5.046003591295127	1234
20130815	123	123	123	9.09051635389867	1234
20130815	123	123	123	0.5974310757336165	1234
20130815	123	123	123	2.9848362917957227	1234
20130815	123	123	123	161.0	1234
20130815	123	123	123	179.98167355256368	1234
20130815	123	123	123	178.31226678800482	1234
20130815	123	123	123	221.05226339797602	1234
20130815	123	123	123	222.85162979480444	1234
20130815	123	123	123	236.8055967585606	1234
20130815	123	123	123	237.92158395748243	1234
20130815	123	123	123	242.23076923076925	1234
20130815	123	123	123	252.61539997949836	1234
20130815	123	123	123	262.44914413090817	1234
20130815	123	123	123	271.6755664355438	1234
20130815	123	123	123	278.1451788275672	1234
20130815	123	123	123	287.0025231719364	1234
20130815	123	123	123	306.75266697863816	1234
20130815	123	123	123	319.7963756515256	1234
20130815	123	123	123	323.4589075880075	1234
20130815	123	123	123	319.6155808180351	1234
20130815	123	123	123	323.4615384615382	1234
20130815	123	123	123	348.1071687684021	1234
20130815	123	123	123	355.56291208913933	1234
20130815	123	123	123	353.0	1234
20130815	123	123	123	359.15384615384613	1234
20130815	123	123	123	379.73704874104703	1234
20130815	123	123	123	391.6981762345621	1234
20130815	123	123	123	389.9230769230768	1234
20130815	123	123	123	402.5290168681008	1234
20130815	123	123	123	405.51820440178255	1234
20130815	123	123	123	417.0493856507151	1234
20130815	123	123	123	420.109426801922	1234
20130815	123	123	123	422.1494944201483	1234
20130815	123	123	123	447.10652748325055	1234
20130815	123	123	123	454.00672312660436	1234
20130815	123	123	123	463.2858388552698	1234
20130815	123	123	123	469.59309203475124	1234
20130815	123	123	123	476.05765415747544	1234
20130815	123	123	123	482.2538263061158	1234
20130815	123	123	123	492.33367336950084	1234
20130815	123	123	123	504.2935202570335	1234
20130815	123	123	123	511.0746632879135	1234
20130815	123	123	123	509.13963362697166	1234
20130815	123	123	123	495.85333894580714	1234
20130815	123	123	123	494.50474137883896	1234
20130815	123	123	123	494.9215808936056	1234
20130815	123	123	123	491.3076923076924	1234
20130815	123	123	123	485.8846153846155	1234
20130815	123	123	123	472.9514346010212	1234
20130815	123	123	123	471.35933361082675	1234
20130815	123	123	123	464.86890842856377	1234
20130815	123	123	123	463.0871509815782	1234
20130815	123	123	123	455.76293115917264	1234
20130815	123	123	123	450.0132364822644	1234
20130815	123	123	123	438.23271741406245	1234
20130815	123	123	123	442.08473578571744	1234
20130815	123	123	123	422.4718909735874	1234
20130815	123	123	123	420.8076923076926	1234
20130815	123	123	123	405.26253111562534	1234
20130815	123	123	123	403.12356971108545	1234
20130815	123	123	123	398.8527765517662	1234
20130815	123	123	123	383.2552202331338	1234
20130815	123	123	123	388.26923076923117	1234
20130815	123	123	123	375.432422152634	1234
20130815	123	123	123	376.4107935778779	1234
20130815	123	123	123	372.0	1234
20130815	123	123	123	394.2043105360593	1234
20130815	123	123	123	404.3792718812923	1234
20130815	123	123	123	407.2174843477374	1234
20130815	123	123	123	407.54007120264214	1234
20130815	123	123	123	429.4563530488607	1234
20130815	123	123	123	439.4799500470721	1234
20130815	123	123	123	442.5041421501978	1234
20130815	123	123	123	446.9040054449926	1234
20130815	123	123	123	452.0611238370505	1234
20130815	123	123	123	453.3110145559811	1234
20130815	123	123	123	463.72318605848665	1234
20130815	123	123	123	467.0	1234
20130815	123	123	123	474.07270216339884	1234
20130815	123	123	123	490.44985853528016	1234
20130815	123	123	123	497.4358498332139	1234
20130815	123	123	123	495.58221306842347	1234
20130815	123	123	123	496.6004138379928	1234
20130815	123	123	123	490.39955592720986	1234
20130815	123	123	123	486.6538461538461	1234
20130815	123	123	123	466.0241636267562	1234
20130815	123	123	123	453.2874636804762	1234
20130815	123	123	123	422.29142979638743	1234
20130815	123	123	123	438.24778399031464	1234
20130815	123	123	123	412.3177668723023	1234
20130815	123	123	123	425.2692307692304	1234
20130815	123	123	123	420.15384615384573	1234
20130815	123	123	123	409.6404746229732	1234
20130815	123	123	123	402.16481196529764	1234
20130815	123	123	123	402.7019735753589	1234
20130815	123	123	123	374.5942348490139	1234
20130815	123	123	123	384.5413770269728	1234
20130815	123	123	123	381.0299413403801	1234
20130815	123	123	123	369.7976113818523	1234
20130815	123	123	123	368.4144822568913	1234
20130815	123	123	123	369.0	1234
20130815	123	123	123	355.38097636582074	1234
20130815	123	123	123	352.75317279922524	1234
20130815	123	123	123	339.8693026558792	1234
20130815	123	123	123	319.35151174638	1234
20130815	123	123	123	322.58683659826477	1234
20130815	123	123	123	308.8343847876717	1234
20130815	123	123	123	301.78942217754735	1234
20130815	123	123	123	290.51262190634816	1234
20130815	123	123	123	289.53056506029145	1234
20130815	123	123	123	271.5176852269619	1234
20130815	123	123	123	274.0478428144512	1234
20130815	123	123	123	254.67475223188129	1234
20130815	123	123	123	257.8948490101047	1234
20130815	123	123	123	234.49853597891405	1234
20130815	123	123	123	230.08147196755658	1234
20130815	123	123	123	214.54852001625244	1234
20130815	123	123	123	222.1153846153847	1234
20130815	123	123	123	203.8471646216677	1234
20130815	123	123	123	191.79205937803965	1234
20130815	123	123	123	198.92307692307702	1234
20130815	123	123	123	174.27514112313688	1234
20130815	123	123	123	168.0	1234
20130815	123	123	123	4.974316581934486	1234
20130815	123	123	123	2.299630959626846	1234
20130815	123	123	123	14.779553542173247	1234
20130815	123	123	123	2.1639937731650094	1234
20130815	123	123	123	19.273194400525387	1234
20130815	123	123	123	15.301415158663348	1234
20130815	123	123	123	18.579168546858813	1234
20130815	123	123	123	8.831457114911228	1234
20130815	123	123	123	9.480474465601159	1234
20130815	123	123	123	8.735605516208567	1234
20130815	123	123	123	15.63252040254618	1234
20130815	123	123	123	13.050107927385673	1234
20130815	123	123	123	4.552604812508707	1234
20130815	123	123	123	7.862880139505277	1234
20130815	123	123	123	16.846348529862112	1234
20130815	123	123	123	9.149491230424509	1234
20130815	123	123	123	5.938041264219764	1234
20130815	123	123	123	1.9198767130702366	1234
20130815	123	123	123	10.2728153916612	1234
20130815	123	123	123	11.160516523274723	1234
20130815	123	123	123	9.80818255219199	1234
20130815	123	123	123	8.30646197120002	1234
20130815	123	123	123	8.927187564243638	1234
20130815	123	123	123	5.686473760769548	1234
20130815	123	123	123	17.06412359063262	1234
20130815	123	123	123	19.337790071576904	1234
20130815	123	123	123	13.7778853612969	1234
20130815	123	123	123	19.13235909600288	1234
20130815	123	123	123	8.24142466639276	1234
20130815	123	123	123	2.2038557611342546	1234