time startPrice highestPrice lowestPrice endPrice transactionCount
20130815	123	123	123	13.199738567369945	1234
20130815	123	123	123	15.983942913151164	1234
20130815	123	123	123	6.339919300381835	1234
20130815	123	123	123	0.8503815563656714	1234
20130815	123	123	123	11.744493406508008	1234
20130815	123	123	123	19.32028270909604	1234
20130815	123	123	123	1.9718500618921442	1234
20130815	123	123	123	13.598692423661232	1234
20130815	123	123	123	3.968094295448774	1234
20130815	123	123	123	11.94376618477075	1234
20130815	123	123	123	12.97134823183097	1234
20130815	123	123	123	13.90282549843474	1234
20130815	123	123	123	5.312573859277123	1234
20130815	123	123	123	9.15355197141006	1234
20130815	123	123	123	18.2851282145201	1234
20130815	123	123	123	18.894359547507825	1234
20130815	123	123	123	2.947908131115553	1234
20130815	123	123	123	19.619479697935823	1234
20130815	123	123	123	1.560444899167568	1234
20130815	123	123	123	15.422044232243158	1234
20130815	123	123	123	11.514104117185564	1234
20130815	123	123	123	16.79013029438394	1234
20130815	123	123	123	2.3755104348448985	1234
20130815	123	123	123	7.856466932238462	1234
20130815	123	123	123	1.3128729157578256	1234
20130815	123	123	123	8.454973159951368	1234
20130815	123	123	123	8.111939573589364	1234
20130815	123	123	123	16.91166471261306	1234
20130815	123	123	123	6.647257398430934	1234
20130815	123	123	123	0.6013473632643995	1234
20130815	123	123	123	168.91386553215133	1234
20130815	123	123	123	170.15614174884692	1234
20130815	123	123	123	192.5507738290753	1234
20130815	123	123	123	197.56556363051698	1234
20130815	123	123	123	204.31281976415664	1234
20130815	123	123	123	205.30769230769232	1234
20130815	123	123	123	213.66866915635367	1234
20130815	123	123	123	229.25286499293193	1234
20130815	123	123	123	237.5556948679546	1234
20130815	123	123	123	245.6566459068827	1234
20130815	123	123	123	275.52010883179366	1234
20130815	123	123	123	265.31099495589837	1234
20130815	123	123	123	280.96833948661697	1234
20130815	123	123	123	287.6232752421617	1234
20130815	123	123	123	290.940338685474	1234
20130815	123	123	123	310.61960541162284	1234
20130815	123	123	123	304.72155006144624	1234
20130815	123	123	123	309.42716649548106	1234
20130815	123	123	123	326.9520143422818	1234
20130815	123	123	123	345.52720453647805	1234
20130815	123	123	123	340.7439444741712	1234
20130815	123	123	123	352.1338572239283	1234
20130815	123	123	123	357.22182058639146	1234
20130815	123	123	123	374.90662295144244	1234
20130815	123	123	123	367.221550320319	1234
20130815	123	123	123	375.66141399564833	1234
20130815	123	123	123	386.5861804585638	1234
20130815	123	123	123	383.76923076923066	1234
20130815	123	123	123	399.96982776301746	1234
20130815	123	123	123	396.0769230769229	1234
20130815	123	123	123	409.3940687648236	1234
20130815	123	123	123	424.65226426543387	1234
20130815	123	123	123	422.25322973925404	1234
20130815	123	123	123	427.83902753646515	1234
20130815	123	123	123	440.39834415872787	1234
20130815	123	123	123	440.11059794110184	1234
20130815	123	123	123	449.40505588045903	1234
20130815	123	123	123	456.9526734176308	1234
20130815	123	123	123	464.2213440427337	1234
20130815	123	123	123	469.66956996631734	1234
20130815	123	123	123	472.91091042066046	1234
20130815	123	123	123	485.15005531699455	1234
20130815	123	123	123	490.4553633910582	1234
20130815	123	123	123	493.6349854918022	1234
20130815	123	123	123	494.68725779500676	1234
20130815	123	123	123	502.073451341934	1234
20130815	123	123	123	517.034898419092	1234
20130815	123	123	123	508.6722183507595	1234
20130815	123	123	123	505.83903178204577	1234
20130815	123	123	123	501.00282286090385	1234
20130815	123	123	123	490.7868837971744	1234
20130815	123	123	123	483.32850921976774	1234
20130815	123	123	123	476.70079879231173	1234
20130815	123	123	123	410.0913405545962	1234
20130815	123	123	123	445.539140730073	1234
20130815	123	123	123	441.0935648011338	1234
20130815	123	123	123	434.9036194495617	1234
20130815	123	123	123	427.5566632156993	1234
20130815	123	123	123	414.8743335356153	1234
20130815	123	123	123	400.39500789180397	1234
20130815	123	123	123	398.03480665531686	1234
20130815	123	123	123	392.74056487132265	1234
20130815	123	123	123	386.5568057211946	1234
20130815	123	123	123	366.550013763337	1234
20130815	123	123	123	375.8015947163141	1234
20130815	123	123	123	383.51939093988636	1234
20130815	123	123	123	382.0	1234
20130815	123	123	123	398.80087203762366	1234
20130815	123	123	123	397.3816441306203	1234
20130815	123	123	123	402.2428984372852	1234
20130815	123	123	123	407.0	1234
20130815	123	123	123	424.107218857448	1234
20130815	123	123	123	431.2224740542459	1234
20130815	123	123	123	433.5274426782614	1234
20130815	123	123	123	445.13258287092947	1234
20130815	123	123	123	472.2054878094798	1234
20130815	123	123	123	490.763228880743	1234
20130815	123	123	123	478.123706613636	1234
20130815	123	123	123	490.77633103886285	1234
20130815	123	123	123	492.0772683131006	1234
20130815	123	123	123	492.6341944370571	1234
20130815	123	123	123	501.9101499371747	1234
20130815	123	123	123	496.53626918387624	1234
20130815	123	123	123	491.5740723449982	1234
20130815	123	123	123	486.60212677236206	1234
20130815	123	123	123	477.8072343329917	1234
20130815	123	123	123	475.3494615127668	1234
20130815	123	123	123	455.38852318196064	1234
20130815	123	123	123	437.0697382761964	1234
20130815	123	123	123	420.56009491026083	1234
20130815	123	123	123	408.5523462697927	1234
20130815	123	123	123	402.11156467104195	1234
20130815	123	123	123	408.8350997372383	1234
20130815	123	123	123	399.4407183327727	1234
20130815	123	123	123	394.8827205302174	1234
20130815	123	123	123	394.5769230769225	1234
20130815	123	123	123	383.7683782126753	1234
20130815	123	123	123	378.5947003004116	1234
20130815	123	123	123	378.47175382648334	1234
20130815	123	123	123	358.58921485472206	1234
20130815	123	123	123	322.27976098499164	1234
20130815	123	123	123	337.9069049079085	1234
20130815	123	123	123	338.0769230769231	1234
20130815	123	123	123	309.1677081379044	1234
20130815	123	123	123	302.22384416952576	1234
20130815	123	123	123	299.05742329538094	1234
20130815	123	123	123	288.0290670515631	1234
20130815	123	123	123	273.69995427862267	1234
20130815	123	123	123	260.9072624829742	1234
20130815	123	123	123	260.76923076923083	1234
20130815	123	123	123	215.86406189843404	1234
20130815	123	123	123	225.583655868991	1234
20130815	123	123	123	222.1153846153847	1234
20130815	123	123	123	195.96514921447098	1234
20130815	123	123	123	195.03918204325348	1234
20130815	123	123	123	194.92796965284433	1234
20130815	123	123	123	183.94060613945612	1234
20130815	123	123	123	172.36425648917063	1234
20130815	123	123	123	173.8296681972551	1234
20130815	123	123	123	168.0	1234
20130815	123	123	123	1.5601734090671404	1234
20130815	123	123	123	6.84512380091433	1234
20130815	123	123	123	2.5739836286049544	1234
20130815	123	123	123	1.1796800319899536	1234
20130815	123	123	123	3.977723499942065	1234
20130815	123	123	123	14.432778270388106	1234
20130815	123	123	123	12.024711179208277	1234
20130815	123	123	123	16.98800399347226	1234
20130815	123	123	123	1.0739976582300925	1234
20130815	123	123	123	17.27576937135985	1234
20130815	123	123	123	12.068768723648457	1234
20130815	123	123	123	2.609483944539135	1234
20130815	123	123	123	10.27436294941733	1234
20130815	123	123	123	11.280883337806307	1234
20130815	123	123	123	8.031360127219141	1234
20130815	123	123	123	4.18433261384248	1234
20130815	123	123	123	1.6200168865794828	1234
20130815	123	123	123	7.566745541627777	1234
20130815	123	123	123	17.247640178942675	1234
20130815	123	123	123	2.7701356314081527	1234
20130815	123	123	123	1.7891392384221905	1234
20130815	123	123	123	7.582997671498339	1234
20130815	123	123	123	10.424459465832145	1234
20130815	123	123	123	2.142277066998277	1234
20130815	123	123	123	10.978704576644226	1234
20130815	123	123	123	11.88985138275072	1234
20130815	123	123	123	17.897987948628607	1234
20130815	123	123	123	4.1088036605112706	1234
20130815	123	123	123	5.76524042258921	1234
20130815	123	123	123	2.830558154548739	1234