time startPrice highestPrice lowestPrice endPrice transactionCount
20130815	123	123	123	3.6323203394324577	1234
20130815	123	123	123	18.20696113800729	1234
20130815	123	123	123	18.443087327189378	1234
20130815	123	123	123	0.14495410534385966	1234
20130815	123	123	123	15.456692486362096	1234
20130815	123	123	123	15.527808710589316	1234
20130815	123	123	123	1.1012302193255108	1234
20130815	123	123	123	1.659770804760483	1234
20130815	123	123	123	11.756971487210722	1234
20130815	123	123	123	1.0276705081779158	1234
20130815	123	123	123	15.744356517854667	1234
20130815	123	123	123	7.078264663252776	1234
20130815	123	123	123	6.143725545906042	1234
20130815	123	123	123	10.948677013309577	1234
20130815	123	123	123	3.011149394744126	1234
20130815	123	123	123	13.176076174854048	1234
20130815	123	123	123	4.631150266375725	1234
20130815	123	123	123	13.102068781630695	1234
20130815	123	123	123	4.555039538616428	1234
20130815	123	123	123	1.308510503089666	1234
20130815	123	123	123	6.754407253398367	1234
20130815	123	123	123	3.3222248390980047	1234
20130815	123	123	123	1.7769498601376932	1234
20130815	123	123	123	18.9165710820761	1234
20130815	123	123	123	7.892654372645254	1234
20130815	123	123	123	15.090644567688521	1234
20130815	123	123	123	12.491326953455495	1234
20130815	123	123	123	13.257205347106016	1234
20130815	123	123	123	19.12894382848663	1234
20130815	123	123	123	4.91594844749639	1234
20130815	123	123	123	173.5976991495652	1234
20130815	123	123	123	174.25657859797246	1234
20130815	123	123	123	178.9731582648175	1234
20130815	123	123	123	185.43083698635402	1234
20130815	123	123	123	205.15156439000594	1234
20130815	123	123	123	211.39601667407973	1234
20130815	123	123	123	217.34173472807214	1234
20130815	123	123	123	212.6923076923077	1234
20130815	123	123	123	255.37286097310397	1234
20130815	123	123	123	267.3229117440756	1234
20130815	123	123	123	269.54967276961446	1234
20130815	123	123	123	272.3982636477767	1234
20130815	123	123	123	279.70207108967065	1234
20130815	123	123	123	288.52534093217287	1234
20130815	123	123	123	292.87967417737656	1234
20130815	123	123	123	293.9390186696545	1234
20130815	123	123	123	305.503243207744	1234
20130815	123	123	123	313.1670657839223	1234
20130815	123	123	123	327.158637541331	1234
20130815	123	123	123	323.4615384615382	1234
20130815	123	123	123	343.61470992908437	1234
20130815	123	123	123	345.782313058879	1234
20130815	123	123	123	368.89412197766734	1234
20130815	123	123	123	366.1926767924078	1234
20130815	123	123	123	368.06365741824237	1234
20130815	123	123	123	375.8232294744942	1234
20130815	123	123	123	382.7585707171362	1234
20130815	123	123	123	388.4351854025396	1234
20130815	123	123	123	399.0856803096329	1234
20130815	123	123	123	396.0769230769229	1234
20130815	123	123	123	405.60253435569985	1234
20130815	123	123	123	408.4998160168206	1234
20130815	123	123	123	418.9533472104108	1234
20130815	123	123	123	452.1383470513524	1234
20130815	123	123	123	453.3442653905146	1234
20130815	123	123	123	467.9217709090608	1234
20130815	123	123	123	519.0813263742689	1234
20130815	123	123	123	494.53846153846104	1234
20130815	123	123	123	508.69902398819266	1234
20130815	123	123	123	508.7767271984611	1234
20130815	123	123	123	513.0	1234
20130815	123	123	123	505.24309659531303	1234
20130815	123	123	123	497.0713482811559	1234
20130815	123	123	123	486.9852785279577	1234
20130815	123	123	123	481.0679981366262	1234
20130815	123	123	123	473.7342073869769	1234
20130815	123	123	123	474.95822595753657	1234
20130815	123	123	123	451.3139080224747	1234
20130815	123	123	123	448.0225969432215	1234
20130815	123	123	123	446.28931187431687	1234
20130815	123	123	123	442.5000000000002	1234
20130815	123	123	123	418.60055996024215	1234
20130815	123	123	123	414.0118397151864	1234
20130815	123	123	123	415.3846153846157	1234
20130815	123	123	123	406.09971487114797	1234
20130815	123	123	123	402.0769364963483	1234
20130815	123	123	123	399.115384615385	1234
20130815	123	123	123	376.480224850057	1234
20130815	123	123	123	366.5115633519839	1234
20130815	123	123	123	372.0	1234
20130815	123	123	123	388.3678686622905	1234
20130815	123	123	123	390.17164226740596	1234
20130815	123	123	123	400.31694014730783	1234
20130815	123	123	123	395.7718043900176	1234
20130815	123	123	123	476.13352069377436	1234
20130815	123	123	123	434.15746997814614	1234
20130815	123	123	123	438.3871294170204	1234
20130815	123	123	123	442.0955652907158	1234
20130815	123	123	123	448.63085496060484	1234
20130815	123	123	123	462.5934929067448	1234
20130815	123	123	123	457.4646339304996	1234
20130815	123	123	123	462.0	1234
20130815	123	123	123	468.1362136371511	1234
20130815	123	123	123	484.40778896150965	1234
20130815	123	123	123	482.5337406857071	1234
20130815	123	123	123	488.0809044493754	1234
20130815	123	123	123	487.672948933636	1234
20130815	123	123	123	487.862204168043	1234
20130815	123	123	123	490.4523323549611	1234
20130815	123	123	123	490.00548224290145	1234
20130815	123	123	123	486.6067980508718	1234
20130815	123	123	123	473.47703123427675	1234
20130815	123	123	123	458.87788842916365	1234
20130815	123	123	123	465.80209906119853	1234
20130815	123	123	123	454.95200813293775	1234
20130815	123	123	123	436.26293710974323	1234
20130815	123	123	123	439.858297799188	1234
20130815	123	123	123	427.55838005593597	1234
20130815	123	123	123	425.2692307692304	1234
20130815	123	123	123	416.3245557897499	1234
20130815	123	123	123	400.6779801343727	1234
20130815	123	123	123	399.69230769230717	1234
20130815	123	123	123	390.5826722728198	1234
20130815	123	123	123	384.29391945231094	1234
20130815	123	123	123	379.8518981641528	1234
20130815	123	123	123	370.52115488489125	1234
20130815	123	123	123	356.4000991658365	1234
20130815	123	123	123	353.53846153846155	1234
20130815	123	123	123	345.8076923076923	1234
20130815	123	123	123	325.11781463644036	1234
20130815	123	123	123	326.3790379959133	1234
20130815	123	123	123	309.8854394917111	1234
20130815	123	123	123	299.46893605780105	1234
20130815	123	123	123	301.4424802584963	1234
20130815	123	123	123	292.8636646056158	1234
20130815	123	123	123	291.69230769230774	1234
20130815	123	123	123	273.27920099002694	1234
20130815	123	123	123	262.3649076874373	1234
20130815	123	123	123	254.88035296150528	1234
20130815	123	123	123	248.53213801503495	1234
20130815	123	123	123	237.17017034012713	1234
20130815	123	123	123	239.16762551480693	1234
20130815	123	123	123	224.18247504717894	1234
20130815	123	123	123	216.8721337408673	1234
20130815	123	123	123	213.54152096459381	1234
20130815	123	123	123	214.15958923752865	1234
20130815	123	123	123	204.74524730863112	1234
20130815	123	123	123	198.92307692307702	1234
20130815	123	123	123	172.6217202256286	1234
20130815	123	123	123	168.0	1234
20130815	123	123	123	17.374222931586	1234
20130815	123	123	123	14.289533154114268	1234
20130815	123	123	123	7.794573045862469	1234
20130815	123	123	123	1.7786069613006261	1234
20130815	123	123	123	18.921085222124752	1234
20130815	123	123	123	15.933969931591266	1234
20130815	123	123	123	1.7868766661276148	1234
20130815	123	123	123	12.796777364768657	1234
20130815	123	123	123	9.645821384650846	1234
20130815	123	123	123	5.331326488707107	1234
20130815	123	123	123	13.815855621040882	1234
20130815	123	123	123	19.242268853049826	1234
20130815	123	123	123	3.3816140053868904	1234
20130815	123	123	123	18.26411084335893	1234
20130815	123	123	123	7.926443783397041	1234
20130815	123	123	123	17.13332602713908	1234
20130815	123	123	123	3.7978654499273667	1234
20130815	123	123	123	15.562423905410176	1234
20130815	123	123	123	9.959623047895775	1234
20130815	123	123	123	14.853569307222196	1234
20130815	123	123	123	7.6265560953419875	1234
20130815	123	123	123	0.10199131251171112	1234
20130815	123	123	123	16.05699807647227	1234
20130815	123	123	123	16.594090049665212	1234
20130815	123	123	123	6.595212453464361	1234
20130815	123	123	123	6.9120320104388755	1234
20130815	123	123	123	18.87985231603583	1234
20130815	123	123	123	14.888352698221139	1234
20130815	123	123	123	1.6925815819948142	1234
20130815	123	123	123	19.9458183759165	1234