time startPrice highestPrice lowestPrice endPrice transactionCount
20130815	123	123	123	13.670077683117906	1234
20130815	123	123	123	1.067975523408926	1234
20130815	123	123	123	15.123339385183453	1234
20130815	123	123	123	16.69125866585342	1234
20130815	123	123	123	2.8265667875449485	1234
20130815	123	123	123	0.24335062179297262	1234
20130815	123	123	123	8.492646638134584	1234
20130815	123	123	123	19.601381398251526	1234
20130815	123	123	123	18.401744920267596	1234
20130815	123	123	123	2.6987831672734974	1234
20130815	123	123	123	9.856933710681856	1234
20130815	123	123	123	9.550319404011823	1234
20130815	123	123	123	4.0906857064122555	1234
20130815	123	123	123	0.19931348227241408	1234
20130815	123	123	123	1.221498454818617	1234
20130815	123	123	123	10.653989427718237	1234
20130815	123	123	123	5.557460145557216	1234
20130815	123	123	123	17.78400955109495	1234
20130815	123	123	123	19.210068591468954	1234
20130815	123	123	123	15.421884113050616	1234
20130815	123	123	123	16.058544764589154	1234
20130815	123	123	123	18.90453271339487	1234
20130815	123	123	123	18.096100588547625	1234
20130815	123	123	123	1.9080934590936116	1234
20130815	123	123	123	12.661574724607007	1234
20130815	123	123	123	7.1467489605734595	1234
20130815	123	123	123	6.6413862406268525	1234
20130815	123	123	123	7.359001551957478	1234
20130815	123	123	123	16.10936151886055	1234
20130815	123	123	123	2.5901875847252387	1234
20130815	123	123	123	161.38595079417655	1234
20130815	123	123	123	176.50314028710295	1234
20130815	123	123	123	176.7385426370149	1234
20130815	123	123	123	189.24937636155633	1234
20130815	123	123	123	225.62466963707595	1234
20130815	123	123	123	205.69188216748594	1234
20130815	123	123	123	212.6923076923077	1234
20130815	123	123	123	229.56922038189177	1234
20130815	123	123	123	234.99893002933803	1234
20130815	123	123	123	255.2423687568681	1234
20130815	123	123	123	261.1192304087705	1234
20130815	123	123	123	253.83211517855105	1234
20130815	123	123	123	268.3728463117263	1234
20130815	123	123	123	274.6578581444885	1234
20130815	123	123	123	291.3738089859478	1234
20130815	123	123	123	288.34656314185986	1234
20130815	123	123	123	293.9230769230768	1234
20130815	123	123	123	305.80385309544806	1234
20130815	123	123	123	318.0270691463964	1234
20130815	123	123	123	318.2300926540318	1234
20130815	123	123	123	334.0929987706892	1234
20130815	123	123	123	340.7581494647871	1234
20130815	123	123	123	338.23076923076894	1234
20130815	123	123	123	351.5947787502967	1234
20130815	123	123	123	359.15384615384613	1234
20130815	123	123	123	369.37419498168526	1234
20130815	123	123	123	372.819532977685	1234
20130815	123	123	123	382.8157789202151	1234
20130815	123	123	123	384.17571879862595	1234
20130815	123	123	123	400.05916505692306	1234
20130815	123	123	123	403.3739332541614	1234
20130815	123	123	123	404.6922081351657	1234
20130815	123	123	123	435.2714007948751	1234
20130815	123	123	123	439.31744956517633	1234
20130815	123	123	123	452.5943448749069	1234
20130815	123	123	123	458.33309241668564	1234
20130815	123	123	123	466.2748056825513	1234
20130815	123	123	123	469.9230769230765	1234
20130815	123	123	123	488.8108075479171	1234
20130815	123	123	123	505.3741066875674	1234
20130815	123	123	123	498.6892092952804	1234
20130815	123	123	123	513.3152525550521	1234
20130815	123	123	123	506.8461538461533	1234
20130815	123	123	123	513.0	1234
20130815	123	123	123	500.6069987545001	1234
20130815	123	123	123	498.64327081629045	1234
20130815	123	123	123	491.79331347533173	1234
20130815	123	123	123	478.736181138506	1234
20130815	123	123	123	481.62810144262943	1234
20130815	123	123	123	480.46153846153857	1234
20130815	123	123	123	473.2753098562574	1234
20130815	123	123	123	464.0029123874311	1234
20130815	123	123	123	454.9126087639909	1234
20130815	123	123	123	439.63488193833075	1234
20130815	123	123	123	442.4565593244223	1234
20130815	123	123	123	434.72796809216476	1234
20130815	123	123	123	395.95111531918485	1234
20130815	123	123	123	402.4554382611128	1234
20130815	123	123	123	403.747413150072	1234
20130815	123	123	123	399.115384615385	1234
20130815	123	123	123	385.00323506208923	1234
20130815	123	123	123	386.35809851657194	1234
20130815	123	123	123	378.77562915056177	1234
20130815	123	123	123	366.9553424386967	1234
20130815	123	123	123	380.59458210442256	1234
20130815	123	123	123	394.0950617978095	1234
20130815	123	123	123	388.696511914135	1234
20130815	123	123	123	392.3919243876129	1234
20130815	123	123	123	401.959996120341	1234
20130815	123	123	123	411.80441323943535	1234
20130815	123	123	123	418.90856765824617	1234
20130815	123	123	123	425.0216187877492	1234
20130815	123	123	123	433.3804539885893	1234
20130815	123	123	123	433.1165362130167	1234
20130815	123	123	123	452.43604606860015	1234
20130815	123	123	123	477.8677444650186	1234
20130815	123	123	123	481.27955829565826	1234
20130815	123	123	123	493.76398346617526	1234
20130815	123	123	123	501.35216168804806	1234
20130815	123	123	123	492.74307081332114	1234
20130815	123	123	123	491.2466253766872	1234
20130815	123	123	123	489.1126182415611	1234
20130815	123	123	123	484.3611170065931	1234
20130815	123	123	123	480.3528453825901	1234
20130815	123	123	123	474.41137903527533	1234
20130815	123	123	123	471.30769230769215	1234
20130815	123	123	123	458.6858708551716	1234
20130815	123	123	123	459.88162805921576	1234
20130815	123	123	123	437.0268604474424	1234
20130815	123	123	123	432.1045250002778	1234
20130815	123	123	123	425.4918486175245	1234
20130815	123	123	123	412.0780056757096	1234
20130815	123	123	123	409.92307692307645	1234
20130815	123	123	123	394.2162797075286	1234
20130815	123	123	123	394.04536515124374	1234
20130815	123	123	123	393.88462359267487	1234
20130815	123	123	123	377.4201840047217	1234
20130815	123	123	123	374.771387657156	1234
20130815	123	123	123	348.32949763061015	1234
20130815	123	123	123	342.0573319894284	1234
20130815	123	123	123	313.7222985683079	1234
20130815	123	123	123	321.4011145677413	1234
20130815	123	123	123	310.7585763728837	1234
20130815	123	123	123	298.443437418959	1234
20130815	123	123	123	295.02271173193645	1234
20130815	123	123	123	278.7736662205814	1234
20130815	123	123	123	276.2252648665304	1234
20130815	123	123	123	274.7545243194826	1234
20130815	123	123	123	261.68660122799724	1234
20130815	123	123	123	250.57723331011226	1234
20130815	123	123	123	250.50088151630214	1234
20130815	123	123	123	237.25497177432175	1234
20130815	123	123	123	235.56055684368405	1234
20130815	123	123	123	220.5875187385123	1234
20130815	123	123	123	202.48251475319736	1234
20130815	123	123	123	203.67688245280476	1234
20130815	123	123	123	185.40257281277587	1234
20130815	123	123	123	182.32826611509034	1234
20130815	123	123	123	174.47037647890843	1234
20130815	123	123	123	168.0	1234
20130815	123	123	123	14.809487718338705	1234
20130815	123	123	123	18.258173522215476	1234
20130815	123	123	123	9.195511996581839	1234
20130815	123	123	123	11.582822297743506	1234
20130815	123	123	123	12.300397272170855	1234
20130815	123	123	123	3.9541045855359513	1234
20130815	123	123	123	3.4593875045787814	1234
20130815	123	123	123	7.556286286126197	1234
20130815	123	123	123	9.856753997893177	1234
20130815	123	123	123	16.466648391674006	1234
20130815	123	123	123	12.074547730074759	1234
20130815	123	123	123	17.47931067300915	1234
20130815	123	123	123	6.420825804031304	1234
20130815	123	123	123	2.60311537277639	1234
20130815	123	123	123	7.996231566357119	1234
20130815	123	123	123	3.6448123745194017	1234
20130815	123	123	123	0.47539887684689086	1234
20130815	123	123	123	6.17517195296017	1234
20130815	123	123	123	0.7498337290848722	1234
20130815	123	123	123	3.708725080352846	1234
20130815	123	123	123	2.28060401497187	1234
20130815	123	123	123	17.892837663971882	1234
20130815	123	123	123	12.683739435486132	1234
20130815	123	123	123	3.246322547147311	1234
20130815	123	123	123	5.22262728626008	1234
20130815	123	123	123	18.422031557470387	1234
20130815	123	123	123	16.07629094998466	1234
20130815	123	123	123	4.5644337203017615	1234
20130815	123	123	123	19.11914462112836	1234
20130815	123	123	123	16.12726866763713	1234