time startPrice highestPrice lowestPrice endPrice transactionCount
20130815	123	123	123	13.428772818651979	1234
20130815	123	123	123	14.577643126494246	1234
20130815	123	123	123	16.07745548698446	1234
20130815	123	123	123	16.4196133482169	1234
20130815	123	123	123	0.502225673047445	1234
20130815	123	123	123	11.619938940100216	1234
20130815	123	123	123	12.438863126202575	1234
20130815	123	123	123	15.935674649936145	1234
20130815	123	123	123	17.02934252791986	1234
20130815	123	123	123	12.063858748694186	1234
20130815	123	123	123	8.492921578665683	1234
20130815	123	123	123	19.614744124038797	1234
20130815	123	123	123	3.7517998983694123	1234
20130815	123	123	123	18.393836888981685	1234
20130815	123	123	123	13.392152187231165	1234
20130815	123	123	123	14.822850753888241	1234
20130815	123	123	123	17.22293336586865	1234
20130815	123	123	123	15.812504044664323	1234
20130815	123	123	123	8.365787085514045	1234
20130815	123	123	123	2.385079517023816	1234
20130815	123	123	123	9.835995479387833	1234
20130815	123	123	123	6.304519616029309	1234
20130815	123	123	123	15.585664413821936	1234
20130815	123	123	123	2.9417010575578417	1234
20130815	123	123	123	17.667609652167823	1234
20130815	123	123	123	10.180052560278721	1234
20130815	123	123	123	0.29561127888565686	1234
20130815	123	123	123	10.512042383604207	1234
20130815	123	123	123	16.940237822614257	1234
20130815	123	123	123	17.31288067465425	1234
20130815	123	123	123	169.06000117636566	1234
20130815	123	123	123	179.05492112410877	1234
20130815	123	123	123	186.83423814977613	1234
20130815	123	123	123	250.3902344568712	1234
20130815	123	123	123	231.0398950806568	1234
20130815	123	123	123	240.52833699436596	1234
20130815	123	123	123	244.91574915389302	1234
20130815	123	123	123	243.0188264487623	1234
20130815	123	123	123	257.2719002778183	1234
20130815	123	123	123	262.7202184275015	1234
20130815	123	123	123	264.38461538461536	1234
20130815	123	123	123	272.56612378911353	1234
20130815	123	123	123	282.5679710319097	1234
20130815	123	123	123	296.74054217560064	1234
20130815	123	123	123	293.9230769230768	1234
20130815	123	123	123	319.8716378609165	1234
20130815	123	123	123	318.05031804143164	1234
20130815	123	123	123	328.8217245100317	1234
20130815	123	123	123	338.18372154969626	1234
20130815	123	123	123	347.4311172360451	1234
20130815	123	123	123	359.0815158325739	1234
20130815	123	123	123	359.15384615384613	1234
20130815	123	123	123	371.4615384615384	1234
20130815	123	123	123	379.6963548974758	1234
20130815	123	123	123	385.51387042110326	1234
20130815	123	123	123	404.731965400662	1234
20130815	123	123	123	410.34527490145575	1234
20130815	123	123	123	412.2180292195226	1234
20130815	123	123	123	423.2151086097758	1234
20130815	123	123	123	420.9317736777805	1234
20130815	123	123	123	437.31839662393145	1234
20130815	123	123	123	440.0740253356216	1234
20130815	123	123	123	439.15384615384585	1234
20130815	123	123	123	453.08103635173944	1234
20130815	123	123	123	460.3254568091528	1234
20130815	123	123	123	461.51150957182296	1234
20130815	123	123	123	466.1455893713521	1234
20130815	123	123	123	479.3341840546048	1234
20130815	123	123	123	487.47219079356256	1234
20130815	123	123	123	492.8625952275683	1234
20130815	123	123	123	502.6549604118007	1234
20130815	123	123	123	514.2546457172398	1234
20130815	123	123	123	517.01738865972	1234
20130815	123	123	123	513.0	1234
20130815	123	123	123	505.5378635002767	1234
20130815	123	123	123	484.431279757825	1234
20130815	123	123	123	489.5394825928281	1234
20130815	123	123	123	485.2522721681908	1234
20130815	123	123	123	475.03846153846166	1234
20130815	123	123	123	462.72498698516364	1234
20130815	123	123	123	444.38107140480264	1234
20130815	123	123	123	447.38145687778854	1234
20130815	123	123	123	421.6088689483186	1234
20130815	123	123	123	434.11706770092917	1234
20130815	123	123	123	424.14131217770097	1234
20130815	123	123	123	424.318186230438	1234
20130815	123	123	123	414.3522322742638	1234
20130815	123	123	123	409.0882725587242	1234
20130815	123	123	123	409.9615384615388	1234
20130815	123	123	123	394.4016168958155	1234
20130815	123	123	123	393.6923076923081	1234
20130815	123	123	123	365.3132521808176	1234
20130815	123	123	123	385.37835185456447	1234
20130815	123	123	123	384.58946758599893	1234
20130815	123	123	123	387.0	1234
20130815	123	123	123	399.52066129934104	1234
20130815	123	123	123	411.4484880304812	1234
20130815	123	123	123	414.04567164731066	1234
20130815	123	123	123	417.1788885945689	1234
20130815	123	123	123	423.9937528419636	1234
20130815	123	123	123	434.51779589005923	1234
20130815	123	123	123	438.39355972263576	1234
20130815	123	123	123	442.37819009854326	1234
20130815	123	123	123	447.0	1234
20130815	123	123	123	452.26545428802115	1234
20130815	123	123	123	457.0	1234
20130815	123	123	123	473.7609740683212	1234
20130815	123	123	123	473.9995078100426	1234
20130815	123	123	123	477.0	1234
20130815	123	123	123	482.0	1234
20130815	123	123	123	492.0	1234
20130815	123	123	123	497.20712481177776	1234
20130815	123	123	123	499.93914443715795	1234
20130815	123	123	123	491.47670684800994	1234
20130815	123	123	123	490.2359664515303	1234
20130815	123	123	123	485.37313989788123	1234
20130815	123	123	123	465.32391704068766	1234
20130815	123	123	123	465.8977762175132	1234
20130815	123	123	123	461.07692307692287	1234
20130815	123	123	123	445.4241564765418	1234
20130815	123	123	123	431.0451019379599	1234
20130815	123	123	123	421.4006409453489	1234
20130815	123	123	123	412.29579711030834	1234
20130815	123	123	123	415.0384615384611	1234
20130815	123	123	123	396.15275147642836	1234
20130815	123	123	123	391.90075652610824	1234
20130815	123	123	123	387.23125954496726	1234
20130815	123	123	123	364.5424780621644	1234
20130815	123	123	123	348.19035110955394	1234
20130815	123	123	123	337.4258603438608	1234
20130815	123	123	123	341.5096400295975	1234
20130815	123	123	123	337.8511333630279	1234
20130815	123	123	123	329.7291730260814	1234
20130815	123	123	123	315.07470757158865	1234
20130815	123	123	123	308.47801846780385	1234
20130815	123	123	123	302.0541762531725	1234
20130815	123	123	123	291.77905355482096	1234
20130815	123	123	123	277.2464149858539	1234
20130815	123	123	123	280.76003081412614	1234
20130815	123	123	123	256.677851651692	1234
20130815	123	123	123	268.50000000000006	1234
20130815	123	123	123	221.4041083452796	1234
20130815	123	123	123	228.81239933264283	1234
20130815	123	123	123	222.1153846153847	1234
20130815	123	123	123	203.2582172784045	1234
20130815	123	123	123	191.0357824901324	1234
20130815	123	123	123	186.7749451613579	1234
20130815	123	123	123	175.51375908284203	1234
20130815	123	123	123	175.71636700627892	1234
20130815	123	123	123	168.0	1234
20130815	123	123	123	9.088236900683231	1234
20130815	123	123	123	18.889262842867826	1234
20130815	123	123	123	14.848917318573402	1234
20130815	123	123	123	19.135719857747297	1234
20130815	123	123	123	6.216941415089304	1234
20130815	123	123	123	11.899359451437327	1234
20130815	123	123	123	18.563900290693155	1234
20130815	123	123	123	19.428075125544698	1234
20130815	123	123	123	11.959871751173836	1234
20130815	123	123	123	2.0928870466717053	1234
20130815	123	123	123	17.412253656963742	1234
20130815	123	123	123	7.029534968803657	1234
20130815	123	123	123	12.306453351149429	1234
20130815	123	123	123	4.0980273997401735	1234
20130815	123	123	123	17.557876605251238	1234
20130815	123	123	123	16.834110153078324	1234
20130815	123	123	123	17.6160289258502	1234
20130815	123	123	123	18.648802986860975	1234
20130815	123	123	123	5.940796732051991	1234
20130815	123	123	123	6.768856981098422	1234
20130815	123	123	123	19.402053668052815	1234
20130815	123	123	123	1.212385315009492	1234
20130815	123	123	123	10.803020218225578	1234
20130815	123	123	123	17.932694288754433	1234
20130815	123	123	123	9.024192232949375	1234
20130815	123	123	123	15.174602276433147	1234
20130815	123	123	123	9.81961072413366	1234
20130815	123	123	123	2.668966406261919	1234
20130815	123	123	123	19.82456882418368	1234
20130815	123	123	123	3.7029126093932563	1234