time startPrice highestPrice lowestPrice endPrice transactionCount
20130815	123	123	123	6.974594264431897	1234
20130815	123	123	123	9.546414429294565	1234
20130815	123	123	123	10.289180586170419	1234
20130815	123	123	123	2.731441431612671	1234
20130815	123	123	123	12.59065256816875	1234
20130815	123	123	123	18.46802832659619	1234
20130815	123	123	123	3.5774302319270257	1234
20130815	123	123	123	12.871643964929316	1234
20130815	123	123	123	15.363107162457688	1234
20130815	123	123	123	6.676677106682936	1234
20130815	123	123	123	12.253330551519543	1234
20130815	123	123	123	17.1429280535891	1234
20130815	123	123	123	16.509264046337833	1234
20130815	123	123	123	8.58538899636449	1234
20130815	123	123	123	14.545330264854346	1234
20130815	123	123	123	4.631353001569387	1234
20130815	123	123	123	5.835845701077083	1234
20130815	123	123	123	14.049510390249784	1234
20130815	123	123	123	10.546386064082034	1234
20130815	123	123	123	2.363509987620327	1234
20130815	123	123	123	12.127662935701656	1234
20130815	123	123	123	12.93011275190927	1234
20130815	123	123	123	12.44124739179898	1234
20130815	123	123	123	9.764766764880015	1234
20130815	123	123	123	3.119057689150211	1234
20130815	123	123	123	17.73274887458414	1234
20130815	123	123	123	5.546058098675037	1234
20130815	123	123	123	7.952201836591559	1234
20130815	123	123	123	19.914440559900342	1234
20130815	123	123	123	13.099030489811593	1234
20130815	123	123	123	171.09590824440312	1234
20130815	123	123	123	180.9161249751547	1234
20130815	123	123	123	182.40971289388094	1234
20130815	123	123	123	201.4104944306217	1234
20130815	123	123	123	197.67974612538632	1234
20130815	123	123	123	201.23922306231574	1234
20130815	123	123	123	206.59004046829773	1234
20130815	123	123	123	221.86875602092096	1234
20130815	123	123	123	229.68054358954473	1234
20130815	123	123	123	235.70576691735707	1234
20130815	123	123	123	241.55571372304274	1234
20130815	123	123	123	252.74979237730966	1234
20130815	123	123	123	249.61538461538464	1234
20130815	123	123	123	266.38492991923073	1234
20130815	123	123	123	299.15775321072215	1234
20130815	123	123	123	288.7692608350374	1234
20130815	123	123	123	299.34874181953523	1234
20130815	123	123	123	314.7287945999937	1234
20130815	123	123	123	316.07692307692287	1234
20130815	123	123	123	327.27212283269824	1234
20130815	123	123	123	336.8734872412832	1234
20130815	123	123	123	351.19709103285214	1234
20130815	123	123	123	358.51651999854363	1234
20130815	123	123	123	367.5997316329582	1234
20130815	123	123	123	378.1503125014598	1234
20130815	123	123	123	379.10601223181783	1234
20130815	123	123	123	400.94650676368076	1234
20130815	123	123	123	396.37401009036597	1234
20130815	123	123	123	413.6996153904419	1234
20130815	123	123	123	416.2493396885655	1234
20130815	123	123	123	418.9331872726689	1234
20130815	123	123	123	425.4657129354323	1234
20130815	123	123	123	426.8461538461536	1234
20130815	123	123	123	438.1424844559887	1234
20130815	123	123	123	442.0504337282584	1234
20130815	123	123	123	452.25758954425146	1234
20130815	123	123	123	456.3180259463247	1234
20130815	123	123	123	463.7692307692304	1234
20130815	123	123	123	476.5121634110352	1234
20130815	123	123	123	476.07692307692264	1234
20130815	123	123	123	489.7329633217763	1234
20130815	123	123	123	497.6084193976935	1234
20130815	123	123	123	503.8547633316818	1234
20130815	123	123	123	516.7860338698262	1234
20130815	123	123	123	509.8868185631522	1234
20130815	123	123	123	502.79852766690976	1234
20130815	123	123	123	499.40674187922633	1234
20130815	123	123	123	485.8302615190037	1234
20130815	123	123	123	482.0788828753283	1234
20130815	123	123	123	479.9427968369564	1234
20130815	123	123	123	439.96426870332544	1234
20130815	123	123	123	455.92522672299435	1234
20130815	123	123	123	442.7183852176037	1234
20130815	123	123	123	438.54615021061994	1234
20130815	123	123	123	437.09501771153964	1234
20130815	123	123	123	427.3323460291773	1234
20130815	123	123	123	418.88948821207504	1234
20130815	123	123	123	411.93879542890545	1234
20130815	123	123	123	409.9615384615388	1234
20130815	123	123	123	398.6269366061613	1234
20130815	123	123	123	390.3156651969311	1234
20130815	123	123	123	380.78198496077005	1234
20130815	123	123	123	381.4870287619964	1234
20130815	123	123	123	372.4837364668724	1234
20130815	123	123	123	383.0376978418521	1234
20130815	123	123	123	382.0	1234
20130815	123	123	123	402.57018397389425	1234
20130815	123	123	123	415.33902468483797	1234
20130815	123	123	123	415.5904334685237	1234
20130815	123	123	123	417.0	1234
20130815	123	123	123	430.69427568165696	1234
20130815	123	123	123	443.9304342067545	1234
20130815	123	123	123	451.157979939146	1234
20130815	123	123	123	464.37961694203017	1234
20130815	123	123	123	470.66707130571615	1234
20130815	123	123	123	477.0	1234
20130815	123	123	123	483.97526534936935	1234
20130815	123	123	123	491.81002433361147	1234
20130815	123	123	123	492.12632107763267	1234
20130815	123	123	123	501.59599109065164	1234
20130815	123	123	123	500.02938490771413	1234
20130815	123	123	123	491.8668873983032	1234
20130815	123	123	123	451.3932305637233	1234
20130815	123	123	123	455.1878838300119	1234
20130815	123	123	123	454.49224729966573	1234
20130815	123	123	123	448.0529383468202	1234
20130815	123	123	123	438.16103617692596	1234
20130815	123	123	123	429.57062813683797	1234
20130815	123	123	123	426.2224082254286	1234
20130815	123	123	123	423.8557776174825	1234
20130815	123	123	123	413.3385792855686	1234
20130815	123	123	123	414.2844504388834	1234
20130815	123	123	123	396.09166162316853	1234
20130815	123	123	123	397.957916705531	1234
20130815	123	123	123	394.5769230769225	1234
20130815	123	123	123	388.0924930027826	1234
20130815	123	123	123	375.49314718771024	1234
20130815	123	123	123	363.41413536028114	1234
20130815	123	123	123	360.011068325749	1234
20130815	123	123	123	351.4074238325085	1234
20130815	123	123	123	350.18893814364714	1234
20130815	123	123	123	333.9539047562207	1234
20130815	123	123	123	330.51453899440276	1234
20130815	123	123	123	319.8549475853373	1234
20130815	123	123	123	307.04477519668353	1234
20130815	123	123	123	300.2857533951338	1234
20130815	123	123	123	296.12683165539505	1234
20130815	123	123	123	291.69230769230774	1234
20130815	123	123	123	270.1367507402216	1234
20130815	123	123	123	261.99202614760827	1234
20130815	123	123	123	260.76923076923083	1234
20130815	123	123	123	244.057789658171	1234
20130815	123	123	123	225.90292816311023	1234
20130815	123	123	123	212.20814354042702	1234
20130815	123	123	123	209.90961712176335	1234
20130815	123	123	123	198.58328383842854	1234
20130815	123	123	123	188.7717702768668	1234
20130815	123	123	123	181.00000766223573	1234
20130815	123	123	123	175.73076923076934	1234
20130815	123	123	123	168.0	1234
20130815	123	123	123	12.106693069872136	1234
20130815	123	123	123	1.0478980281492323	1234
20130815	123	123	123	5.665673924877344	1234
20130815	123	123	123	19.77614062665774	1234
20130815	123	123	123	18.806142110923613	1234
20130815	123	123	123	2.108419684184313	1234
20130815	123	123	123	16.38043763153694	1234
20130815	123	123	123	17.662069150003845	1234
20130815	123	123	123	1.0601663698257946	1234
20130815	123	123	123	19.801457774144986	1234
20130815	123	123	123	2.9271309257893185	1234
20130815	123	123	123	7.621996123874084	1234
20130815	123	123	123	12.434360501093188	1234
20130815	123	123	123	13.620774513388906	1234
20130815	123	123	123	7.618270982742514	1234
20130815	123	123	123	4.993921647092286	1234
20130815	123	123	123	5.8946489008434	1234
20130815	123	123	123	5.215750356047968	1234
20130815	123	123	123	6.195750203484076	1234
20130815	123	123	123	9.049284644316256	1234
20130815	123	123	123	15.107167190765319	1234
20130815	123	123	123	1.3219726802679843	1234
20130815	123	123	123	6.607723846266231	1234
20130815	123	123	123	2.146975045483497	1234
20130815	123	123	123	8.632372886579514	1234
20130815	123	123	123	19.814484055862287	1234
20130815	123	123	123	9.658302567419813	1234
20130815	123	123	123	19.916800307076667	1234
20130815	123	123	123	17.612139537038367	1234
20130815	123	123	123	14.565441934190456	1234