time startPrice highestPrice lowestPrice endPrice transactionCount
20130815	123	123	123	14.705269426804023	1234
20130815	123	123	123	18.63203214010002	1234
20130815	123	123	123	15.909935749037285	1234
20130815	123	123	123	14.670052245627856	1234
20130815	123	123	123	14.190350300974456	1234
20130815	123	123	123	17.451445919541854	1234
20130815	123	123	123	6.628337585368986	1234
20130815	123	123	123	5.770940579548616	1234
20130815	123	123	123	10.924822965586953	1234
20130815	123	123	123	18.539433284828004	1234
20130815	123	123	123	10.421803496844966	1234
20130815	123	123	123	7.363611351274018	1234
20130815	123	123	123	6.259265443064104	1234
20130815	123	123	123	18.121313305062877	1234
20130815	123	123	123	12.540208560982345	1234
20130815	123	123	123	13.53039943855498	1234
20130815	123	123	123	18.589616212558322	1234
20130815	123	123	123	15.45246963815666	1234
20130815	123	123	123	13.942045327195105	1234
20130815	123	123	123	3.340364209164368	1234
20130815	123	123	123	15.893939397180969	1234
20130815	123	123	123	2.0527404869009147	1234
20130815	123	123	123	9.689698022722254	1234
20130815	123	123	123	3.0052504350933495	1234
20130815	123	123	123	10.116363490278928	1234
20130815	123	123	123	13.653607277572124	1234
20130815	123	123	123	16.964408594123054	1234
20130815	123	123	123	4.519307455614488	1234
20130815	123	123	123	1.0379644626922024	1234
20130815	123	123	123	4.846593963303977	1234
20130815	123	123	123	161.0	1234
20130815	123	123	123	182.09004667840082	1234
20130815	123	123	123	189.35481538823242	1234
20130815	123	123	123	196.289343338309	1234
20130815	123	123	123	201.4418329182865	1234
20130815	123	123	123	206.1342535104743	1234
20130815	123	123	123	217.63359131658638	1234
20130815	123	123	123	226.9907673404295	1234
20130815	123	123	123	237.02220748413785	1234
20130815	123	123	123	264.33062077425427	1234
20130815	123	123	123	260.4880230902287	1234
20130815	123	123	123	266.4421976700853	1234
20130815	123	123	123	273.13541115393105	1234
20130815	123	123	123	282.8944914704152	1234
20130815	123	123	123	295.50920926441995	1234
20130815	123	123	123	312.0308551000491	1234
20130815	123	123	123	308.412310602775	1234
20130815	123	123	123	313.02253660096676	1234
20130815	123	123	123	343.9256766612776	1234
20130815	123	123	123	338.17869920823097	1234
20130815	123	123	123	345.58340836222834	1234
20130815	123	123	123	346.82723219207077	1234
20130815	123	123	123	362.92010061144214	1234
20130815	123	123	123	366.38060904300727	1234
20130815	123	123	123	378.85692167737056	1234
20130815	123	123	123	387.96300896599416	1234
20130815	123	123	123	395.8232947976658	1234
20130815	123	123	123	396.0769230769229	1234
20130815	123	123	123	426.5916015281909	1234
20130815	123	123	123	441.55465894035467	1234
20130815	123	123	123	444.38279232919837	1234
20130815	123	123	123	440.73369324389773	1234
20130815	123	123	123	453.7815805290653	1234
20130815	123	123	123	458.91916791058105	1234
20130815	123	123	123	461.2775029691129	1234
20130815	123	123	123	476.79257085060465	1234
20130815	123	123	123	473.12488046121007	1234
20130815	123	123	123	478.2288443268909	1234
20130815	123	123	123	484.2097267030958	1234
20130815	123	123	123	490.8360481470063	1234
20130815	123	123	123	505.1967719278452	1234
20130815	123	123	123	505.6369061178325	1234
20130815	123	123	123	506.8461538461533	1234
20130815	123	123	123	508.930597536401	1234
20130815	123	123	123	506.3211582523275	1234
20130815	123	123	123	471.4180107471965	1234
20130815	123	123	123	481.03861228912893	1234
20130815	123	123	123	476.3646803789667	1234
20130815	123	123	123	475.03846153846166	1234
20130815	123	123	123	464.19230769230785	1234
20130815	123	123	123	441.0479118332201	1234
20130815	123	123	123	438.1296303707541	1234
20130815	123	123	123	430.356630090611	1234
20130815	123	123	123	401.5584329707761	1234
20130815	123	123	123	385.1840856079447	1234
20130815	123	123	123	376.4819492808806	1234
20130815	123	123	123	369.58555339818366	1234
20130815	123	123	123	386.75486595029156	1234
20130815	123	123	123	382.0	1234
20130815	123	123	123	389.9740035449595	1234
20130815	123	123	123	400.56763284196734	1234
20130815	123	123	123	406.7560515115938	1234
20130815	123	123	123	405.28599010271273	1234
20130815	123	123	123	416.7328467646479	1234
20130815	123	123	123	428.46817511111414	1234
20130815	123	123	123	425.6111195207359	1234
20130815	123	123	123	435.9321584432298	1234
20130815	123	123	123	442.3919020744066	1234
20130815	123	123	123	449.7267245017954	1234
20130815	123	123	123	444.7467698443364	1234
20130815	123	123	123	447.0	1234
20130815	123	123	123	462.6410225185436	1234
20130815	123	123	123	480.13088583556345	1234
20130815	123	123	123	485.4997307691285	1234
20130815	123	123	123	495.93833997475576	1234
20130815	123	123	123	497.1719148225032	1234
20130815	123	123	123	499.6948700035229	1234
20130815	123	123	123	478.58314381874	1234
20130815	123	123	123	474.46784778780744	1234
20130815	123	123	123	460.6222923250756	1234
20130815	123	123	123	451.3920999943711	1234
20130815	123	123	123	455.26834333448585	1234
20130815	123	123	123	447.00447516090986	1234
20130815	123	123	123	445.73076923076894	1234
20130815	123	123	123	439.13845799176835	1234
20130815	123	123	123	429.7297724812308	1234
20130815	123	123	123	419.32304308411653	1234
20130815	123	123	123	417.9143460687349	1234
20130815	123	123	123	407.8914099701176	1234
20130815	123	123	123	408.61757413367957	1234
20130815	123	123	123	399.668201776045	1234
20130815	123	123	123	399.69230769230717	1234
20130815	123	123	123	384.0923724016911	1234
20130815	123	123	123	380.0320444842718	1234
20130815	123	123	123	372.2642453565786	1234
20130815	123	123	123	374.11538461538396	1234
20130815	123	123	123	365.6651564413062	1234
20130815	123	123	123	360.56057164149547	1234
20130815	123	123	123	340.3505374748956	1234
20130815	123	123	123	330.6064202649244	1234
20130815	123	123	123	332.49119022816467	1234
20130815	123	123	123	317.9530301013372	1234
20130815	123	123	123	307.5960370171109	1234
20130815	123	123	123	300.62696271234415	1234
20130815	123	123	123	279.9887520429241	1234
20130815	123	123	123	288.04027337406194	1234
20130815	123	123	123	277.0957707870173	1234
20130815	123	123	123	268.060161266216	1234
20130815	123	123	123	256.91389574866656	1234
20130815	123	123	123	249.333631500397	1234
20130815	123	123	123	228.97520259668448	1234
20130815	123	123	123	234.42189851943982	1234
20130815	123	123	123	229.84615384615392	1234
20130815	123	123	123	217.51709635056906	1234
20130815	123	123	123	212.57682961569125	1234
20130815	123	123	123	205.78060271140706	1234
20130815	123	123	123	187.00670785672025	1234
20130815	123	123	123	177.09565696461235	1234
20130815	123	123	123	172.01471905854933	1234
20130815	123	123	123	168.0	1234
20130815	123	123	123	1.7957891183990138	1234
20130815	123	123	123	18.554576451250085	1234
20130815	123	123	123	10.965763523607572	1234
20130815	123	123	123	14.018930473682625	1234
20130815	123	123	123	1.3546281828942264	1234
20130815	123	123	123	3.5434063297568907	1234
20130815	123	123	123	18.387430854301826	1234
20130815	123	123	123	11.885196247665641	1234
20130815	123	123	123	9.536657835550802	1234
20130815	123	123	123	5.165117494756752	1234
20130815	123	123	123	18.680679228841836	1234
20130815	123	123	123	10.77132124330962	1234
20130815	123	123	123	7.568845261162805	1234
20130815	123	123	123	0.8638886407483382	1234
20130815	123	123	123	13.032744752509842	1234
20130815	123	123	123	13.77996383747345	1234
20130815	123	123	123	18.49868401567363	1234
20130815	123	123	123	12.560100059345174	1234
20130815	123	123	123	12.916754396888946	1234
20130815	123	123	123	3.0639597657084883	1234
20130815	123	123	123	4.680864375812021	1234
20130815	123	123	123	7.377516425817783	1234
20130815	123	123	123	6.78819274982483	1234
20130815	123	123	123	4.65717635370434	1234
20130815	123	123	123	10.754609480111402	1234
20130815	123	123	123	10.99385888841633	1234
20130815	123	123	123	8.106079587017454	1234
20130815	123	123	123	3.6597707655285006	1234
20130815	123	123	123	1.1088704693731155	1234
20130815	123	123	123	11.132461762495554	1234