time startPrice highestPrice lowestPrice endPrice transactionCount
20130815	123	123	123	8.136848222827219	1234
20130815	123	123	123	16.74183688446341	1234
20130815	123	123	123	9.757575784616176	1234
20130815	123	123	123	1.715284945225175	1234
20130815	123	123	123	14.635254118378658	1234
20130815	123	123	123	6.047693845938069	1234
20130815	123	123	123	4.834150743156201	1234
20130815	123	123	123	1.0338535676427663	1234
20130815	123	123	123	5.868923990837911	1234
20130815	123	123	123	14.561933056085643	1234
20130815	123	123	123	5.502909524999032	1234
20130815	123	123	123	15.080132536579248	1234
20130815	123	123	123	9.839685009139119	1234
20130815	123	123	123	16.50588315641208	1234
20130815	123	123	123	0.6758576744316502	1234
20130815	123	123	123	8.684320944861666	1234
20130815	123	123	123	1.04668022519939	1234
20130815	123	123	123	16.098850399900545	1234
20130815	123	123	123	1.9615292918842075	1234
20130815	123	123	123	11.947389918056789	1234
20130815	123	123	123	18.059948964769298	1234
20130815	123	123	123	19.896030426995278	1234
20130815	123	123	123	12.94973314509744	1234
20130815	123	123	123	2.8424861186347017	1234
20130815	123	123	123	5.007826523229819	1234
20130815	123	123	123	19.46251499981956	1234
20130815	123	123	123	4.186551817216078	1234
20130815	123	123	123	14.33364173350881	1234
20130815	123	123	123	11.688252925663926	1234
20130815	123	123	123	6.7546043837258285	1234
20130815	123	123	123	162.4912077149421	1234
20130815	123	123	123	173.47657838668601	1234
20130815	123	123	123	181.49838824190294	1234
20130815	123	123	123	191.00098062697188	1234
20130815	123	123	123	222.20881619687057	1234
20130815	123	123	123	205.96539653011615	1234
20130815	123	123	123	226.00296668466078	1234
20130815	123	123	123	249.95470976492552	1234
20130815	123	123	123	251.50258295093448	1234
20130815	123	123	123	264.23857475703966	1234
20130815	123	123	123	275.9680943246392	1234
20130815	123	123	123	279.43615912123073	1234
20130815	123	123	123	292.11339866451146	1234
20130815	123	123	123	293.9230769230768	1234
20130815	123	123	123	316.31139191992463	1234
20130815	123	123	123	310.17573015649384	1234
20130815	123	123	123	320.5061038389822	1234
20130815	123	123	123	323.8932914657778	1234
20130815	123	123	123	339.5753754226003	1234
20130815	123	123	123	338.23076923076894	1234
20130815	123	123	123	350.1985180043614	1234
20130815	123	123	123	372.4993644568	1234
20130815	123	123	123	373.2176312296258	1234
20130815	123	123	123	377.2978834728531	1234
20130815	123	123	123	387.12009436763566	1234
20130815	123	123	123	399.2166934408965	1234
20130815	123	123	123	408.92011642668155	1234
20130815	123	123	123	425.52235146058325	1234
20130815	123	123	123	423.68535275504235	1234
20130815	123	123	123	431.3888631538626	1234
20130815	123	123	123	437.2967336278155	1234
20130815	123	123	123	444.9775027717046	1234
20130815	123	123	123	465.647018773983	1234
20130815	123	123	123	459.9046656376655	1234
20130815	123	123	123	470.30694448887493	1234
20130815	123	123	123	471.71030354339376	1234
20130815	123	123	123	484.7489815683883	1234
20130815	123	123	123	483.5827922654946	1234
20130815	123	123	123	494.68678860034134	1234
20130815	123	123	123	500.3694658083819	1234
20130815	123	123	123	501.4914072187951	1234
20130815	123	123	123	507.3633169891114	1234
20130815	123	123	123	499.8158779652033	1234
20130815	123	123	123	494.4262262171955	1234
20130815	123	123	123	490.04996593964313	1234
20130815	123	123	123	476.55338618839465	1234
20130815	123	123	123	473.32501210281464	1234
20130815	123	123	123	465.47038732658046	1234
20130815	123	123	123	456.25582299537484	1234
20130815	123	123	123	446.7977102928554	1234
20130815	123	123	123	441.70449842305635	1234
20130815	123	123	123	437.8088819826633	1234
20130815	123	123	123	400.32767024362386	1234
20130815	123	123	123	401.60730907266225	1234
20130815	123	123	123	409.2238147375039	1234
20130815	123	123	123	403.98420550493023	1234
20130815	123	123	123	393.23633139473907	1234
20130815	123	123	123	384.9879838760535	1234
20130815	123	123	123	361.548937586635	1234
20130815	123	123	123	376.0755160874654	1234
20130815	123	123	123	386.166716247393	1234
20130815	123	123	123	387.0	1234
20130815	123	123	123	397.30211555790623	1234
20130815	123	123	123	425.12540305396396	1234
20130815	123	123	123	418.47802297281083	1234
20130815	123	123	123	423.9509381756271	1234
20130815	123	123	123	427.81655124233833	1234
20130815	123	123	123	427.7898817541869	1234
20130815	123	123	123	437.04361753290164	1234
20130815	123	123	123	441.10037378304435	1234
20130815	123	123	123	453.65174907778254	1234
20130815	123	123	123	451.5813059830174	1234
20130815	123	123	123	465.3485832879742	1234
20130815	123	123	123	462.0	1234
20130815	123	123	123	493.2752472578794	1234
20130815	123	123	123	501.4764079514532	1234
20130815	123	123	123	500.9824844894082	1234
20130815	123	123	123	495.3798195426333	1234
20130815	123	123	123	491.7692307692307	1234
20130815	123	123	123	466.0866661171497	1234
20130815	123	123	123	465.8148679358298	1234
20130815	123	123	123	452.8008831167415	1234
20130815	123	123	123	452.03020700262533	1234
20130815	123	123	123	450.8461538461536	1234
20130815	123	123	123	428.5540795898625	1234
20130815	123	123	123	420.8824862371641	1234
20130815	123	123	123	414.465127322033	1234
20130815	123	123	123	405.6399544416779	1234
20130815	123	123	123	409.92307692307645	1234
20130815	123	123	123	398.18037264119533	1234
20130815	123	123	123	392.9681815168697	1234
20130815	123	123	123	386.38137667927447	1234
20130815	123	123	123	383.3209153940239	1234
20130815	123	123	123	383.9504852898656	1234
20130815	123	123	123	367.782894015477	1234
20130815	123	123	123	369.0	1234
20130815	123	123	123	355.97379290602396	1234
20130815	123	123	123	349.5984292270486	1234
20130815	123	123	123	334.559234520925	1234
20130815	123	123	123	329.29110999426666	1234
20130815	123	123	123	325.34186611491305	1234
20130815	123	123	123	307.1289822334177	1234
20130815	123	123	123	310.441744711235	1234
20130815	123	123	123	305.55189931554577	1234
20130815	123	123	123	270.0077985126533	1234
20130815	123	123	123	283.1915386077199	1234
20130815	123	123	123	274.3674365561701	1234
20130815	123	123	123	264.78510256553534	1234
20130815	123	123	123	255.8492339947391	1234
20130815	123	123	123	250.55542863636936	1234
20130815	123	123	123	238.49535102709015	1234
20130815	123	123	123	236.97346410584427	1234
20130815	123	123	123	229.84615384615392	1234
20130815	123	123	123	218.7431053293988	1234
20130815	123	123	123	206.65384615384625	1234
20130815	123	123	123	197.76026818513316	1234
20130815	123	123	123	188.76704650358124	1234
20130815	123	123	123	182.1886322600435	1234
20130815	123	123	123	170.36254537114894	1234
20130815	123	123	123	168.0	1234
20130815	123	123	123	13.129749173159173	1234
20130815	123	123	123	14.291209214410204	1234
20130815	123	123	123	16.955470870130615	1234
20130815	123	123	123	18.42730780346138	1234
20130815	123	123	123	12.378660288345358	1234
20130815	123	123	123	16.893599831042856	1234
20130815	123	123	123	3.100019253780464	1234
20130815	123	123	123	17.259549119346268	1234
20130815	123	123	123	16.601530033801055	1234
20130815	123	123	123	2.7400534542982946	1234
20130815	123	123	123	5.131312801190202	1234
20130815	123	123	123	8.986268562822751	1234
20130815	123	123	123	8.837188075242166	1234
20130815	123	123	123	11.559328242958408	1234
20130815	123	123	123	8.18852580572441	1234
20130815	123	123	123	1.0492605616017525	1234
20130815	123	123	123	0.22683892020340934	1234
20130815	123	123	123	6.184358161121246	1234
20130815	123	123	123	8.746888987631422	1234
20130815	123	123	123	16.126244558908795	1234
20130815	123	123	123	13.73566573936225	1234
20130815	123	123	123	9.373070988072163	1234
20130815	123	123	123	10.852917207174531	1234
20130815	123	123	123	17.77031896413781	1234
20130815	123	123	123	2.052841159593173	1234
20130815	123	123	123	6.090730228649532	1234
20130815	123	123	123	17.313504498784805	1234
20130815	123	123	123	8.089614354833225	1234
20130815	123	123	123	12.612455058731824	1234
20130815	123	123	123	3.0293098303261634	1234