time startPrice highestPrice lowestPrice endPrice transactionCount
20130815	123	123	123	13.256866293493573	1234
20130815	123	123	123	8.507659848213711	1234
20130815	123	123	123	14.551307030436131	1234
20130815	123	123	123	18.586818607351034	1234
20130815	123	123	123	11.681378534017474	1234
20130815	123	123	123	5.234596830866007	1234
20130815	123	123	123	7.6973937001264225	1234
20130815	123	123	123	10.816964865819365	1234
20130815	123	123	123	5.289185441080995	1234
20130815	123	123	123	15.515659690476975	1234
20130815	123	123	123	11.744402288500204	1234
20130815	123	123	123	12.705864834121643	1234
20130815	123	123	123	0.4357975080913712	1234
20130815	123	123	123	8.484642704805854	1234
20130815	123	123	123	3.418878483555474	1234
20130815	123	123	123	14.676682120262221	1234
20130815	123	123	123	0.4681142075651734	1234
20130815	123	123	123	4.9763629125081765	1234
20130815	123	123	123	15.75980259019024	1234
20130815	123	123	123	13.81347985250985	1234
20130815	123	123	123	12.489059548118476	1234
20130815	123	123	123	4.026942510854985	1234
20130815	123	123	123	10.11612011652321	1234
20130815	123	123	123	6.0314858715566855	1234
20130815	123	123	123	9.864649890853837	1234
20130815	123	123	123	2.96457349320838	1234
20130815	123	123	123	6.795949115256327	1234
20130815	123	123	123	4.964369925105072	1234
20130815	123	123	123	15.574209269924191	1234
20130815	123	123	123	4.477620491408025	1234
20130815	123	123	123	186.8190326522633	1234
20130815	123	123	123	182.10561294025166	1234
20130815	123	123	123	185.9481559263329	1234
20130815	123	123	123	200.23374257574437	1234
20130815	123	123	123	202.82330876927185	1234
20130815	123	123	123	205.30769230769232	1234
20130815	123	123	123	228.76415257967022	1234
20130815	123	123	123	238.72908677765258	1234
20130815	123	123	123	227.46153846153848	1234
20130815	123	123	123	248.93297429662954	1234
20130815	123	123	123	258.5179803524827	1234
20130815	123	123	123	257.0	1234
20130815	123	123	123	267.14240290535434	1234
20130815	123	123	123	282.1181826980936	1234
20130815	123	123	123	280.2309975914794	1234
20130815	123	123	123	298.96317977629315	1234
20130815	123	123	123	300.33685291560016	1234
20130815	123	123	123	316.8045181605721	1234
20130815	123	123	123	308.6923076923075	1234
20130815	123	123	123	330.53510250356766	1234
20130815	123	123	123	352.1043986966898	1234
20130815	123	123	123	370.4690342189952	1234
20130815	123	123	123	359.534413504781	1234
20130815	123	123	123	368.3413617906233	1234
20130815	123	123	123	371.78435264316016	1234
20130815	123	123	123	382.52019224616004	1234
20130815	123	123	123	387.2041763160965	1234
20130815	123	123	123	405.37972833084245	1234
20130815	123	123	123	409.5379420700399	1234
20130815	123	123	123	416.51796085147265	1234
20130815	123	123	123	435.4450919363208	1234
20130815	123	123	123	431.57517321783735	1234
20130815	123	123	123	445.1851679941868	1234
20130815	123	123	123	445.307692307692	1234
20130815	123	123	123	478.3191074756087	1234
20130815	123	123	123	478.5516706504332	1234
20130815	123	123	123	491.34969102183453	1234
20130815	123	123	123	488.3846153846149	1234
20130815	123	123	123	518.424223858149	1234
20130815	123	123	123	513.0	1234
20130815	123	123	123	492.72118193464553	1234
20130815	123	123	123	472.7540344199293	1234
20130815	123	123	123	476.7119374397994	1234
20130815	123	123	123	471.2333103056688	1234
20130815	123	123	123	455.53232785669815	1234
20130815	123	123	123	451.50281145425777	1234
20130815	123	123	123	448.94616653653463	1234
20130815	123	123	123	435.50703386976124	1234
20130815	123	123	123	435.88075789041613	1234
20130815	123	123	123	432.22146711839474	1234
20130815	123	123	123	431.6538461538464	1234
20130815	123	123	123	425.02417642657247	1234
20130815	123	123	123	404.92523933542026	1234
20130815	123	123	123	405.34888848246834	1234
20130815	123	123	123	398.43289624708996	1234
20130815	123	123	123	395.2244496164138	1234
20130815	123	123	123	392.91391265870755	1234
20130815	123	123	123	388.26923076923117	1234
20130815	123	123	123	374.48179778952584	1234
20130815	123	123	123	383.4470002669503	1234
20130815	123	123	123	394.14151421295475	1234
20130815	123	123	123	413.5367105369237	1234
20130815	123	123	123	403.25943167209346	1234
20130815	123	123	123	419.8017013137279	1234
20130815	123	123	123	416.90060230398547	1234
20130815	123	123	123	428.23241472926316	1234
20130815	123	123	123	425.99175372149654	1234
20130815	123	123	123	431.84468651189565	1234
20130815	123	123	123	440.88888309353877	1234
20130815	123	123	123	437.15604629465116	1234
20130815	123	123	123	442.0	1234
20130815	123	123	123	447.6600717851518	1234
20130815	123	123	123	459.9861757832776	1234
20130815	123	123	123	462.49747450667024	1234
20130815	123	123	123	467.0	1234
20130815	123	123	123	482.367740800506	1234
20130815	123	123	123	477.6762069494348	1234
20130815	123	123	123	485.96972897073664	1234
20130815	123	123	123	490.7094617151952	1234
20130815	123	123	123	499.09332038770674	1234
20130815	123	123	123	501.28632866714355	1234
20130815	123	123	123	496.88461538461536	1234
20130815	123	123	123	487.12438066301553	1234
20130815	123	123	123	451.6423653280104	1234
20130815	123	123	123	458.5325153251868	1234
20130815	123	123	123	436.91497959807293	1234
20130815	123	123	123	429.65978603052815	1234
20130815	123	123	123	429.23060498816886	1234
20130815	123	123	123	419.8445225180305	1234
20130815	123	123	123	411.0716220632031	1234
20130815	123	123	123	415.0384615384611	1234
20130815	123	123	123	403.53450047185623	1234
20130815	123	123	123	396.4765269122247	1234
20130815	123	123	123	397.77336191983	1234
20130815	123	123	123	388.6144725290757	1234
20130815	123	123	123	386.33206483613793	1234
20130815	123	123	123	376.14439203058276	1234
20130815	123	123	123	373.0003305031368	1234
20130815	123	123	123	366.1218592202578	1234
20130815	123	123	123	358.7921576243306	1234
20130815	123	123	123	353.53846153846155	1234
20130815	123	123	123	331.503057659317	1234
20130815	123	123	123	326.27247986102566	1234
20130815	123	123	123	328.2381551851867	1234
20130815	123	123	123	315.028986319335	1234
20130815	123	123	123	312.05493205309546	1234
20130815	123	123	123	289.89845586036864	1234
20130815	123	123	123	276.9261867432931	1234
20130815	123	123	123	272.81740292609794	1234
20130815	123	123	123	246.79937047279623	1234
20130815	123	123	123	246.1670968093255	1234
20130815	123	123	123	244.14672157753077	1234
20130815	123	123	123	230.60395513870353	1234
20130815	123	123	123	211.77882932579655	1234
20130815	123	123	123	213.1597707354151	1234
20130815	123	123	123	178.29202396593368	1234
20130815	123	123	123	187.13207997800814	1234
20130815	123	123	123	181.5628393856788	1234
20130815	123	123	123	166.71932318624414	1234
20130815	123	123	123	168.0	1234
20130815	123	123	123	10.29825013190322	1234
20130815	123	123	123	3.1135846571057524	1234
20130815	123	123	123	13.945837560882989	1234
20130815	123	123	123	10.394543370061864	1234
20130815	123	123	123	1.5616495045960765	1234
20130815	123	123	123	13.71496065987074	1234
20130815	123	123	123	13.885662264324527	1234
20130815	123	123	123	6.382799982537472	1234
20130815	123	123	123	9.294018516919213	1234
20130815	123	123	123	2.8129166036111553	1234
20130815	123	123	123	15.400791213495378	1234
20130815	123	123	123	4.371542368040551	1234
20130815	123	123	123	15.200306876035723	1234
20130815	123	123	123	0.19279989681878273	1234
20130815	123	123	123	13.032304784753798	1234
20130815	123	123	123	10.2255629368214	1234
20130815	123	123	123	13.805050300478916	1234
20130815	123	123	123	5.107021595110242	1234
20130815	123	123	123	4.756025266532804	1234
20130815	123	123	123	3.045620791380863	1234
20130815	123	123	123	16.569860838867566	1234
20130815	123	123	123	18.14081192928625	1234
20130815	123	123	123	2.9752092182631196	1234
20130815	123	123	123	9.442922958932488	1234
20130815	123	123	123	2.1351283814195865	1234
20130815	123	123	123	14.098583772172004	1234
20130815	123	123	123	5.420714302628459	1234
20130815	123	123	123	11.233194773731594	1234
20130815	123	123	123	9.769066476883328	1234
20130815	123	123	123	2.4520303427185164	1234