time startPrice highestPrice lowestPrice endPrice transactionCount
20130815	123	123	123	12.965473920182793	1234
20130815	123	123	123	9.01115617423525	1234
20130815	123	123	123	8.019394904061102	1234
20130815	123	123	123	16.92417789308095	1234
20130815	123	123	123	16.82899360371765	1234
20130815	123	123	123	8.953384773483696	1234
20130815	123	123	123	5.466924377963744	1234
20130815	123	123	123	10.309672347934963	1234
20130815	123	123	123	12.940188773022923	1234
20130815	123	123	123	1.3742977305946624	1234
20130815	123	123	123	10.122919327087613	1234
20130815	123	123	123	1.3412690225091217	1234
20130815	123	123	123	2.9275775576531493	1234
20130815	123	123	123	1.607695667581146	1234
20130815	123	123	123	3.1763903141138394	1234
20130815	123	123	123	4.671631729154539	1234
20130815	123	123	123	16.320649588494234	1234
20130815	123	123	123	16.970669992095967	1234
20130815	123	123	123	10.622812923838456	1234
20130815	123	123	123	4.450136820283701	1234
20130815	123	123	123	0.10653159570954474	1234
20130815	123	123	123	14.03489202778841	1234
20130815	123	123	123	9.996743317204423	1234
20130815	123	123	123	15.50359193766254	1234
20130815	123	123	123	14.08219363564877	1234
20130815	123	123	123	11.001449245509278	1234
20130815	123	123	123	18.0650762120211	1234
20130815	123	123	123	4.612257183362449	1234
20130815	123	123	123	0.20836546496335373	1234
20130815	123	123	123	4.64029440096332	1234
20130815	123	123	123	166.01531692724774	1234
20130815	123	123	123	169.62878795442796	1234
20130815	123	123	123	187.52012123098092	1234
20130815	123	123	123	202.6664542700089	1234
20130815	123	123	123	204.0967024104628	1234
20130815	123	123	123	212.21243422328686	1234
20130815	123	123	123	215.17105720620003	1234
20130815	123	123	123	224.6778887556937	1234
20130815	123	123	123	242.50345113666225	1234
20130815	123	123	123	239.0650832350753	1234
20130815	123	123	123	247.54399276443692	1234
20130815	123	123	123	298.9169678999213	1234
20130815	123	123	123	273.9193263432909	1234
20130815	123	123	123	292.89823307642246	1234
20130815	123	123	123	287.96304099762796	1234
20130815	123	123	123	298.67480805216417	1234
20130815	123	123	123	301.30769230769215	1234
20130815	123	123	123	320.9622815634871	1234
20130815	123	123	123	339.4255846271294	1234
20130815	123	123	123	338.7832406479545	1234
20130815	123	123	123	338.23076923076894	1234
20130815	123	123	123	362.6437212225081	1234
20130815	123	123	123	370.15519023064394	1234
20130815	123	123	123	371.4615384615384	1234
20130815	123	123	123	377.6153846153845	1234
20130815	123	123	123	387.61581642583445	1234
20130815	123	123	123	389.9230769230768	1234
20130815	123	123	123	396.0769230769229	1234
20130815	123	123	123	412.0061260594427	1234
20130815	123	123	123	417.62684414775293	1234
20130815	123	123	123	427.46690253795686	1234
20130815	123	123	123	438.49600499819167	1234
20130815	123	123	123	478.5449821993633	1234
20130815	123	123	123	465.810928026735	1234
20130815	123	123	123	476.16367940771653	1234
20130815	123	123	123	494.6065789587593	1234
20130815	123	123	123	498.89276123288766	1234
20130815	123	123	123	494.7795919417689	1234
20130815	123	123	123	500.8590321347878	1234
20130815	123	123	123	509.5668865859916	1234
20130815	123	123	123	506.4304194454795	1234
20130815	123	123	123	499.7679038068689	1234
20130815	123	123	123	488.31475829797523	1234
20130815	123	123	123	488.5377108264983	1234
20130815	123	123	123	472.7086522154806	1234
20130815	123	123	123	479.2665184953123	1234
20130815	123	123	123	467.9064067907635	1234
20130815	123	123	123	461.17575957020665	1234
20130815	123	123	123	447.6940476754311	1234
20130815	123	123	123	438.8179842799644	1234
20130815	123	123	123	442.13305711680493	1234
20130815	123	123	123	388.06817955416534	1234
20130815	123	123	123	401.78851537598564	1234
20130815	123	123	123	404.2667125327697	1234
20130815	123	123	123	394.7845343898284	1234
20130815	123	123	123	388.0540037654155	1234
20130815	123	123	123	373.63861748922943	1234
20130815	123	123	123	369.6829465140699	1234
20130815	123	123	123	393.6767317876127	1234
20130815	123	123	123	384.9951744146352	1234
20130815	123	123	123	388.9586314770447	1234
20130815	123	123	123	395.02051905915175	1234
20130815	123	123	123	409.4303361227306	1234
20130815	123	123	123	403.30584047881484	1234
20130815	123	123	123	423.6258756866005	1234
20130815	123	123	123	417.0	1234
20130815	123	123	123	433.5582282217199	1234
20130815	123	123	123	427.0	1234
20130815	123	123	123	437.02297273624833	1234
20130815	123	123	123	440.2143739692863	1234
20130815	123	123	123	450.02228129568704	1234
20130815	123	123	123	458.6960835222861	1234
20130815	123	123	123	457.2339260822522	1234
20130815	123	123	123	474.9280537353611	1234
20130815	123	123	123	477.914392187876	1234
20130815	123	123	123	478.24471677215416	1234
20130815	123	123	123	478.0364462289206	1234
20130815	123	123	123	489.67214087906325	1234
20130815	123	123	123	490.34233065473313	1234
20130815	123	123	123	460.869282958633	1234
20130815	123	123	123	464.7783227975421	1234
20130815	123	123	123	461.07692307692287	1234
20130815	123	123	123	455.9615384615382	1234
20130815	123	123	123	449.42620800283754	1234
20130815	123	123	123	424.4831128948898	1234
20130815	123	123	123	416.58539940692975	1234
20130815	123	123	123	416.5500184584878	1234
20130815	123	123	123	415.0384615384611	1234
20130815	123	123	123	408.0677267884711	1234
20130815	123	123	123	404.79301463178825	1234
20130815	123	123	123	393.31034898870047	1234
20130815	123	123	123	388.4712034845925	1234
20130815	123	123	123	377.48311567730394	1234
20130815	123	123	123	373.1438658865829	1234
20130815	123	123	123	353.19555824385907	1234
20130815	123	123	123	352.5348394808946	1234
20130815	123	123	123	350.28505412731903	1234
20130815	123	123	123	345.8076923076923	1234
20130815	123	123	123	337.3044533551211	1234
20130815	123	123	123	330.02888518725075	1234
20130815	123	123	123	311.46389205419837	1234
20130815	123	123	123	304.92129549762353	1234
20130815	123	123	123	306.8549255876099	1234
20130815	123	123	123	293.2737540644014	1234
20130815	123	123	123	281.1814714604543	1234
20130815	123	123	123	272.59174856629363	1234
20130815	123	123	123	253.2402164791873	1234
20130815	123	123	123	260.76923076923083	1234
20130815	123	123	123	240.69347462189876	1234
20130815	123	123	123	239.0246394486123	1234
20130815	123	123	123	234.52805880641506	1234
20130815	123	123	123	221.39946134119967	1234
20130815	123	123	123	212.21759957690062	1234
20130815	123	123	123	208.0891281180359	1234
20130815	123	123	123	195.6085939932911	1234
20130815	123	123	123	194.68678091447833	1234
20130815	123	123	123	171.74959560051073	1234
20130815	123	123	123	182.32745356383103	1234
20130815	123	123	123	164.94710490214374	1234
20130815	123	123	123	168.0	1234
20130815	123	123	123	13.20469049602362	1234
20130815	123	123	123	5.687943434779015	1234
20130815	123	123	123	0.987750646618446	1234
20130815	123	123	123	6.978017024591443	1234
20130815	123	123	123	17.067146978373245	1234
20130815	123	123	123	14.946099241924243	1234
20130815	123	123	123	1.8315230376134872	1234
20130815	123	123	123	10.765313828290534	1234
20130815	123	123	123	14.137009876509412	1234
20130815	123	123	123	12.573968817488952	1234
20130815	123	123	123	5.444506903180093	1234
20130815	123	123	123	4.728187342096907	1234
20130815	123	123	123	4.919254046086554	1234
20130815	123	123	123	5.9320446859351295	1234
20130815	123	123	123	12.450836899811932	1234
20130815	123	123	123	19.704548220774043	1234
20130815	123	123	123	8.745152403138901	1234
20130815	123	123	123	5.986209499782811	1234
20130815	123	123	123	1.7983104850410303	1234
20130815	123	123	123	4.99057550442199	1234
20130815	123	123	123	15.564918880322152	1234
20130815	123	123	123	13.453104840819803	1234
20130815	123	123	123	16.921043010296444	1234
20130815	123	123	123	10.568821106563744	1234
20130815	123	123	123	12.599303096211687	1234
20130815	123	123	123	4.051433847342823	1234
20130815	123	123	123	9.206448511088796	1234
20130815	123	123	123	5.362717258467777	1234
20130815	123	123	123	1.351236179710984	1234
20130815	123	123	123	3.287048879810117	1234