time startPrice highestPrice lowestPrice endPrice transactionCount
20130815	123	123	123	5.346135113077411	1234
20130815	123	123	123	5.615290769547165	1234
20130815	123	123	123	0.5412060866075086	1234
20130815	123	123	123	10.833082406919532	1234
20130815	123	123	123	3.7565278343480313	1234
20130815	123	123	123	15.01587312428827	1234
20130815	123	123	123	6.959947037057201	1234
20130815	123	123	123	3.473350641505184	1234
20130815	123	123	123	7.903980803394541	1234
20130815	123	123	123	4.592199913280995	1234
20130815	123	123	123	16.062411813780447	1234
20130815	123	123	123	7.384810163155649	1234
20130815	123	123	123	14.893584726295892	1234
20130815	123	123	123	4.07682830523701	1234
20130815	123	123	123	1.9996845995978552	1234
20130815	123	123	123	9.853705872414679	1234
20130815	123	123	123	17.39850048115586	1234
20130815	123	123	123	16.759841418650517	1234
20130815	123	123	123	17.810722580260776	1234
20130815	123	123	123	3.369509927824219	1234
20130815	123	123	123	2.1580700911117856	1234
20130815	123	123	123	15.699284844418912	1234
20130815	123	123	123	4.994423398091925	1234
20130815	123	123	123	13.942116963150102	1234
20130815	123	123	123	4.0450188442450035	1234
20130815	123	123	123	11.571414199204686	1234
20130815	123	123	123	3.161599309937553	1234
20130815	123	123	123	2.3494278441245986	1234
20130815	123	123	123	19.63058958399159	1234
20130815	123	123	123	2.5007085662289064	1234
20130815	123	123	123	257.74120360091837	1234
20130815	123	123	123	264.1852541674897	1234
20130815	123	123	123	279.3402187557951	1234
20130815	123	123	123	280.46316240079943	1234
20130815	123	123	123	278.5943488272819	1234
20130815	123	123	123	288.82422610319725	1234
20130815	123	123	123	311.08341226337075	1234
20130815	123	123	123	307.76923076923094	1234
20130815	123	123	123	320.70221877561784	1234
20130815	123	123	123	334.5099428832549	1234
20130815	123	123	123	340.6625863056465	1234
20130815	123	123	123	344.6538326383693	1234
20130815	123	123	123	356.9539596656175	1234
20130815	123	123	123	366.21348825727466	1234
20130815	123	123	123	379.0432620324952	1234
20130815	123	123	123	393.00480425693854	1234
20130815	123	123	123	398.56693053630846	1234
20130815	123	123	123	398.95946017889247	1234
20130815	123	123	123	410.9344726990079	1234
20130815	123	123	123	410.6153846153851	1234
20130815	123	123	123	425.6318819374021	1234
20130815	123	123	123	435.2567189671642	1234
20130815	123	123	123	442.68809535393757	1234
20130815	123	123	123	439.7312339706032	1234
20130815	123	123	123	430.7419995107821	1234
20130815	123	123	123	433.485925536099	1234
20130815	123	123	123	428.3539448652114	1234
20130815	123	123	123	426.39202831319113	1234
20130815	123	123	123	418.0188044878434	1234
20130815	123	123	123	415.0692983557496	1234
20130815	123	123	123	412.07070613042896	1234
20130815	123	123	123	403.1965329468787	1234
20130815	123	123	123	398.07820823176974	1234
20130815	123	123	123	397.441691935324	1234
20130815	123	123	123	395.7468140091384	1234
20130815	123	123	123	391.12138816192294	1234
20130815	123	123	123	387.5919376199328	1234
20130815	123	123	123	389.7904508018475	1234
20130815	123	123	123	391.5769230769231	1234
20130815	123	123	123	402.3566294535007	1234
20130815	123	123	123	414.73497230312887	1234
20130815	123	123	123	414.07924145614027	1234
20130815	123	123	123	419.46153846153857	1234
20130815	123	123	123	425.2947784146438	1234
20130815	123	123	123	430.61538461538476	1234
20130815	123	123	123	440.33684600404115	1234
20130815	123	123	123	452.62915913150954	1234
20130815	123	123	123	452.8128770377916	1234
20130815	123	123	123	455.70201493964976	1234
20130815	123	123	123	461.12984057208496	1234
20130815	123	123	123	470.3043079224531	1234
20130815	123	123	123	479.2525077751065	1234
20130815	123	123	123	486.2320384253186	1234
20130815	123	123	123	482.9859658672949	1234
20130815	123	123	123	496.93936973699056	1234
20130815	123	123	123	502.0384736486843	1234
20130815	123	123	123	504.9303264255586	1234
20130815	123	123	123	517.3884133149255	1234
20130815	123	123	123	524.5583792297746	1234
20130815	123	123	123	529.7817874855625	1234
20130815	123	123	123	524.1679051944753	1234
20130815	123	123	123	525.4615384615385	1234
20130815	123	123	123	519.9039285534147	1234
20130815	123	123	123	508.0395357744945	1234
20130815	123	123	123	505.961682680996	1234
20130815	123	123	123	498.92291037801647	1234
20130815	123	123	123	496.36324395301773	1234
20130815	123	123	123	483.6223781453649	1234
20130815	123	123	123	474.67156820486883	1234
20130815	123	123	123	472.0987893726214	1234
20130815	123	123	123	470.076923076923	1234
20130815	123	123	123	458.121249456955	1234
20130815	123	123	123	445.87790109444404	1234
20130815	123	123	123	447.5601857550005	1234
20130815	123	123	123	429.9360817134716	1234
20130815	123	123	123	411.79325042863115	1234
20130815	123	123	123	412.72738212851425	1234
20130815	123	123	123	400.28663014718444	1234
20130815	123	123	123	400.77928968223813	1234
20130815	123	123	123	397.473902572764	1234
20130815	123	123	123	390.40898251322517	1234
20130815	123	123	123	388.604962026807	1234
20130815	123	123	123	392.48867071726346	1234
20130815	123	123	123	400.2017220723705	1234
20130815	123	123	123	413.9925275314579	1234
20130815	123	123	123	411.4266691000562	1234
20130815	123	123	123	410.0128392837779	1234
20130815	123	123	123	414.44887144520175	1234
20130815	123	123	123	421.68249866256184	1234
20130815	123	123	123	421.46153846153834	1234
20130815	123	123	123	426.12945765583953	1234
20130815	123	123	123	433.0636175977787	1234
20130815	123	123	123	431.30769230769215	1234
20130815	123	123	123	438.11134611850366	1234
20130815	123	123	123	448.99138125166235	1234
20130815	123	123	123	442.0521749335056	1234
20130815	123	123	123	438.3761551070284	1234
20130815	123	123	123	423.78539309269144	1234
20130815	123	123	123	424.655314319882	1234
20130815	123	123	123	413.1911786100713	1234
20130815	123	123	123	395.45147899466883	1234
20130815	123	123	123	406.9230769230768	1234
20130815	123	123	123	383.1714606551815	1234
20130815	123	123	123	381.14326714643477	1234
20130815	123	123	123	373.3652858090247	1234
20130815	123	123	123	363.95291671015735	1234
20130815	123	123	123	358.71922411903535	1234
20130815	123	123	123	349.93465712554354	1234
20130815	123	123	123	338.0886352378435	1234
20130815	123	123	123	326.1947390117377	1234
20130815	123	123	123	323.9384300514687	1234
20130815	123	123	123	315.42906878071074	1234
20130815	123	123	123	303.1945741044976	1234
20130815	123	123	123	287.6718054318438	1234
20130815	123	123	123	295.1514861252529	1234
20130815	123	123	123	282.062923064935	1234
20130815	123	123	123	274.2187854083984	1234
20130815	123	123	123	260.826865211856	1234
20130815	123	123	123	265.9217569915022	1234
20130815	123	123	123	260.0	1234
20130815	123	123	123	15.77575025268489	1234
20130815	123	123	123	2.063497179501823	1234
20130815	123	123	123	9.117845843163789	1234
20130815	123	123	123	5.05727813200568	1234
20130815	123	123	123	6.995475120026027	1234
20130815	123	123	123	3.01356949034546	1234
20130815	123	123	123	13.579782561016946	1234
20130815	123	123	123	12.581945064388355	1234
20130815	123	123	123	6.760227197619644	1234
20130815	123	123	123	3.879481694643123	1234
20130815	123	123	123	5.6303088912806025	1234
20130815	123	123	123	12.096927050943835	1234
20130815	123	123	123	6.515051921694761	1234
20130815	123	123	123	17.26907342819463	1234
20130815	123	123	123	15.972548236351125	1234
20130815	123	123	123	14.282718424308777	1234
20130815	123	123	123	16.348842484629404	1234
20130815	123	123	123	1.9183990474880064	1234
20130815	123	123	123	15.710331794371688	1234
20130815	123	123	123	12.349415236534833	1234
20130815	123	123	123	5.82455541755899	1234
20130815	123	123	123	13.963687568862277	1234
20130815	123	123	123	4.875143147876882	1234
20130815	123	123	123	5.103386782962351	1234
20130815	123	123	123	5.408731915672211	1234
20130815	123	123	123	15.369161211589715	1234
20130815	123	123	123	1.3122028908574546	1234
20130815	123	123	123	17.107852745548193	1234
20130815	123	123	123	3.161583555488199	1234
20130815	123	123	123	11.754974298617357	1234