time startPrice highestPrice lowestPrice endPrice transactionCount
20130815	123	123	123	1.0190658504923666	1234
20130815	123	123	123	2.185002757772625	1234
20130815	123	123	123	13.221807951119896	1234
20130815	123	123	123	13.46530966326265	1234
20130815	123	123	123	3.467184280237534	1234
20130815	123	123	123	19.575525103454144	1234
20130815	123	123	123	9.898134914091418	1234
20130815	123	123	123	8.957556447181247	1234
20130815	123	123	123	3.5578714689612445	1234
20130815	123	123	123	14.097508956486182	1234
20130815	123	123	123	3.312280937276737	1234
20130815	123	123	123	2.5071984877011566	1234
20130815	123	123	123	12.794748374276741	1234
20130815	123	123	123	11.82485416751489	1234
20130815	123	123	123	4.3617107739373555	1234
20130815	123	123	123	12.888408668050044	1234
20130815	123	123	123	9.37563823256303	1234
20130815	123	123	123	9.779207150509027	1234
20130815	123	123	123	4.02326775047279	1234
20130815	123	123	123	5.691517962129316	1234
20130815	123	123	123	0.27219897619084277	1234
20130815	123	123	123	16.901580999529912	1234
20130815	123	123	123	11.472282431866798	1234
20130815	123	123	123	19.49922925686078	1234
20130815	123	123	123	9.586050795262665	1234
20130815	123	123	123	1.8780145572209306	1234
20130815	123	123	123	18.21358742375926	1234
20130815	123	123	123	13.791438352771861	1234
20130815	123	123	123	13.653194806824702	1234
20130815	123	123	123	5.170953493175987	1234
20130815	123	123	123	251.7139368830926	1234
20130815	123	123	123	258.8125154247943	1234
20130815	123	123	123	263.69230769230774	1234
20130815	123	123	123	286.9476455016946	1234
20130815	123	123	123	289.2904524100116	1234
20130815	123	123	123	296.3821534103544	1234
20130815	123	123	123	300.4230769230771	1234
20130815	123	123	123	317.85929379856816	1234
20130815	123	123	123	315.33165061441105	1234
20130815	123	123	123	344.57416653490935	1234
20130815	123	123	123	355.41652552658593	1234
20130815	123	123	123	354.11379389842295	1234
20130815	123	123	123	359.85942383031943	1234
20130815	123	123	123	367.1646223670729	1234
20130815	123	123	123	381.4097196920495	1234
20130815	123	123	123	399.5188231936123	1234
20130815	123	123	123	399.4009264811348	1234
20130815	123	123	123	409.3583943340536	1234
20130815	123	123	123	423.6141752086989	1234
20130815	123	123	123	434.8693551188493	1234
20130815	123	123	123	438.4596068308474	1234
20130815	123	123	123	428.8849239395177	1234
20130815	123	123	123	431.3751159541776	1234
20130815	123	123	123	428.5893962836468	1234
20130815	123	123	123	427.0032669257953	1234
20130815	123	123	123	421.55293399766185	1234
20130815	123	123	123	401.9082560218074	1234
20130815	123	123	123	406.0983208467851	1234
20130815	123	123	123	403.434041842276	1234
20130815	123	123	123	401.50532447518844	1234
20130815	123	123	123	399.3550741716552	1234
20130815	123	123	123	396.6697985367173	1234
20130815	123	123	123	394.87556886385687	1234
20130815	123	123	123	393.5151071001246	1234
20130815	123	123	123	389.3739738630171	1234
20130815	123	123	123	391.2286557808181	1234
20130815	123	123	123	395.4045054980584	1234
20130815	123	123	123	400.774757471604	1234
20130815	123	123	123	405.560043947075	1234
20130815	123	123	123	410.961527170519	1234
20130815	123	123	123	414.68460405009847	1234
20130815	123	123	123	427.41661852139225	1234
20130815	123	123	123	439.2626762284996	1234
20130815	123	123	123	437.2943634865451	1234
20130815	123	123	123	441.8260581969416	1234
20130815	123	123	123	457.38445511016215	1234
20130815	123	123	123	465.7421777822477	1234
20130815	123	123	123	466.14985918835384	1234
20130815	123	123	123	480.18010883410017	1234
20130815	123	123	123	486.6590663926582	1234
20130815	123	123	123	487.9723027995078	1234
20130815	123	123	123	486.3846153846157	1234
20130815	123	123	123	503.8452153832213	1234
20130815	123	123	123	497.5384615384619	1234
20130815	123	123	123	506.4166072332626	1234
20130815	123	123	123	508.6923076923081	1234
20130815	123	123	123	519.3031533883551	1234
20130815	123	123	123	527.863938097763	1234
20130815	123	123	123	532.8514209754771	1234
20130815	123	123	123	522.520381592029	1234
20130815	123	123	123	515.1066602244401	1234
20130815	123	123	123	506.11509070292254	1234
20130815	123	123	123	505.2342379654354	1234
20130815	123	123	123	501.60952913421204	1234
20130815	123	123	123	497.7692307692307	1234
20130815	123	123	123	472.50866174748904	1234
20130815	123	123	123	470.08868947133504	1234
20130815	123	123	123	465.99050185321505	1234
20130815	123	123	123	466.3299255382651	1234
20130815	123	123	123	453.86493947159346	1234
20130815	123	123	123	446.06634857668496	1234
20130815	123	123	123	446.6607407740935	1234
20130815	123	123	123	438.56412761220224	1234
20130815	123	123	123	439.19037627761577	1234
20130815	123	123	123	431.30769230769215	1234
20130815	123	123	123	421.3103655256755	1234
20130815	123	123	123	411.6543146980383	1234
20130815	123	123	123	407.86625664405557	1234
20130815	123	123	123	397.0512126396358	1234
20130815	123	123	123	396.53537113692187	1234
20130815	123	123	123	392.5384615384613	1234
20130815	123	123	123	390.6929439344903	1234
20130815	123	123	123	391.9230769230769	1234
20130815	123	123	123	397.29682314526576	1234
20130815	123	123	123	400.3471750341844	1234
20130815	123	123	123	402.558158406362	1234
20130815	123	123	123	409.4568454626151	1234
20130815	123	123	123	407.1936104372293	1234
20130815	123	123	123	414.43943060038566	1234
20130815	123	123	123	416.55257679403337	1234
20130815	123	123	123	424.1239123001921	1234
20130815	123	123	123	423.99793829324875	1234
20130815	123	123	123	426.85615066150797	1234
20130815	123	123	123	442.3723059812659	1234
20130815	123	123	123	443.6153846153844	1234
20130815	123	123	123	451.1848711115047	1234
20130815	123	123	123	446.8418660587333	1234
20130815	123	123	123	436.30769230769226	1234
20130815	123	123	123	421.7435691317821	1234
20130815	123	123	123	413.2841321210508	1234
20130815	123	123	123	402.30398614878936	1234
20130815	123	123	123	406.6128014257344	1234
20130815	123	123	123	386.8999503255816	1234
20130815	123	123	123	383.4155515149765	1234
20130815	123	123	123	383.4634291379338	1234
20130815	123	123	123	377.07487667087224	1234
20130815	123	123	123	361.36686707299594	1234
20130815	123	123	123	350.6137786280182	1234
20130815	123	123	123	340.2097955264792	1234
20130815	123	123	123	339.8983968547029	1234
20130815	123	123	123	328.7410757430989	1234
20130815	123	123	123	296.97352283160825	1234
20130815	123	123	123	311.1282365292187	1234
20130815	123	123	123	302.64487092320053	1234
20130815	123	123	123	296.7307692307688	1234
20130815	123	123	123	278.92993414862036	1234
20130815	123	123	123	276.88335894871176	1234
20130815	123	123	123	267.24217126951	1234
20130815	123	123	123	262.2747987691948	1234
20130815	123	123	123	260.0	1234
20130815	123	123	123	10.46381906984514	1234
20130815	123	123	123	6.526060096877333	1234
20130815	123	123	123	2.6849380903007902	1234
20130815	123	123	123	10.830697413129426	1234
20130815	123	123	123	15.403287365540226	1234
20130815	123	123	123	14.128388096480899	1234
20130815	123	123	123	1.1749344700408493	1234
20130815	123	123	123	10.00890301633956	1234
20130815	123	123	123	13.419614159821831	1234
20130815	123	123	123	19.53170694357212	1234
20130815	123	123	123	4.868361693668137	1234
20130815	123	123	123	2.5688084560506996	1234
20130815	123	123	123	18.094232549413494	1234
20130815	123	123	123	14.946996110884715	1234
20130815	123	123	123	10.780665292886251	1234
20130815	123	123	123	15.784472042569549	1234
20130815	123	123	123	18.436750496404116	1234
20130815	123	123	123	15.199749964954526	1234
20130815	123	123	123	8.56969848087266	1234
20130815	123	123	123	9.844009826896755	1234
20130815	123	123	123	13.751100181276632	1234
20130815	123	123	123	14.757076621937424	1234
20130815	123	123	123	6.50649739501201	1234
20130815	123	123	123	8.719436112469994	1234
20130815	123	123	123	10.521274946546724	1234
20130815	123	123	123	6.978405942464356	1234
20130815	123	123	123	3.3563420007436395	1234
20130815	123	123	123	1.9384013165249625	1234
20130815	123	123	123	12.833394153279125	1234
20130815	123	123	123	17.658279284172657	1234