time startPrice highestPrice lowestPrice endPrice transactionCount
20130815	123	123	123	0.3761732787994587	1234
20130815	123	123	123	17.086744728251965	1234
20130815	123	123	123	15.750102491703375	1234
20130815	123	123	123	14.477856438673493	1234
20130815	123	123	123	12.41274388025918	1234
20130815	123	123	123	16.53584619532473	1234
20130815	123	123	123	0.5386386982751334	1234
20130815	123	123	123	16.485858733052353	1234
20130815	123	123	123	7.969189641549141	1234
20130815	123	123	123	18.62327531781659	1234
20130815	123	123	123	1.32547805979645	1234
20130815	123	123	123	11.74332509263811	1234
20130815	123	123	123	12.136013131852732	1234
20130815	123	123	123	1.7438653946015026	1234
20130815	123	123	123	8.82649375636083	1234
20130815	123	123	123	10.862514365883113	1234
20130815	123	123	123	8.643526750684657	1234
20130815	123	123	123	15.284616029544527	1234
20130815	123	123	123	17.215611449070273	1234
20130815	123	123	123	0.4406768128540062	1234
20130815	123	123	123	9.933963579118581	1234
20130815	123	123	123	0.5486287454509053	1234
20130815	123	123	123	15.166817203485994	1234
20130815	123	123	123	8.75767464281192	1234
20130815	123	123	123	10.070138114294542	1234
20130815	123	123	123	11.089236499259798	1234
20130815	123	123	123	5.054064516648351	1234
20130815	123	123	123	12.281801450214296	1234
20130815	123	123	123	11.499339020214288	1234
20130815	123	123	123	17.227879926101625	1234
20130815	123	123	123	259.98168925486294	1234
20130815	123	123	123	270.42433897546823	1234
20130815	123	123	123	267.2704248363203	1234
20130815	123	123	123	272.6142271684081	1234
20130815	123	123	123	286.2666162053464	1234
20130815	123	123	123	287.20564775564617	1234
20130815	123	123	123	301.48869249845166	1234
20130815	123	123	123	300.85060259186247	1234
20130815	123	123	123	311.7178781757866	1234
20130815	123	123	123	317.24458608577896	1234
20130815	123	123	123	327.2737252532227	1234
20130815	123	123	123	329.80769230769255	1234
20130815	123	123	123	339.0570501426496	1234
20130815	123	123	123	344.5000000000003	1234
20130815	123	123	123	357.29070857766055	1234
20130815	123	123	123	374.15470141490835	1234
20130815	123	123	123	366.8276513375633	1234
20130815	123	123	123	374.6263629087519	1234
20130815	123	123	123	381.2307692307696	1234
20130815	123	123	123	395.92307692307736	1234
20130815	123	123	123	420.5489122726583	1234
20130815	123	123	123	421.48970373626344	1234
20130815	123	123	123	437.0679496582324	1234
20130815	123	123	123	433.7345385796814	1234
20130815	123	123	123	437.83932724820863	1234
20130815	123	123	123	434.9830089829055	1234
20130815	123	123	123	431.1400583788547	1234
20130815	123	123	123	426.13153218500486	1234
20130815	123	123	123	413.1360272242069	1234
20130815	123	123	123	417.91863506728237	1234
20130815	123	123	123	412.36876922154386	1234
20130815	123	123	123	411.5729013338501	1234
20130815	123	123	123	410.8227917063645	1234
20130815	123	123	123	409.41395154114406	1234
20130815	123	123	123	408.8461538461536	1234
20130815	123	123	123	405.41682775828264	1234
20130815	123	123	123	403.8175995463788	1234
20130815	123	123	123	401.9961265354031	1234
20130815	123	123	123	396.8976534598589	1234
20130815	123	123	123	390.71907977877333	1234
20130815	123	123	123	394.04923900939013	1234
20130815	123	123	123	391.7944173173429	1234
20130815	123	123	123	387.28975404663873	1234
20130815	123	123	123	386.0	1234
20130815	123	123	123	395.69563635163223	1234
20130815	123	123	123	407.0923550294692	1234
20130815	123	123	123	411.01050305670253	1234
20130815	123	123	123	408.98164653083757	1234
20130815	123	123	123	421.35734338615583	1234
20130815	123	123	123	427.45694917761523	1234
20130815	123	123	123	425.03846153846166	1234
20130815	123	123	123	433.70586346101766	1234
20130815	123	123	123	440.31956698623605	1234
20130815	123	123	123	471.9789053789283	1234
20130815	123	123	123	482.4071387315121	1234
20130815	123	123	123	496.6181749312413	1234
20130815	123	123	123	491.9615384615388	1234
20130815	123	123	123	506.36466055648896	1234
20130815	123	123	123	507.26767097263314	1234
20130815	123	123	123	518.7425216051681	1234
20130815	123	123	123	525.545138254536	1234
20130815	123	123	123	529.354298886202	1234
20130815	123	123	123	531.0	1234
20130815	123	123	123	514.7465604018156	1234
20130815	123	123	123	503.88471826664005	1234
20130815	123	123	123	498.3443994993817	1234
20130815	123	123	123	498.68714141357646	1234
20130815	123	123	123	488.5451460575801	1234
20130815	123	123	123	463.1663269353894	1234
20130815	123	123	123	463.8778027789251	1234
20130815	123	123	123	459.85832995718465	1234
20130815	123	123	123	458.9999999999999	1234
20130815	123	123	123	420.1302098346078	1234
20130815	123	123	123	409.68504186974405	1234
20130815	123	123	123	409.15384615384596	1234
20130815	123	123	123	398.180181298695	1234
20130815	123	123	123	394.6364952422687	1234
20130815	123	123	123	391.5055281927846	1234
20130815	123	123	123	387.0	1234
20130815	123	123	123	393.3694561552132	1234
20130815	123	123	123	396.6719926053268	1234
20130815	123	123	123	397.8981468517222	1234
20130815	123	123	123	400.21929357171575	1234
20130815	123	123	123	407.21951191936546	1234
20130815	123	123	123	407.11707936396766	1234
20130815	123	123	123	407.01891605438243	1234
20130815	123	123	123	411.78707950820666	1234
20130815	123	123	123	415.25923455379757	1234
20130815	123	123	123	415.3201057856539	1234
20130815	123	123	123	422.1616588817933	1234
20130815	123	123	123	419.11047411828304	1234
20130815	123	123	123	428.85184101236575	1234
20130815	123	123	123	434.8612593750617	1234
20130815	123	123	123	435.69084568199565	1234
20130815	123	123	123	438.09939596817077	1234
20130815	123	123	123	438.6923076923075	1234
20130815	123	123	123	443.6153846153844	1234
20130815	123	123	123	449.91682817701934	1234
20130815	123	123	123	449.5441361448767	1234
20130815	123	123	123	447.71159509531935	1234
20130815	123	123	123	436.55003653505025	1234
20130815	123	123	123	432.37526484090705	1234
20130815	123	123	123	418.81691094033914	1234
20130815	123	123	123	408.4094337385874	1234
20130815	123	123	123	399.0361877975454	1234
20130815	123	123	123	380.9982368132786	1234
20130815	123	123	123	376.337158662484	1234
20130815	123	123	123	347.1914258530956	1234
20130815	123	123	123	345.72490274660925	1234
20130815	123	123	123	320.6476097967188	1234
20130815	123	123	123	323.3836745672461	1234
20130815	123	123	123	323.9723526678183	1234
20130815	123	123	123	307.9553290148255	1234
20130815	123	123	123	288.8814151948946	1234
20130815	123	123	123	288.93014629767606	1234
20130815	123	123	123	287.2399738602369	1234
20130815	123	123	123	282.03846153846104	1234
20130815	123	123	123	267.86488259541755	1234
20130815	123	123	123	263.722978988029	1234
20130815	123	123	123	260.0	1234
20130815	123	123	123	11.845340428751175	1234
20130815	123	123	123	17.103070712721056	1234
20130815	123	123	123	13.507527421200114	1234
20130815	123	123	123	15.25195077089078	1234
20130815	123	123	123	4.106046904204296	1234
20130815	123	123	123	11.698379187506696	1234
20130815	123	123	123	0.14034366503496543	1234
20130815	123	123	123	15.636475332801474	1234
20130815	123	123	123	13.530771933498723	1234
20130815	123	123	123	17.8431344824334	1234
20130815	123	123	123	8.433802291657509	1234
20130815	123	123	123	16.606160963295157	1234
20130815	123	123	123	6.551411790844135	1234
20130815	123	123	123	5.019068938764866	1234
20130815	123	123	123	13.988990323018886	1234
20130815	123	123	123	19.45199549779671	1234
20130815	123	123	123	11.82354055913272	1234
20130815	123	123	123	0.32812858266846545	1234
20130815	123	123	123	0.24147005591032666	1234
20130815	123	123	123	10.2392386919825	1234
20130815	123	123	123	0.7717975189897075	1234
20130815	123	123	123	0.7074878387687344	1234
20130815	123	123	123	0.21750237432770048	1234
20130815	123	123	123	18.891300117804477	1234
20130815	123	123	123	14.8789965017888	1234
20130815	123	123	123	17.150880665130902	1234
20130815	123	123	123	15.135607881952478	1234
20130815	123	123	123	11.106662830086055	1234
20130815	123	123	123	13.032547731272448	1234
20130815	123	123	123	11.676609515380239	1234