time startPrice highestPrice lowestPrice endPrice transactionCount
20130815	123	123	123	5.101224568923919	1234
20130815	123	123	123	18.187949063522197	1234
20130815	123	123	123	19.551107576353367	1234
20130815	123	123	123	1.4683984810597184	1234
20130815	123	123	123	11.781224374363589	1234
20130815	123	123	123	17.683082042912424	1234
20130815	123	123	123	18.96660563896722	1234
20130815	123	123	123	19.815480147921093	1234
20130815	123	123	123	17.901119039414787	1234
20130815	123	123	123	4.251744993879674	1234
20130815	123	123	123	12.910356926688952	1234
20130815	123	123	123	11.389998100002865	1234
20130815	123	123	123	0.8453008546583995	1234
20130815	123	123	123	0.9111942046056543	1234
20130815	123	123	123	18.51251636691275	1234
20130815	123	123	123	4.770267296375572	1234
20130815	123	123	123	14.041410286119522	1234
20130815	123	123	123	6.833366449988299	1234
20130815	123	123	123	19.459118107703247	1234
20130815	123	123	123	5.229707893640931	1234
20130815	123	123	123	17.080281965169466	1234
20130815	123	123	123	5.752561892577339	1234
20130815	123	123	123	1.2262075869926514	1234
20130815	123	123	123	12.443360357538989	1234
20130815	123	123	123	12.332111811004967	1234
20130815	123	123	123	6.798461625326501	1234
20130815	123	123	123	19.81122732830346	1234
20130815	123	123	123	8.384927177456268	1234
20130815	123	123	123	19.311895050786912	1234
20130815	123	123	123	7.137400269289396	1234
20130815	123	123	123	268.74128151836373	1234
20130815	123	123	123	262.21038495483276	1234
20130815	123	123	123	263.69230769230774	1234
20130815	123	123	123	281.75895961566806	1234
20130815	123	123	123	281.01175407912484	1234
20130815	123	123	123	287.50164235391577	1234
20130815	123	123	123	305.1140850788066	1234
20130815	123	123	123	312.11833121815204	1234
20130815	123	123	123	326.35055681497545	1234
20130815	123	123	123	324.70642037701015	1234
20130815	123	123	123	336.39576223419516	1234
20130815	123	123	123	344.85783542096044	1234
20130815	123	123	123	377.98058796049025	1234
20130815	123	123	123	369.05681984679705	1234
20130815	123	123	123	386.0119262423728	1234
20130815	123	123	123	395.7502860987737	1234
20130815	123	123	123	391.95628850225984	1234
20130815	123	123	123	408.1283599598511	1234
20130815	123	123	123	419.9532156058147	1234
20130815	123	123	123	421.0174786899881	1234
20130815	123	123	123	458.7215626237289	1234
20130815	123	123	123	438.93477831765153	1234
20130815	123	123	123	426.7105071828442	1234
20130815	123	123	123	426.55146247858795	1234
20130815	123	123	123	422.41518883457996	1234
20130815	123	123	123	417.30699937911714	1234
20130815	123	123	123	407.15862592872514	1234
20130815	123	123	123	410.4043257674655	1234
20130815	123	123	123	403.777328958235	1234
20130815	123	123	123	403.47279461877764	1234
20130815	123	123	123	401.0791787215028	1234
20130815	123	123	123	399.54538387057386	1234
20130815	123	123	123	397.10991863360175	1234
20130815	123	123	123	393.8698216412294	1234
20130815	123	123	123	390.15384615384573	1234
20130815	123	123	123	386.67358975581527	1234
20130815	123	123	123	392.574389186469	1234
20130815	123	123	123	395.73925754140396	1234
20130815	123	123	123	409.57600253550726	1234
20130815	123	123	123	413.71486242993484	1234
20130815	123	123	123	417.73802708833733	1234
20130815	123	123	123	422.37438197508885	1234
20130815	123	123	123	425.33994842160587	1234
20130815	123	123	123	431.16928771291475	1234
20130815	123	123	123	438.6479542444095	1234
20130815	123	123	123	500.90392847026254	1234
20130815	123	123	123	478.410833941064	1234
20130815	123	123	123	481.5502369723597	1234
20130815	123	123	123	496.96458009666435	1234
20130815	123	123	123	501.2171260406575	1234
20130815	123	123	123	503.9092976566928	1234
20130815	123	123	123	512.2706727916707	1234
20130815	123	123	123	516.6266016552471	1234
20130815	123	123	123	525.1766195026695	1234
20130815	123	123	123	528.0249606685832	1234
20130815	123	123	123	526.0679984827932	1234
20130815	123	123	123	523.5269352284301	1234
20130815	123	123	123	509.9420857442716	1234
20130815	123	123	123	500.8915801715031	1234
20130815	123	123	123	491.655260487897	1234
20130815	123	123	123	492.20679547418973	1234
20130815	123	123	123	474.50384445129225	1234
20130815	123	123	123	480.61930175939386	1234
20130815	123	123	123	470.076923076923	1234
20130815	123	123	123	464.53846153846143	1234
20130815	123	123	123	458.9999999999999	1234
20130815	123	123	123	445.6657809899448	1234
20130815	123	123	123	443.0086560950439	1234
20130815	123	123	123	428.48971016275954	1234
20130815	123	123	123	427.715270482152	1234
20130815	123	123	123	423.9094282719277	1234
20130815	123	123	123	417.2095001664495	1234
20130815	123	123	123	414.6452821177241	1234
20130815	123	123	123	409.15384615384596	1234
20130815	123	123	123	396.3098259911394	1234
20130815	123	123	123	394.0360635099846	1234
20130815	123	123	123	388.54100341008393	1234
20130815	123	123	123	392.4799327931811	1234
20130815	123	123	123	395.2625370277648	1234
20130815	123	123	123	398.829838334446	1234
20130815	123	123	123	401.7692307692307	1234
20130815	123	123	123	411.3839285531896	1234
20130815	123	123	123	420.541406908845	1234
20130815	123	123	123	421.47664476546305	1234
20130815	123	123	123	424.8236226444139	1234
20130815	123	123	123	425.36987048572405	1234
20130815	123	123	123	429.40157397862623	1234
20130815	123	123	123	430.8721161074394	1234
20130815	123	123	123	431.30769230769215	1234
20130815	123	123	123	437.078168331787	1234
20130815	123	123	123	439.0059408397199	1234
20130815	123	123	123	439.7022507034549	1234
20130815	123	123	123	448.4236374397222	1234
20130815	123	123	123	454.6800146372801	1234
20130815	123	123	123	443.1667844063052	1234
20130815	123	123	123	440.2541817053948	1234
20130815	123	123	123	425.3302673884553	1234
20130815	123	123	123	426.200540768884	1234
20130815	123	123	123	418.7588579027252	1234
20130815	123	123	123	398.88639420924966	1234
20130815	123	123	123	394.19391572382034	1234
20130815	123	123	123	383.2440337145031	1234
20130815	123	123	123	377.5020918101151	1234
20130815	123	123	123	364.6615209487111	1234
20130815	123	123	123	364.91251569495	1234
20130815	123	123	123	344.03155069299174	1234
20130815	123	123	123	348.8173593544235	1234
20130815	123	123	123	336.5680360044434	1234
20130815	123	123	123	340.807692307692	1234
20130815	123	123	123	333.4615384615381	1234
20130815	123	123	123	317.49258998924097	1234
20130815	123	123	123	309.2168426751894	1234
20130815	123	123	123	303.65587889939513	1234
20130815	123	123	123	296.84023021190353	1234
20130815	123	123	123	294.57665183025534	1234
20130815	123	123	123	281.4056543022324	1234
20130815	123	123	123	278.04369974243343	1234
20130815	123	123	123	272.37380646289733	1234
20130815	123	123	123	259.19161556788924	1234
20130815	123	123	123	260.0	1234
20130815	123	123	123	9.48229344526122	1234
20130815	123	123	123	7.892976530113627	1234
20130815	123	123	123	2.363591159796896	1234
20130815	123	123	123	9.027496236324115	1234
20130815	123	123	123	3.4448909371628678	1234
20130815	123	123	123	14.170103908129093	1234
20130815	123	123	123	4.673886802244129	1234
20130815	123	123	123	5.240878205017276	1234
20130815	123	123	123	12.8294373655493	1234
20130815	123	123	123	19.388998945643603	1234
20130815	123	123	123	12.192819824142973	1234
20130815	123	123	123	6.278917099708526	1234
20130815	123	123	123	4.032062474892482	1234
20130815	123	123	123	16.614527596414735	1234
20130815	123	123	123	14.729944512744632	1234
20130815	123	123	123	0.40401910106989014	1234
20130815	123	123	123	12.194851389144858	1234
20130815	123	123	123	3.411089117751631	1234
20130815	123	123	123	8.311122247349578	1234
20130815	123	123	123	13.234198973445316	1234
20130815	123	123	123	9.49072502186995	1234
20130815	123	123	123	19.7896668282409	1234
20130815	123	123	123	12.822423648832695	1234
20130815	123	123	123	7.494301188506589	1234
20130815	123	123	123	10.882012053427426	1234
20130815	123	123	123	13.559151801655506	1234
20130815	123	123	123	2.0340406088328633	1234
20130815	123	123	123	15.490402633356567	1234
20130815	123	123	123	7.150696727585397	1234
20130815	123	123	123	4.681667314794005	1234