time startPrice highestPrice lowestPrice endPrice transactionCount
20130815	123	123	123	14.16809549680044	1234
20130815	123	123	123	12.326219608071856	1234
20130815	123	123	123	1.2343716412760597	1234
20130815	123	123	123	0.2559804412577016	1234
20130815	123	123	123	11.070582025637263	1234
20130815	123	123	123	16.83626302412897	1234
20130815	123	123	123	9.433383079463995	1234
20130815	123	123	123	7.989528811357143	1234
20130815	123	123	123	18.05561971967974	1234
20130815	123	123	123	18.114065898941117	1234
20130815	123	123	123	3.270642581152998	1234
20130815	123	123	123	10.409833972166213	1234
20130815	123	123	123	19.34772677778985	1234
20130815	123	123	123	6.667591185364767	1234
20130815	123	123	123	10.852008717973504	1234
20130815	123	123	123	11.7762262476786	1234
20130815	123	123	123	8.395842010371652	1234
20130815	123	123	123	0.7328963382910336	1234
20130815	123	123	123	3.741256634473218	1234
20130815	123	123	123	0.7224460129638977	1234
20130815	123	123	123	3.9117148992957373	1234
20130815	123	123	123	7.339310576749886	1234
20130815	123	123	123	4.404465765698946	1234
20130815	123	123	123	8.291852855704994	1234
20130815	123	123	123	2.4539604276272597	1234
20130815	123	123	123	17.553476389723276	1234
20130815	123	123	123	0.33586244757240813	1234
20130815	123	123	123	12.067092257511172	1234
20130815	123	123	123	12.736595208972506	1234
20130815	123	123	123	17.492227222813565	1234
20130815	123	123	123	254.66340686520024	1234
20130815	123	123	123	261.49194890495596	1234
20130815	123	123	123	271.4418312112369	1234
20130815	123	123	123	276.15333952413886	1234
20130815	123	123	123	287.2739000777857	1234
20130815	123	123	123	288.02091629018554	1234
20130815	123	123	123	307.16267618534187	1234
20130815	123	123	123	304.0706629079898	1234
20130815	123	123	123	322.4439912534817	1234
20130815	123	123	123	327.29895511406994	1234
20130815	123	123	123	333.48581194355125	1234
20130815	123	123	123	338.6342716181511	1234
20130815	123	123	123	346.90183106729967	1234
20130815	123	123	123	359.4376002514897	1234
20130815	123	123	123	372.4160306373046	1234
20130815	123	123	123	370.4899949735526	1234
20130815	123	123	123	383.0414952953562	1234
20130815	123	123	123	390.0416914493456	1234
20130815	123	123	123	410.2486146276581	1234
20130815	123	123	123	410.6153846153851	1234
20130815	123	123	123	424.9351872282816	1234
20130815	123	123	123	435.015359130074	1234
20130815	123	123	123	453.12077256533786	1234
20130815	123	123	123	439.61675058071893	1234
20130815	123	123	123	437.297121074249	1234
20130815	123	123	123	430.0771889686574	1234
20130815	123	123	123	425.95792371536226	1234
20130815	123	123	123	422.71908561660666	1234
20130815	123	123	123	420.0663675554885	1234
20130815	123	123	123	420.45313720330114	1234
20130815	123	123	123	415.2478981235725	1234
20130815	123	123	123	406.4525864498611	1234
20130815	123	123	123	405.4310949445589	1234
20130815	123	123	123	401.22698045119233	1234
20130815	123	123	123	400.5384615384612	1234
20130815	123	123	123	398.030655933133	1234
20130815	123	123	123	395.4185855149288	1234
20130815	123	123	123	390.58675116473887	1234
20130815	123	123	123	387.6640882987688	1234
20130815	123	123	123	387.1376707464719	1234
20130815	123	123	123	390.0216822167968	1234
20130815	123	123	123	397.4746380998511	1234
20130815	123	123	123	398.8797193396978	1234
20130815	123	123	123	407.5107864407931	1234
20130815	123	123	123	416.07902890777814	1234
20130815	123	123	123	423.8788736773836	1234
20130815	123	123	123	426.41726433061416	1234
20130815	123	123	123	442.64652622883324	1234
20130815	123	123	123	436.19230769230785	1234
20130815	123	123	123	446.16477655527507	1234
20130815	123	123	123	447.34615384615404	1234
20130815	123	123	123	453.14699054243835	1234
20130815	123	123	123	470.4767462053115	1234
20130815	123	123	123	464.8860572092246	1234
20130815	123	123	123	484.20524630030326	1234
20130815	123	123	123	487.3967999734133	1234
20130815	123	123	123	492.3943804689202	1234
20130815	123	123	123	499.5029390261807	1234
20130815	123	123	123	517.5360608297415	1234
20130815	123	123	123	519.8461538461543	1234
20130815	123	123	123	526.3075602174415	1234
20130815	123	123	123	522.4563716550144	1234
20130815	123	123	123	517.7781484887829	1234
20130815	123	123	123	514.1241928867204	1234
20130815	123	123	123	508.83979592313466	1234
20130815	123	123	123	505.6257978070165	1234
20130815	123	123	123	503.12767631370747	1234
20130815	123	123	123	464.0218534139036	1234
20130815	123	123	123	475.6153846153845	1234
20130815	123	123	123	463.69519025802794	1234
20130815	123	123	123	452.5604337595493	1234
20130815	123	123	123	451.90989509089127	1234
20130815	123	123	123	447.41201860337236	1234
20130815	123	123	123	430.12369723248884	1234
20130815	123	123	123	436.8461538461537	1234
20130815	123	123	123	420.84398413191616	1234
20130815	123	123	123	424.13285609101	1234
20130815	123	123	123	410.4270635705979	1234
20130815	123	123	123	412.92628636295757	1234
20130815	123	123	123	397.7378401167631	1234
20130815	123	123	123	390.8457350798034	1234
20130815	123	123	123	398.0020190174814	1234
20130815	123	123	123	391.28072089481867	1234
20130815	123	123	123	395.1976377447397	1234
20130815	123	123	123	395.3745332029122	1234
20130815	123	123	123	404.1398249274648	1234
20130815	123	123	123	404.2598815404156	1234
20130815	123	123	123	405.3324669693204	1234
20130815	123	123	123	409.9316783190457	1234
20130815	123	123	123	414.8808692772572	1234
20130815	123	123	123	411.6153846153845	1234
20130815	123	123	123	423.2541752399059	1234
20130815	123	123	123	421.47689803644215	1234
20130815	123	123	123	424.6119153452234	1234
20130815	123	123	123	428.13251936885604	1234
20130815	123	123	123	434.9645177605657	1234
20130815	123	123	123	445.8478515250315	1234
20130815	123	123	123	441.53343870439005	1234
20130815	123	123	123	443.84625417759884	1234
20130815	123	123	123	448.58152487787237	1234
20130815	123	123	123	448.5384615384613	1234
20130815	123	123	123	432.5923571999197	1234
20130815	123	123	123	427.55030520244367	1234
20130815	123	123	123	422.38348481363954	1234
20130815	123	123	123	351.1543543872656	1234
20130815	123	123	123	377.78654083238786	1234
20130815	123	123	123	361.52877456008673	1234
20130815	123	123	123	307.8276046625669	1234
20130815	123	123	123	333.69044301603486	1234
20130815	123	123	123	330.3962432671537	1234
20130815	123	123	123	320.33983439801386	1234
20130815	123	123	123	307.25049265449485	1234
20130815	123	123	123	306.0887988081658	1234
20130815	123	123	123	291.2735894349398	1234
20130815	123	123	123	293.6560508748272	1234
20130815	123	123	123	270.03379777134734	1234
20130815	123	123	123	277.4909526944657	1234
20130815	123	123	123	269.91192857358175	1234
20130815	123	123	123	265.2582723404377	1234
20130815	123	123	123	260.0	1234
20130815	123	123	123	2.124041157896097	1234
20130815	123	123	123	1.3923837780527348	1234
20130815	123	123	123	1.7823117992542303	1234
20130815	123	123	123	5.541919018572859	1234
20130815	123	123	123	1.7213711512596008	1234
20130815	123	123	123	4.096762295579768	1234
20130815	123	123	123	1.107128384355105	1234
20130815	123	123	123	13.194496537135613	1234
20130815	123	123	123	9.308319115046046	1234
20130815	123	123	123	8.661750054051584	1234
20130815	123	123	123	12.314459222182236	1234
20130815	123	123	123	12.008224863372766	1234
20130815	123	123	123	12.398314630820959	1234
20130815	123	123	123	17.437094872468776	1234
20130815	123	123	123	15.79308042276999	1234
20130815	123	123	123	12.423684398608943	1234
20130815	123	123	123	9.207693312710603	1234
20130815	123	123	123	16.293375309787976	1234
20130815	123	123	123	3.6548377929683196	1234
20130815	123	123	123	1.5132677454150945	1234
20130815	123	123	123	19.819164763340133	1234
20130815	123	123	123	4.010416450641752	1234
20130815	123	123	123	8.614379252465465	1234
20130815	123	123	123	6.215086741589451	1234
20130815	123	123	123	13.296150163040227	1234
20130815	123	123	123	10.735625582512329	1234
20130815	123	123	123	4.204583476774055	1234
20130815	123	123	123	6.199852184640253	1234
20130815	123	123	123	6.659243019341872	1234
20130815	123	123	123	9.006510803324193	1234