time startPrice highestPrice lowestPrice endPrice transactionCount
20130815	123	123	123	9.20525388011306	1234
20130815	123	123	123	5.702338261176703	1234
20130815	123	123	123	4.712908313409125	1234
20130815	123	123	123	5.389031235258219	1234
20130815	123	123	123	7.793465574556762	1234
20130815	123	123	123	17.19624440972859	1234
20130815	123	123	123	16.454252050119877	1234
20130815	123	123	123	10.495220440703237	1234
20130815	123	123	123	11.496848854151708	1234
20130815	123	123	123	4.836894025360583	1234
20130815	123	123	123	13.187076829462235	1234
20130815	123	123	123	16.99091540692966	1234
20130815	123	123	123	0.2102077097562005	1234
20130815	123	123	123	12.476603069449329	1234
20130815	123	123	123	8.998614270173766	1234
20130815	123	123	123	14.027640443843499	1234
20130815	123	123	123	0.8596764224231523	1234
20130815	123	123	123	12.108491397391344	1234
20130815	123	123	123	6.305399691852898	1234
20130815	123	123	123	2.3726141528640543	1234
20130815	123	123	123	8.65831934890677	1234
20130815	123	123	123	8.793278554239228	1234
20130815	123	123	123	14.509737114906008	1234
20130815	123	123	123	12.642248292913742	1234
20130815	123	123	123	8.127604021307953	1234
20130815	123	123	123	1.6375012210517403	1234
20130815	123	123	123	5.706280980630815	1234
20130815	123	123	123	2.088595107500688	1234
20130815	123	123	123	17.735458391169377	1234
20130815	123	123	123	2.9600028195620265	1234
20130815	123	123	123	260.03411369473406	1234
20130815	123	123	123	267.20693677345525	1234
20130815	123	123	123	278.59983566867373	1234
20130815	123	123	123	295.1556440609329	1234
20130815	123	123	123	298.79800575773754	1234
20130815	123	123	123	297.23576717327774	1234
20130815	123	123	123	318.57871490749034	1234
20130815	123	123	123	311.7212454202576	1234
20130815	123	123	123	326.1818875920299	1234
20130815	123	123	123	322.4615384615387	1234
20130815	123	123	123	348.94507057545087	1234
20130815	123	123	123	340.8069569344483	1234
20130815	123	123	123	350.0762940607793	1234
20130815	123	123	123	364.4965363125933	1234
20130815	123	123	123	370.6908898196879	1234
20130815	123	123	123	383.446731778298	1234
20130815	123	123	123	384.8332256934154	1234
20130815	123	123	123	391.5650353384855	1234
20130815	123	123	123	406.958038018648	1234
20130815	123	123	123	416.4018765681328	1234
20130815	123	123	123	418.4075739022534	1234
20130815	123	123	123	424.9044374380111	1234
20130815	123	123	123	425.5369947382105	1234
20130815	123	123	123	432.6538461538467	1234
20130815	123	123	123	440.0	1234
20130815	123	123	123	433.7692307692307	1234
20130815	123	123	123	425.0108141469957	1234
20130815	123	123	123	421.28917427723655	1234
20130815	123	123	123	409.2935064450672	1234
20130815	123	123	123	412.48621151379615	1234
20130815	123	123	123	409.12725339529123	1234
20130815	123	123	123	409.8714721425799	1234
20130815	123	123	123	408.2714541847663	1234
20130815	123	123	123	406.4517876597945	1234
20130815	123	123	123	401.0569530628621	1234
20130815	123	123	123	396.16545218959567	1234
20130815	123	123	123	396.384615384615	1234
20130815	123	123	123	386.47247850526236	1234
20130815	123	123	123	386.4793438508833	1234
20130815	123	123	123	394.03032878596485	1234
20130815	123	123	123	398.6986332964767	1234
20130815	123	123	123	413.32090014927974	1234
20130815	123	123	123	420.20683181433174	1234
20130815	123	123	123	422.9937331475181	1234
20130815	123	123	123	461.93657106754944	1234
20130815	123	123	123	466.3097442510513	1234
20130815	123	123	123	470.7085549121949	1234
20130815	123	123	123	475.2307692307695	1234
20130815	123	123	123	481.1316544182802	1234
20130815	123	123	123	487.0219371832417	1234
20130815	123	123	123	529.2115543782157	1234
20130815	123	123	123	514.9399558861613	1234
20130815	123	123	123	522.6187149252356	1234
20130815	123	123	123	519.8461538461543	1234
20130815	123	123	123	531.8441539685845	1234
20130815	123	123	123	515.8727321998851	1234
20130815	123	123	123	519.9230769230769	1234
20130815	123	123	123	503.5899805998962	1234
20130815	123	123	123	508.8461538461538	1234
20130815	123	123	123	500.7000632873915	1234
20130815	123	123	123	490.0227611806859	1234
20130815	123	123	123	484.91830159211395	1234
20130815	123	123	123	485.5384847738002	1234
20130815	123	123	123	470.32711288576934	1234
20130815	123	123	123	469.8332156168714	1234
20130815	123	123	123	457.45201012012865	1234
20130815	123	123	123	458.91539926335605	1234
20130815	123	123	123	457.069533236928	1234
20130815	123	123	123	443.53558323483446	1234
20130815	123	123	123	434.9491328310658	1234
20130815	123	123	123	437.83767133632944	1234
20130815	123	123	123	429.65877029189494	1234
20130815	123	123	123	431.30769230769215	1234
20130815	123	123	123	421.11420167882267	1234
20130815	123	123	123	410.44850328749834	1234
20130815	123	123	123	396.12356113864536	1234
20130815	123	123	123	399.63806983561153	1234
20130815	123	123	123	396.30455356420225	1234
20130815	123	123	123	390.47191603407015	1234
20130815	123	123	123	389.82188833002823	1234
20130815	123	123	123	393.13880858075606	1234
20130815	123	123	123	393.791369360717	1234
20130815	123	123	123	394.38461538461536	1234
20130815	123	123	123	400.5551194277235	1234
20130815	123	123	123	400.42308314506744	1234
20130815	123	123	123	402.67160950575175	1234
20130815	123	123	123	406.8668245315924	1234
20130815	123	123	123	417.91219768689643	1234
20130815	123	123	123	422.67654057720466	1234
20130815	123	123	123	429.785343570872	1234
20130815	123	123	123	431.6536593162661	1234
20130815	123	123	123	441.44487249294497	1234
20130815	123	123	123	441.3281674517294	1234
20130815	123	123	123	441.15384615384596	1234
20130815	123	123	123	443.9479637535071	1234
20130815	123	123	123	447.34902265920994	1234
20130815	123	123	123	449.4982662808357	1234
20130815	123	123	123	445.5554878670005	1234
20130815	123	123	123	438.99975026192925	1234
20130815	123	123	123	428.85811277265395	1234
20130815	123	123	123	421.6153846153845	1234
20130815	123	123	123	414.0831434149329	1234
20130815	123	123	123	395.92412970581654	1234
20130815	123	123	123	387.4676957932373	1234
20130815	123	123	123	377.23912969135426	1234
20130815	123	123	123	367.7099683149881	1234
20130815	123	123	123	359.55218371730484	1234
20130815	123	123	123	339.5862645617931	1234
20130815	123	123	123	347.5280799182346	1234
20130815	123	123	123	334.02682961400484	1234
20130815	123	123	123	325.2157119118073	1234
20130815	123	123	123	313.4925893381702	1234
20130815	123	123	123	306.73376342326293	1234
20130815	123	123	123	290.9262425823507	1234
20130815	123	123	123	292.0926670002673	1234
20130815	123	123	123	281.00367243044656	1234
20130815	123	123	123	281.0492602582148	1234
20130815	123	123	123	270.3099562201184	1234
20130815	123	123	123	256.5749562768322	1234
20130815	123	123	123	260.0	1234
20130815	123	123	123	2.1195145386749914	1234
20130815	123	123	123	14.233795110008598	1234
20130815	123	123	123	4.443019703671666	1234
20130815	123	123	123	4.131181795419847	1234
20130815	123	123	123	6.456824941181822	1234
20130815	123	123	123	8.557716694377913	1234
20130815	123	123	123	10.018600758919032	1234
20130815	123	123	123	1.0421609828345102	1234
20130815	123	123	123	5.990763295835782	1234
20130815	123	123	123	18.479150280735496	1234
20130815	123	123	123	19.668796587315946	1234
20130815	123	123	123	14.758681104083141	1234
20130815	123	123	123	3.9380048952542634	1234
20130815	123	123	123	15.031067587887897	1234
20130815	123	123	123	5.353071961930437	1234
20130815	123	123	123	3.637189758954127	1234
20130815	123	123	123	17.58141545588511	1234
20130815	123	123	123	0.9156135314666236	1234
20130815	123	123	123	11.089556134496487	1234
20130815	123	123	123	2.0282407596804286	1234
20130815	123	123	123	11.58553979215201	1234
20130815	123	123	123	15.034659111508331	1234
20130815	123	123	123	15.62620498750591	1234
20130815	123	123	123	17.664989222323452	1234
20130815	123	123	123	7.084740549532147	1234
20130815	123	123	123	11.126892979160397	1234
20130815	123	123	123	9.04286962466607	1234
20130815	123	123	123	14.9322153679929	1234
20130815	123	123	123	2.3771127144840443	1234
20130815	123	123	123	5.802593981113673	1234