time startPrice highestPrice lowestPrice endPrice transactionCount
20130815	123	123	123	4.3546637614794514	1234
20130815	123	123	123	2.525012694946107	1234
20130815	123	123	123	17.331012653327747	1234
20130815	123	123	123	5.684552009750576	1234
20130815	123	123	123	13.016209618915926	1234
20130815	123	123	123	5.739816655988226	1234
20130815	123	123	123	14.026095696090549	1234
20130815	123	123	123	3.5843457349378283	1234
20130815	123	123	123	15.652183430960998	1234
20130815	123	123	123	4.117599169171788	1234
20130815	123	123	123	3.1388379687404866	1234
20130815	123	123	123	18.948856494953834	1234
20130815	123	123	123	15.041242395604113	1234
20130815	123	123	123	8.77793064198647	1234
20130815	123	123	123	14.65915057842606	1234
20130815	123	123	123	12.117219328132183	1234
20130815	123	123	123	0.515800062541365	1234
20130815	123	123	123	3.7436401115601514	1234
20130815	123	123	123	16.349423315436372	1234
20130815	123	123	123	18.60457549047026	1234
20130815	123	123	123	15.422953274945439	1234
20130815	123	123	123	8.071780474567236	1234
20130815	123	123	123	1.5146431848206654	1234
20130815	123	123	123	15.226384692105928	1234
20130815	123	123	123	7.169892297876077	1234
20130815	123	123	123	5.614388031367175	1234
20130815	123	123	123	10.1763934759136	1234
20130815	123	123	123	7.545464855377664	1234
20130815	123	123	123	2.337304812207024	1234
20130815	123	123	123	0.9911908961506	1234
20130815	123	123	123	254.42818432507838	1234
20130815	123	123	123	259.2741922774525	1234
20130815	123	123	123	270.0321057737937	1234
20130815	123	123	123	274.4046412592934	1234
20130815	123	123	123	278.3846153846155	1234
20130815	123	123	123	289.008338467512	1234
20130815	123	123	123	301.97253932751624	1234
20130815	123	123	123	300.4230769230771	1234
20130815	123	123	123	318.6857405281142	1234
20130815	123	123	123	316.72200194887677	1234
20130815	123	123	123	323.4609941878168	1234
20130815	123	123	123	333.33559484346614	1234
20130815	123	123	123	338.7701062487307	1234
20130815	123	123	123	347.3133564603966	1234
20130815	123	123	123	351.84615384615415	1234
20130815	123	123	123	359.192307692308	1234
20130815	123	123	123	395.2495716783973	1234
20130815	123	123	123	390.9319843967143	1234
20130815	123	123	123	397.173505932808	1234
20130815	123	123	123	402.5640077766652	1234
20130815	123	123	123	403.2692307692312	1234
20130815	123	123	123	413.0311616922391	1234
20130815	123	123	123	438.7653711340074	1234
20130815	123	123	123	436.8390941559918	1234
20130815	123	123	123	438.35241345159733	1234
20130815	123	123	123	431.64195725740376	1234
20130815	123	123	123	431.3711072495705	1234
20130815	123	123	123	431.15785773964154	1234
20130815	123	123	123	419.1850646967375	1234
20130815	123	123	123	422.55464885513635	1234
20130815	123	123	123	410.6761550014176	1234
20130815	123	123	123	417.117904576412	1234
20130815	123	123	123	407.4518439418943	1234
20130815	123	123	123	402.9335620197773	1234
20130815	123	123	123	402.38551417606004	1234
20130815	123	123	123	400.5384615384612	1234
20130815	123	123	123	397.5477447598467	1234
20130815	123	123	123	388.45509076915454	1234
20130815	123	123	123	382.35688737752474	1234
20130815	123	123	123	392.4827277934972	1234
20130815	123	123	123	392.8950506363801	1234
20130815	123	123	123	406.306286127376	1234
20130815	123	123	123	403.09413129116336	1234
20130815	123	123	123	413.26604960925766	1234
20130815	123	123	123	424.0159906801604	1234
20130815	123	123	123	422.5885485355903	1234
20130815	123	123	123	436.7891071978986	1234
20130815	123	123	123	437.4201060963434	1234
20130815	123	123	123	446.9208587664275	1234
20130815	123	123	123	449.48313015352164	1234
20130815	123	123	123	462.7239135363154	1234
20130815	123	123	123	461.6117267771093	1234
20130815	123	123	123	468.4229717654615	1234
20130815	123	123	123	499.68964390790427	1234
20130815	123	123	123	493.46886498101793	1234
20130815	123	123	123	505.2256987220574	1234
20130815	123	123	123	513.2287317940571	1234
20130815	123	123	123	521.2279762023966	1234
20130815	123	123	123	528.1944675127373	1234
20130815	123	123	123	532.2401161287048	1234
20130815	123	123	123	531.0	1234
20130815	123	123	123	514.3846153846154	1234
20130815	123	123	123	506.94152938975253	1234
20130815	123	123	123	496.23742101446754	1234
20130815	123	123	123	496.483618593977	1234
20130815	123	123	123	480.09320968182334	1234
20130815	123	123	123	476.4683351296793	1234
20130815	123	123	123	467.16228232681823	1234
20130815	123	123	123	466.80610774966516	1234
20130815	123	123	123	463.9558781437743	1234
20130815	123	123	123	458.30289570678485	1234
20130815	123	123	123	445.2196650599099	1234
20130815	123	123	123	442.7834820617276	1234
20130815	123	123	123	430.85698814982504	1234
20130815	123	123	123	431.30769230769215	1234
20130815	123	123	123	417.9451361398894	1234
20130815	123	123	123	405.0124395826868	1234
20130815	123	123	123	407.4433067296495	1234
20130815	123	123	123	394.89571769758146	1234
20130815	123	123	123	395.61298374717444	1234
20130815	123	123	123	388.5394705682287	1234
20130815	123	123	123	387.0	1234
20130815	123	123	123	400.778606758849	1234
20130815	123	123	123	406.33106754529246	1234
20130815	123	123	123	404.23076923076917	1234
20130815	123	123	123	407.37350981422117	1234
20130815	123	123	123	419.75738677343213	1234
20130815	123	123	123	426.8948597570296	1234
20130815	123	123	123	429.64076774048493	1234
20130815	123	123	123	429.1798591365989	1234
20130815	123	123	123	434.08768708725944	1234
20130815	123	123	123	433.7692307692306	1234
20130815	123	123	123	446.1248870310558	1234
20130815	123	123	123	450.14724009373225	1234
20130815	123	123	123	454.2285259052243	1234
20130815	123	123	123	451.0	1234
20130815	123	123	123	443.6215134571073	1234
20130815	123	123	123	425.0389020268185	1234
20130815	123	123	123	427.99161008375273	1234
20130815	123	123	123	416.10306420573954	1234
20130815	123	123	123	405.42873743616923	1234
20130815	123	123	123	397.01707074074045	1234
20130815	123	123	123	376.6160902578437	1234
20130815	123	123	123	384.8846153846152	1234
20130815	123	123	123	377.4388678881943	1234
20130815	123	123	123	363.2456321884396	1234
20130815	123	123	123	358.27474063270034	1234
20130815	123	123	123	348.2778340870223	1234
20130815	123	123	123	332.62539915401743	1234
20130815	123	123	123	319.96802907164437	1234
20130815	123	123	123	319.68459385113283	1234
20130815	123	123	123	309.0136797218545	1234
20130815	123	123	123	308.6771914409024	1234
20130815	123	123	123	289.52346465971647	1234
20130815	123	123	123	296.722385116957	1234
20130815	123	123	123	286.3379733338095	1234
20130815	123	123	123	270.1954414755596	1234
20130815	123	123	123	269.862404199757	1234
20130815	123	123	123	264.4854064873468	1234
20130815	123	123	123	260.0	1234
20130815	123	123	123	5.089317421714366	1234
20130815	123	123	123	12.507118872336068	1234
20130815	123	123	123	18.035702584584218	1234
20130815	123	123	123	2.9540736944605905	1234
20130815	123	123	123	6.792565511928124	1234
20130815	123	123	123	9.287853039723458	1234
20130815	123	123	123	2.496007483080762	1234
20130815	123	123	123	17.04576741652758	1234
20130815	123	123	123	17.76762481430906	1234
20130815	123	123	123	18.668365147588936	1234
20130815	123	123	123	12.827132883016347	1234
20130815	123	123	123	8.302886034061373	1234
20130815	123	123	123	14.777858623036488	1234
20130815	123	123	123	6.651618114912512	1234
20130815	123	123	123	5.939704385186062	1234
20130815	123	123	123	11.726084758202528	1234
20130815	123	123	123	0.5939738970791031	1234
20130815	123	123	123	11.581990915586537	1234
20130815	123	123	123	19.826476871240363	1234
20130815	123	123	123	3.337779048060785	1234
20130815	123	123	123	1.563544264688077	1234
20130815	123	123	123	5.681635728877121	1234
20130815	123	123	123	16.706400598409495	1234
20130815	123	123	123	17.870512744640145	1234
20130815	123	123	123	15.86163354719314	1234
20130815	123	123	123	1.705338219473993	1234
20130815	123	123	123	6.980704839098049	1234
20130815	123	123	123	10.476722441872273	1234
20130815	123	123	123	18.763453927438803	1234
20130815	123	123	123	3.3253354762290033	1234