time startPrice highestPrice lowestPrice endPrice transactionCount
20130815	123	123	123	14.989661109165285	1234
20130815	123	123	123	16.377827773418993	1234
20130815	123	123	123	1.6918080061126206	1234
20130815	123	123	123	16.164458953071104	1234
20130815	123	123	123	15.981803291274943	1234
20130815	123	123	123	11.047937986000822	1234
20130815	123	123	123	7.941568283823514	1234
20130815	123	123	123	14.50435876793506	1234
20130815	123	123	123	15.612403733792066	1234
20130815	123	123	123	0.25115866599912495	1234
20130815	123	123	123	15.804190293729917	1234
20130815	123	123	123	10.290287517470116	1234
20130815	123	123	123	19.091058369233625	1234
20130815	123	123	123	14.261537773478036	1234
20130815	123	123	123	15.781913145047742	1234
20130815	123	123	123	1.170906796115081	1234
20130815	123	123	123	0.7135564606406453	1234
20130815	123	123	123	7.703757681108292	1234
20130815	123	123	123	5.906529460928242	1234
20130815	123	123	123	5.073406685982862	1234
20130815	123	123	123	9.51567471545375	1234
20130815	123	123	123	5.66523548968024	1234
20130815	123	123	123	9.227636717238031	1234
20130815	123	123	123	5.149648906375457	1234
20130815	123	123	123	19.497529884638876	1234
20130815	123	123	123	10.351828167755299	1234
20130815	123	123	123	0.030691506354880715	1234
20130815	123	123	123	19.64245358393778	1234
20130815	123	123	123	12.01920408601481	1234
20130815	123	123	123	4.174002839200059	1234
20130815	123	123	123	254.42031914887815	1234
20130815	123	123	123	262.04389152232926	1234
20130815	123	123	123	271.9387001541618	1234
20130815	123	123	123	274.01663331081477	1234
20130815	123	123	123	289.13486087744934	1234
20130815	123	123	123	290.5763272021476	1234
20130815	123	123	123	304.0930756314649	1234
20130815	123	123	123	316.5020459281769	1234
20130815	123	123	123	322.3392567288395	1234
20130815	123	123	123	356.1824287635553	1234
20130815	123	123	123	337.18619318935896	1234
20130815	123	123	123	350.4600210644842	1234
20130815	123	123	123	355.69878263309863	1234
20130815	123	123	123	379.4415330203185	1234
20130815	123	123	123	375.54229443486486	1234
20130815	123	123	123	377.34356119768864	1234
20130815	123	123	123	382.7623912674627	1234
20130815	123	123	123	396.7594348637502	1234
20130815	123	123	123	413.15321660148845	1234
20130815	123	123	123	409.5578839097312	1234
20130815	123	123	123	410.6153846153851	1234
20130815	123	123	123	425.7830842932374	1234
20130815	123	123	123	425.30769230769283	1234
20130815	123	123	123	438.3866340955521	1234
20130815	123	123	123	424.9457405724816	1234
20130815	123	123	123	424.2665344867572	1234
20130815	123	123	123	414.9761845207541	1234
20130815	123	123	123	418.283070039596	1234
20130815	123	123	123	395.4608050660046	1234
20130815	123	123	123	396.81335289836795	1234
20130815	123	123	123	387.6820440942328	1234
20130815	123	123	123	388.07692307692264	1234
20130815	123	123	123	397.60821084081806	1234
20130815	123	123	123	393.24134941074516	1234
20130815	123	123	123	401.1845272573199	1234
20130815	123	123	123	408.4316471672168	1234
20130815	123	123	123	414.103778908676	1234
20130815	123	123	123	418.6225523859311	1234
20130815	123	123	123	419.46153846153857	1234
20130815	123	123	123	436.02214941938945	1234
20130815	123	123	123	434.310171392627	1234
20130815	123	123	123	440.31836126889993	1234
20130815	123	123	123	448.5404637825548	1234
20130815	123	123	123	452.92307692307713	1234
20130815	123	123	123	459.2950042009622	1234
20130815	123	123	123	468.12762330256163	1234
20130815	123	123	123	475.6885270045255	1234
20130815	123	123	123	488.683166495901	1234
20130815	123	123	123	492.55174628228104	1234
20130815	123	123	123	490.03997678929176	1234
20130815	123	123	123	503.6068465230331	1234
20130815	123	123	123	499.20441379883414	1234
20130815	123	123	123	506.00539424475915	1234
20130815	123	123	123	509.4481354243199	1234
20130815	123	123	123	515.2292565335842	1234
20130815	123	123	123	527.342313656149	1234
20130815	123	123	123	535.2789936324475	1234
20130815	123	123	123	531.0	1234
20130815	123	123	123	522.9257413107773	1234
20130815	123	123	123	514.5287184287105	1234
20130815	123	123	123	510.12386853011964	1234
20130815	123	123	123	506.31533636089824	1234
20130815	123	123	123	489.8213869016319	1234
20130815	123	123	123	487.46361369171	1234
20130815	123	123	123	477.0872360083562	1234
20130815	123	123	123	469.75336799727773	1234
20130815	123	123	123	455.73014341703333	1234
20130815	123	123	123	450.5097620778472	1234
20130815	123	123	123	441.50905857788644	1234
20130815	123	123	123	447.8979718547931	1234
20130815	123	123	123	442.38461538461524	1234
20130815	123	123	123	432.81100628394483	1234
20130815	123	123	123	429.97298267840915	1234
20130815	123	123	123	420.23076923076906	1234
20130815	123	123	123	408.7737541583656	1234
20130815	123	123	123	405.4672637686386	1234
20130815	123	123	123	397.76087450809655	1234
20130815	123	123	123	388.29406017996945	1234
20130815	123	123	123	388.2764539897668	1234
20130815	123	123	123	395.0827150579917	1234
20130815	123	123	123	397.9135972286608	1234
20130815	123	123	123	399.7331589988223	1234
20130815	123	123	123	397.07320588727447	1234
20130815	123	123	123	403.34195410168496	1234
20130815	123	123	123	413.7302208694907	1234
20130815	123	123	123	406.6923076923076	1234
20130815	123	123	123	412.4480769591602	1234
20130815	123	123	123	416.3173291638185	1234
20130815	123	123	123	429.8879315830289	1234
20130815	123	123	123	424.62469130636015	1234
20130815	123	123	123	427.5995035069796	1234
20130815	123	123	123	433.7692307692306	1234
20130815	123	123	123	436.7017270368907	1234
20130815	123	123	123	441.1894102138205	1234
20130815	123	123	123	446.33091994383057	1234
20130815	123	123	123	446.11432680305546	1234
20130815	123	123	123	439.7088154002903	1234
20130815	123	123	123	424.5117154849524	1234
20130815	123	123	123	418.4119243127998	1234
20130815	123	123	123	416.0285726735483	1234
20130815	123	123	123	400.2467520653621	1234
20130815	123	123	123	401.6779384129573	1234
20130815	123	123	123	399.5769230769229	1234
20130815	123	123	123	386.2728979770889	1234
20130815	123	123	123	376.17621935314867	1234
20130815	123	123	123	374.60117697736433	1234
20130815	123	123	123	365.6299388405071	1234
20130815	123	123	123	358.93487181475274	1234
20130815	123	123	123	352.3099614573803	1234
20130815	123	123	123	347.5010212838897	1234
20130815	123	123	123	331.46291162169825	1234
20130815	123	123	123	315.70088255190694	1234
20130815	123	123	123	318.7692307692304	1234
20130815	123	123	123	306.3975631644524	1234
20130815	123	123	123	291.68914978306304	1234
20130815	123	123	123	285.02374511501455	1234
20130815	123	123	123	273.7868413904154	1234
20130815	123	123	123	273.37683499238454	1234
20130815	123	123	123	266.903570478974	1234
20130815	123	123	123	260.0	1234
20130815	123	123	123	17.215653956160885	1234
20130815	123	123	123	14.717062846475347	1234
20130815	123	123	123	0.40975016979584833	1234
20130815	123	123	123	11.497947693373147	1234
20130815	123	123	123	19.77090876486156	1234
20130815	123	123	123	1.2129928545725233	1234
20130815	123	123	123	2.3981015236070036	1234
20130815	123	123	123	5.768796332977946	1234
20130815	123	123	123	18.90606434725084	1234
20130815	123	123	123	7.306622954850677	1234
20130815	123	123	123	14.66581007040496	1234
20130815	123	123	123	11.310759653722647	1234
20130815	123	123	123	4.161137095603086	1234
20130815	123	123	123	18.235039978735372	1234
20130815	123	123	123	5.637949734330028	1234
20130815	123	123	123	9.831642850718676	1234
20130815	123	123	123	6.688529996992296	1234
20130815	123	123	123	1.5168001004998288	1234
20130815	123	123	123	17.5699211302467	1234
20130815	123	123	123	0.5068614944761496	1234
20130815	123	123	123	11.908120375026542	1234
20130815	123	123	123	11.515442262182285	1234
20130815	123	123	123	17.054302898647165	1234
20130815	123	123	123	19.490737896505358	1234
20130815	123	123	123	5.864686596229623	1234
20130815	123	123	123	10.72672517400014	1234
20130815	123	123	123	14.26330373974043	1234
20130815	123	123	123	19.800515467654908	1234
20130815	123	123	123	14.870795715071186	1234
20130815	123	123	123	16.830735236630886	1234