time startPrice highestPrice lowestPrice endPrice transactionCount
20130815	123	123	123	2.4877525745938778	1234
20130815	123	123	123	13.184642619135118	1234
20130815	123	123	123	19.251418372854417	1234
20130815	123	123	123	16.695950931513764	1234
20130815	123	123	123	15.085067283996816	1234
20130815	123	123	123	4.3762943433773405	1234
20130815	123	123	123	19.594067537076654	1234
20130815	123	123	123	5.684158517495932	1234
20130815	123	123	123	3.484422179333302	1234
20130815	123	123	123	12.702855043161472	1234
20130815	123	123	123	6.646180526521086	1234
20130815	123	123	123	18.954545146150142	1234
20130815	123	123	123	12.483903743633567	1234
20130815	123	123	123	0.9835133143789321	1234
20130815	123	123	123	11.679662817587907	1234
20130815	123	123	123	2.0309999187761973	1234
20130815	123	123	123	19.330678848273035	1234
20130815	123	123	123	13.481697362874081	1234
20130815	123	123	123	2.949594112468823	1234
20130815	123	123	123	9.622021186954221	1234
20130815	123	123	123	5.717026195716672	1234
20130815	123	123	123	4.085118030900052	1234
20130815	123	123	123	14.2622706519868	1234
20130815	123	123	123	18.20243545692254	1234
20130815	123	123	123	16.810311594914104	1234
20130815	123	123	123	9.93421355161505	1234
20130815	123	123	123	13.52549082058571	1234
20130815	123	123	123	11.271603386477555	1234
20130815	123	123	123	3.120731617847765	1234
20130815	123	123	123	7.71395490230973	1234
20130815	123	123	123	253.0008995004614	1234
20130815	123	123	123	267.32396925470016	1234
20130815	123	123	123	278.54341963278625	1234
20130815	123	123	123	294.00583876643265	1234
20130815	123	123	123	308.08658693440094	1234
20130815	123	123	123	311.37160968720326	1234
20130815	123	123	123	331.06231614469374	1234
20130815	123	123	123	326.3834004320685	1234
20130815	123	123	123	346.50002500227623	1234
20130815	123	123	123	341.89896664081624	1234
20130815	123	123	123	344.5000000000003	1234
20130815	123	123	123	355.20311491068856	1234
20130815	123	123	123	362.76173907065964	1234
20130815	123	123	123	388.5769230769235	1234
20130815	123	123	123	401.1736276016325	1234
20130815	123	123	123	414.96831104554155	1234
20130815	123	123	123	416.24863000955526	1234
20130815	123	123	123	424.8203416251676	1234
20130815	123	123	123	444.37841484289714	1234
20130815	123	123	123	435.0408995566275	1234
20130815	123	123	123	439.10031498891254	1234
20130815	123	123	123	437.55653180204513	1234
20130815	123	123	123	435.8461538461538	1234
20130815	123	123	123	433.7692307692307	1234
20130815	123	123	123	428.7552477793776	1234
20130815	123	123	123	423.8519123329655	1234
20130815	123	123	123	418.52742983117025	1234
20130815	123	123	123	419.23076923076906	1234
20130815	123	123	123	415.5588898342366	1234
20130815	123	123	123	413.57926802275455	1234
20130815	123	123	123	412.79566852062425	1234
20130815	123	123	123	409.93032158434215	1234
20130815	123	123	123	408.8272122687982	1234
20130815	123	123	123	404.89103657403683	1234
20130815	123	123	123	402.54255440604305	1234
20130815	123	123	123	401.9626254867786	1234
20130815	123	123	123	398.1653621742449	1234
20130815	123	123	123	398.4615384615381	1234
20130815	123	123	123	391.981496365937	1234
20130815	123	123	123	386.62972904639463	1234
20130815	123	123	123	403.9783152658997	1234
20130815	123	123	123	415.8523820584482	1234
20130815	123	123	123	422.2951907076341	1234
20130815	123	123	123	433.73849467296026	1234
20130815	123	123	123	439.39754325351146	1234
20130815	123	123	123	441.85569838283965	1234
20130815	123	123	123	441.76923076923094	1234
20130815	123	123	123	448.86619233650555	1234
20130815	123	123	123	458.1536676900846	1234
20130815	123	123	123	461.74900883716975	1234
20130815	123	123	123	470.73994153666496	1234
20130815	123	123	123	477.08700044320744	1234
20130815	123	123	123	483.91119131440604	1234
20130815	123	123	123	486.6553321659833	1234
20130815	123	123	123	499.7783429349136	1234
20130815	123	123	123	498.9809745184003	1234
20130815	123	123	123	499.7904770560522	1234
20130815	123	123	123	506.487295254837	1234
20130815	123	123	123	512.0361367503871	1234
20130815	123	123	123	515.2306285133134	1234
20130815	123	123	123	525.0920869373745	1234
20130815	123	123	123	529.014011787162	1234
20130815	123	123	123	527.3358497808138	1234
20130815	123	123	123	522.5372620013004	1234
20130815	123	123	123	510.4888148964477	1234
20130815	123	123	123	507.55784159969653	1234
20130815	123	123	123	508.8461538461538	1234
20130815	123	123	123	492.32864749558195	1234
20130815	123	123	123	486.8597303236116	1234
20130815	123	123	123	475.2603302009085	1234
20130815	123	123	123	481.1538461538461	1234
20130815	123	123	123	468.0379008393884	1234
20130815	123	123	123	468.5343857865617	1234
20130815	123	123	123	464.53846153846143	1234
20130815	123	123	123	458.68066933915577	1234
20130815	123	123	123	453.46153846153834	1234
20130815	123	123	123	441.326763684653	1234
20130815	123	123	123	436.6274905197336	1234
20130815	123	123	123	431.1758101391374	1234
20130815	123	123	123	418.0802984053966	1234
20130815	123	123	123	411.01016729295014	1234
20130815	123	123	123	408.71305803070913	1234
20130815	123	123	123	402.61168254315055	1234
20130815	123	123	123	401.2210246602063	1234
20130815	123	123	123	395.34253782850874	1234
20130815	123	123	123	386.21990299536924	1234
20130815	123	123	123	392.3912451760282	1234
20130815	123	123	123	389.51179801364356	1234
20130815	123	123	123	406.520591938896	1234
20130815	123	123	123	409.7112137811325	1234
20130815	123	123	123	410.9535983520255	1234
20130815	123	123	123	415.1200329637415	1234
20130815	123	123	123	440.4311948183072	1234
20130815	123	123	123	432.25668793000966	1234
20130815	123	123	123	432.3225169725887	1234
20130815	123	123	123	435.30520755558354	1234
20130815	123	123	123	447.5335646657037	1234
20130815	123	123	123	447.78139627683373	1234
20130815	123	123	123	448.97453934079084	1234
20130815	123	123	123	451.0	1234
20130815	123	123	123	436.30769230769226	1234
20130815	123	123	123	397.9931824454089	1234
20130815	123	123	123	406.9230769230768	1234
20130815	123	123	123	363.7123220963981	1234
20130815	123	123	123	381.77612048721414	1234
20130815	123	123	123	366.56076431682953	1234
20130815	123	123	123	357.1387353625377	1234
20130815	123	123	123	353.5541829417066	1234
20130815	123	123	123	353.8835517098908	1234
20130815	123	123	123	348.15384615384585	1234
20130815	123	123	123	331.6522306841244	1234
20130815	123	123	123	326.7588554119909	1234
20130815	123	123	123	315.1095684883634	1234
20130815	123	123	123	316.1970713462107	1234
20130815	123	123	123	305.88327489921846	1234
20130815	123	123	123	296.7198234231719	1234
20130815	123	123	123	274.00009695241073	1234
20130815	123	123	123	261.7230620936637	1234
20130815	123	123	123	258.3844110391362	1234
20130815	123	123	123	260.0	1234
20130815	123	123	123	9.164992405170306	1234
20130815	123	123	123	17.91127913918166	1234
20130815	123	123	123	5.952071763268576	1234
20130815	123	123	123	18.67164109864316	1234
20130815	123	123	123	11.294861803183899	1234
20130815	123	123	123	10.676456037112501	1234
20130815	123	123	123	5.2471204654439845	1234
20130815	123	123	123	15.395956164375868	1234
20130815	123	123	123	6.6586384776147405	1234
20130815	123	123	123	2.387669305400506	1234
20130815	123	123	123	19.830792643181866	1234
20130815	123	123	123	8.490228958220495	1234
20130815	123	123	123	11.611743650447918	1234
20130815	123	123	123	3.053401890537124	1234
20130815	123	123	123	14.370418569344805	1234
20130815	123	123	123	14.495479897302932	1234
20130815	123	123	123	15.794769121311447	1234
20130815	123	123	123	7.936384804668515	1234
20130815	123	123	123	4.8140674092272295	1234
20130815	123	123	123	7.766506741380697	1234
20130815	123	123	123	0.6510707907497726	1234
20130815	123	123	123	5.687740625046398	1234
20130815	123	123	123	4.63416704497895	1234
20130815	123	123	123	18.476911183986736	1234
20130815	123	123	123	11.571012420951766	1234
20130815	123	123	123	1.5080778267231665	1234
20130815	123	123	123	17.89510820504177	1234
20130815	123	123	123	16.52662317593689	1234
20130815	123	123	123	0.19911596423381583	1234
20130815	123	123	123	4.454800077103734	1234