time startPrice highestPrice lowestPrice endPrice transactionCount
20130815	123	123	123	4.9955637247766855	1234
20130815	123	123	123	5.2666863202244985	1234
20130815	123	123	123	6.213123755727617	1234
20130815	123	123	123	18.47498590295071	1234
20130815	123	123	123	8.790315558814045	1234
20130815	123	123	123	15.39154708557637	1234
20130815	123	123	123	2.2188774655094146	1234
20130815	123	123	123	0.19467972921221044	1234
20130815	123	123	123	0.1499235346377792	1234
20130815	123	123	123	0.6843657254709723	1234
20130815	123	123	123	14.592315660070112	1234
20130815	123	123	123	14.718693693574192	1234
20130815	123	123	123	5.217524408388519	1234
20130815	123	123	123	9.81149320616366	1234
20130815	123	123	123	12.645394222244686	1234
20130815	123	123	123	16.223460710904803	1234
20130815	123	123	123	11.247607926800613	1234
20130815	123	123	123	9.09183236970331	1234
20130815	123	123	123	19.07450004933062	1234
20130815	123	123	123	8.66335848763779	1234
20130815	123	123	123	12.427638025479855	1234
20130815	123	123	123	15.869504287260632	1234
20130815	123	123	123	16.869154629741946	1234
20130815	123	123	123	16.22174861479956	1234
20130815	123	123	123	10.645601889529084	1234
20130815	123	123	123	2.7810813053025174	1234
20130815	123	123	123	10.237997663906429	1234
20130815	123	123	123	9.804588971560426	1234
20130815	123	123	123	9.722161521696272	1234
20130815	123	123	123	5.190945833466096	1234
20130815	123	123	123	254.8333273915591	1234
20130815	123	123	123	262.25982818484346	1234
20130815	123	123	123	263.69230769230774	1234
20130815	123	123	123	278.9806766230072	1234
20130815	123	123	123	280.46740693093125	1234
20130815	123	123	123	293.6238765673665	1234
20130815	123	123	123	315.6403185499077	1234
20130815	123	123	123	313.254568135551	1234
20130815	123	123	123	315.7239945671689	1234
20130815	123	123	123	335.64781843984787	1234
20130815	123	123	123	329.83959660295346	1234
20130815	123	123	123	347.99798093276075	1234
20130815	123	123	123	352.9530439818073	1234
20130815	123	123	123	365.19819695362014	1234
20130815	123	123	123	371.87270056537153	1234
20130815	123	123	123	373.88461538461576	1234
20130815	123	123	123	390.18392984643856	1234
20130815	123	123	123	393.9849268272194	1234
20130815	123	123	123	395.92307692307736	1234
20130815	123	123	123	408.41600328844396	1234
20130815	123	123	123	414.5070029411899	1234
20130815	123	123	123	419.0442478825232	1234
20130815	123	123	123	437.0643040851203	1234
20130815	123	123	123	432.8893855088871	1234
20130815	123	123	123	438.9858499815166	1234
20130815	123	123	123	437.9230769230769	1234
20130815	123	123	123	434.7284018878387	1234
20130815	123	123	123	428.69857325552647	1234
20130815	123	123	123	429.0885829188605	1234
20130815	123	123	123	420.0039711764344	1234
20130815	123	123	123	420.8597942100753	1234
20130815	123	123	123	417.9162934364106	1234
20130815	123	123	123	414.71634522360864	1234
20130815	123	123	123	409.94437324780523	1234
20130815	123	123	123	410.9230769230767	1234
20130815	123	123	123	408.81656070440806	1234
20130815	123	123	123	403.1398627307826	1234
20130815	123	123	123	398.4668462830792	1234
20130815	123	123	123	400.23174867421676	1234
20130815	123	123	123	394.97734435060954	1234
20130815	123	123	123	391.2085984815594	1234
20130815	123	123	123	392.23076923076883	1234
20130815	123	123	123	388.7852293947132	1234
20130815	123	123	123	387.44988341735404	1234
20130815	123	123	123	402.3854356939128	1234
20130815	123	123	123	398.0360791126999	1234
20130815	123	123	123	402.7307692307693	1234
20130815	123	123	123	417.26280111640705	1234
20130815	123	123	123	428.9371268177968	1234
20130815	123	123	123	425.03846153846166	1234
20130815	123	123	123	442.2824090386254	1234
20130815	123	123	123	453.5055174631859	1234
20130815	123	123	123	464.8617714620572	1234
20130815	123	123	123	484.8026540943487	1234
20130815	123	123	123	485.8131806394715	1234
20130815	123	123	123	489.7716746030111	1234
20130815	123	123	123	488.12895127352334	1234
20130815	123	123	123	493.86235212583546	1234
20130815	123	123	123	505.5585536101136	1234
20130815	123	123	123	508.98189692209024	1234
20130815	123	123	123	534.7830866832148	1234
20130815	123	123	123	527.612577294256	1234
20130815	123	123	123	531.0	1234
20130815	123	123	123	515.8526439034122	1234
20130815	123	123	123	509.18498364378644	1234
20130815	123	123	123	508.0058635587375	1234
20130815	123	123	123	495.2001421273334	1234
20130815	123	123	123	494.5143960613778	1234
20130815	123	123	123	489.44556055327513	1234
20130815	123	123	123	482.0349498454767	1234
20130815	123	123	123	473.762735438743	1234
20130815	123	123	123	475.42347251773845	1234
20130815	123	123	123	466.04979326901366	1234
20130815	123	123	123	396.9033536526824	1234
20130815	123	123	123	423.03309486347047	1234
20130815	123	123	123	414.6656829822122	1234
20130815	123	123	123	411.2365348084919	1234
20130815	123	123	123	397.77384802185867	1234
20130815	123	123	123	390.6407187989112	1234
20130815	123	123	123	387.13310767948315	1234
20130815	123	123	123	393.8476106623195	1234
20130815	123	123	123	396.73139753873585	1234
20130815	123	123	123	399.2200011098707	1234
20130815	123	123	123	401.3536663230484	1234
20130815	123	123	123	407.0842079840892	1234
20130815	123	123	123	412.1827181407433	1234
20130815	123	123	123	412.14396119412436	1234
20130815	123	123	123	417.34322993533743	1234
20130815	123	123	123	430.31708263340244	1234
20130815	123	123	123	422.7753814303954	1234
20130815	123	123	123	423.9230769230768	1234
20130815	123	123	123	430.6892562370709	1234
20130815	123	123	123	438.9807115653313	1234
20130815	123	123	123	436.36491242908926	1234
20130815	123	123	123	440.4963088071367	1234
20130815	123	123	123	445.86410654775034	1234
20130815	123	123	123	446.79866069009483	1234
20130815	123	123	123	451.47281815274533	1234
20130815	123	123	123	434.03798813185125	1234
20130815	123	123	123	434.48638186139715	1234
20130815	123	123	123	434.1322297379643	1234
20130815	123	123	123	427.4019957373914	1234
20130815	123	123	123	417.49932489523155	1234
20130815	123	123	123	407.60256931538106	1234
20130815	123	123	123	399.61248392381106	1234
20130815	123	123	123	397.6517219920643	1234
20130815	123	123	123	386.39881651509427	1234
20130815	123	123	123	376.4390723205609	1234
20130815	123	123	123	374.2540817963226	1234
20130815	123	123	123	370.19230769230745	1234
20130815	123	123	123	362.44222967339766	1234
20130815	123	123	123	348.09192276228663	1234
20130815	123	123	123	341.48068346001736	1234
20130815	123	123	123	339.4971121785309	1234
20130815	123	123	123	312.88297541918337	1234
20130815	123	123	123	292.73052070157087	1234
20130815	123	123	123	280.3478064761768	1234
20130815	123	123	123	269.7915676897792	1234
20130815	123	123	123	267.3461538461533	1234
20130815	123	123	123	260.0	1234
20130815	123	123	123	8.588300242425221	1234
20130815	123	123	123	11.195887777500676	1234
20130815	123	123	123	18.442492930073545	1234
20130815	123	123	123	19.79098814299405	1234
20130815	123	123	123	3.4741738617656237	1234
20130815	123	123	123	18.779413735313447	1234
20130815	123	123	123	7.66430002988111	1234
20130815	123	123	123	16.208520732197602	1234
20130815	123	123	123	12.432535386533633	1234
20130815	123	123	123	9.141239284294539	1234
20130815	123	123	123	9.844900243303858	1234
20130815	123	123	123	15.43892987817695	1234
20130815	123	123	123	10.754809323599128	1234
20130815	123	123	123	7.402847110672974	1234
20130815	123	123	123	5.521681974573314	1234
20130815	123	123	123	19.017255707759503	1234
20130815	123	123	123	2.4962417266794468	1234
20130815	123	123	123	5.794688932800245	1234
20130815	123	123	123	10.59664613171044	1234
20130815	123	123	123	1.0655392253197382	1234
20130815	123	123	123	15.403615960421558	1234
20130815	123	123	123	4.765241852790272	1234
20130815	123	123	123	0.7171381374993047	1234
20130815	123	123	123	1.7004310133751144	1234
20130815	123	123	123	0.9460576973076096	1234
20130815	123	123	123	13.830756473014642	1234
20130815	123	123	123	4.61129991197041	1234
20130815	123	123	123	4.758219687448015	1234
20130815	123	123	123	0.2625333438392241	1234
20130815	123	123	123	0.4060620202078491	1234