time startPrice highestPrice lowestPrice endPrice transactionCount
20130815	123	123	123	8.097037201682289	1234
20130815	123	123	123	16.388217474520996	1234
20130815	123	123	123	17.775980722469285	1234
20130815	123	123	123	9.193814376792407	1234
20130815	123	123	123	4.649872450940875	1234
20130815	123	123	123	12.94207849390163	1234
20130815	123	123	123	4.5334822277792775	1234
20130815	123	123	123	12.053551368377843	1234
20130815	123	123	123	1.961699322473378	1234
20130815	123	123	123	2.4628207439282557	1234
20130815	123	123	123	12.147834458196307	1234
20130815	123	123	123	14.526071902951657	1234
20130815	123	123	123	12.056125752954745	1234
20130815	123	123	123	19.64074131772254	1234
20130815	123	123	123	13.627747148144746	1234
20130815	123	123	123	0.3320290217545985	1234
20130815	123	123	123	15.539243798740594	1234
20130815	123	123	123	3.6346209013198405	1234
20130815	123	123	123	6.079365668403501	1234
20130815	123	123	123	9.376931563797271	1234
20130815	123	123	123	0.6211523254643292	1234
20130815	123	123	123	9.182105593972317	1234
20130815	123	123	123	8.61974657306931	1234
20130815	123	123	123	15.92006050999047	1234
20130815	123	123	123	12.02420468939345	1234
20130815	123	123	123	5.825722278562278	1234
20130815	123	123	123	8.457393186868478	1234
20130815	123	123	123	11.950387952014177	1234
20130815	123	123	123	16.558371982357002	1234
20130815	123	123	123	15.008555868050003	1234
20130815	123	123	123	249.91385399125625	1234
20130815	123	123	123	261.0629739960655	1234
20130815	123	123	123	271.41776091924424	1234
20130815	123	123	123	282.59438786191527	1234
20130815	123	123	123	294.35713757979596	1234
20130815	123	123	123	301.50330790219095	1234
20130815	123	123	123	300.4230769230771	1234
20130815	123	123	123	307.8363390750871	1234
20130815	123	123	123	327.6483284196078	1234
20130815	123	123	123	331.1405880864014	1234
20130815	123	123	123	347.31829377475884	1234
20130815	123	123	123	355.6951122592439	1234
20130815	123	123	123	359.192307692308	1234
20130815	123	123	123	395.70592734819945	1234
20130815	123	123	123	403.8155900618851	1234
20130815	123	123	123	409.2994634426133	1234
20130815	123	123	123	422.6737630536302	1234
20130815	123	123	123	429.17840121457067	1234
20130815	123	123	123	428.8840520397075	1234
20130815	123	123	123	436.47109124927147	1234
20130815	123	123	123	437.214050777624	1234
20130815	123	123	123	435.7641730658223	1234
20130815	123	123	123	430.3254625191631	1234
20130815	123	123	123	427.09129030875744	1234
20130815	123	123	123	427.53846153846143	1234
20130815	123	123	123	418.05478729902876	1234
20130815	123	123	123	417.15384615384596	1234
20130815	123	123	123	411.4238053292342	1234
20130815	123	123	123	406.2903270276938	1234
20130815	123	123	123	403.4231077961418	1234
20130815	123	123	123	399.6016489943386	1234
20130815	123	123	123	391.6177888759198	1234
20130815	123	123	123	390.93364961275375	1234
20130815	123	123	123	388.56664248660223	1234
20130815	123	123	123	386.46287152208345	1234
20130815	123	123	123	386.0	1234
20130815	123	123	123	391.5769230769231	1234
20130815	123	123	123	406.1297486605491	1234
20130815	123	123	123	403.8618627749106	1234
20130815	123	123	123	416.72275865240294	1234
20130815	123	123	123	423.2783305350635	1234
20130815	123	123	123	420.2902173872587	1234
20130815	123	123	123	447.1567905198898	1234
20130815	123	123	123	449.68680093104257	1234
20130815	123	123	123	465.72221631765836	1234
20130815	123	123	123	461.8905923049555	1234
20130815	123	123	123	467.8676832246965	1234
20130815	123	123	123	474.0775214577525	1234
20130815	123	123	123	480.2288415682261	1234
20130815	123	123	123	481.2914481737793	1234
20130815	123	123	123	506.3726124954483	1234
20130815	123	123	123	505.6911227560344	1234
20130815	123	123	123	513.9566203462703	1234
20130815	123	123	123	530.3154586549695	1234
20130815	123	123	123	528.7178722450357	1234
20130815	123	123	123	522.5560153942816	1234
20130815	123	123	123	510.4668104138887	1234
20130815	123	123	123	491.58347363528395	1234
20130815	123	123	123	495.5403141838402	1234
20130815	123	123	123	480.5861425250783	1234
20130815	123	123	123	477.4843937968217	1234
20130815	123	123	123	478.3447229647404	1234
20130815	123	123	123	473.03602506487044	1234
20130815	123	123	123	469.226941162229	1234
20130815	123	123	123	463.93646640994285	1234
20130815	123	123	123	455.9199832917837	1234
20130815	123	123	123	440.7891000028168	1234
20130815	123	123	123	439.33586457683424	1234
20130815	123	123	123	427.8136439085381	1234
20130815	123	123	123	423.76891535195296	1234
20130815	123	123	123	423.84406546694555	1234
20130815	123	123	123	408.92973351688397	1234
20130815	123	123	123	409.32499844027456	1234
20130815	123	123	123	408.86235789195695	1234
20130815	123	123	123	398.6038712865262	1234
20130815	123	123	123	397.04745237064606	1234
20130815	123	123	123	384.2949731495033	1234
20130815	123	123	123	387.0180149418564	1234
20130815	123	123	123	389.46153846153845	1234
20130815	123	123	123	396.57430078582786	1234
20130815	123	123	123	398.7468659634494	1234
20130815	123	123	123	403.6205583021876	1234
20130815	123	123	123	403.08784845417455	1234
20130815	123	123	123	406.8100298588297	1234
20130815	123	123	123	415.8769005205686	1234
20130815	123	123	123	416.53846153846143	1234
20130815	123	123	123	424.9138790847151	1234
20130815	123	123	123	422.9372885580336	1234
20130815	123	123	123	425.03226881169144	1234
20130815	123	123	123	427.12628548075	1234
20130815	123	123	123	432.56536752392265	1234
20130815	123	123	123	433.7692307692306	1234
20130815	123	123	123	439.4406320246031	1234
20130815	123	123	123	444.4785068890542	1234
20130815	123	123	123	446.07692307692287	1234
20130815	123	123	123	452.95017261042625	1234
20130815	123	123	123	450.8181965214227	1234
20130815	123	123	123	432.09203793029747	1234
20130815	123	123	123	435.4919807576896	1234
20130815	123	123	123	428.9615384615384	1234
20130815	123	123	123	418.34914441149874	1234
20130815	123	123	123	414.26923076923066	1234
20130815	123	123	123	371.89955464973104	1234
20130815	123	123	123	380.25428856138353	1234
20130815	123	123	123	375.4100391746836	1234
20130815	123	123	123	343.5236239153886	1234
20130815	123	123	123	355.4999999999997	1234
20130815	123	123	123	335.5428405514545	1234
20130815	123	123	123	340.807692307692	1234
20130815	123	123	123	322.9031150589502	1234
20130815	123	123	123	325.8698210857641	1234
20130815	123	123	123	314.9727879205501	1234
20130815	123	123	123	310.4326107932141	1234
20130815	123	123	123	302.97929453496477	1234
20130815	123	123	123	292.7245964208162	1234
20130815	123	123	123	283.54661005326886	1234
20130815	123	123	123	266.7699947000578	1234
20130815	123	123	123	267.98555697393033	1234
20130815	123	123	123	251.7438297832872	1234
20130815	123	123	123	260.0	1234
20130815	123	123	123	9.625321939102927	1234
20130815	123	123	123	19.556731397772754	1234
20130815	123	123	123	18.335527377198165	1234
20130815	123	123	123	14.891275993716482	1234
20130815	123	123	123	19.106038154022322	1234
20130815	123	123	123	12.739536040329257	1234
20130815	123	123	123	15.910858227081262	1234
20130815	123	123	123	0.9648521270018895	1234
20130815	123	123	123	8.466709212325846	1234
20130815	123	123	123	13.896817350496908	1234
20130815	123	123	123	6.081020403193693	1234
20130815	123	123	123	6.880953746075584	1234
20130815	123	123	123	15.626725656211454	1234
20130815	123	123	123	3.1269793837375603	1234
20130815	123	123	123	4.635053172593957	1234
20130815	123	123	123	4.3946912025324	1234
20130815	123	123	123	1.0087536102074957	1234
20130815	123	123	123	19.526351575964654	1234
20130815	123	123	123	13.045487324305567	1234
20130815	123	123	123	13.91200149186319	1234
20130815	123	123	123	5.078273539502918	1234
20130815	123	123	123	2.819464934563276	1234
20130815	123	123	123	11.903472060734517	1234
20130815	123	123	123	7.856653370103781	1234
20130815	123	123	123	10.155528683143435	1234
20130815	123	123	123	0.9452342619423204	1234
20130815	123	123	123	6.843166258904252	1234
20130815	123	123	123	17.91948543821469	1234
20130815	123	123	123	8.387691313034725	1234
20130815	123	123	123	14.632370188638003	1234