time startPrice highestPrice lowestPrice endPrice transactionCount
20130815	123	123	123	7.766744893239023	1234
20130815	123	123	123	5.931285953695708	1234
20130815	123	123	123	13.489346136073186	1234
20130815	123	123	123	1.1160538701262812	1234
20130815	123	123	123	13.972530834811812	1234
20130815	123	123	123	14.676797233743457	1234
20130815	123	123	123	11.26956910308721	1234
20130815	123	123	123	13.119122581625405	1234
20130815	123	123	123	17.474497081829266	1234
20130815	123	123	123	17.741708121774213	1234
20130815	123	123	123	7.708112114264678	1234
20130815	123	123	123	16.33498298458088	1234
20130815	123	123	123	19.55718463045369	1234
20130815	123	123	123	7.079618563808521	1234
20130815	123	123	123	14.391449705332109	1234
20130815	123	123	123	11.101232926679494	1234
20130815	123	123	123	6.861615676420145	1234
20130815	123	123	123	1.8128934563127141	1234
20130815	123	123	123	3.2527382628129176	1234
20130815	123	123	123	18.182509463916627	1234
20130815	123	123	123	19.04725746940902	1234
20130815	123	123	123	6.120694386674725	1234
20130815	123	123	123	6.91967821277556	1234
20130815	123	123	123	4.581308492444045	1234
20130815	123	123	123	3.381727268028958	1234
20130815	123	123	123	9.549281293373625	1234
20130815	123	123	123	14.426705443787313	1234
20130815	123	123	123	15.268704077964482	1234
20130815	123	123	123	5.851129065010976	1234
20130815	123	123	123	14.811122639598395	1234
20130815	123	123	123	249.0	1234
20130815	123	123	123	256.50015771180284	1234
20130815	123	123	123	270.85595891656374	1234
20130815	123	123	123	275.74513778481526	1234
20130815	123	123	123	288.8813245097999	1234
20130815	123	123	123	289.2151036248868	1234
20130815	123	123	123	306.4142477788005	1234
20130815	123	123	123	308.41397846303005	1234
20130815	123	123	123	311.37184888878164	1234
20130815	123	123	123	341.9980017087547	1234
20130815	123	123	123	349.9532430462661	1234
20130815	123	123	123	349.65666613062933	1234
20130815	123	123	123	355.22924877363846	1234
20130815	123	123	123	379.5053262368385	1234
20130815	123	123	123	384.74321969403456	1234
20130815	123	123	123	382.1371970562746	1234
20130815	123	123	123	412.0506670184195	1234
20130815	123	123	123	420.6131426252912	1234
20130815	123	123	123	423.9685416034108	1234
20130815	123	123	123	430.9811930165375	1234
20130815	123	123	123	433.88660603396335	1234
20130815	123	123	123	438.80458088906147	1234
20130815	123	123	123	431.39966771723095	1234
20130815	123	123	123	430.8625258835534	1234
20130815	123	123	123	426.6352611229519	1234
20130815	123	123	123	426.75752114231904	1234
20130815	123	123	123	423.1558217722558	1234
20130815	123	123	123	422.6810314840608	1234
20130815	123	123	123	416.7721891254224	1234
20130815	123	123	123	409.71727339114824	1234
20130815	123	123	123	403.28575201985893	1234
20130815	123	123	123	402.44353647437043	1234
20130815	123	123	123	399.6486618836203	1234
20130815	123	123	123	393.4475463782197	1234
20130815	123	123	123	390.7117414668515	1234
20130815	123	123	123	392.23076923076883	1234
20130815	123	123	123	396.7708000363902	1234
20130815	123	123	123	392.3120545170518	1234
20130815	123	123	123	399.249473149479	1234
20130815	123	123	123	405.31901439688824	1234
20130815	123	123	123	425.6176433924571	1234
20130815	123	123	123	426.19028222827217	1234
20130815	123	123	123	439.0323668959829	1234
20130815	123	123	123	442.25930773308204	1234
20130815	123	123	123	451.2058076839146	1234
20130815	123	123	123	447.34615384615404	1234
20130815	123	123	123	462.108418789247	1234
20130815	123	123	123	464.0769230769233	1234
20130815	123	123	123	472.24464664429286	1234
20130815	123	123	123	475.2307692307695	1234
20130815	123	123	123	494.447256178261	1234
20130815	123	123	123	494.82230952608387	1234
20130815	123	123	123	509.587682381777	1234
20130815	123	123	123	509.28203786511625	1234
20130815	123	123	123	510.5527693825138	1234
20130815	123	123	123	521.6564907621612	1234
20130815	123	123	123	527.0040052105588	1234
20130815	123	123	123	521.2337409828903	1234
20130815	123	123	123	517.4313306252269	1234
20130815	123	123	123	516.3075318019629	1234
20130815	123	123	123	510.36666520248394	1234
20130815	123	123	123	504.7573023309619	1234
20130815	123	123	123	488.6821773353787	1234
20130815	123	123	123	489.40660531386646	1234
20130815	123	123	123	486.3400631011417	1234
20130815	123	123	123	449.8938155376631	1234
20130815	123	123	123	463.55417747229217	1234
20130815	123	123	123	459.8079981551659	1234
20130815	123	123	123	453.46153846153834	1234
20130815	123	123	123	447.9230769230768	1234
20130815	123	123	123	434.5785799140804	1234
20130815	123	123	123	432.0050889314849	1234
20130815	123	123	123	419.85779844556384	1234
20130815	123	123	123	424.0457199139983	1234
20130815	123	123	123	414.0221800233317	1234
20130815	123	123	123	408.32462355709407	1234
20130815	123	123	123	409.15384615384596	1234
20130815	123	123	123	402.9556803673968	1234
20130815	123	123	123	395.21172146190526	1234
20130815	123	123	123	392.4074660840384	1234
20130815	123	123	123	401.6276935249975	1234
20130815	123	123	123	394.68375144585724	1234
20130815	123	123	123	397.8021532176496	1234
20130815	123	123	123	401.43830460157744	1234
20130815	123	123	123	403.7046086761516	1234
20130815	123	123	123	412.5313204106184	1234
20130815	123	123	123	419.2743961562906	1234
20130815	123	123	123	418.9999999999999	1234
20130815	123	123	123	422.6353428232015	1234
20130815	123	123	123	430.8393170653261	1234
20130815	123	123	123	428.2252087110826	1234
20130815	123	123	123	435.29569072423743	1234
20130815	123	123	123	435.25378968442135	1234
20130815	123	123	123	446.09404957623263	1234
20130815	123	123	123	446.28393353041554	1234
20130815	123	123	123	449.0992852389839	1234
20130815	123	123	123	443.52984766321447	1234
20130815	123	123	123	423.552934943756	1234
20130815	123	123	123	427.3444627191043	1234
20130815	123	123	123	428.9615384615384	1234
20130815	123	123	123	419.3847311760033	1234
20130815	123	123	123	407.948652355667	1234
20130815	123	123	123	395.19241323100965	1234
20130815	123	123	123	387.7040294452398	1234
20130815	123	123	123	374.77921756784093	1234
20130815	123	123	123	372.9264222417387	1234
20130815	123	123	123	368.8911861068914	1234
20130815	123	123	123	358.2778354652616	1234
20130815	123	123	123	344.02084231524134	1234
20130815	123	123	123	344.9276098205811	1234
20130815	123	123	123	340.807692307692	1234
20130815	123	123	123	325.1124202907142	1234
20130815	123	123	123	318.7692307692304	1234
20130815	123	123	123	311.4230769230765	1234
20130815	123	123	123	291.6174206376928	1234
20130815	123	123	123	275.9799101808597	1234
20130815	123	123	123	272.7039696016486	1234
20130815	123	123	123	270.8792718657923	1234
20130815	123	123	123	263.6362713769376	1234
20130815	123	123	123	260.0	1234
20130815	123	123	123	4.589471815794983	1234
20130815	123	123	123	14.934690569301743	1234
20130815	123	123	123	4.575327270321803	1234
20130815	123	123	123	8.236992115363492	1234
20130815	123	123	123	9.593508389168537	1234
20130815	123	123	123	10.518039289505497	1234
20130815	123	123	123	0.6288614211056132	1234
20130815	123	123	123	16.267896657404922	1234
20130815	123	123	123	14.727847838000201	1234
20130815	123	123	123	0.0607169773544336	1234
20130815	123	123	123	3.809622014213081	1234
20130815	123	123	123	17.721325231465517	1234
20130815	123	123	123	16.698299325568925	1234
20130815	123	123	123	16.34205848265525	1234
20130815	123	123	123	6.463801390509547	1234
20130815	123	123	123	6.038985790311613	1234
20130815	123	123	123	2.583981472662331	1234
20130815	123	123	123	4.783056965061854	1234
20130815	123	123	123	7.167052029816034	1234
20130815	123	123	123	18.320822378207094	1234
20130815	123	123	123	14.254612040034127	1234
20130815	123	123	123	14.271279450241419	1234
20130815	123	123	123	7.87818025553552	1234
20130815	123	123	123	8.672795005917786	1234
20130815	123	123	123	8.944963231521077	1234
20130815	123	123	123	6.842082934900273	1234
20130815	123	123	123	3.1231209022355766	1234
20130815	123	123	123	2.243531731503574	1234
20130815	123	123	123	15.686809269483536	1234
20130815	123	123	123	7.561946831597634	1234