time startPrice highestPrice lowestPrice endPrice transactionCount
20130815	123	123	123	0.2888196712054447	1234
20130815	123	123	123	14.24139543419839	1234
20130815	123	123	123	5.092914582187773	1234
20130815	123	123	123	12.228289040017565	1234
20130815	123	123	123	19.869213344790964	1234
20130815	123	123	123	0.4002442198479095	1234
20130815	123	123	123	5.24834551322825	1234
20130815	123	123	123	4.470254383606578	1234
20130815	123	123	123	15.421076705538194	1234
20130815	123	123	123	13.981345784414835	1234
20130815	123	123	123	12.901511885163405	1234
20130815	123	123	123	9.028476349208866	1234
20130815	123	123	123	13.59809668952855	1234
20130815	123	123	123	11.610332970932403	1234
20130815	123	123	123	19.941939231645243	1234
20130815	123	123	123	14.143631217154118	1234
20130815	123	123	123	11.455086088101101	1234
20130815	123	123	123	19.809129721511102	1234
20130815	123	123	123	16.212171282592006	1234
20130815	123	123	123	8.123315160083816	1234
20130815	123	123	123	8.098842162114241	1234
20130815	123	123	123	3.2902649343836843	1234
20130815	123	123	123	2.603380226277603	1234
20130815	123	123	123	17.894659365791753	1234
20130815	123	123	123	16.160424382693183	1234
20130815	123	123	123	17.32202246999472	1234
20130815	123	123	123	12.926556864172735	1234
20130815	123	123	123	14.471106518219006	1234
20130815	123	123	123	19.498146474453677	1234
20130815	123	123	123	4.953607304899319	1234
20130815	123	123	123	257.69255905304715	1234
20130815	123	123	123	256.34615384615387	1234
20130815	123	123	123	276.555861066141	1234
20130815	123	123	123	271.0384615384616	1234
20130815	123	123	123	306.10322250752984	1234
20130815	123	123	123	298.6409779175042	1234
20130815	123	123	123	300.4230769230771	1234
20130815	123	123	123	327.69786232830523	1234
20130815	123	123	123	321.36142727567125	1234
20130815	123	123	123	323.3147545293586	1234
20130815	123	123	123	332.86359506089093	1234
20130815	123	123	123	350.76969059343105	1234
20130815	123	123	123	360.3763829832735	1234
20130815	123	123	123	373.18543616167767	1234
20130815	123	123	123	370.78916146900843	1234
20130815	123	123	123	389.74202957461955	1234
20130815	123	123	123	406.34482118118996	1234
20130815	123	123	123	405.1479247600878	1234
20130815	123	123	123	412.85240214061645	1234
20130815	123	123	123	418.7065655725713	1234
20130815	123	123	123	431.6498030426936	1234
20130815	123	123	123	434.69779979712706	1234
20130815	123	123	123	438.9137860811198	1234
20130815	123	123	123	436.4477503214619	1234
20130815	123	123	123	433.80005655497024	1234
20130815	123	123	123	433.7692307692307	1234
20130815	123	123	123	427.1329985425274	1234
20130815	123	123	123	419.18502100257757	1234
20130815	123	123	123	419.12627583463006	1234
20130815	123	123	123	419.23076923076906	1234
20130815	123	123	123	406.7459306589629	1234
20130815	123	123	123	404.78292521951767	1234
20130815	123	123	123	401.8190041248528	1234
20130815	123	123	123	393.204845400489	1234
20130815	123	123	123	391.65926811165554	1234
20130815	123	123	123	385.21964117865934	1234
20130815	123	123	123	386.10315477333916	1234
20130815	123	123	123	398.82664056155767	1234
20130815	123	123	123	407.5786886707152	1234
20130815	123	123	123	413.285918086866	1234
20130815	123	123	123	413.98034534642034	1234
20130815	123	123	123	417.94052634077764	1234
20130815	123	123	123	429.1335466525161	1234
20130815	123	123	123	428.3567328467053	1234
20130815	123	123	123	432.30867675409655	1234
20130815	123	123	123	437.1696376644553	1234
20130815	123	123	123	447.9103615817393	1234
20130815	123	123	123	459.0951128263734	1234
20130815	123	123	123	452.92307692307713	1234
20130815	123	123	123	462.83013914625616	1234
20130815	123	123	123	489.49561882218165	1234
20130815	123	123	123	479.34789101585994	1234
20130815	123	123	123	482.677706629501	1234
20130815	123	123	123	496.4757826074352	1234
20130815	123	123	123	500.6584023639168	1234
20130815	123	123	123	507.46583485003015	1234
20130815	123	123	123	510.15390411821187	1234
20130815	123	123	123	522.7174364417948	1234
20130815	123	123	123	523.4276808055783	1234
20130815	123	123	123	527.3922856488113	1234
20130815	123	123	123	526.5923766889968	1234
20130815	123	123	123	518.9032637464882	1234
20130815	123	123	123	517.4730906045504	1234
20130815	123	123	123	512.2248425214167	1234
20130815	123	123	123	501.2288038971272	1234
20130815	123	123	123	500.6546742867727	1234
20130815	123	123	123	480.9841987209074	1234
20130815	123	123	123	486.6923076923076	1234
20130815	123	123	123	472.5246838324137	1234
20130815	123	123	123	473.3956881014567	1234
20130815	123	123	123	470.076923076923	1234
20130815	123	123	123	455.0105910202687	1234
20130815	123	123	123	436.77591238101553	1234
20130815	123	123	123	438.32892862049243	1234
20130815	123	123	123	429.98167086763624	1234
20130815	123	123	123	432.80852761136526	1234
20130815	123	123	123	427.8004908954005	1234
20130815	123	123	123	425.7692307692306	1234
20130815	123	123	123	414.96102799226645	1234
20130815	123	123	123	408.2055958141004	1234
20130815	123	123	123	408.3731231667979	1234
20130815	123	123	123	392.4908771429596	1234
20130815	123	123	123	395.17806321336815	1234
20130815	123	123	123	392.5384615384613	1234
20130815	123	123	123	390.29513917865296	1234
20130815	123	123	123	393.6906793739829	1234
20130815	123	123	123	397.4340365331473	1234
20130815	123	123	123	401.3751200960208	1234
20130815	123	123	123	402.35586704291205	1234
20130815	123	123	123	408.6498649857571	1234
20130815	123	123	123	410.72433934798505	1234
20130815	123	123	123	427.1864921981217	1234
20130815	123	123	123	424.0294405940444	1234
20130815	123	123	123	426.416874282616	1234
20130815	123	123	123	428.8461538461537	1234
20130815	123	123	123	436.89261878091725	1234
20130815	123	123	123	440.64627945203256	1234
20130815	123	123	123	442.59358825700394	1234
20130815	123	123	123	441.7611690503255	1234
20130815	123	123	123	446.843989675817	1234
20130815	123	123	123	427.6039060728828	1234
20130815	123	123	123	419.25756201087523	1234
20130815	123	123	123	406.06539843035074	1234
20130815	123	123	123	394.3560545271072	1234
20130815	123	123	123	391.41115914208865	1234
20130815	123	123	123	391.6902339553096	1234
20130815	123	123	123	384.8846153846152	1234
20130815	123	123	123	368.9383454782469	1234
20130815	123	123	123	367.53135343804644	1234
20130815	123	123	123	348.43633831223275	1234
20130815	123	123	123	353.8567829457774	1234
20130815	123	123	123	338.4005768323285	1234
20130815	123	123	123	326.04555337880845	1234
20130815	123	123	123	304.7922784525866	1234
20130815	123	123	123	302.66851261224167	1234
20130815	123	123	123	288.29524169225476	1234
20130815	123	123	123	266.19962441859616	1234
20130815	123	123	123	273.25853606383333	1234
20130815	123	123	123	249.46858146846043	1234
20130815	123	123	123	260.0	1234
20130815	123	123	123	7.736153105185215	1234
20130815	123	123	123	11.71822706548362	1234
20130815	123	123	123	12.856993805717188	1234
20130815	123	123	123	8.112174904495044	1234
20130815	123	123	123	16.66197499114762	1234
20130815	123	123	123	19.5886320311179	1234
20130815	123	123	123	1.6515788919678132	1234
20130815	123	123	123	7.931219415237951	1234
20130815	123	123	123	2.3090040063149297	1234
20130815	123	123	123	15.906169852082169	1234
20130815	123	123	123	15.606158301534608	1234
20130815	123	123	123	14.142469509799547	1234
20130815	123	123	123	18.413760320251548	1234
20130815	123	123	123	11.814771433915102	1234
20130815	123	123	123	18.67663360865858	1234
20130815	123	123	123	5.961105807163762	1234
20130815	123	123	123	17.69969940488875	1234
20130815	123	123	123	5.167454005622531	1234
20130815	123	123	123	19.4958731567422	1234
20130815	123	123	123	7.616765699990864	1234
20130815	123	123	123	10.753064613405147	1234
20130815	123	123	123	3.416154244012104	1234
20130815	123	123	123	1.5250919614742298	1234
20130815	123	123	123	0.5304556508962777	1234
20130815	123	123	123	6.244501781052152	1234
20130815	123	123	123	12.973211273339649	1234
20130815	123	123	123	0.1604340672302662	1234
20130815	123	123	123	11.110150547838803	1234
20130815	123	123	123	14.950671285405095	1234
20130815	123	123	123	15.550485863318052	1234