time startPrice highestPrice lowestPrice endPrice transactionCount
20130815	123	123	123	13.65002447714479	1234
20130815	123	123	123	0.19277566773606924	1234
20130815	123	123	123	9.120973826558751	1234
20130815	123	123	123	6.041384863303354	1234
20130815	123	123	123	5.916166884968925	1234
20130815	123	123	123	3.9202957407848604	1234
20130815	123	123	123	7.269668958415457	1234
20130815	123	123	123	4.524437652605999	1234
20130815	123	123	123	15.976150947784902	1234
20130815	123	123	123	15.351652805535858	1234
20130815	123	123	123	16.35255520353192	1234
20130815	123	123	123	18.817592815511915	1234
20130815	123	123	123	9.141083137566488	1234
20130815	123	123	123	13.367227983214189	1234
20130815	123	123	123	1.7737647144263313	1234
20130815	123	123	123	17.571940904979005	1234
20130815	123	123	123	14.580254740431917	1234
20130815	123	123	123	17.3113987789958	1234
20130815	123	123	123	17.32277744501087	1234
20130815	123	123	123	19.165927877324936	1234
20130815	123	123	123	16.076656069616103	1234
20130815	123	123	123	9.185510171294517	1234
20130815	123	123	123	18.195608453573943	1234
20130815	123	123	123	11.916031021955773	1234
20130815	123	123	123	2.2242676386477256	1234
20130815	123	123	123	8.174623427161627	1234
20130815	123	123	123	3.5252143513263823	1234
20130815	123	123	123	16.359058965937376	1234
20130815	123	123	123	17.51548744977824	1234
20130815	123	123	123	17.398782789226853	1234
20130815	123	123	123	262.5530633543179	1234
20130815	123	123	123	258.7359781812789	1234
20130815	123	123	123	269.7896417462899	1234
20130815	123	123	123	274.76966822086916	1234
20130815	123	123	123	285.76117049729834	1234
20130815	123	123	123	290.62734480662675	1234
20130815	123	123	123	293.0769230769232	1234
20130815	123	123	123	302.0061736296648	1234
20130815	123	123	123	317.3647857772864	1234
20130815	123	123	123	321.46561062997364	1234
20130815	123	123	123	337.3969813603161	1234
20130815	123	123	123	342.8916425436595	1234
20130815	123	123	123	346.04473794116836	1234
20130815	123	123	123	344.5000000000003	1234
20130815	123	123	123	352.5609238047136	1234
20130815	123	123	123	366.7477432463912	1234
20130815	123	123	123	367.0346706863762	1234
20130815	123	123	123	373.88461538461576	1234
20130815	123	123	123	392.4107891878199	1234
20130815	123	123	123	402.47699266053326	1234
20130815	123	123	123	417.29740426052706	1234
20130815	123	123	123	412.9721600094955	1234
20130815	123	123	123	417.96153846153896	1234
20130815	123	123	123	449.06073070192133	1234
20130815	123	123	123	438.1169377461019	1234
20130815	123	123	123	430.7923197959788	1234
20130815	123	123	123	421.0778896712056	1234
20130815	123	123	123	425.297992408249	1234
20130815	123	123	123	416.1113609884555	1234
20130815	123	123	123	410.42482650059003	1234
20130815	123	123	123	406.7692307692305	1234
20130815	123	123	123	400.2790340473526	1234
20130815	123	123	123	398.2275502489779	1234
20130815	123	123	123	389.5170916061789	1234
20130815	123	123	123	386.0	1234
20130815	123	123	123	399.9785773122305	1234
20130815	123	123	123	401.09056410440957	1234
20130815	123	123	123	404.926954766576	1234
20130815	123	123	123	419.09502820342186	1234
20130815	123	123	123	413.8846153846155	1234
20130815	123	123	123	427.1228603954273	1234
20130815	123	123	123	430.4570446751163	1234
20130815	123	123	123	436.6636097342202	1234
20130815	123	123	123	438.7886120996045	1234
20130815	123	123	123	447.59148467663147	1234
20130815	123	123	123	463.6956810256305	1234
20130815	123	123	123	468.98646920379684	1234
20130815	123	123	123	476.7297283378088	1234
20130815	123	123	123	482.44772086386376	1234
20130815	123	123	123	480.8076923076926	1234
20130815	123	123	123	489.04132113514237	1234
20130815	123	123	123	493.5220091548918	1234
20130815	123	123	123	500.22717817170934	1234
20130815	123	123	123	503.115384615385	1234
20130815	123	123	123	517.5292139376613	1234
20130815	123	123	123	526.3644553833102	1234
20130815	123	123	123	535.0300111108801	1234
20130815	123	123	123	520.7041937241304	1234
20130815	123	123	123	516.9087261037809	1234
20130815	123	123	123	514.3846153846154	1234
20130815	123	123	123	503.30769230769226	1234
20130815	123	123	123	490.81036485659405	1234
20130815	123	123	123	490.65307622961257	1234
20130815	123	123	123	480.8230151896178	1234
20130815	123	123	123	470.8060370494233	1234
20130815	123	123	123	472.41544903608803	1234
20130815	123	123	123	461.12948048188326	1234
20130815	123	123	123	441.4469372138802	1234
20130815	123	123	123	452.62860489307593	1234
20130815	123	123	123	445.86886419301067	1234
20130815	123	123	123	442.38461538461524	1234
20130815	123	123	123	436.8461538461537	1234
20130815	123	123	123	417.92612744101456	1234
20130815	123	123	123	406.46726819885123	1234
20130815	123	123	123	414.6923076923075	1234
20130815	123	123	123	405.59131554034275	1234
20130815	123	123	123	403.6153846153844	1234
20130815	123	123	123	391.53420747639433	1234
20130815	123	123	123	392.5384615384613	1234
20130815	123	123	123	389.1100249458693	1234
20130815	123	123	123	390.275275779496	1234
20130815	123	123	123	395.8662357712001	1234
20130815	123	123	123	397.1335394956715	1234
20130815	123	123	123	399.3941308751468	1234
20130815	123	123	123	426.80661907997614	1234
20130815	123	123	123	411.7592331413993	1234
20130815	123	123	123	422.3256923339948	1234
20130815	123	123	123	421.60314198021285	1234
20130815	123	123	123	426.21890316358673	1234
20130815	123	123	123	429.7685990103834	1234
20130815	123	123	123	435.6636301175456	1234
20130815	123	123	123	442.82567315297536	1234
20130815	123	123	123	444.81597866377706	1234
20130815	123	123	123	445.53723103932873	1234
20130815	123	123	123	446.9850691399099	1234
20130815	123	123	123	452.0133074059976	1234
20130815	123	123	123	432.8516432821531	1234
20130815	123	123	123	439.38079746270887	1234
20130815	123	123	123	413.5629647067434	1234
20130815	123	123	123	420.1680480740092	1234
20130815	123	123	123	406.9230769230768	1234
20130815	123	123	123	391.4932411101082	1234
20130815	123	123	123	388.3202074991014	1234
20130815	123	123	123	382.5475114473936	1234
20130815	123	123	123	369.6812116502443	1234
20130815	123	123	123	361.09565189837934	1234
20130815	123	123	123	344.903885768783	1234
20130815	123	123	123	347.19604205630964	1234
20130815	123	123	123	348.0963480462545	1234
20130815	123	123	123	333.57030734270325	1234
20130815	123	123	123	321.00299737141876	1234
20130815	123	123	123	316.9276179659963	1234
20130815	123	123	123	308.78512314179085	1234
20130815	123	123	123	298.2696805547006	1234
20130815	123	123	123	292.2947283772501	1234
20130815	123	123	123	281.40256939120883	1234
20130815	123	123	123	278.12760974774244	1234
20130815	123	123	123	255.90007155510622	1234
20130815	123	123	123	265.66250191735645	1234
20130815	123	123	123	260.0	1234
20130815	123	123	123	17.262059168578	1234
20130815	123	123	123	10.71753672726198	1234
20130815	123	123	123	16.33347428273851	1234
20130815	123	123	123	12.252210176221956	1234
20130815	123	123	123	0.8746977023167957	1234
20130815	123	123	123	16.694769464522523	1234
20130815	123	123	123	15.555576464814012	1234
20130815	123	123	123	7.29148204252726	1234
20130815	123	123	123	19.09411883138136	1234
20130815	123	123	123	6.906359608148511	1234
20130815	123	123	123	8.290430093396889	1234
20130815	123	123	123	4.3564085341066905	1234
20130815	123	123	123	10.804519228539075	1234
20130815	123	123	123	7.540088476134192	1234
20130815	123	123	123	1.212721158340584	1234
20130815	123	123	123	8.45498461365207	1234
20130815	123	123	123	11.187070386454526	1234
20130815	123	123	123	10.246238290991732	1234
20130815	123	123	123	11.02599876454115	1234
20130815	123	123	123	19.91644004662404	1234
20130815	123	123	123	8.352156127212606	1234
20130815	123	123	123	15.795591537981506	1234
20130815	123	123	123	1.7753490708922115	1234
20130815	123	123	123	11.414078254015267	1234
20130815	123	123	123	17.949453251591386	1234
20130815	123	123	123	8.702487830416318	1234
20130815	123	123	123	4.048133525578317	1234
20130815	123	123	123	16.68223711905162	1234
20130815	123	123	123	2.6241520903527604	1234
20130815	123	123	123	6.795488281467197	1234