time startPrice highestPrice lowestPrice endPrice transactionCount
20130815	123	123	123	2.0168724305282604	1234
20130815	123	123	123	4.059730821722141	1234
20130815	123	123	123	9.489361262368462	1234
20130815	123	123	123	8.914073824739244	1234
20130815	123	123	123	11.209887381123021	1234
20130815	123	123	123	0.21726842690560577	1234
20130815	123	123	123	19.821980144045327	1234
20130815	123	123	123	7.688008019383348	1234
20130815	123	123	123	5.741577259374755	1234
20130815	123	123	123	19.648801941471376	1234
20130815	123	123	123	11.400402680966371	1234
20130815	123	123	123	9.397775497127178	1234
20130815	123	123	123	8.310519059144807	1234
20130815	123	123	123	14.393623803917652	1234
20130815	123	123	123	10.548602670701063	1234
20130815	123	123	123	18.3687144535307	1234
20130815	123	123	123	11.131784348143706	1234
20130815	123	123	123	13.846555739644725	1234
20130815	123	123	123	5.411710163543524	1234
20130815	123	123	123	12.582961823208688	1234
20130815	123	123	123	10.491166156497327	1234
20130815	123	123	123	10.522888477590396	1234
20130815	123	123	123	18.272128546999202	1234
20130815	123	123	123	4.877250966903553	1234
20130815	123	123	123	7.641816124037037	1234
20130815	123	123	123	8.348747724905012	1234
20130815	123	123	123	8.123159123239613	1234
20130815	123	123	123	0.40790410631046825	1234
20130815	123	123	123	1.7494713710826892	1234
20130815	123	123	123	0.4379439723734402	1234
20130815	123	123	123	258.2712949539058	1234
20130815	123	123	123	273.76346370585844	1234
20130815	123	123	123	288.9839283456754	1234
20130815	123	123	123	294.35417998259106	1234
20130815	123	123	123	300.7708008058487	1234
20130815	123	123	123	300.9589590705628	1234
20130815	123	123	123	323.5011241891763	1234
20130815	123	123	123	320.1912589943263	1234
20130815	123	123	123	341.83173868403964	1234
20130815	123	123	123	338.8624861347723	1234
20130815	123	123	123	356.25093340325833	1234
20130815	123	123	123	370.35792291296826	1234
20130815	123	123	123	396.4469116024422	1234
20130815	123	123	123	391.53317336576623	1234
20130815	123	123	123	388.5769230769235	1234
20130815	123	123	123	410.851984272353	1234
20130815	123	123	123	414.46315591957193	1234
20130815	123	123	123	425.86025676154355	1234
20130815	123	123	123	436.0498458064351	1234
20130815	123	123	123	432.6538461538467	1234
20130815	123	123	123	436.94545048281117	1234
20130815	123	123	123	436.3702638386398	1234
20130815	123	123	123	432.76953445357776	1234
20130815	123	123	123	410.3166156663595	1234
20130815	123	123	123	405.8832078492323	1234
20130815	123	123	123	405.54666112989946	1234
20130815	123	123	123	400.97844985035283	1234
20130815	123	123	123	399.4267359505094	1234
20130815	123	123	123	398.4615384615381	1234
20130815	123	123	123	396.384615384615	1234
20130815	123	123	123	389.8598977600831	1234
20130815	123	123	123	382.2985968755747	1234
20130815	123	123	123	389.98639298023977	1234
20130815	123	123	123	397.1246875208353	1234
20130815	123	123	123	401.28887822735106	1234
20130815	123	123	123	407.49386336809096	1234
20130815	123	123	123	411.74109808903137	1234
20130815	123	123	123	413.8846153846155	1234
20130815	123	123	123	423.96816396656845	1234
20130815	123	123	123	431.8350570768578	1234
20130815	123	123	123	433.075104548684	1234
20130815	123	123	123	445.0704399947207	1234
20130815	123	123	123	448.36909834158354	1234
20130815	123	123	123	470.6843506507075	1234
20130815	123	123	123	458.5000000000002	1234
20130815	123	123	123	475.2188059674638	1234
20130815	123	123	123	469.6538461538464	1234
20130815	123	123	123	481.5649498934479	1234
20130815	123	123	123	488.3247592640915	1234
20130815	123	123	123	499.9286270501126	1234
20130815	123	123	123	491.9615384615388	1234
20130815	123	123	123	498.89198264020473	1234
20130815	123	123	123	509.981160905635	1234
20130815	123	123	123	518.2569577669021	1234
20130815	123	123	123	518.6813805936921	1234
20130815	123	123	123	520.8346274145323	1234
20130815	123	123	123	535.2993896540612	1234
20130815	123	123	123	527.9518974781245	1234
20130815	123	123	123	521.130433240471	1234
20130815	123	123	123	493.0794528809501	1234
20130815	123	123	123	490.1962176272683	1234
20130815	123	123	123	483.2256945340315	1234
20130815	123	123	123	481.72590365004106	1234
20130815	123	123	123	474.43836327905774	1234
20130815	123	123	123	467.86233552447834	1234
20130815	123	123	123	465.4358247841627	1234
20130815	123	123	123	464.53846153846143	1234
20130815	123	123	123	452.87412329631286	1234
20130815	123	123	123	453.028810386764	1234
20130815	123	123	123	445.1412669553484	1234
20130815	123	123	123	432.143133063008	1234
20130815	123	123	123	432.53433830163556	1234
20130815	123	123	123	421.5854179538926	1234
20130815	123	123	123	421.5221594515542	1234
20130815	123	123	123	409.9709389452428	1234
20130815	123	123	123	408.70723655407926	1234
20130815	123	123	123	403.2196994548753	1234
20130815	123	123	123	397.22915321330026	1234
20130815	123	123	123	387.4035179363476	1234
20130815	123	123	123	389.8747045818689	1234
20130815	123	123	123	391.8117786704076	1234
20130815	123	123	123	400.73213669200385	1234
20130815	123	123	123	400.7341633771477	1234
20130815	123	123	123	402.6998550302934	1234
20130815	123	123	123	410.3294816775619	1234
20130815	123	123	123	412.4083941105434	1234
20130815	123	123	123	411.95921790382374	1234
20130815	123	123	123	415.71350442594184	1234
20130815	123	123	123	418.9923339518574	1234
20130815	123	123	123	420.95012147039364	1234
20130815	123	123	123	422.8691457938994	1234
20130815	123	123	123	424.9382838434232	1234
20130815	123	123	123	437.75300582556827	1234
20130815	123	123	123	440.23952132485556	1234
20130815	123	123	123	440.099363487253	1234
20130815	123	123	123	447.6737473603426	1234
20130815	123	123	123	441.79593980617443	1234
20130815	123	123	123	434.24509143891584	1234
20130815	123	123	123	434.81053003712776	1234
20130815	123	123	123	412.4093609764813	1234
20130815	123	123	123	412.4404343271001	1234
20130815	123	123	123	398.7161505286723	1234
20130815	123	123	123	392.98024356785555	1234
20130815	123	123	123	391.657647779599	1234
20130815	123	123	123	384.8846153846152	1234
20130815	123	123	123	366.10117535127176	1234
20130815	123	123	123	370.19230769230745	1234
20130815	123	123	123	362.8461538461536	1234
20130815	123	123	123	349.7559434502907	1234
20130815	123	123	123	337.20125479154797	1234
20130815	123	123	123	328.87597367833615	1234
20130815	123	123	123	319.129845497323	1234
20130815	123	123	123	315.72197928610797	1234
20130815	123	123	123	297.0825345118229	1234
20130815	123	123	123	286.8925483203812	1234
20130815	123	123	123	287.3595878887099	1234
20130815	123	123	123	267.6424306520917	1234
20130815	123	123	123	267.9582456241204	1234
20130815	123	123	123	267.3461538461533	1234
20130815	123	123	123	260.0	1234
20130815	123	123	123	14.723896378329709	1234
20130815	123	123	123	1.6897687108229875	1234
20130815	123	123	123	7.408850742540114	1234
20130815	123	123	123	9.0390231387057	1234
20130815	123	123	123	6.238044852019344	1234
20130815	123	123	123	4.801018624884641	1234
20130815	123	123	123	9.195211147348397	1234
20130815	123	123	123	4.183888173551898	1234
20130815	123	123	123	6.563236171302471	1234
20130815	123	123	123	10.755903452271498	1234
20130815	123	123	123	18.781460581432743	1234
20130815	123	123	123	19.542023428311943	1234
20130815	123	123	123	15.586310155375111	1234
20130815	123	123	123	4.582664808929476	1234
20130815	123	123	123	6.3426277645549884	1234
20130815	123	123	123	4.082002412834256	1234
20130815	123	123	123	15.853945612197402	1234
20130815	123	123	123	11.304017044521789	1234
20130815	123	123	123	17.285895994340127	1234
20130815	123	123	123	6.364623499113149	1234
20130815	123	123	123	2.526924624917495	1234
20130815	123	123	123	2.8027348325220625	1234
20130815	123	123	123	17.78581844010765	1234
20130815	123	123	123	4.639667109756253	1234
20130815	123	123	123	19.99022602284931	1234
20130815	123	123	123	2.4650402766055257	1234
20130815	123	123	123	18.17073263809184	1234
20130815	123	123	123	10.39093114557736	1234
20130815	123	123	123	18.120037756050056	1234
20130815	123	123	123	15.529659334917012	1234