time startPrice highestPrice lowestPrice endPrice transactionCount
20130815	123	123	123	13.684608769237677	1234
20130815	123	123	123	17.04501712338564	1234
20130815	123	123	123	1.8452409055889873	1234
20130815	123	123	123	10.844820593737348	1234
20130815	123	123	123	13.909187040408025	1234
20130815	123	123	123	18.862246850999927	1234
20130815	123	123	123	12.675328198716633	1234
20130815	123	123	123	15.3155884029975	1234
20130815	123	123	123	1.2616403569293988	1234
20130815	123	123	123	2.761835795396612	1234
20130815	123	123	123	13.576417960092027	1234
20130815	123	123	123	10.672104338639887	1234
20130815	123	123	123	19.04144811745413	1234
20130815	123	123	123	9.844920534973117	1234
20130815	123	123	123	4.591343625183404	1234
20130815	123	123	123	12.154086706635255	1234
20130815	123	123	123	12.688340425472095	1234
20130815	123	123	123	5.877723526017585	1234
20130815	123	123	123	12.557206327184785	1234
20130815	123	123	123	7.005625396721216	1234
20130815	123	123	123	13.001914436586446	1234
20130815	123	123	123	0.32088562809411414	1234
20130815	123	123	123	13.018281830885151	1234
20130815	123	123	123	11.109004166430427	1234
20130815	123	123	123	14.031299455941257	1234
20130815	123	123	123	1.0360731262076261	1234
20130815	123	123	123	12.091255124928841	1234
20130815	123	123	123	18.592252926741292	1234
20130815	123	123	123	5.950421263345196	1234
20130815	123	123	123	5.615305595552467	1234
20130815	123	123	123	249.0	1234
20130815	123	123	123	264.7711072145641	1234
20130815	123	123	123	267.99467408754555	1234
20130815	123	123	123	278.6921319942588	1234
20130815	123	123	123	299.09478633850716	1234
20130815	123	123	123	305.42036524052304	1234
20130815	123	123	123	304.960464156027	1234
20130815	123	123	123	317.0331726203715	1234
20130815	123	123	123	315.1153846153848	1234
20130815	123	123	123	348.131091947258	1234
20130815	123	123	123	344.31798333815897	1234
20130815	123	123	123	344.5000000000003	1234
20130815	123	123	123	355.8264569625481	1234
20130815	123	123	123	360.3308783934447	1234
20130815	123	123	123	372.95279148448697	1234
20130815	123	123	123	387.0360052019581	1234
20130815	123	123	123	419.2860867274445	1234
20130815	123	123	123	428.6098887126462	1234
20130815	123	123	123	428.8270861730082	1234
20130815	123	123	123	437.7182298432764	1234
20130815	123	123	123	438.1008634466146	1234
20130815	123	123	123	435.1482928778659	1234
20130815	123	123	123	432.68086353756706	1234
20130815	123	123	123	433.5786777253453	1234
20130815	123	123	123	429.28541598390905	1234
20130815	123	123	123	421.7867100440146	1234
20130815	123	123	123	420.7797212787175	1234
20130815	123	123	123	418.54238538914	1234
20130815	123	123	123	406.39503808711726	1234
20130815	123	123	123	411.4606284083459	1234
20130815	123	123	123	408.51435645531524	1234
20130815	123	123	123	407.50702132936505	1234
20130815	123	123	123	406.29925212014524	1234
20130815	123	123	123	400.4258253722954	1234
20130815	123	123	123	398.87647981592903	1234
20130815	123	123	123	396.5007976737098	1234
20130815	123	123	123	396.384615384615	1234
20130815	123	123	123	381.78981686166736	1234
20130815	123	123	123	386.78348362318525	1234
20130815	123	123	123	390.57053784353076	1234
20130815	123	123	123	400.6673974576132	1234
20130815	123	123	123	403.1400019888714	1234
20130815	123	123	123	411.27225384927453	1234
20130815	123	123	123	408.57913420248275	1234
20130815	123	123	123	418.10151153529483	1234
20130815	123	123	123	425.4598528269988	1234
20130815	123	123	123	434.5991778563561	1234
20130815	123	123	123	430.61538461538476	1234
20130815	123	123	123	444.94318994765047	1234
20130815	123	123	123	456.928656179045	1234
20130815	123	123	123	454.0629665141297	1234
20130815	123	123	123	459.1186145422666	1234
20130815	123	123	123	469.3521656964917	1234
20130815	123	123	123	469.7221075958092	1234
20130815	123	123	123	489.52354095831464	1234
20130815	123	123	123	490.13806865596376	1234
20130815	123	123	123	497.8846847544592	1234
20130815	123	123	123	504.8253842614498	1234
20130815	123	123	123	507.10428200955545	1234
20130815	123	123	123	522.6578053819177	1234
20130815	123	123	123	519.8982518932023	1234
20130815	123	123	123	531.7410397379622	1234
20130815	123	123	123	529.5394737362442	1234
20130815	123	123	123	517.7103562025812	1234
20130815	123	123	123	519.114430257806	1234
20130815	123	123	123	508.1490385187205	1234
20130815	123	123	123	506.78662351194254	1234
20130815	123	123	123	494.5050731354319	1234
20130815	123	123	123	492.733680186895	1234
20130815	123	123	123	483.98624389188075	1234
20130815	123	123	123	462.2444759731735	1234
20130815	123	123	123	449.00939581713527	1234
20130815	123	123	123	447.9230769230768	1234
20130815	123	123	123	442.00107682307424	1234
20130815	123	123	123	434.65245682701567	1234
20130815	123	123	123	414.76993735158055	1234
20130815	123	123	123	411.4778952954936	1234
20130815	123	123	123	401.51426562787253	1234
20130815	123	123	123	400.55846893506	1234
20130815	123	123	123	395.0456227661791	1234
20130815	123	123	123	386.54461780769253	1234
20130815	123	123	123	395.61680359454647	1234
20130815	123	123	123	392.42704639781164	1234
20130815	123	123	123	394.838620556934	1234
20130815	123	123	123	412.37614411989927	1234
20130815	123	123	123	404.23076923076917	1234
20130815	123	123	123	409.85202857301954	1234
20130815	123	123	123	422.95869320068414	1234
20130815	123	123	123	416.86135460450566	1234
20130815	123	123	123	419.19550076308394	1234
20130815	123	123	123	431.18452980547096	1234
20130815	123	123	123	427.910916649919	1234
20130815	123	123	123	428.8461538461537	1234
20130815	123	123	123	433.58609834624093	1234
20130815	123	123	123	436.82321764074925	1234
20130815	123	123	123	440.66728381349236	1234
20130815	123	123	123	439.42657671760924	1234
20130815	123	123	123	467.485762255583	1234
20130815	123	123	123	445.6561198376702	1234
20130815	123	123	123	443.65384615384613	1234
20130815	123	123	123	431.9166243617218	1234
20130815	123	123	123	410.1774866128004	1234
20130815	123	123	123	416.7422524364787	1234
20130815	123	123	123	402.5715524105922	1234
20130815	123	123	123	397.9148961979565	1234
20130815	123	123	123	396.576606484768	1234
20130815	123	123	123	317.29182572188836	1234
20130815	123	123	123	362.56199951867245	1234
20130815	123	123	123	355.4999999999997	1234
20130815	123	123	123	345.0429294058009	1234
20130815	123	123	123	339.8663783639941	1234
20130815	123	123	123	333.4615384615381	1234
20130815	123	123	123	320.9195062047251	1234
20130815	123	123	123	316.1201665245469	1234
20130815	123	123	123	298.9419744359527	1234
20130815	123	123	123	295.74162082292116	1234
20130815	123	123	123	289.3846153846149	1234
20130815	123	123	123	266.8389037972918	1234
20130815	123	123	123	249.70621132970876	1234
20130815	123	123	123	260.0	1234
20130815	123	123	123	7.865922825884981	1234
20130815	123	123	123	13.451566050838753	1234
20130815	123	123	123	17.550822847946066	1234
20130815	123	123	123	3.5010829346736894	1234
20130815	123	123	123	9.303399564928043	1234
20130815	123	123	123	12.014878777529354	1234
20130815	123	123	123	10.42540947124871	1234
20130815	123	123	123	14.4130721736269	1234
20130815	123	123	123	12.097762640791682	1234
20130815	123	123	123	12.983054981125408	1234
20130815	123	123	123	7.482883461485963	1234
20130815	123	123	123	18.069746513362123	1234
20130815	123	123	123	15.595994762967859	1234
20130815	123	123	123	7.820291028936088	1234
20130815	123	123	123	12.124050262334404	1234
20130815	123	123	123	17.791039282000106	1234
20130815	123	123	123	12.624969429564626	1234
20130815	123	123	123	8.42549943122626	1234
20130815	123	123	123	1.2275738677407966	1234
20130815	123	123	123	6.290731650828178	1234
20130815	123	123	123	14.953147851079475	1234
20130815	123	123	123	1.301588499534574	1234
20130815	123	123	123	15.034176807303153	1234
20130815	123	123	123	5.814945170507089	1234
20130815	123	123	123	11.118550607156104	1234
20130815	123	123	123	17.849718446998175	1234
20130815	123	123	123	0.08467408986516878	1234
20130815	123	123	123	16.755762638475222	1234
20130815	123	123	123	10.483478495840458	1234
20130815	123	123	123	18.950758698349947	1234