time startPrice highestPrice lowestPrice endPrice transactionCount
20130815	123	123	123	1.5350184345056772	1234
20130815	123	123	123	5.459996485152246	1234
20130815	123	123	123	10.091494125809806	1234
20130815	123	123	123	19.341978861878143	1234
20130815	123	123	123	11.870433482514853	1234
20130815	123	123	123	15.419684649873751	1234
20130815	123	123	123	4.031774384121334	1234
20130815	123	123	123	6.177657478315459	1234
20130815	123	123	123	11.978987015372187	1234
20130815	123	123	123	19.11012431656352	1234
20130815	123	123	123	15.008612442440295	1234
20130815	123	123	123	14.259191795866341	1234
20130815	123	123	123	5.559410866819585	1234
20130815	123	123	123	19.099891733228	1234
20130815	123	123	123	7.194247667758176	1234
20130815	123	123	123	10.533222597753749	1234
20130815	123	123	123	14.772792573766939	1234
20130815	123	123	123	9.783880623219844	1234
20130815	123	123	123	14.981149024916336	1234
20130815	123	123	123	12.880837528847799	1234
20130815	123	123	123	14.541999925234455	1234
20130815	123	123	123	4.099036738755768	1234
20130815	123	123	123	9.164725874324597	1234
20130815	123	123	123	5.794305465170719	1234
20130815	123	123	123	19.800571487823497	1234
20130815	123	123	123	10.568859994152028	1234
20130815	123	123	123	9.297249004366098	1234
20130815	123	123	123	2.3216083235797247	1234
20130815	123	123	123	16.41678169353964	1234
20130815	123	123	123	4.688522367388634	1234
20130815	123	123	123	262.75864490819316	1234
20130815	123	123	123	259.0865654249742	1234
20130815	123	123	123	312.02115404604	1234
20130815	123	123	123	292.73636860823336	1234
20130815	123	123	123	305.9063693770905	1234
20130815	123	123	123	318.9562931539005	1234
20130815	123	123	123	315.1153846153848	1234
20130815	123	123	123	325.32990594792017	1234
20130815	123	123	123	330.9453242262292	1234
20130815	123	123	123	339.8340603737993	1234
20130815	123	123	123	352.88323356567565	1234
20130815	123	123	123	361.23517627976014	1234
20130815	123	123	123	381.45159244728285	1234
20130815	123	123	123	373.88461538461576	1234
20130815	123	123	123	381.2307692307696	1234
20130815	123	123	123	397.09222878512907	1234
20130815	123	123	123	407.02020014631285	1234
20130815	123	123	123	419.59847841374153	1234
20130815	123	123	123	420.3203762929839	1234
20130815	123	123	123	428.33552367122786	1234
20130815	123	123	123	434.44307476298815	1234
20130815	123	123	123	442.9102852624853	1234
20130815	123	123	123	436.93530493839245	1234
20130815	123	123	123	429.6153846153845	1234
20130815	123	123	123	422.9934832456536	1234
20130815	123	123	123	417.15384615384596	1234
20130815	123	123	123	411.33251755679754	1234
20130815	123	123	123	404.6422837778343	1234
20130815	123	123	123	400.30816813726574	1234
20130815	123	123	123	398.3735036216485	1234
20130815	123	123	123	394.332047298694	1234
20130815	123	123	123	382.1720780887911	1234
20130815	123	123	123	392.17944887945885	1234
20130815	123	123	123	394.5247626548578	1234
20130815	123	123	123	399.55826238366006	1234
20130815	123	123	123	408.5789812668937	1234
20130815	123	123	123	413.0961581023257	1234
20130815	123	123	123	415.4034196573158	1234
20130815	123	123	123	423.58976852486364	1234
20130815	123	123	123	434.42248006753204	1234
20130815	123	123	123	431.422097187476	1234
20130815	123	123	123	441.10318588786953	1234
20130815	123	123	123	441.76923076923094	1234
20130815	123	123	123	462.28112771972417	1234
20130815	123	123	123	467.22882443644085	1234
20130815	123	123	123	473.71995804062874	1234
20130815	123	123	123	467.6250782820897	1234
20130815	123	123	123	470.9288913076145	1234
20130815	123	123	123	475.2307692307695	1234
20130815	123	123	123	490.59545567375386	1234
20130815	123	123	123	492.23704191532795	1234
20130815	123	123	123	501.5930302153513	1234
20130815	123	123	123	497.6344597257863	1234
20130815	123	123	123	511.793381214672	1234
20130815	123	123	123	523.7310824476227	1234
20130815	123	123	123	547.8852952276849	1234
20130815	123	123	123	521.0140815110316	1234
20130815	123	123	123	525.4615384615385	1234
20130815	123	123	123	507.93148297927087	1234
20130815	123	123	123	503.72442288402283	1234
20130815	123	123	123	492.0529810450241	1234
20130815	123	123	123	497.63181139323103	1234
20130815	123	123	123	482.4946478433184	1234
20130815	123	123	123	475.31321811512225	1234
20130815	123	123	123	475.6153846153845	1234
20130815	123	123	123	468.44793303944533	1234
20130815	123	123	123	461.0491561824781	1234
20130815	123	123	123	450.94567414112487	1234
20130815	123	123	123	438.68992330472605	1234
20130815	123	123	123	436.83233684995713	1234
20130815	123	123	123	436.8461538461537	1234
20130815	123	123	123	428.7842092732549	1234
20130815	123	123	123	424.47989251939885	1234
20130815	123	123	123	420.06924354057827	1234
20130815	123	123	123	408.56270456885716	1234
20130815	123	123	123	400.4965133030157	1234
20130815	123	123	123	400.3696196249147	1234
20130815	123	123	123	397.0628984962106	1234
20130815	123	123	123	388.7482604387989	1234
20130815	123	123	123	392.03353403196	1234
20130815	123	123	123	395.237962761415	1234
20130815	123	123	123	397.9463856829507	1234
20130815	123	123	123	399.30769230769226	1234
20130815	123	123	123	413.0261014700528	1234
20130815	123	123	123	414.90685424723756	1234
20130815	123	123	123	417.5889491011431	1234
20130815	123	123	123	421.56333134777486	1234
20130815	123	123	123	425.13720573472966	1234
20130815	123	123	123	435.5106071509001	1234
20130815	123	123	123	441.61039267048966	1234
20130815	123	123	123	441.25074647688217	1234
20130815	123	123	123	445.43029013041036	1234
20130815	123	123	123	448.33222846836657	1234
20130815	123	123	123	448.5384615384613	1234
20130815	123	123	123	436.9856901551477	1234
20130815	123	123	123	438.7812310286144	1234
20130815	123	123	123	433.6930260766898	1234
20130815	123	123	123	428.3239623019951	1234
20130815	123	123	123	414.8538637027246	1234
20130815	123	123	123	409.57284451468814	1234
20130815	123	123	123	388.734353547066	1234
20130815	123	123	123	392.88807026068133	1234
20130815	123	123	123	392.23076923076906	1234
20130815	123	123	123	380.05448115353926	1234
20130815	123	123	123	370.77925139098926	1234
20130815	123	123	123	365.417795587712	1234
20130815	123	123	123	361.21045898762924	1234
20130815	123	123	123	351.5082164962137	1234
20130815	123	123	123	330.0491658998119	1234
20130815	123	123	123	340.6163744259807	1234
20130815	123	123	123	316.4239667916522	1234
20130815	123	123	123	305.0613151216448	1234
20130815	123	123	123	318.7692307692304	1234
20130815	123	123	123	297.70936953469726	1234
20130815	123	123	123	285.321987534411	1234
20130815	123	123	123	289.6515572260857	1234
20130815	123	123	123	275.3195153416963	1234
20130815	123	123	123	265.8038727426162	1234
20130815	123	123	123	267.3461538461533	1234
20130815	123	123	123	260.0	1234
20130815	123	123	123	13.768760048274862	1234
20130815	123	123	123	8.448810005971248	1234
20130815	123	123	123	8.95999795008397	1234
20130815	123	123	123	5.010087857427492	1234
20130815	123	123	123	15.674673785832955	1234
20130815	123	123	123	9.000468364509327	1234
20130815	123	123	123	14.04284225925442	1234
20130815	123	123	123	8.759996667280552	1234
20130815	123	123	123	12.158658890577911	1234
20130815	123	123	123	5.173437614432082	1234
20130815	123	123	123	16.664092431086026	1234
20130815	123	123	123	4.418618817647715	1234
20130815	123	123	123	17.673312032630196	1234
20130815	123	123	123	12.979586901716617	1234
20130815	123	123	123	8.793651535395066	1234
20130815	123	123	123	19.414344141038566	1234
20130815	123	123	123	17.48002996889421	1234
20130815	123	123	123	19.158090221619627	1234
20130815	123	123	123	4.382327614285735	1234
20130815	123	123	123	19.93233132572906	1234
20130815	123	123	123	6.713401997526214	1234
20130815	123	123	123	6.52812282259166	1234
20130815	123	123	123	13.04556312614223	1234
20130815	123	123	123	16.810691054893553	1234
20130815	123	123	123	12.464342046389998	1234
20130815	123	123	123	4.287942297483043	1234
20130815	123	123	123	15.861675336799774	1234
20130815	123	123	123	6.594544008093999	1234
20130815	123	123	123	11.590092958639193	1234
20130815	123	123	123	10.426488530197059	1234