time startPrice highestPrice lowestPrice endPrice transactionCount
20130815	123	123	123	2.1411539208159946	1234
20130815	123	123	123	8.045109365251122	1234
20130815	123	123	123	4.135548887229068	1234
20130815	123	123	123	8.835454330371846	1234
20130815	123	123	123	2.5915430870846468	1234
20130815	123	123	123	5.878625632415488	1234
20130815	123	123	123	5.497274459172852	1234
20130815	123	123	123	13.779050149136573	1234
20130815	123	123	123	1.6601794461077701	1234
20130815	123	123	123	4.76707200402217	1234
20130815	123	123	123	7.365183493625212	1234
20130815	123	123	123	5.553862925702251	1234
20130815	123	123	123	5.927275484721923	1234
20130815	123	123	123	12.08825372000806	1234
20130815	123	123	123	5.230536435052857	1234
20130815	123	123	123	2.5886590502206785	1234
20130815	123	123	123	17.771731379664594	1234
20130815	123	123	123	19.621609840641167	1234
20130815	123	123	123	19.277872755521948	1234
20130815	123	123	123	16.172356354330145	1234
20130815	123	123	123	5.585076091019641	1234
20130815	123	123	123	2.4502867731556455	1234
20130815	123	123	123	17.154541711818826	1234
20130815	123	123	123	10.002580538757304	1234
20130815	123	123	123	9.426939630130382	1234
20130815	123	123	123	9.546347899956416	1234
20130815	123	123	123	12.307799711520639	1234
20130815	123	123	123	7.307559731170041	1234
20130815	123	123	123	9.625110905049146	1234
20130815	123	123	123	1.6720582175867138	1234
20130815	123	123	123	254.89426719068788	1234
20130815	123	123	123	268.58963901698337	1234
20130815	123	123	123	274.31622835798595	1234
20130815	123	123	123	300.225168242636	1234
20130815	123	123	123	297.2516291204368	1234
20130815	123	123	123	307.8704489920777	1234
20130815	123	123	123	317.7844504200637	1234
20130815	123	123	123	329.5035948355117	1234
20130815	123	123	123	331.9718141384582	1234
20130815	123	123	123	353.7549243717274	1234
20130815	123	123	123	364.5657661687497	1234
20130815	123	123	123	359.1853816330153	1234
20130815	123	123	123	375.7144975418944	1234
20130815	123	123	123	384.7791924936471	1234
20130815	123	123	123	382.007260417381	1234
20130815	123	123	123	388.96367517120063	1234
20130815	123	123	123	393.01818666888107	1234
20130815	123	123	123	412.69285299675977	1234
20130815	123	123	123	409.1207921167257	1234
20130815	123	123	123	419.66310932222586	1234
20130815	123	123	123	431.67863425925844	1234
20130815	123	123	123	437.7027507542449	1234
20130815	123	123	123	430.21703089167437	1234
20130815	123	123	123	423.26941384980245	1234
20130815	123	123	123	422.35165563534923	1234
20130815	123	123	123	419.23076923076906	1234
20130815	123	123	123	415.0001396764443	1234
20130815	123	123	123	414.35038979423854	1234
20130815	123	123	123	411.04803619302095	1234
20130815	123	123	123	409.21531729910856	1234
20130815	123	123	123	406.7692307692305	1234
20130815	123	123	123	393.6017243609766	1234
20130815	123	123	123	396.84438271232426	1234
20130815	123	123	123	395.8318318267002	1234
20130815	123	123	123	393.5723090657281	1234
20130815	123	123	123	382.8932212591352	1234
20130815	123	123	123	387.7172184778772	1234
20130815	123	123	123	386.86193318340264	1234
20130815	123	123	123	396.3039139236597	1234
20130815	123	123	123	397.6189876156386	1234
20130815	123	123	123	409.8070430788565	1234
20130815	123	123	123	411.34517664652697	1234
20130815	123	123	123	419.0178609819749	1234
20130815	123	123	123	419.7279396206057	1234
20130815	123	123	123	432.0423290656293	1234
20130815	123	123	123	440.13933672032846	1234
20130815	123	123	123	441.47693008847097	1234
20130815	123	123	123	441.76923076923094	1234
20130815	123	123	123	449.07592461283866	1234
20130815	123	123	123	453.03303123015644	1234
20130815	123	123	123	473.8273503076772	1234
20130815	123	123	123	467.9143958519574	1234
20130815	123	123	123	479.2850069022543	1234
20130815	123	123	123	478.85337713919824	1234
20130815	123	123	123	509.6650556791982	1234
20130815	123	123	123	502.8434752869776	1234
20130815	123	123	123	509.52007133817915	1234
20130815	123	123	123	516.924821940189	1234
20130815	123	123	123	522.4356568818102	1234
20130815	123	123	123	531.7836360585693	1234
20130815	123	123	123	529.5014668252404	1234
20130815	123	123	123	522.8657635990947	1234
20130815	123	123	123	511.63665614029236	1234
20130815	123	123	123	513.5459291769236	1234
20130815	123	123	123	497.2998707928891	1234
20130815	123	123	123	498.71653236979233	1234
20130815	123	123	123	493.16142064011154	1234
20130815	123	123	123	482.1583471885969	1234
20130815	123	123	123	483.6508012850041	1234
20130815	123	123	123	474.2273943621178	1234
20130815	123	123	123	462.84370644150755	1234
20130815	123	123	123	460.3217451715312	1234
20130815	123	123	123	444.5987839933178	1234
20130815	123	123	123	408.3833091637967	1234
20130815	123	123	123	418.49390457411914	1234
20130815	123	123	123	407.61081709782883	1234
20130815	123	123	123	403.2728540742875	1234
20130815	123	123	123	400.4604379437079	1234
20130815	123	123	123	386.94922503680476	1234
20130815	123	123	123	386.8030552966266	1234
20130815	123	123	123	392.3408167318465	1234
20130815	123	123	123	394.9923535830041	1234
20130815	123	123	123	397.9599496050381	1234
20130815	123	123	123	402.54066778864274	1234
20130815	123	123	123	402.5458287135534	1234
20130815	123	123	123	403.48828315071756	1234
20130815	123	123	123	405.2427932523068	1234
20130815	123	123	123	406.8551083855607	1234
20130815	123	123	123	409.3812166023687	1234
20130815	123	123	123	414.985901118515	1234
20130815	123	123	123	417.88049673393914	1234
20130815	123	123	123	423.54717064702123	1234
20130815	123	123	123	423.965938760747	1234
20130815	123	123	123	426.8161352037407	1234
20130815	123	123	123	439.8503602860914	1234
20130815	123	123	123	436.23076923076906	1234
20130815	123	123	123	448.4083873266317	1234
20130815	123	123	123	440.59431590312056	1234
20130815	123	123	123	443.65384615384613	1234
20130815	123	123	123	430.8512832748501	1234
20130815	123	123	123	404.92601826011213	1234
20130815	123	123	123	392.98437761457	1234
20130815	123	123	123	385.8341742965403	1234
20130815	123	123	123	389.87780371643163	1234
20130815	123	123	123	376.78405119662347	1234
20130815	123	123	123	365.7973746593038	1234
20130815	123	123	123	359.7680065131822	1234
20130815	123	123	123	343.92897581844585	1234
20130815	123	123	123	338.19836956735026	1234
20130815	123	123	123	320.62501612133667	1234
20130815	123	123	123	315.2131234251857	1234
20130815	123	123	123	313.75139228702864	1234
20130815	123	123	123	307.48883507415087	1234
20130815	123	123	123	301.6104160015212	1234
20130815	123	123	123	292.94263181298214	1234
20130815	123	123	123	282.0923952094077	1234
20130815	123	123	123	279.8951515790846	1234
20130815	123	123	123	267.7868240785463	1234
20130815	123	123	123	260.99341618093104	1234
20130815	123	123	123	260.0	1234
20130815	123	123	123	19.660112630011323	1234
20130815	123	123	123	4.269996413488357	1234
20130815	123	123	123	10.139634651310551	1234
20130815	123	123	123	15.452836184337311	1234
20130815	123	123	123	18.772191030323278	1234
20130815	123	123	123	18.266704706348044	1234
20130815	123	123	123	5.95181869629921	1234
20130815	123	123	123	13.825115813682858	1234
20130815	123	123	123	6.147201784903771	1234
20130815	123	123	123	17.3479712883907	1234
20130815	123	123	123	14.305413584177186	1234
20130815	123	123	123	2.5350244477509465	1234
20130815	123	123	123	12.958511578658275	1234
20130815	123	123	123	3.4157382034827566	1234
20130815	123	123	123	13.318647625701907	1234
20130815	123	123	123	9.961437122322746	1234
20130815	123	123	123	2.2372065163778143	1234
20130815	123	123	123	15.71987716065274	1234
20130815	123	123	123	8.30219898319008	1234
20130815	123	123	123	3.2596214627790188	1234
20130815	123	123	123	0.43455806362870275	1234
20130815	123	123	123	3.5769689489049727	1234
20130815	123	123	123	16.059592555713863	1234
20130815	123	123	123	7.669343291383088	1234
20130815	123	123	123	2.2784966967500164	1234
20130815	123	123	123	7.626168936067533	1234
20130815	123	123	123	0.5129178289332126	1234
20130815	123	123	123	7.8039670506814485	1234
20130815	123	123	123	14.972074105691064	1234
20130815	123	123	123	7.471882017699922	1234