time startPrice highestPrice lowestPrice endPrice transactionCount
20130815	123	123	123	8.251212620884525	1234
20130815	123	123	123	14.458013905344547	1234
20130815	123	123	123	1.7891360110571797	1234
20130815	123	123	123	18.059019302350837	1234
20130815	123	123	123	2.4959542659163603	1234
20130815	123	123	123	11.01116099763853	1234
20130815	123	123	123	3.1706603543632217	1234
20130815	123	123	123	18.658562719472428	1234
20130815	123	123	123	16.41554987933507	1234
20130815	123	123	123	2.0460376356929544	1234
20130815	123	123	123	10.409548630519968	1234
20130815	123	123	123	17.858971449049708	1234
20130815	123	123	123	11.159322441433012	1234
20130815	123	123	123	16.03314381012971	1234
20130815	123	123	123	4.506738155785735	1234
20130815	123	123	123	12.41129402902741	1234
20130815	123	123	123	17.088980227121176	1234
20130815	123	123	123	4.599990933971618	1234
20130815	123	123	123	15.482797117839715	1234
20130815	123	123	123	12.912434982630307	1234
20130815	123	123	123	18.733368452572904	1234
20130815	123	123	123	5.692871979385837	1234
20130815	123	123	123	17.250024723019834	1234
20130815	123	123	123	16.691477273478956	1234
20130815	123	123	123	5.58697521628951	1234
20130815	123	123	123	0.3425519014827705	1234
20130815	123	123	123	16.92113329652712	1234
20130815	123	123	123	14.203789451806495	1234
20130815	123	123	123	1.1575833960471127	1234
20130815	123	123	123	3.4128977064581245	1234
20130815	123	123	123	255.518233465992	1234
20130815	123	123	123	259.4270900552673	1234
20130815	123	123	123	280.0289750382365	1234
20130815	123	123	123	284.4659920611553	1234
20130815	123	123	123	284.95904230917677	1234
20130815	123	123	123	296.99982864700075	1234
20130815	123	123	123	297.4871857184987	1234
20130815	123	123	123	307.36902010613943	1234
20130815	123	123	123	315.4516490230602	1234
20130815	123	123	123	315.1153846153848	1234
20130815	123	123	123	338.6518626639116	1234
20130815	123	123	123	352.68117042381107	1234
20130815	123	123	123	362.69394588339946	1234
20130815	123	123	123	365.68189270243425	1234
20130815	123	123	123	373.48061038164633	1234
20130815	123	123	123	447.05437129249253	1234
20130815	123	123	123	420.2727295904714	1234
20130815	123	123	123	432.9776582432657	1234
20130815	123	123	123	432.6538461538467	1234
20130815	123	123	123	426.8555158151378	1234
20130815	123	123	123	426.1052839698565	1234
20130815	123	123	123	424.4832356158126	1234
20130815	123	123	123	416.7078143385437	1234
20130815	123	123	123	417.68320296581	1234
20130815	123	123	123	416.227578989528	1234
20130815	123	123	123	413.9931961537836	1234
20130815	123	123	123	412.8795454698486	1234
20130815	123	123	123	406.38823025667966	1234
20130815	123	123	123	403.4306961771902	1234
20130815	123	123	123	395.9909521103516	1234
20130815	123	123	123	399.30641970513665	1234
20130815	123	123	123	397.8780494819986	1234
20130815	123	123	123	396.08807786660077	1234
20130815	123	123	123	393.98042110006025	1234
20130815	123	123	123	387.1860661261509	1234
20130815	123	123	123	394.7072056498673	1234
20130815	123	123	123	400.05950903248277	1234
20130815	123	123	123	413.1338040343176	1234
20130815	123	123	123	417.7490481864346	1234
20130815	123	123	123	425.52328094361576	1234
20130815	123	123	123	428.3288863710246	1234
20130815	123	123	123	430.61538461538476	1234
20130815	123	123	123	436.19230769230785	1234
20130815	123	123	123	445.5566017581863	1234
20130815	123	123	123	459.51195342366344	1234
20130815	123	123	123	461.5488919514761	1234
20130815	123	123	123	460.93206196528365	1234
20130815	123	123	123	469.65889676225686	1234
20130815	123	123	123	474.89469362503866	1234
20130815	123	123	123	480.1174408015567	1234
20130815	123	123	123	492.06474478804955	1234
20130815	123	123	123	490.15185589387374	1234
20130815	123	123	123	497.21031312808833	1234
20130815	123	123	123	497.5384615384619	1234
20130815	123	123	123	510.05916691218476	1234
20130815	123	123	123	519.2641497617908	1234
20130815	123	123	123	520.0367263379048	1234
20130815	123	123	123	525.4230769230774	1234
20130815	123	123	123	527.0087878678722	1234
20130815	123	123	123	524.3501455213392	1234
20130815	123	123	123	516.4201986112204	1234
20130815	123	123	123	509.3290005022809	1234
20130815	123	123	123	503.9388332960234	1234
20130815	123	123	123	502.96498226790436	1234
20130815	123	123	123	489.5557494386817	1234
20130815	123	123	123	487.92243249358086	1234
20130815	123	123	123	486.6923076923076	1234
20130815	123	123	123	480.2946742324617	1234
20130815	123	123	123	471.7991072891889	1234
20130815	123	123	123	470.076923076923	1234
20130815	123	123	123	457.8898809386799	1234
20130815	123	123	123	456.02527896940734	1234
20130815	123	123	123	446.3206474763088	1234
20130815	123	123	123	446.2963079570504	1234
20130815	123	123	123	438.5921584752615	1234
20130815	123	123	123	434.14832026989825	1234
20130815	123	123	123	431.30769230769215	1234
20130815	123	123	123	417.2850787071907	1234
20130815	123	123	123	416.2864812698235	1234
20130815	123	123	123	414.6923076923075	1234
20130815	123	123	123	406.44204734869675	1234
20130815	123	123	123	398.1480607988215	1234
20130815	123	123	123	397.6347300037403	1234
20130815	123	123	123	387.0	1234
20130815	123	123	123	403.0689139108306	1234
20130815	123	123	123	399.0730753151069	1234
20130815	123	123	123	401.9402727937843	1234
20130815	123	123	123	406.143237255731	1234
20130815	123	123	123	410.9206245623136	1234
20130815	123	123	123	416.1111645366276	1234
20130815	123	123	123	416.53846153846143	1234
20130815	123	123	123	420.13268005262665	1234
20130815	123	123	123	424.4315680086443	1234
20130815	123	123	123	426.6870807801319	1234
20130815	123	123	123	432.4320092840884	1234
20130815	123	123	123	433.201389133375	1234
20130815	123	123	123	437.092286841751	1234
20130815	123	123	123	441.9285946411442	1234
20130815	123	123	123	437.11521417014103	1234
20130815	123	123	123	440.7713207140413	1234
20130815	123	123	123	420.18908869611283	1234
20130815	123	123	123	428.95167646162787	1234
20130815	123	123	123	415.8753290059809	1234
20130815	123	123	123	411.4495212127837	1234
20130815	123	123	123	406.1401428896421	1234
20130815	123	123	123	397.3300301741625	1234
20130815	123	123	123	362.8461538461536	1234
20130815	123	123	123	355.0643318525773	1234
20130815	123	123	123	345.81844894537346	1234
20130815	123	123	123	334.9249339122547	1234
20130815	123	123	123	327.3982972620733	1234
20130815	123	123	123	307.2666319276567	1234
20130815	123	123	123	305.4243688888744	1234
20130815	123	123	123	296.7339324430727	1234
20130815	123	123	123	289.56989861975524	1234
20130815	123	123	123	286.2389090466884	1234
20130815	123	123	123	274.0320460645323	1234
20130815	123	123	123	272.7834424707155	1234
20130815	123	123	123	261.79512558275917	1234
20130815	123	123	123	260.0	1234
20130815	123	123	123	8.664995009377554	1234
20130815	123	123	123	13.345151516788983	1234
20130815	123	123	123	8.859879896697784	1234
20130815	123	123	123	8.809142556433184	1234
20130815	123	123	123	2.4738310943895914	1234
20130815	123	123	123	2.758285090396637	1234
20130815	123	123	123	12.668215090640395	1234
20130815	123	123	123	7.84511482822726	1234
20130815	123	123	123	1.5851270421287489	1234
20130815	123	123	123	19.989331410875334	1234
20130815	123	123	123	2.8831453104961335	1234
20130815	123	123	123	15.816438544024978	1234
20130815	123	123	123	8.805469462187965	1234
20130815	123	123	123	3.2619813326975344	1234
20130815	123	123	123	2.9327613941099373	1234
20130815	123	123	123	16.299350370580495	1234
20130815	123	123	123	11.612400876047417	1234
20130815	123	123	123	6.672107083186307	1234
20130815	123	123	123	11.821241847996628	1234
20130815	123	123	123	5.292450475688875	1234
20130815	123	123	123	8.664300324794748	1234
20130815	123	123	123	7.7659144190111355	1234
20130815	123	123	123	8.653459322119417	1234
20130815	123	123	123	8.04134317894922	1234
20130815	123	123	123	16.227195294245792	1234
20130815	123	123	123	13.749782238965718	1234
20130815	123	123	123	10.605879043515053	1234
20130815	123	123	123	10.233803342173966	1234
20130815	123	123	123	12.031331632412856	1234
20130815	123	123	123	17.990114147165347	1234