time startPrice highestPrice lowestPrice endPrice transactionCount
20130815	123	123	123	11.904935713881759	1234
20130815	123	123	123	0.37407801072320446	1234
20130815	123	123	123	16.136554886166532	1234
20130815	123	123	123	17.311453481819285	1234
20130815	123	123	123	7.7885560706713886	1234
20130815	123	123	123	7.324488319724541	1234
20130815	123	123	123	9.763860702782054	1234
20130815	123	123	123	5.294343429449824	1234
20130815	123	123	123	15.546405137069236	1234
20130815	123	123	123	7.998152174808575	1234
20130815	123	123	123	1.9705218066554098	1234
20130815	123	123	123	6.037722201783935	1234
20130815	123	123	123	19.170564022918512	1234
20130815	123	123	123	15.487216763509121	1234
20130815	123	123	123	0.9933057972434223	1234
20130815	123	123	123	7.209448536085306	1234
20130815	123	123	123	1.6212395385156153	1234
20130815	123	123	123	2.5915588322474004	1234
20130815	123	123	123	9.253541421103414	1234
20130815	123	123	123	12.34799166836142	1234
20130815	123	123	123	13.489594787774298	1234
20130815	123	123	123	7.004366649291964	1234
20130815	123	123	123	11.686430542410696	1234
20130815	123	123	123	17.24533764255095	1234
20130815	123	123	123	2.2076980859678197	1234
20130815	123	123	123	14.58040138799105	1234
20130815	123	123	123	14.40173499432641	1234
20130815	123	123	123	19.414106954010187	1234
20130815	123	123	123	10.656304087098189	1234
20130815	123	123	123	7.823771227040499	1234
20130815	123	123	123	252.68578114697203	1234
20130815	123	123	123	258.60515678433205	1234
20130815	123	123	123	266.6856894654162	1234
20130815	123	123	123	282.4156836364093	1234
20130815	123	123	123	292.683410334475	1234
20130815	123	123	123	295.9321771812218	1234
20130815	123	123	123	301.0175478728742	1234
20130815	123	123	123	311.1937092887645	1234
20130815	123	123	123	322.6596735119949	1234
20130815	123	123	123	331.5993482442004	1234
20130815	123	123	123	330.69018684102207	1234
20130815	123	123	123	337.94073024225395	1234
20130815	123	123	123	349.1589455445923	1234
20130815	123	123	123	353.99653504650405	1234
20130815	123	123	123	359.192307692308	1234
20130815	123	123	123	376.033280155795	1234
20130815	123	123	123	385.506634036198	1234
20130815	123	123	123	384.55511970579226	1234
20130815	123	123	123	391.6980792110631	1234
20130815	123	123	123	406.1773685992152	1234
20130815	123	123	123	411.72388631662704	1234
20130815	123	123	123	418.3913878839466	1234
20130815	123	123	123	436.87935144883136	1234
20130815	123	123	123	438.4640780501679	1234
20130815	123	123	123	438.8235971642978	1234
20130815	123	123	123	435.11387391223803	1234
20130815	123	123	123	431.8434826848809	1234
20130815	123	123	123	431.4813352927576	1234
20130815	123	123	123	427.53846153846143	1234
20130815	123	123	123	424.4881712647418	1234
20130815	123	123	123	419.9061566024419	1234
20130815	123	123	123	413.9083333180215	1234
20130815	123	123	123	412.41651981170355	1234
20130815	123	123	123	410.27303493173855	1234
20130815	123	123	123	407.81717894889044	1234
20130815	123	123	123	404.9121289237733	1234
20130815	123	123	123	402.09386220384266	1234
20130815	123	123	123	395.34720056097404	1234
20130815	123	123	123	396.08039665088444	1234
20130815	123	123	123	392.7624362021129	1234
20130815	123	123	123	391.936115628667	1234
20130815	123	123	123	390.15384615384573	1234
20130815	123	123	123	403.04869471919125	1234
20130815	123	123	123	404.2407388957278	1234
20130815	123	123	123	414.13835335294937	1234
20130815	123	123	123	413.8846153846155	1234
20130815	123	123	123	425.6242595183484	1234
20130815	123	123	123	425.03846153846166	1234
20130815	123	123	123	431.9973034354655	1234
20130815	123	123	123	444.6284035565217	1234
20130815	123	123	123	455.803288671473	1234
20130815	123	123	123	449.5733569407073	1234
20130815	123	123	123	457.2767313223004	1234
20130815	123	123	123	460.0364376073446	1234
20130815	123	123	123	467.7316964513296	1234
20130815	123	123	123	475.0285235525974	1234
20130815	123	123	123	476.53502209980763	1234
20130815	123	123	123	483.5629444677476	1234
20130815	123	123	123	492.74184601735647	1234
20130815	123	123	123	492.81449578168264	1234
20130815	123	123	123	505.40266592469686	1234
20130815	123	123	123	529.7503538531661	1234
20130815	123	123	123	502.7147607808382	1234
20130815	123	123	123	501.2783503493543	1234
20130815	123	123	123	482.69474216412306	1234
20130815	123	123	123	478.49694958758334	1234
20130815	123	123	123	483.07120832101623	1234
20130815	123	123	123	479.3551631753753	1234
20130815	123	123	123	467.14577462478593	1234
20130815	123	123	123	466.240824630998	1234
20130815	123	123	123	462.0046702826483	1234
20130815	123	123	123	455.73906434910134	1234
20130815	123	123	123	447.0179895404866	1234
20130815	123	123	123	437.2727975871923	1234
20130815	123	123	123	436.8461538461537	1234
20130815	123	123	123	425.6923351166841	1234
20130815	123	123	123	387.9984564755956	1234
20130815	123	123	123	393.6550936800934	1234
20130815	123	123	123	396.8004082250927	1234
20130815	123	123	123	385.53609889648294	1234
20130815	123	123	123	388.91167910955926	1234
20130815	123	123	123	390.01270268142804	1234
20130815	123	123	123	391.9230769230769	1234
20130815	123	123	123	397.77454995862456	1234
20130815	123	123	123	400.3017314239618	1234
20130815	123	123	123	419.25609759616873	1234
20130815	123	123	123	417.14855234434026	1234
20130815	123	123	123	422.9882320071622	1234
20130815	123	123	123	420.41896346795505	1234
20130815	123	123	123	423.77522997380515	1234
20130815	123	123	123	426.34333501240025	1234
20130815	123	123	123	426.38461538461524	1234
20130815	123	123	123	434.85514608477854	1234
20130815	123	123	123	434.292345664933	1234
20130815	123	123	123	438.40664102332624	1234
20130815	123	123	123	439.9021317903981	1234
20130815	123	123	123	446.0373229783003	1234
20130815	123	123	123	446.64602413301185	1234
20130815	123	123	123	452.0037935818198	1234
20130815	123	123	123	451.0	1234
20130815	123	123	123	443.60821848129336	1234
20130815	123	123	123	433.1533852406757	1234
20130815	123	123	123	415.02388816862697	1234
20130815	123	123	123	409.10193314665355	1234
20130815	123	123	123	392.10511687196396	1234
20130815	123	123	123	399.5769230769229	1234
20130815	123	123	123	388.8389081186775	1234
20130815	123	123	123	384.8846153846152	1234
20130815	123	123	123	348.0294962675828	1234
20130815	123	123	123	347.9092081519953	1234
20130815	123	123	123	335.9666564909111	1234
20130815	123	123	123	318.1681153025011	1234
20130815	123	123	123	309.201392333291	1234
20130815	123	123	123	286.79616266366423	1234
20130815	123	123	123	294.5553444430628	1234
20130815	123	123	123	282.4514879415494	1234
20130815	123	123	123	279.6786075899318	1234
20130815	123	123	123	271.10872906505887	1234
20130815	123	123	123	260.3906834822093	1234
20130815	123	123	123	260.0	1234
20130815	123	123	123	13.356605815985061	1234
20130815	123	123	123	9.933913843223525	1234
20130815	123	123	123	16.46258183360698	1234
20130815	123	123	123	13.079721451849409	1234
20130815	123	123	123	9.22525737310513	1234
20130815	123	123	123	19.882168814217373	1234
20130815	123	123	123	18.846306321202	1234
20130815	123	123	123	4.387592901546431	1234
20130815	123	123	123	4.279082437545325	1234
20130815	123	123	123	4.589689545926379	1234
20130815	123	123	123	8.564444428911093	1234
20130815	123	123	123	4.549752187620378	1234
20130815	123	123	123	19.844712788922408	1234
20130815	123	123	123	8.121620730143174	1234
20130815	123	123	123	18.32046319478888	1234
20130815	123	123	123	4.693972266328115	1234
20130815	123	123	123	18.786435418281187	1234
20130815	123	123	123	17.66934441643745	1234
20130815	123	123	123	5.9461086541302794	1234
20130815	123	123	123	2.454369354233641	1234
20130815	123	123	123	6.463284410343237	1234
20130815	123	123	123	12.949192016986009	1234
20130815	123	123	123	10.72978689691733	1234
20130815	123	123	123	15.868687930832362	1234
20130815	123	123	123	15.74003113612977	1234
20130815	123	123	123	19.238954510973258	1234
20130815	123	123	123	4.457115945580734	1234
20130815	123	123	123	5.187363875919731	1234
20130815	123	123	123	16.885200336521677	1234
20130815	123	123	123	4.343316532369164	1234