time startPrice highestPrice lowestPrice endPrice transactionCount
20130815	123	123	123	17.949824365732365	1234
20130815	123	123	123	15.727829480091174	1234
20130815	123	123	123	11.14272664890137	1234
20130815	123	123	123	1.8003593211817681	1234
20130815	123	123	123	5.472093443807151	1234
20130815	123	123	123	19.6875478456491	1234
20130815	123	123	123	3.0414201845757316	1234
20130815	123	123	123	2.9784427086664356	1234
20130815	123	123	123	17.720559651352314	1234
20130815	123	123	123	2.9736612321081513	1234
20130815	123	123	123	7.170442586263215	1234
20130815	123	123	123	6.089102491334857	1234
20130815	123	123	123	3.6966758974000546	1234
20130815	123	123	123	4.59321879509782	1234
20130815	123	123	123	8.416944019030641	1234
20130815	123	123	123	3.003694720838601	1234
20130815	123	123	123	17.118509116633177	1234
20130815	123	123	123	12.977570291980097	1234
20130815	123	123	123	10.51904246495339	1234
20130815	123	123	123	7.445482911679193	1234
20130815	123	123	123	9.492899294954142	1234
20130815	123	123	123	2.0384664422806087	1234
20130815	123	123	123	14.31472703806794	1234
20130815	123	123	123	7.069720517784499	1234
20130815	123	123	123	12.294313695991761	1234
20130815	123	123	123	16.561712494993955	1234
20130815	123	123	123	0.5848231798204173	1234
20130815	123	123	123	18.710947587059938	1234
20130815	123	123	123	19.757350778878127	1234
20130815	123	123	123	12.981473808375641	1234
20130815	123	123	123	262.66561417627634	1234
20130815	123	123	123	262.18098350427096	1234
20130815	123	123	123	265.3575724529733	1234
20130815	123	123	123	274.727569648606	1234
20130815	123	123	123	289.70771157347076	1234
20130815	123	123	123	302.3634300128257	1234
20130815	123	123	123	312.0242658399332	1234
20130815	123	123	123	314.2719851619978	1234
20130815	123	123	123	325.4434509806131	1234
20130815	123	123	123	337.51630355586076	1234
20130815	123	123	123	329.80769230769255	1234
20130815	123	123	123	344.60473183103403	1234
20130815	123	123	123	346.70077628056026	1234
20130815	123	123	123	366.57981404317326	1234
20130815	123	123	123	374.7702969412047	1234
20130815	123	123	123	373.06505120116555	1234
20130815	123	123	123	373.88461538461576	1234
20130815	123	123	123	390.67255567068815	1234
20130815	123	123	123	391.4915547863292	1234
20130815	123	123	123	400.4253488799697	1234
20130815	123	123	123	406.83899859093054	1234
20130815	123	123	123	410.89598879326763	1234
20130815	123	123	123	422.9578996956822	1234
20130815	123	123	123	428.4831945074771	1234
20130815	123	123	123	439.3171868452877	1234
20130815	123	123	123	437.41888529147064	1234
20130815	123	123	123	421.2523060228153	1234
20130815	123	123	123	422.8338354574679	1234
20130815	123	123	123	417.1712941375441	1234
20130815	123	123	123	405.9770410597524	1234
20130815	123	123	123	407.20817938580495	1234
20130815	123	123	123	401.64809669297216	1234
20130815	123	123	123	400.5384615384612	1234
20130815	123	123	123	395.57685429879973	1234
20130815	123	123	123	394.3076923076919	1234
20130815	123	123	123	382.2696956368792	1234
20130815	123	123	123	389.443953966022	1234
20130815	123	123	123	391.5769230769231	1234
20130815	123	123	123	399.89713135966537	1234
20130815	123	123	123	404.6496109936492	1234
20130815	123	123	123	429.96840972701864	1234
20130815	123	123	123	419.8578980611519	1234
20130815	123	123	123	428.44167081835275	1234
20130815	123	123	123	435.0376582851581	1234
20130815	123	123	123	441.2235078018697	1234
20130815	123	123	123	442.0290284721809	1234
20130815	123	123	123	447.34615384615404	1234
20130815	123	123	123	464.1830219982902	1234
20130815	123	123	123	464.98558676032627	1234
20130815	123	123	123	469.3258994767246	1234
20130815	123	123	123	470.56164484411084	1234
20130815	123	123	123	478.8923635391421	1234
20130815	123	123	123	497.1777708508205	1234
20130815	123	123	123	492.27774927083965	1234
20130815	123	123	123	497.66477272856775	1234
20130815	123	123	123	515.3596622703932	1234
20130815	123	123	123	509.63228835513587	1234
20130815	123	123	123	517.4557396158748	1234
20130815	123	123	123	522.7802795703129	1234
20130815	123	123	123	527.5385209418193	1234
20130815	123	123	123	528.5318653971342	1234
20130815	123	123	123	520.1867813857572	1234
20130815	123	123	123	509.7707335424409	1234
20130815	123	123	123	510.5327780322065	1234
20130815	123	123	123	503.30944593966325	1234
20130815	123	123	123	502.8562526570724	1234
20130815	123	123	123	494.2307015534662	1234
20130815	123	123	123	487.8153655745527	1234
20130815	123	123	123	483.78626216368895	1234
20130815	123	123	123	481.1538461538461	1234
20130815	123	123	123	466.66067529464743	1234
20130815	123	123	123	464.14871805569413	1234
20130815	123	123	123	462.8436683471857	1234
20130815	123	123	123	458.302777737445	1234
20130815	123	123	123	445.82600846458934	1234
20130815	123	123	123	444.29885200745395	1234
20130815	123	123	123	432.87777087423143	1234
20130815	123	123	123	427.12315682716616	1234
20130815	123	123	123	425.69936289568795	1234
20130815	123	123	123	408.42757557045115	1234
20130815	123	123	123	413.9684864021547	1234
20130815	123	123	123	402.3005640148002	1234
20130815	123	123	123	393.57173250338786	1234
20130815	123	123	123	386.4662798136659	1234
20130815	123	123	123	395.66217252827715	1234
20130815	123	123	123	401.75180217687563	1234
20130815	123	123	123	398.2733451136889	1234
20130815	123	123	123	403.0841586027612	1234
20130815	123	123	123	408.543537451741	1234
20130815	123	123	123	414.2810658516141	1234
20130815	123	123	123	421.65601871175727	1234
20130815	123	123	123	433.22671989186165	1234
20130815	123	123	123	431.30769230769215	1234
20130815	123	123	123	437.3438045847208	1234
20130815	123	123	123	441.16954572033956	1234
20130815	123	123	123	460.10911854752567	1234
20130815	123	123	123	441.9533331275572	1234
20130815	123	123	123	441.9093986026664	1234
20130815	123	123	123	430.7330458163943	1234
20130815	123	123	123	422.10065393622943	1234
20130815	123	123	123	421.59752274918714	1234
20130815	123	123	123	391.48271224381807	1234
20130815	123	123	123	390.1864001783818	1234
20130815	123	123	123	368.69321713278015	1234
20130815	123	123	123	373.4625815966482	1234
20130815	123	123	123	353.4809549554499	1234
20130815	123	123	123	354.0538571055652	1234
20130815	123	123	123	336.72886003507676	1234
20130815	123	123	123	337.3719628822889	1234
20130815	123	123	123	332.84298635128187	1234
20130815	123	123	123	320.39536603423977	1234
20130815	123	123	123	314.28708344715847	1234
20130815	123	123	123	299.90406829596657	1234
20130815	123	123	123	293.97530513471196	1234
20130815	123	123	123	287.6093004316847	1234
20130815	123	123	123	281.1926471545519	1234
20130815	123	123	123	282.03846153846104	1234
20130815	123	123	123	263.047500517743	1234
20130815	123	123	123	263.0674001488572	1234
20130815	123	123	123	260.0	1234
20130815	123	123	123	2.3270488929542132	1234
20130815	123	123	123	17.498790750419047	1234
20130815	123	123	123	11.231260226658947	1234
20130815	123	123	123	12.925979063826246	1234
20130815	123	123	123	12.802112828474552	1234
20130815	123	123	123	18.453714815906004	1234
20130815	123	123	123	12.611248949382013	1234
20130815	123	123	123	16.398021532901303	1234
20130815	123	123	123	0.32169481785079945	1234
20130815	123	123	123	5.209335820635332	1234
20130815	123	123	123	10.052750403217374	1234
20130815	123	123	123	9.05132010522661	1234
20130815	123	123	123	8.502069627822452	1234
20130815	123	123	123	4.668059310602127	1234
20130815	123	123	123	15.99123803027069	1234
20130815	123	123	123	3.7464579422573507	1234
20130815	123	123	123	11.586031961904727	1234
20130815	123	123	123	18.681953572936067	1234
20130815	123	123	123	7.431575888058024	1234
20130815	123	123	123	0.4177655612283626	1234
20130815	123	123	123	8.439691995824475	1234
20130815	123	123	123	4.260949942344796	1234
20130815	123	123	123	9.53729854919663	1234
20130815	123	123	123	10.25518041913632	1234
20130815	123	123	123	15.959612767845295	1234
20130815	123	123	123	2.3455813055369434	1234
20130815	123	123	123	3.741624932822405	1234
20130815	123	123	123	10.302769538059637	1234
20130815	123	123	123	2.8796714306554216	1234
20130815	123	123	123	11.841665009200797	1234