time startPrice highestPrice lowestPrice endPrice transactionCount
20130815	123	123	123	18.916422519655846	1234
20130815	123	123	123	19.696660958742793	1234
20130815	123	123	123	10.818471517364355	1234
20130815	123	123	123	0.876825548931095	1234
20130815	123	123	123	17.809654236507097	1234
20130815	123	123	123	6.183207504789065	1234
20130815	123	123	123	12.747358830051642	1234
20130815	123	123	123	3.2644298140314754	1234
20130815	123	123	123	4.10485870001553	1234
20130815	123	123	123	11.71001877362103	1234
20130815	123	123	123	4.930287898794148	1234
20130815	123	123	123	13.986712303898239	1234
20130815	123	123	123	1.8191923408132316	1234
20130815	123	123	123	16.93894452761318	1234
20130815	123	123	123	6.791500074151704	1234
20130815	123	123	123	17.940977601798423	1234
20130815	123	123	123	5.185692679949114	1234
20130815	123	123	123	11.255821339807191	1234
20130815	123	123	123	4.014507623730548	1234
20130815	123	123	123	8.758754472039463	1234
20130815	123	123	123	1.3590963999624162	1234
20130815	123	123	123	2.518604374997606	1234
20130815	123	123	123	16.066074961440712	1234
20130815	123	123	123	18.95810702755242	1234
20130815	123	123	123	15.070752106175696	1234
20130815	123	123	123	1.1583175012484626	1234
20130815	123	123	123	13.978926165617917	1234
20130815	123	123	123	9.61630287236559	1234
20130815	123	123	123	15.040378043970735	1234
20130815	123	123	123	6.257945267322	1234
20130815	123	123	123	262.84113678515814	1234
20130815	123	123	123	269.4051289975829	1234
20130815	123	123	123	264.1994698945873	1234
20130815	123	123	123	274.91920961525176	1234
20130815	123	123	123	278.3846153846155	1234
20130815	123	123	123	290.3934752400795	1234
20130815	123	123	123	302.3562679166478	1234
20130815	123	123	123	302.1481348765492	1234
20130815	123	123	123	315.7006804043886	1234
20130815	123	123	123	316.27759361487904	1234
20130815	123	123	123	332.58923394716373	1234
20130815	123	123	123	345.4319924950757	1234
20130815	123	123	123	362.57277561376327	1234
20130815	123	123	123	376.27668936441023	1234
20130815	123	123	123	366.5384615384619	1234
20130815	123	123	123	388.448254465219	1234
20130815	123	123	123	395.7778422787697	1234
20130815	123	123	123	413.9791184653286	1234
20130815	123	123	123	460.5521920819353	1234
20130815	123	123	123	435.2061305742167	1234
20130815	123	123	123	417.87954025522197	1234
20130815	123	123	123	420.8870927771525	1234
20130815	123	123	123	413.20488079883916	1234
20130815	123	123	123	411.1035398894546	1234
20130815	123	123	123	407.4879131050554	1234
20130815	123	123	123	408.8461538461536	1234
20130815	123	123	123	402.72049368193376	1234
20130815	123	123	123	401.91731862771985	1234
20130815	123	123	123	399.29965086065334	1234
20130815	123	123	123	396.47966026601443	1234
20130815	123	123	123	393.7460087288722	1234
20130815	123	123	123	389.5167599572094	1234
20130815	123	123	123	388.07692307692264	1234
20130815	123	123	123	391.09493277782707	1234
20130815	123	123	123	403.4874441954941	1234
20130815	123	123	123	400.99369327933886	1234
20130815	123	123	123	405.88921477078185	1234
20130815	123	123	123	410.998572217508	1234
20130815	123	123	123	413.8846153846155	1234
20130815	123	123	123	436.11920841119473	1234
20130815	123	123	123	437.10027260020354	1234
20130815	123	123	123	443.3227528587415	1234
20130815	123	123	123	446.5319145632674	1234
20130815	123	123	123	452.1575882349302	1234
20130815	123	123	123	454.6404240386803	1234
20130815	123	123	123	463.46980559748727	1234
20130815	123	123	123	470.21004934589445	1234
20130815	123	123	123	470.9282597424771	1234
20130815	123	123	123	483.7908637246911	1234
20130815	123	123	123	486.3846153846157	1234
20130815	123	123	123	495.9117084801358	1234
20130815	123	123	123	503.57263599922885	1234
20130815	123	123	123	506.6787469625757	1234
20130815	123	123	123	513.735486320738	1234
20130815	123	123	123	515.9867676566366	1234
20130815	123	123	123	523.0573820340579	1234
20130815	123	123	123	525.8728262081639	1234
20130815	123	123	123	523.0951956684534	1234
20130815	123	123	123	524.8487438436551	1234
20130815	123	123	123	518.3983864475056	1234
20130815	123	123	123	503.5531381454101	1234
20130815	123	123	123	497.7298503833458	1234
20130815	123	123	123	492.8289683552748	1234
20130815	123	123	123	474.32514705121895	1234
20130815	123	123	123	472.6144644542351	1234
20130815	123	123	123	468.4465916216566	1234
20130815	123	123	123	456.6191037509635	1234
20130815	123	123	123	458.9999999999999	1234
20130815	123	123	123	451.94415809752473	1234
20130815	123	123	123	445.5928230599033	1234
20130815	123	123	123	441.7296882035779	1234
20130815	123	123	123	430.3913577699137	1234
20130815	123	123	123	420.7673351792373	1234
20130815	123	123	123	416.3969450417777	1234
20130815	123	123	123	407.6722017096354	1234
20130815	123	123	123	406.39975197932404	1234
20130815	123	123	123	392.91033947007566	1234
20130815	123	123	123	393.120735669594	1234
20130815	123	123	123	390.5822261940799	1234
20130815	123	123	123	389.1710962941533	1234
20130815	123	123	123	399.3035014600444	1234
20130815	123	123	123	404.3255187437016	1234
20130815	123	123	123	406.27209752524357	1234
20130815	123	123	123	411.3819927185736	1234
20130815	123	123	123	417.8930337005725	1234
20130815	123	123	123	420.26078877560604	1234
20130815	123	123	123	424.34824898782375	1234
20130815	123	123	123	427.19733740366365	1234
20130815	123	123	123	427.2999219837864	1234
20130815	123	123	123	430.77453086701337	1234
20130815	123	123	123	433.87717749438514	1234
20130815	123	123	123	434.4602757446704	1234
20130815	123	123	123	436.55571850734856	1234
20130815	123	123	123	443.1260359963703	1234
20130815	123	123	123	445.7788580499974	1234
20130815	123	123	123	446.83673064809346	1234
20130815	123	123	123	424.37322211150416	1234
20130815	123	123	123	436.30769230769226	1234
20130815	123	123	123	420.91379804418597	1234
20130815	123	123	123	409.287012401217	1234
20130815	123	123	123	402.15158092788226	1234
20130815	123	123	123	405.8165307921074	1234
20130815	123	123	123	392.23076923076906	1234
20130815	123	123	123	375.33829113583374	1234
20130815	123	123	123	369.5296457099766	1234
20130815	123	123	123	370.19230769230745	1234
20130815	123	123	123	362.8068832320788	1234
20130815	123	123	123	355.48643914608266	1234
20130815	123	123	123	343.7043237804577	1234
20130815	123	123	123	338.64202841254007	1234
20130815	123	123	123	323.22902301587635	1234
20130815	123	123	123	319.52552288609473	1234
20130815	123	123	123	306.7336206436808	1234
20130815	123	123	123	297.7995563471886	1234
20130815	123	123	123	298.2377769884784	1234
20130815	123	123	123	296.7307692307688	1234
20130815	123	123	123	280.7759477686422	1234
20130815	123	123	123	273.5649344274463	1234
20130815	123	123	123	264.6809233971588	1234
20130815	123	123	123	260.0	1234
20130815	123	123	123	9.343506573887455	1234
20130815	123	123	123	12.158666023957792	1234
20130815	123	123	123	10.018802948031965	1234
20130815	123	123	123	18.207038485164666	1234
20130815	123	123	123	7.588014194778352	1234
20130815	123	123	123	18.39459562069027	1234
20130815	123	123	123	3.5272424941318103	1234
20130815	123	123	123	17.62747624285521	1234
20130815	123	123	123	13.87983324776965	1234
20130815	123	123	123	6.591886491684116	1234
20130815	123	123	123	10.67507410462186	1234
20130815	123	123	123	3.4884689882108177	1234
20130815	123	123	123	18.360411273856563	1234
20130815	123	123	123	11.165650273077672	1234
20130815	123	123	123	7.87946750247718	1234
20130815	123	123	123	14.676552616680528	1234
20130815	123	123	123	8.929511324957474	1234
20130815	123	123	123	11.46828115963817	1234
20130815	123	123	123	6.876648840746633	1234
20130815	123	123	123	8.75897531435065	1234
20130815	123	123	123	4.423698664978217	1234
20130815	123	123	123	11.20207673118604	1234
20130815	123	123	123	18.10596761831657	1234
20130815	123	123	123	19.2765416857493	1234
20130815	123	123	123	8.787808818000652	1234
20130815	123	123	123	4.136274038293328	1234
20130815	123	123	123	15.364354553411035	1234
20130815	123	123	123	18.624618462018535	1234
20130815	123	123	123	17.717066675789766	1234
20130815	123	123	123	14.09542526565424	1234