time startPrice highestPrice lowestPrice endPrice transactionCount
20130815	123	123	123	2.1956978603726496	1234
20130815	123	123	123	0.8212710267745171	1234
20130815	123	123	123	14.913997914356294	1234
20130815	123	123	123	16.957395695894046	1234
20130815	123	123	123	18.55861584067992	1234
20130815	123	123	123	10.556376327623202	1234
20130815	123	123	123	10.119135153055518	1234
20130815	123	123	123	3.678675217853473	1234
20130815	123	123	123	7.103308926533815	1234
20130815	123	123	123	8.65813867052269	1234
20130815	123	123	123	11.40822627664547	1234
20130815	123	123	123	0.0385307017019354	1234
20130815	123	123	123	3.8875870115764055	1234
20130815	123	123	123	6.0050560818526755	1234
20130815	123	123	123	2.449767579344322	1234
20130815	123	123	123	13.75235271165377	1234
20130815	123	123	123	0.21986556561669923	1234
20130815	123	123	123	19.73715970268187	1234
20130815	123	123	123	10.73203935846545	1234
20130815	123	123	123	0.030600028172913518	1234
20130815	123	123	123	17.977590070836833	1234
20130815	123	123	123	15.609432007050506	1234
20130815	123	123	123	8.173325712237155	1234
20130815	123	123	123	6.567840638943158	1234
20130815	123	123	123	14.150153343269611	1234
20130815	123	123	123	13.614056991530143	1234
20130815	123	123	123	3.1725081626279117	1234
20130815	123	123	123	7.124417175639248	1234
20130815	123	123	123	4.726541462708731	1234
20130815	123	123	123	7.309128353516552	1234
20130815	123	123	123	253.51522922718408	1234
20130815	123	123	123	256.6275338671009	1234
20130815	123	123	123	279.49148961276035	1234
20130815	123	123	123	273.16895185743294	1234
20130815	123	123	123	287.81240760196727	1234
20130815	123	123	123	291.21389614249387	1234
20130815	123	123	123	300.6026429458803	1234
20130815	123	123	123	312.6488179787506	1234
20130815	123	123	123	320.4858523262814	1234
20130815	123	123	123	331.8803988507802	1234
20130815	123	123	123	338.48327708102323	1234
20130815	123	123	123	344.1931798293817	1234
20130815	123	123	123	350.30370739091313	1234
20130815	123	123	123	362.0001844576581	1234
20130815	123	123	123	368.2338732183127	1234
20130815	123	123	123	390.2954463244581	1234
20130815	123	123	123	399.009829136654	1234
20130815	123	123	123	422.2363440153649	1234
20130815	123	123	123	422.05143815011957	1234
20130815	123	123	123	431.6198326196723	1234
20130815	123	123	123	430.0379535681094	1234
20130815	123	123	123	435.1614546589882	1234
20130815	123	123	123	435.14633062759725	1234
20130815	123	123	123	414.632734973295	1234
20130815	123	123	123	417.51475557455035	1234
20130815	123	123	123	414.03119840128704	1234
20130815	123	123	123	405.49169087817097	1234
20130815	123	123	123	403.34732375027744	1234
20130815	123	123	123	399.5794517479639	1234
20130815	123	123	123	388.3009560198884	1234
20130815	123	123	123	393.20396322072924	1234
20130815	123	123	123	391.9437755613993	1234
20130815	123	123	123	383.8237731880083	1234
20130815	123	123	123	392.0019086008388	1234
20130815	123	123	123	401.6067478777169	1234
20130815	123	123	123	397.1538461538462	1234
20130815	123	123	123	402.7307692307693	1234
20130815	123	123	123	412.89062974096026	1234
20130815	123	123	123	428.93935108369686	1234
20130815	123	123	123	420.20260299315237	1234
20130815	123	123	123	430.61538461538476	1234
20130815	123	123	123	442.82088602132785	1234
20130815	123	123	123	445.7269192201702	1234
20130815	123	123	123	456.70184957218976	1234
20130815	123	123	123	460.00731375902376	1234
20130815	123	123	123	466.28854339976095	1234
20130815	123	123	123	483.9734008936207	1234
20130815	123	123	123	480.2539664558143	1234
20130815	123	123	123	484.0145067545058	1234
20130815	123	123	123	499.9218036551138	1234
20130815	123	123	123	503.7395744031899	1234
20130815	123	123	123	514.8799498152202	1234
20130815	123	123	123	520.2646183513998	1234
20130815	123	123	123	534.6116794467464	1234
20130815	123	123	123	520.5281691435574	1234
20130815	123	123	123	521.9563666250402	1234
20130815	123	123	123	514.7354638969708	1234
20130815	123	123	123	506.59986811703146	1234
20130815	123	123	123	504.77411426570023	1234
20130815	123	123	123	502.16775160385157	1234
20130815	123	123	123	494.0979391999006	1234
20130815	123	123	123	486.3688625160393	1234
20130815	123	123	123	486.4868186666372	1234
20130815	123	123	123	477.5782949744717	1234
20130815	123	123	123	470.076923076923	1234
20130815	123	123	123	456.55430239682323	1234
20130815	123	123	123	456.3223887086226	1234
20130815	123	123	123	451.46437054584675	1234
20130815	123	123	123	442.1377610564696	1234
20130815	123	123	123	441.1234336735925	1234
20130815	123	123	123	433.340482819742	1234
20130815	123	123	123	424.1271270294163	1234
20130815	123	123	123	413.56573261963547	1234
20130815	123	123	123	415.0542172365671	1234
20130815	123	123	123	412.63435253286775	1234
20130815	123	123	123	399.8991814182802	1234
20130815	123	123	123	386.98694744145496	1234
20130815	123	123	123	392.5384615384613	1234
20130815	123	123	123	393.14154611115	1234
20130815	123	123	123	392.39786549399895	1234
20130815	123	123	123	394.74306335318744	1234
20130815	123	123	123	401.8037806880277	1234
20130815	123	123	123	410.1299019930968	1234
20130815	123	123	123	412.92355688115936	1234
20130815	123	123	123	419.96889462367574	1234
20130815	123	123	123	419.78604305697286	1234
20130815	123	123	123	426.71162473919776	1234
20130815	123	123	123	426.38461538461524	1234
20130815	123	123	123	431.93657151616213	1234
20130815	123	123	123	435.8438446717046	1234
20130815	123	123	123	440.72440223653155	1234
20130815	123	123	123	441.53191262885315	1234
20130815	123	123	123	445.9986402600464	1234
20130815	123	123	123	447.09666476692036	1234
20130815	123	123	123	449.96681278361996	1234
20130815	123	123	123	451.0	1234
20130815	123	123	123	442.05489878136024	1234
20130815	123	123	123	433.6046249780304	1234
20130815	123	123	123	428.9615384615384	1234
20130815	123	123	123	404.523020383229	1234
20130815	123	123	123	414.26923076923066	1234
20130815	123	123	123	396.2539368544996	1234
20130815	123	123	123	395.56183760573805	1234
20130815	123	123	123	389.3726348735579	1234
20130815	123	123	123	373.6268108084804	1234
20130815	123	123	123	366.73753953872574	1234
20130815	123	123	123	359.05409801221356	1234
20130815	123	123	123	353.28003436946307	1234
20130815	123	123	123	344.88968183368326	1234
20130815	123	123	123	338.68953200668614	1234
20130815	123	123	123	325.30520666773947	1234
20130815	123	123	123	326.11538461538424	1234
20130815	123	123	123	307.85339414370895	1234
20130815	123	123	123	290.1024566771329	1234
20130815	123	123	123	290.25426150769493	1234
20130815	123	123	123	281.19292092983443	1234
20130815	123	123	123	272.19122190912327	1234
20130815	123	123	123	272.7678200114324	1234
20130815	123	123	123	251.11567975362837	1234
20130815	123	123	123	260.0	1234
20130815	123	123	123	0.36284910516757973	1234
20130815	123	123	123	4.109061197504076	1234
20130815	123	123	123	16.11435802146648	1234
20130815	123	123	123	14.264090326410425	1234
20130815	123	123	123	6.4606885604067905	1234
20130815	123	123	123	14.105940032423018	1234
20130815	123	123	123	3.4682732626247104	1234
20130815	123	123	123	0.12984426011317662	1234
20130815	123	123	123	5.85468488559874	1234
20130815	123	123	123	11.949772425156976	1234
20130815	123	123	123	19.622358386281622	1234
20130815	123	123	123	2.0641183508096783	1234
20130815	123	123	123	17.96013282809436	1234
20130815	123	123	123	18.73780573948719	1234
20130815	123	123	123	15.762176188245896	1234
20130815	123	123	123	18.590338630527047	1234
20130815	123	123	123	19.866807849160473	1234
20130815	123	123	123	17.077608810307115	1234
20130815	123	123	123	5.538881927697526	1234
20130815	123	123	123	12.440914837000484	1234
20130815	123	123	123	12.437675275442022	1234
20130815	123	123	123	2.9047819677061604	1234
20130815	123	123	123	8.019030219325556	1234
20130815	123	123	123	10.533489996091214	1234
20130815	123	123	123	5.7697297260168074	1234
20130815	123	123	123	17.36484995421946	1234
20130815	123	123	123	1.6801581514968467	1234
20130815	123	123	123	0.9513764385422152	1234
20130815	123	123	123	0.8071184200132908	1234
20130815	123	123	123	4.538757308553096	1234