time startPrice highestPrice lowestPrice endPrice transactionCount
20130815	123	123	123	1.7801963959553424	1234
20130815	123	123	123	18.754673339288907	1234
20130815	123	123	123	17.316489814062397	1234
20130815	123	123	123	16.29669345594734	1234
20130815	123	123	123	11.744578943159121	1234
20130815	123	123	123	1.1968221919413558	1234
20130815	123	123	123	19.55597544515181	1234
20130815	123	123	123	15.452796571906354	1234
20130815	123	123	123	15.075968463950886	1234
20130815	123	123	123	15.481196109535366	1234
20130815	123	123	123	9.584857076727173	1234
20130815	123	123	123	4.222033666585512	1234
20130815	123	123	123	12.513705982866037	1234
20130815	123	123	123	16.22730900444945	1234
20130815	123	123	123	4.275417328372441	1234
20130815	123	123	123	15.244123500442981	1234
20130815	123	123	123	6.47528087979283	1234
20130815	123	123	123	2.4703259186114868	1234
20130815	123	123	123	3.795943730877238	1234
20130815	123	123	123	1.5333616408741269	1234
20130815	123	123	123	12.586401281351439	1234
20130815	123	123	123	4.043659745198925	1234
20130815	123	123	123	9.981967990095146	1234
20130815	123	123	123	14.587720439985576	1234
20130815	123	123	123	9.18372070591717	1234
20130815	123	123	123	5.100641437603988	1234
20130815	123	123	123	0.3355047766137442	1234
20130815	123	123	123	11.103393166824361	1234
20130815	123	123	123	0.3206227658500582	1234
20130815	123	123	123	13.279289107235215	1234
20130815	123	123	123	253.9395408185474	1234
20130815	123	123	123	263.0283180148988	1234
20130815	123	123	123	270.88065973116204	1234
20130815	123	123	123	290.45952284518313	1234
20130815	123	123	123	298.03906995631814	1234
20130815	123	123	123	304.66098561022443	1234
20130815	123	123	123	304.29629099661196	1234
20130815	123	123	123	313.30981218103625	1234
20130815	123	123	123	318.2158210952672	1234
20130815	123	123	123	336.1506263473211	1234
20130815	123	123	123	329.80769230769255	1234
20130815	123	123	123	348.25881665857554	1234
20130815	123	123	123	360.0142096075848	1234
20130815	123	123	123	361.1939378538508	1234
20130815	123	123	123	376.38353956608546	1234
20130815	123	123	123	381.4394635122209	1234
20130815	123	123	123	386.3325091185585	1234
20130815	123	123	123	396.9639774557254	1234
20130815	123	123	123	403.7941620879341	1234
20130815	123	123	123	426.247501833457	1234
20130815	123	123	123	436.17889698432106	1234
20130815	123	123	123	437.68480287221325	1234
20130815	123	123	123	439.7610639388647	1234
20130815	123	123	123	423.38461538461524	1234
20130815	123	123	123	419.07202918474877	1234
20130815	123	123	123	416.24258122561645	1234
20130815	123	123	123	415.61029699426933	1234
20130815	123	123	123	406.861450107674	1234
20130815	123	123	123	406.7839651241718	1234
20130815	123	123	123	405.5529980477856	1234
20130815	123	123	123	399.4854608174415	1234
20130815	123	123	123	402.6153846153843	1234
20130815	123	123	123	397.60080726499774	1234
20130815	123	123	123	395.3550416536549	1234
20130815	123	123	123	396.384615384615	1234
20130815	123	123	123	392.8703547600425	1234
20130815	123	123	123	385.6255995213	1234
20130815	123	123	123	386.97463778619465	1234
20130815	123	123	123	391.3684869630833	1234
20130815	123	123	123	395.3812288244169	1234
20130815	123	123	123	398.7087542327184	1234
20130815	123	123	123	402.91133382376876	1234
20130815	123	123	123	419.082239676346	1234
20130815	123	123	123	419.6830524717591	1234
20130815	123	123	123	420.15989826564703	1234
20130815	123	123	123	425.3701082576227	1234
20130815	123	123	123	435.4842606138675	1234
20130815	123	123	123	440.36999508039577	1234
20130815	123	123	123	449.5715247907424	1234
20130815	123	123	123	447.3498818773837	1234
20130815	123	123	123	482.88277321135	1234
20130815	123	123	123	474.086468142207	1234
20130815	123	123	123	506.71377690453005	1234
20130815	123	123	123	486.8750983357082	1234
20130815	123	123	123	503.79570332101525	1234
20130815	123	123	123	506.2264713064303	1234
20130815	123	123	123	512.1360193992149	1234
20130815	123	123	123	520.234798616937	1234
20130815	123	123	123	531.1127894630201	1234
20130815	123	123	123	524.2847754903279	1234
20130815	123	123	123	517.8342586995474	1234
20130815	123	123	123	509.1819942965439	1234
20130815	123	123	123	496.1075631306163	1234
20130815	123	123	123	491.79859514548605	1234
20130815	123	123	123	479.60838325414085	1234
20130815	123	123	123	469.31630299420385	1234
20130815	123	123	123	471.5071491152636	1234
20130815	123	123	123	466.3592736104395	1234
20130815	123	123	123	450.02859160729383	1234
20130815	123	123	123	435.81335323534785	1234
20130815	123	123	123	434.3782357105873	1234
20130815	123	123	123	423.4030131211158	1234
20130815	123	123	123	418.6554797719391	1234
20130815	123	123	123	420.23076923076906	1234
20130815	123	123	123	414.2718346240097	1234
20130815	123	123	123	409.15384615384596	1234
20130815	123	123	123	402.69524560383036	1234
20130815	123	123	123	392.1222955088818	1234
20130815	123	123	123	387.717147020466	1234
20130815	123	123	123	389.5646536821975	1234
20130815	123	123	123	396.8461538461538	1234
20130815	123	123	123	402.4170179168892	1234
20130815	123	123	123	406.0922178219184	1234
20130815	123	123	123	407.601650640135	1234
20130815	123	123	123	411.1970641751892	1234
20130815	123	123	123	409.1538461538461	1234
20130815	123	123	123	413.903337253661	1234
20130815	123	123	123	416.0361700445742	1234
20130815	123	123	123	422.1357302191225	1234
20130815	123	123	123	419.7782939341092	1234
20130815	123	123	123	423.08948005340903	1234
20130815	123	123	123	426.5105853272062	1234
20130815	123	123	123	426.38461538461524	1234
20130815	123	123	123	440.0977680214649	1234
20130815	123	123	123	437.97871859430376	1234
20130815	123	123	123	440.8366651002536	1234
20130815	123	123	123	445.40977024125175	1234
20130815	123	123	123	450.5522425464577	1234
20130815	123	123	123	451.101406069576	1234
20130815	123	123	123	434.79442433803456	1234
20130815	123	123	123	435.5999085235557	1234
20130815	123	123	123	428.8566243493648	1234
20130815	123	123	123	423.62688044581813	1234
20130815	123	123	123	407.9625692780086	1234
20130815	123	123	123	405.3379010707224	1234
20130815	123	123	123	401.84838186792706	1234
20130815	123	123	123	389.38704773081264	1234
20130815	123	123	123	376.4259382733464	1234
20130815	123	123	123	369.02881629310707	1234
20130815	123	123	123	357.108438391244	1234
20130815	123	123	123	355.4999999999997	1234
20130815	123	123	123	306.6772511291308	1234
20130815	123	123	123	324.8137141225901	1234
20130815	123	123	123	309.38095410043024	1234
20130815	123	123	123	311.2369397012553	1234
20130815	123	123	123	292.9251361845713	1234
20130815	123	123	123	276.0317175923612	1234
20130815	123	123	123	270.2484664919835	1234
20130815	123	123	123	263.5950976621857	1234
20130815	123	123	123	260.0	1234
20130815	123	123	123	0.8877561840416548	1234
20130815	123	123	123	10.832008207254775	1234
20130815	123	123	123	13.997863410288097	1234
20130815	123	123	123	3.1118651219113036	1234
20130815	123	123	123	1.4146616646650045	1234
20130815	123	123	123	4.777906610301768	1234
20130815	123	123	123	16.657276672654696	1234
20130815	123	123	123	0.5035563782254493	1234
20130815	123	123	123	19.873587224509095	1234
20130815	123	123	123	17.718025827831053	1234
20130815	123	123	123	17.418162188590443	1234
20130815	123	123	123	11.45228037535986	1234
20130815	123	123	123	9.43333720453347	1234
20130815	123	123	123	1.9370851265390843	1234
20130815	123	123	123	1.1023706067656613	1234
20130815	123	123	123	12.654265947090394	1234
20130815	123	123	123	11.098593715202373	1234
20130815	123	123	123	0.10593666237876276	1234
20130815	123	123	123	7.785517719401804	1234
20130815	123	123	123	14.237720064066	1234
20130815	123	123	123	7.683784017432565	1234
20130815	123	123	123	4.391089172521165	1234
20130815	123	123	123	8.428157802842009	1234
20130815	123	123	123	15.589548350112338	1234
20130815	123	123	123	10.770290451480125	1234
20130815	123	123	123	16.16857425630327	1234
20130815	123	123	123	11.082155123021513	1234
20130815	123	123	123	4.087749546502231	1234
20130815	123	123	123	11.284819614248585	1234
20130815	123	123	123	16.125483846431724	1234