time startPrice highestPrice lowestPrice endPrice transactionCount
20130815	123	123	123	17.800785821313642	1234
20130815	123	123	123	13.510502222494004	1234
20130815	123	123	123	5.331484501280917	1234
20130815	123	123	123	10.638893595116222	1234
20130815	123	123	123	7.86256128925523	1234
20130815	123	123	123	6.208442314188023	1234
20130815	123	123	123	4.303479514152711	1234
20130815	123	123	123	15.026020538841482	1234
20130815	123	123	123	6.634564013785802	1234
20130815	123	123	123	11.578147305758224	1234
20130815	123	123	123	9.770904353013686	1234
20130815	123	123	123	16.362723538832036	1234
20130815	123	123	123	3.0987861928729243	1234
20130815	123	123	123	13.873591549809372	1234
20130815	123	123	123	6.163040204430024	1234
20130815	123	123	123	17.159284188722786	1234
20130815	123	123	123	3.9424597327680178	1234
20130815	123	123	123	8.960715314293497	1234
20130815	123	123	123	14.382875017354683	1234
20130815	123	123	123	13.877529627874367	1234
20130815	123	123	123	6.679997170920013	1234
20130815	123	123	123	13.04201662362036	1234
20130815	123	123	123	11.595658456523568	1234
20130815	123	123	123	12.178068572407042	1234
20130815	123	123	123	2.293005449060679	1234
20130815	123	123	123	17.03828138722445	1234
20130815	123	123	123	7.292421054914615	1234
20130815	123	123	123	14.955103083218745	1234
20130815	123	123	123	16.746886335268204	1234
20130815	123	123	123	7.0846094127908525	1234
20130815	123	123	123	252.8577576517716	1234
20130815	123	123	123	261.18171805664144	1234
20130815	123	123	123	268.78423594467984	1234
20130815	123	123	123	271.0384615384616	1234
20130815	123	123	123	284.72666283307666	1234
20130815	123	123	123	286.4766109466475	1234
20130815	123	123	123	301.06152398159867	1234
20130815	123	123	123	304.39582186571863	1234
20130815	123	123	123	313.75331580341543	1234
20130815	123	123	123	351.2371752985805	1234
20130815	123	123	123	356.7292064634262	1234
20130815	123	123	123	356.95606174535567	1234
20130815	123	123	123	363.60641416326206	1234
20130815	123	123	123	370.44535452457546	1234
20130815	123	123	123	386.6401027075441	1234
20130815	123	123	123	402.6971410692598	1234
20130815	123	123	123	418.1978909736441	1234
20130815	123	123	123	418.81719740782023	1234
20130815	123	123	123	428.13770386094876	1234
20130815	123	123	123	439.11475668210704	1234
20130815	123	123	123	439.44862731864276	1234
20130815	123	123	123	432.0771117844845	1234
20130815	123	123	123	433.7692307692307	1234
20130815	123	123	123	429.16876550220445	1234
20130815	123	123	123	428.49584781169557	1234
20130815	123	123	123	421.54070135839066	1234
20130815	123	123	123	407.35065171547154	1234
20130815	123	123	123	412.16038051430763	1234
20130815	123	123	123	410.0941569799536	1234
20130815	123	123	123	402.78794022629063	1234
20130815	123	123	123	402.29780687866736	1234
20130815	123	123	123	400.23639552122506	1234
20130815	123	123	123	395.5335310070663	1234
20130815	123	123	123	393.8106188058666	1234
20130815	123	123	123	391.5253018229247	1234
20130815	123	123	123	386.4028292913326	1234
20130815	123	123	123	386.0738846112146	1234
20130815	123	123	123	391.5769230769231	1234
20130815	123	123	123	399.8888031433692	1234
20130815	123	123	123	411.91160799132496	1234
20130815	123	123	123	419.36881203308235	1234
20130815	123	123	123	428.7269129505803	1234
20130815	123	123	123	431.55128944872905	1234
20130815	123	123	123	438.2456946893046	1234
20130815	123	123	123	448.5513210731334	1234
20130815	123	123	123	447.34615384615404	1234
20130815	123	123	123	460.0541820517229	1234
20130815	123	123	123	458.96070864803994	1234
20130815	123	123	123	468.4825877763113	1234
20130815	123	123	123	475.9224970854007	1234
20130815	123	123	123	481.9644828919834	1234
20130815	123	123	123	488.18199481405657	1234
20130815	123	123	123	490.00703477101337	1234
20130815	123	123	123	498.7231267120359	1234
20130815	123	123	123	512.6516025014311	1234
20130815	123	123	123	510.04614699029963	1234
20130815	123	123	123	530.6392420505691	1234
20130815	123	123	123	531.0	1234
20130815	123	123	123	512.1871539413779	1234
20130815	123	123	123	512.6252217093476	1234
20130815	123	123	123	499.5436450372471	1234
20130815	123	123	123	494.1495460213933	1234
20130815	123	123	123	484.5291576563137	1234
20130815	123	123	123	477.92629577142526	1234
20130815	123	123	123	460.5524954223178	1234
20130815	123	123	123	460.0978118379335	1234
20130815	123	123	123	448.78855134980427	1234
20130815	123	123	123	453.46153846153834	1234
20130815	123	123	123	435.47474985127286	1234
20130815	123	123	123	429.0121949493727	1234
20130815	123	123	123	417.77241387426653	1234
20130815	123	123	123	425.66550208671146	1234
20130815	123	123	123	403.17689089444264	1234
20130815	123	123	123	402.46249658802884	1234
20130815	123	123	123	395.7984804904679	1234
20130815	123	123	123	386.8692515777086	1234
20130815	123	123	123	388.94221521273386	1234
20130815	123	123	123	395.01570732089914	1234
20130815	123	123	123	395.51516441930414	1234
20130815	123	123	123	397.9704530943538	1234
20130815	123	123	123	400.92882213196424	1234
20130815	123	123	123	417.1090440668157	1234
20130815	123	123	123	413.0762765478892	1234
20130815	123	123	123	425.30707804824084	1234
20130815	123	123	123	421.46153846153834	1234
20130815	123	123	123	425.0390210381964	1234
20130815	123	123	123	432.79053321186683	1234
20130815	123	123	123	433.3413943589744	1234
20130815	123	123	123	431.93728071198814	1234
20130815	123	123	123	435.4639053595574	1234
20130815	123	123	123	436.23076923076906	1234
20130815	123	123	123	440.2324938984777	1234
20130815	123	123	123	441.86098160126977	1234
20130815	123	123	123	446.9692150719103	1234
20130815	123	123	123	448.5384615384613	1234
20130815	123	123	123	444.57956262966337	1234
20130815	123	123	123	442.66580786579505	1234
20130815	123	123	123	430.7216462760878	1234
20130815	123	123	123	410.1519230180034	1234
20130815	123	123	123	413.11799343047534	1234
20130815	123	123	123	414.26923076923066	1234
20130815	123	123	123	405.95223910160104	1234
20130815	123	123	123	387.1113749691802	1234
20130815	123	123	123	390.66446181634484	1234
20130815	123	123	123	372.0143341127062	1234
20130815	123	123	123	370.9824590777306	1234
20130815	123	123	123	369.38325113941505	1234
20130815	123	123	123	352.25772657548396	1234
20130815	123	123	123	341.93561035392594	1234
20130815	123	123	123	336.5936446450831	1234
20130815	123	123	123	328.3925399114571	1234
20130815	123	123	123	332.1715802135786	1234
20130815	123	123	123	310.84772696124355	1234
20130815	123	123	123	305.44306166910934	1234
20130815	123	123	123	304.07692307692264	1234
20130815	123	123	123	286.76954502385445	1234
20130815	123	123	123	284.2696597515946	1234
20130815	123	123	123	276.0044944258329	1234
20130815	123	123	123	261.0412742041591	1234
20130815	123	123	123	260.0	1234
20130815	123	123	123	13.94206425766969	1234
20130815	123	123	123	8.899162352014349	1234
20130815	123	123	123	9.433957511617043	1234
20130815	123	123	123	14.195536340119384	1234
20130815	123	123	123	13.29951657011662	1234
20130815	123	123	123	14.488282471053331	1234
20130815	123	123	123	8.409423686197277	1234
20130815	123	123	123	16.876727879838747	1234
20130815	123	123	123	5.316375314866333	1234
20130815	123	123	123	11.59329011140824	1234
20130815	123	123	123	17.227936595878628	1234
20130815	123	123	123	19.30836147329582	1234
20130815	123	123	123	15.604343233917042	1234
20130815	123	123	123	8.29302290661228	1234
20130815	123	123	123	16.25489004792498	1234
20130815	123	123	123	4.69797746907223	1234
20130815	123	123	123	9.530692588591595	1234
20130815	123	123	123	4.030465982272988	1234
20130815	123	123	123	2.5180035886208696	1234
20130815	123	123	123	18.498229155982212	1234
20130815	123	123	123	16.27887886169446	1234
20130815	123	123	123	9.900939740443455	1234
20130815	123	123	123	6.481149428940995	1234
20130815	123	123	123	9.407632013472732	1234
20130815	123	123	123	4.586345131447089	1234
20130815	123	123	123	8.648637210156538	1234
20130815	123	123	123	11.563788888301021	1234
20130815	123	123	123	7.420046839364871	1234
20130815	123	123	123	13.375455107527738	1234
20130815	123	123	123	4.857957362776246	1234