time startPrice highestPrice lowestPrice endPrice transactionCount
20130815	123	123	123	7.190025808567877	1234
20130815	123	123	123	19.086044390420668	1234
20130815	123	123	123	14.602334503504109	1234
20130815	123	123	123	16.675082195271376	1234
20130815	123	123	123	4.453418315571785	1234
20130815	123	123	123	13.733501898478416	1234
20130815	123	123	123	0.26653132126587264	1234
20130815	123	123	123	0.20063561018941245	1234
20130815	123	123	123	9.415606964645937	1234
20130815	123	123	123	2.738850957078549	1234
20130815	123	123	123	9.793082182623943	1234
20130815	123	123	123	14.761214274906852	1234
20130815	123	123	123	2.2456578037302877	1234
20130815	123	123	123	12.383096059407258	1234
20130815	123	123	123	19.68580345561262	1234
20130815	123	123	123	15.604302155729414	1234
20130815	123	123	123	14.936486712791803	1234
20130815	123	123	123	7.908099914602373	1234
20130815	123	123	123	18.96964574731222	1234
20130815	123	123	123	19.57203701460985	1234
20130815	123	123	123	10.446757036282499	1234
20130815	123	123	123	5.420400977409113	1234
20130815	123	123	123	1.616327228587271	1234
20130815	123	123	123	18.16970419527184	1234
20130815	123	123	123	18.984747652796507	1234
20130815	123	123	123	7.149313070336467	1234
20130815	123	123	123	18.13251296910689	1234
20130815	123	123	123	18.804492247602038	1234
20130815	123	123	123	8.038806180670864	1234
20130815	123	123	123	11.35630742542727	1234
20130815	123	123	123	252.9882833874274	1234
20130815	123	123	123	266.0677955571504	1234
20130815	123	123	123	269.888709152226	1234
20130815	123	123	123	274.5109800815843	1234
20130815	123	123	123	293.08461018470337	1234
20130815	123	123	123	295.31915684577234	1234
20130815	123	123	123	311.8846545450546	1234
20130815	123	123	123	316.88765834785994	1234
20130815	123	123	123	317.4961512058408	1234
20130815	123	123	123	354.5182598563067	1234
20130815	123	123	123	337.1538461538464	1234
20130815	123	123	123	359.4587493459947	1234
20130815	123	123	123	360.4696161543405	1234
20130815	123	123	123	370.662273693386	1234
20130815	123	123	123	374.39950109063113	1234
20130815	123	123	123	389.1338597117477	1234
20130815	123	123	123	396.03719377757045	1234
20130815	123	123	123	400.49590516137675	1234
20130815	123	123	123	439.32526007208725	1234
20130815	123	123	123	437.28671822755103	1234
20130815	123	123	123	431.94420575288336	1234
20130815	123	123	123	433.7692307692307	1234
20130815	123	123	123	429.91019370233226	1234
20130815	123	123	123	419.84329668208585	1234
20130815	123	123	123	421.4196771773663	1234
20130815	123	123	123	418.9852362501028	1234
20130815	123	123	123	416.2879585539096	1234
20130815	123	123	123	412.49038644075137	1234
20130815	123	123	123	409.0255484095407	1234
20130815	123	123	123	400.59254099402244	1234
20130815	123	123	123	402.3167008535975	1234
20130815	123	123	123	401.1813371195514	1234
20130815	123	123	123	390.7708199326488	1234
20130815	123	123	123	392.366295225878	1234
20130815	123	123	123	387.7813432392175	1234
20130815	123	123	123	386.42264447266183	1234
20130815	123	123	123	393.5742316348181	1234
20130815	123	123	123	391.5769230769231	1234
20130815	123	123	123	416.5571343750481	1234
20130815	123	123	123	411.59583786757435	1234
20130815	123	123	123	421.003880917341	1234
20130815	123	123	123	425.7601089149472	1234
20130815	123	123	123	437.71425895071735	1234
20130815	123	123	123	448.9204219767441	1234
20130815	123	123	123	453.4901532862292	1234
20130815	123	123	123	453.0852182418763	1234
20130815	123	123	123	458.699723625841	1234
20130815	123	123	123	460.8568535983773	1234
20130815	123	123	123	467.64461793420975	1234
20130815	123	123	123	469.6538461538464	1234
20130815	123	123	123	478.47921753956143	1234
20130815	123	123	123	487.48542304231506	1234
20130815	123	123	123	493.61789459677726	1234
20130815	123	123	123	498.29110460476255	1234
20130815	123	123	123	510.840596222184	1234
20130815	123	123	123	508.8636257563872	1234
20130815	123	123	123	522.2291963783259	1234
20130815	123	123	123	524.8595581817632	1234
20130815	123	123	123	530.6940193467909	1234
20130815	123	123	123	526.9109334823715	1234
20130815	123	123	123	514.1945053623597	1234
20130815	123	123	123	514.4843750936396	1234
20130815	123	123	123	503.25037220701296	1234
20130815	123	123	123	507.1499624121997	1234
20130815	123	123	123	499.97362304738897	1234
20130815	123	123	123	488.48973741589293	1234
20130815	123	123	123	486.5249995692635	1234
20130815	123	123	123	485.52174329548836	1234
20130815	123	123	123	442.3613389649116	1234
20130815	123	123	123	464.53846153846143	1234
20130815	123	123	123	455.91450766865404	1234
20130815	123	123	123	452.2676950474627	1234
20130815	123	123	123	438.94537001857003	1234
20130815	123	123	123	442.15844657316046	1234
20130815	123	123	123	429.6465096699281	1234
20130815	123	123	123	417.6940464539773	1234
20130815	123	123	123	423.98594746950914	1234
20130815	123	123	123	414.185793135065	1234
20130815	123	123	123	397.7928243479076	1234
20130815	123	123	123	400.51183201797653	1234
20130815	123	123	123	396.4695813074015	1234
20130815	123	123	123	390.6824716423749	1234
20130815	123	123	123	389.03066812761006	1234
20130815	123	123	123	391.18005673255396	1234
20130815	123	123	123	396.15425549603845	1234
20130815	123	123	123	395.5045274945536	1234
20130815	123	123	123	399.10513520124607	1234
20130815	123	123	123	403.4282271835151	1234
20130815	123	123	123	404.5636580173938	1234
20130815	123	123	123	409.3767349433786	1234
20130815	123	123	123	413.2939911587719	1234
20130815	123	123	123	416.9690956360015	1234
20130815	123	123	123	423.00869995481435	1234
20130815	123	123	123	426.62451451781067	1234
20130815	123	123	123	426.90436846934307	1234
20130815	123	123	123	431.37149525988366	1234
20130815	123	123	123	437.5935499115015	1234
20130815	123	123	123	446.0845548286037	1234
20130815	123	123	123	451.56561653046185	1234
20130815	123	123	123	446.63319515195604	1234
20130815	123	123	123	441.2841803316638	1234
20130815	123	123	123	426.9435442043325	1234
20130815	123	123	123	415.0315047339301	1234
20130815	123	123	123	402.5209695138217	1234
20130815	123	123	123	403.9882152585391	1234
20130815	123	123	123	381.5542834652827	1234
20130815	123	123	123	392.23076923076906	1234
20130815	123	123	123	370.3276704749235	1234
20130815	123	123	123	377.5384615384613	1234
20130815	123	123	123	356.172180983067	1234
20130815	123	123	123	347.7616322041981	1234
20130815	123	123	123	330.4498531104135	1234
20130815	123	123	123	326.434368068029	1234
20130815	123	123	123	311.83273823693935	1234
20130815	123	123	123	315.2453519416271	1234
20130815	123	123	123	305.272489374078	1234
20130815	123	123	123	272.0945056145992	1234
20130815	123	123	123	271.02655959768106	1234
20130815	123	123	123	260.4859438021983	1234
20130815	123	123	123	260.0	1234
20130815	123	123	123	12.807720489444868	1234
20130815	123	123	123	9.212206400137203	1234
20130815	123	123	123	8.325409411764086	1234
20130815	123	123	123	2.665324298061502	1234
20130815	123	123	123	2.748061524197807	1234
20130815	123	123	123	1.124804997672586	1234
20130815	123	123	123	16.517256147112686	1234
20130815	123	123	123	1.1813283309056088	1234
20130815	123	123	123	7.575818361285638	1234
20130815	123	123	123	18.391763111690324	1234
20130815	123	123	123	7.430226808420988	1234
20130815	123	123	123	19.487072415343963	1234
20130815	123	123	123	14.553767431158404	1234
20130815	123	123	123	12.053436210097406	1234
20130815	123	123	123	13.289449385594654	1234
20130815	123	123	123	5.455689772107737	1234
20130815	123	123	123	2.897068196809318	1234
20130815	123	123	123	10.27475063421141	1234
20130815	123	123	123	5.761113048829469	1234
20130815	123	123	123	15.789398418746053	1234
20130815	123	123	123	13.16444078198347	1234
20130815	123	123	123	4.58269949003726	1234
20130815	123	123	123	7.628087581554079	1234
20130815	123	123	123	10.292244220579745	1234
20130815	123	123	123	12.874261766820624	1234
20130815	123	123	123	15.511279272174068	1234
20130815	123	123	123	5.303802318965336	1234
20130815	123	123	123	0.10748167999595326	1234
20130815	123	123	123	17.87011387935588	1234
20130815	123	123	123	10.542671552757916	1234