time startPrice highestPrice lowestPrice endPrice transactionCount
20130815	123	123	123	1.859829355924476	1234
20130815	123	123	123	8.827764191660483	1234
20130815	123	123	123	3.3094318781205057	1234
20130815	123	123	123	7.931833029573976	1234
20130815	123	123	123	11.202849978850493	1234
20130815	123	123	123	1.1522982241913682	1234
20130815	123	123	123	9.754237915462873	1234
20130815	123	123	123	18.75595520565563	1234
20130815	123	123	123	12.639782025467373	1234
20130815	123	123	123	2.3050360539020875	1234
20130815	123	123	123	12.316653366221573	1234
20130815	123	123	123	4.936688978242339	1234
20130815	123	123	123	18.546593417244363	1234
20130815	123	123	123	16.36900170335325	1234
20130815	123	123	123	2.536704211722658	1234
20130815	123	123	123	2.1275382664508458	1234
20130815	123	123	123	18.117102351974754	1234
20130815	123	123	123	0.3954226999799437	1234
20130815	123	123	123	19.05431932265764	1234
20130815	123	123	123	4.996598116549398	1234
20130815	123	123	123	0.64206445572071	1234
20130815	123	123	123	1.9236231001275517	1234
20130815	123	123	123	6.871134019376555	1234
20130815	123	123	123	18.678455765404816	1234
20130815	123	123	123	3.5742768342945896	1234
20130815	123	123	123	11.229708403157995	1234
20130815	123	123	123	8.848558283962172	1234
20130815	123	123	123	19.88805147714135	1234
20130815	123	123	123	9.718682807958881	1234
20130815	123	123	123	11.71041827762173	1234
20130815	123	123	123	257.01734149020547	1234
20130815	123	123	123	266.34173460936216	1234
20130815	123	123	123	273.81821885214356	1234
20130815	123	123	123	275.8778094560681	1234
20130815	123	123	123	294.6900367850635	1234
20130815	123	123	123	292.17876208216796	1234
20130815	123	123	123	311.38467793932614	1234
20130815	123	123	123	316.09161909308193	1234
20130815	123	123	123	328.2127734079587	1234
20130815	123	123	123	336.1358685900955	1234
20130815	123	123	123	344.7929048496421	1234
20130815	123	123	123	359.71537027914695	1234
20130815	123	123	123	365.0822638829153	1234
20130815	123	123	123	368.76385733255586	1234
20130815	123	123	123	378.7463603937222	1234
20130815	123	123	123	388.5695311446327	1234
20130815	123	123	123	391.2681808650654	1234
20130815	123	123	123	399.3082144337415	1234
20130815	123	123	123	404.27628583020777	1234
20130815	123	123	123	412.6790363760722	1234
20130815	123	123	123	421.6288920263718	1234
20130815	123	123	123	427.70855451283893	1234
20130815	123	123	123	440.26851705749357	1234
20130815	123	123	123	436.69419965246914	1234
20130815	123	123	123	437.9230769230769	1234
20130815	123	123	123	433.95520626872036	1234
20130815	123	123	123	432.37459060451357	1234
20130815	123	123	123	430.2553895522703	1234
20130815	123	123	123	427.6835140484665	1234
20130815	123	123	123	421.35725293569055	1234
20130815	123	123	123	411.0181843970566	1234
20130815	123	123	123	409.48065032647037	1234
20130815	123	123	123	400.07722698056506	1234
20130815	123	123	123	400.3202477661312	1234
20130815	123	123	123	397.4674640574704	1234
20130815	123	123	123	393.3107338954808	1234
20130815	123	123	123	390.1192106142968	1234
20130815	123	123	123	392.23076923076883	1234
20130815	123	123	123	388.87429888782765	1234
20130815	123	123	123	389.6387887869178	1234
20130815	123	123	123	392.62788748049627	1234
20130815	123	123	123	424.86669478323984	1234
20130815	123	123	123	433.96315795811825	1234
20130815	123	123	123	433.70265426973793	1234
20130815	123	123	123	436.64005772826516	1234
20130815	123	123	123	529.163781759943	1234
20130815	123	123	123	494.8559554145274	1234
20130815	123	123	123	490.5676301295417	1234
20130815	123	123	123	493.86238466131675	1234
20130815	123	123	123	499.52792748415436	1234
20130815	123	123	123	506.84936159118587	1234
20130815	123	123	123	511.2316252022569	1234
20130815	123	123	123	518.5676045685453	1234
20130815	123	123	123	522.0286321885798	1234
20130815	123	123	123	525.4230769230774	1234
20130815	123	123	123	527.2773106132172	1234
20130815	123	123	123	513.9006427986187	1234
20130815	123	123	123	517.7275238111389	1234
20130815	123	123	123	511.2809275826784	1234
20130815	123	123	123	508.8461538461538	1234
20130815	123	123	123	498.59905409037043	1234
20130815	123	123	123	495.5560698451525	1234
20130815	123	123	123	482.7968315122015	1234
20130815	123	123	123	479.00685164983753	1234
20130815	123	123	123	478.69186682926806	1234
20130815	123	123	123	466.5258851019635	1234
20130815	123	123	123	470.076923076923	1234
20130815	123	123	123	464.41593843632256	1234
20130815	123	123	123	453.0397540700916	1234
20130815	123	123	123	450.79936456200346	1234
20130815	123	123	123	443.93815442574777	1234
20130815	123	123	123	433.87211971349984	1234
20130815	123	123	123	426.9150113289104	1234
20130815	123	123	123	424.62460866120364	1234
20130815	123	123	123	419.97858588254786	1234
20130815	123	123	123	404.58316303659	1234
20130815	123	123	123	397.3508779366791	1234
20130815	123	123	123	393.20042310218054	1234
20130815	123	123	123	388.71281373748684	1234
20130815	123	123	123	393.7056296295824	1234
20130815	123	123	123	392.66036048906676	1234
20130815	123	123	123	396.8461538461538	1234
20130815	123	123	123	401.7692307692307	1234
20130815	123	123	123	406.74361375750436	1234
20130815	123	123	123	411.27764381830906	1234
20130815	123	123	123	411.77162840014324	1234
20130815	123	123	123	418.4381942350404	1234
20130815	123	123	123	419.9749683371624	1234
20130815	123	123	123	423.2469883156364	1234
20130815	123	123	123	429.51320266483214	1234
20130815	123	123	123	436.8082473695009	1234
20130815	123	123	123	446.03001435916735	1234
20130815	123	123	123	447.0005069186498	1234
20130815	123	123	123	446.9543964652431	1234
20130815	123	123	123	450.5053986669005	1234
20130815	123	123	123	451.1432911693908	1234
20130815	123	123	123	451.0	1234
20130815	123	123	123	417.17799782172955	1234
20130815	123	123	123	428.6835243491657	1234
20130815	123	123	123	417.6941372371928	1234
20130815	123	123	123	410.72938168250073	1234
20130815	123	123	123	393.603564533956	1234
20130815	123	123	123	388.12489270487697	1234
20130815	123	123	123	380.1637258736575	1234
20130815	123	123	123	370.89521338229974	1234
20130815	123	123	123	356.9295207970224	1234
20130815	123	123	123	348.66396481277275	1234
20130815	123	123	123	328.41320295800074	1234
20130815	123	123	123	339.92907927945987	1234
20130815	123	123	123	327.1445297228907	1234
20130815	123	123	123	310.4592175963318	1234
20130815	123	123	123	310.3631103553528	1234
20130815	123	123	123	311.1525732224542	1234
20130815	123	123	123	295.9542673062968	1234
20130815	123	123	123	286.4690480590033	1234
20130815	123	123	123	282.8087975772824	1234
20130815	123	123	123	277.08188401553565	1234
20130815	123	123	123	262.52827043984234	1234
20130815	123	123	123	267.3461538461533	1234
20130815	123	123	123	260.0	1234
20130815	123	123	123	7.423692722829869	1234
20130815	123	123	123	8.57357610351215	1234
20130815	123	123	123	10.95288009216922	1234
20130815	123	123	123	13.781173087799893	1234
20130815	123	123	123	11.653548802096283	1234
20130815	123	123	123	19.520634103083527	1234
20130815	123	123	123	2.074824820352894	1234
20130815	123	123	123	17.7649994487575	1234
20130815	123	123	123	4.951963809486115	1234
20130815	123	123	123	19.980063947632946	1234
20130815	123	123	123	7.690949657018285	1234
20130815	123	123	123	9.47167653048359	1234
20130815	123	123	123	12.262494406227486	1234
20130815	123	123	123	4.1769559220971875	1234
20130815	123	123	123	17.499302411168888	1234
20130815	123	123	123	8.514096788588022	1234
20130815	123	123	123	11.914478270332733	1234
20130815	123	123	123	8.468569493253097	1234
20130815	123	123	123	10.888729980344463	1234
20130815	123	123	123	3.881500399794504	1234
20130815	123	123	123	7.038368814687546	1234
20130815	123	123	123	11.95400394614232	1234
20130815	123	123	123	10.4665301726597	1234
20130815	123	123	123	3.8868879504671705	1234
20130815	123	123	123	4.170336334597278	1234
20130815	123	123	123	16.498643390130283	1234
20130815	123	123	123	15.943412393186161	1234
20130815	123	123	123	18.32857662842104	1234
20130815	123	123	123	2.5550641096245585	1234
20130815	123	123	123	17.421530152493602	1234