time startPrice highestPrice lowestPrice endPrice transactionCount
20130815	123	123	123	5.2294020818093445	1234
20130815	123	123	123	16.22139529904668	1234
20130815	123	123	123	11.184334931877185	1234
20130815	123	123	123	15.884993302960522	1234
20130815	123	123	123	11.204065161124628	1234
20130815	123	123	123	1.1767854871072148	1234
20130815	123	123	123	14.348387940064192	1234
20130815	123	123	123	17.94103367125106	1234
20130815	123	123	123	7.293880550898788	1234
20130815	123	123	123	9.318995473774073	1234
20130815	123	123	123	16.995727474200145	1234
20130815	123	123	123	12.284568583511003	1234
20130815	123	123	123	9.395552887481372	1234
20130815	123	123	123	11.166711409552196	1234
20130815	123	123	123	7.25195264591555	1234
20130815	123	123	123	17.541817770690933	1234
20130815	123	123	123	3.2878656845616283	1234
20130815	123	123	123	3.8752314628985896	1234
20130815	123	123	123	4.154112154534769	1234
20130815	123	123	123	6.625185321953695	1234
20130815	123	123	123	11.142770781877191	1234
20130815	123	123	123	2.0423801802432084	1234
20130815	123	123	123	4.151465565788202	1234
20130815	123	123	123	10.014270794182183	1234
20130815	123	123	123	4.166487654960804	1234
20130815	123	123	123	4.987592341890171	1234
20130815	123	123	123	8.627918007139426	1234
20130815	123	123	123	1.790878225570398	1234
20130815	123	123	123	14.654912073938862	1234
20130815	123	123	123	3.1683702196144137	1234
20130815	123	123	123	261.5855726178513	1234
20130815	123	123	123	286.3542887523228	1234
20130815	123	123	123	285.2853542322651	1234
20130815	123	123	123	289.7143849202683	1234
20130815	123	123	123	303.67635851492315	1234
20130815	123	123	123	301.2494487655266	1234
20130815	123	123	123	313.75181605928725	1234
20130815	123	123	123	320.50388419043134	1234
20130815	123	123	123	322.52483919581925	1234
20130815	123	123	123	334.5767228775037	1234
20130815	123	123	123	346.92347835151554	1234
20130815	123	123	123	349.2011664800312	1234
20130815	123	123	123	368.1650996295597	1234
20130815	123	123	123	368.9802546672739	1234
20130815	123	123	123	367.7928601244481	1234
20130815	123	123	123	380.0395709535643	1234
20130815	123	123	123	392.11241945693837	1234
20130815	123	123	123	388.5769230769235	1234
20130815	123	123	123	407.7647628241551	1234
20130815	123	123	123	410.62841736265887	1234
20130815	123	123	123	417.14821142169376	1234
20130815	123	123	123	420.0224109365216	1234
20130815	123	123	123	437.01582593232894	1234
20130815	123	123	123	437.6155935186048	1234
20130815	123	123	123	419.3157955483416	1234
20130815	123	123	123	422.4114723433553	1234
20130815	123	123	123	423.38461538461524	1234
20130815	123	123	123	420.2749495254182	1234
20130815	123	123	123	416.1178264361476	1234
20130815	123	123	123	412.34509399155917	1234
20130815	123	123	123	412.8203231321058	1234
20130815	123	123	123	405.25025199216077	1234
20130815	123	123	123	406.1615474219662	1234
20130815	123	123	123	404.45284185604794	1234
20130815	123	123	123	394.8599037807198	1234
20130815	123	123	123	391.97196177899207	1234
20130815	123	123	123	394.05703896705336	1234
20130815	123	123	123	388.4577066693354	1234
20130815	123	123	123	385.657071972572	1234
20130815	123	123	123	386.0	1234
20130815	123	123	123	397.77770929022495	1234
20130815	123	123	123	397.1538461538462	1234
20130815	123	123	123	422.7741792470132	1234
20130815	123	123	123	423.4069230322566	1234
20130815	123	123	123	428.66123448396104	1234
20130815	123	123	123	439.6423285720914	1234
20130815	123	123	123	478.7181540820248	1234
20130815	123	123	123	459.9221176046161	1234
20130815	123	123	123	467.2832569684218	1234
20130815	123	123	123	484.2926343786494	1234
20130815	123	123	123	481.6965915729564	1234
20130815	123	123	123	487.08636531750966	1234
20130815	123	123	123	497.5558128330307	1234
20130815	123	123	123	510.9642727783412	1234
20130815	123	123	123	519.3613443626194	1234
20130815	123	123	123	514.2692307692312	1234
20130815	123	123	123	529.1752256112106	1234
20130815	123	123	123	526.5099466974253	1234
20130815	123	123	123	529.5247313344141	1234
20130815	123	123	123	520.1831876451586	1234
20130815	123	123	123	509.2986049082464	1234
20130815	123	123	123	509.7222084367296	1234
20130815	123	123	123	508.27627549043785	1234
20130815	123	123	123	502.9145613250102	1234
20130815	123	123	123	488.22572398110935	1234
20130815	123	123	123	491.92403270115193	1234
20130815	123	123	123	471.4985538554901	1234
20130815	123	123	123	475.434356205414	1234
20130815	123	123	123	460.49470724149774	1234
20130815	123	123	123	456.2191164733794	1234
20130815	123	123	123	453.46153846153834	1234
20130815	123	123	123	447.1651371532617	1234
20130815	123	123	123	437.8850312689802	1234
20130815	123	123	123	425.95628011426254	1234
20130815	123	123	123	424.7975290721883	1234
20130815	123	123	123	419.881993277263	1234
20130815	123	123	123	407.7105919849768	1234
20130815	123	123	123	402.3685175713574	1234
20130815	123	123	123	391.05477750390185	1234
20130815	123	123	123	387.35865770122774	1234
20130815	123	123	123	393.3220229793897	1234
20130815	123	123	123	400.26272501600675	1234
20130815	123	123	123	400.2646472453988	1234
20130815	123	123	123	405.69662189576593	1234
20130815	123	123	123	404.57841401958825	1234
20130815	123	123	123	411.22884203508727	1234
20130815	123	123	123	411.6153846153845	1234
20130815	123	123	123	421.65906395910355	1234
20130815	123	123	123	425.3773387182907	1234
20130815	123	123	123	425.01610761389145	1234
20130815	123	123	123	426.4061932178072	1234
20130815	123	123	123	429.4324792526885	1234
20130815	123	123	123	433.709766244532	1234
20130815	123	123	123	438.78320960751404	1234
20130815	123	123	123	439.38978913281437	1234
20130815	123	123	123	439.6104140847791	1234
20130815	123	123	123	443.4024594863263	1234
20130815	123	123	123	439.30013533417286	1234
20130815	123	123	123	443.65384615384613	1234
20130815	123	123	123	436.30769230769226	1234
20130815	123	123	123	417.22685797880774	1234
20130815	123	123	123	417.5301228926087	1234
20130815	123	123	123	403.41109686069126	1234
20130815	123	123	123	406.86229377765096	1234
20130815	123	123	123	392.84774754444777	1234
20130815	123	123	123	392.23076923076906	1234
20130815	123	123	123	372.1993127977793	1234
20130815	123	123	123	366.3867178381506	1234
20130815	123	123	123	358.7497093380081	1234
20130815	123	123	123	353.93867174770014	1234
20130815	123	123	123	325.2347261496227	1234
20130815	123	123	123	325.3284954392584	1234
20130815	123	123	123	303.9911007138057	1234
20130815	123	123	123	310.5325276249275	1234
20130815	123	123	123	303.0187944296777	1234
20130815	123	123	123	296.7307692307688	1234
20130815	123	123	123	275.43497460281026	1234
20130815	123	123	123	274.49374415769785	1234
20130815	123	123	123	258.85032305305106	1234
20130815	123	123	123	260.0	1234
20130815	123	123	123	12.498003399270539	1234
20130815	123	123	123	6.687919875798897	1234
20130815	123	123	123	10.064046785711573	1234
20130815	123	123	123	14.62093753031253	1234
20130815	123	123	123	7.3072081477729505	1234
20130815	123	123	123	1.197247821313867	1234
20130815	123	123	123	14.13755848278994	1234
20130815	123	123	123	8.659599162596338	1234
20130815	123	123	123	8.77132048907361	1234
20130815	123	123	123	4.691621667085217	1234
20130815	123	123	123	15.699994918284359	1234
20130815	123	123	123	18.541952296723107	1234
20130815	123	123	123	18.31841257415196	1234
20130815	123	123	123	7.551167838711434	1234
20130815	123	123	123	14.415577501321996	1234
20130815	123	123	123	7.404764693193455	1234
20130815	123	123	123	10.950951489886968	1234
20130815	123	123	123	2.444836185282293	1234
20130815	123	123	123	14.628908361551673	1234
20130815	123	123	123	12.497981875211295	1234
20130815	123	123	123	7.624459114164641	1234
20130815	123	123	123	12.20253470970077	1234
20130815	123	123	123	13.345329054104232	1234
20130815	123	123	123	11.591984225916041	1234
20130815	123	123	123	19.34302894171727	1234
20130815	123	123	123	3.123756391999948	1234
20130815	123	123	123	16.475078934385873	1234
20130815	123	123	123	12.405879318215415	1234
20130815	123	123	123	2.3009320306064796	1234
20130815	123	123	123	16.103684940933217	1234