time startPrice highestPrice lowestPrice endPrice transactionCount
20130815	123	123	123	18.6682151035107	1234
20130815	123	123	123	9.272512010939412	1234
20130815	123	123	123	7.561048664295269	1234
20130815	123	123	123	4.427795328990543	1234
20130815	123	123	123	5.7249006514964424	1234
20130815	123	123	123	1.1081928564425492	1234
20130815	123	123	123	16.54559829081912	1234
20130815	123	123	123	15.056378016416406	1234
20130815	123	123	123	15.619957945900875	1234
20130815	123	123	123	7.946031445729471	1234
20130815	123	123	123	11.668125499197984	1234
20130815	123	123	123	2.802309363351272	1234
20130815	123	123	123	4.543977441793572	1234
20130815	123	123	123	0.11120025574285153	1234
20130815	123	123	123	8.507391469240828	1234
20130815	123	123	123	1.1962416302055279	1234
20130815	123	123	123	2.379010911135928	1234
20130815	123	123	123	7.81936773718892	1234
20130815	123	123	123	6.397365124962793	1234
20130815	123	123	123	7.92131864491237	1234
20130815	123	123	123	0.35626206093563706	1234
20130815	123	123	123	7.6786172585231505	1234
20130815	123	123	123	4.796207506825794	1234
20130815	123	123	123	6.9039040836150045	1234
20130815	123	123	123	11.598551876011008	1234
20130815	123	123	123	7.1019267298883655	1234
20130815	123	123	123	11.289107737837703	1234
20130815	123	123	123	14.624987193926342	1234
20130815	123	123	123	19.76544418712563	1234
20130815	123	123	123	2.3217289953811715	1234
20130815	123	123	123	252.56195854535787	1234
20130815	123	123	123	259.98043083754305	1234
20130815	123	123	123	278.82036955415776	1234
20130815	123	123	123	284.622716480582	1234
20130815	123	123	123	290.6537655048707	1234
20130815	123	123	123	309.65481070827315	1234
20130815	123	123	123	309.40989746456626	1234
20130815	123	123	123	336.3127268347421	1234
20130815	123	123	123	342.2035977521298	1234
20130815	123	123	123	339.43869683397065	1234
20130815	123	123	123	356.62629305489247	1234
20130815	123	123	123	361.17218400598114	1234
20130815	123	123	123	367.8232406764385	1234
20130815	123	123	123	368.14991933476784	1234
20130815	123	123	123	385.87719570079497	1234
20130815	123	123	123	381.5422875976347	1234
20130815	123	123	123	390.7917108335486	1234
20130815	123	123	123	407.05633478565727	1234
20130815	123	123	123	408.7758905807278	1234
20130815	123	123	123	410.6153846153851	1234
20130815	123	123	123	441.7197897456301	1234
20130815	123	123	123	432.6538461538467	1234
20130815	123	123	123	439.2134406483922	1234
20130815	123	123	123	437.38951582624713	1234
20130815	123	123	123	424.07316994105975	1234
20130815	123	123	123	421.7647376494778	1234
20130815	123	123	123	416.5379891939575	1234
20130815	123	123	123	409.77278324510735	1234
20130815	123	123	123	405.9710577285603	1234
20130815	123	123	123	397.65318762548304	1234
20130815	123	123	123	374.0777887278009	1234
20130815	123	123	123	386.5361680710105	1234
20130815	123	123	123	397.59383617267156	1234
20130815	123	123	123	399.4948021332449	1234
20130815	123	123	123	399.02603927467754	1234
20130815	123	123	123	405.85641585986156	1234
20130815	123	123	123	410.16086837204864	1234
20130815	123	123	123	420.7661771805587	1234
20130815	123	123	123	429.86216980533175	1234
20130815	123	123	123	433.5001137518127	1234
20130815	123	123	123	446.0291653634481	1234
20130815	123	123	123	443.5932542009601	1234
20130815	123	123	123	452.87930540075837	1234
20130815	123	123	123	459.97291985955457	1234
20130815	123	123	123	463.1028897593533	1234
20130815	123	123	123	469.3015778163652	1234
20130815	123	123	123	475.9863896917025	1234
20130815	123	123	123	480.25281606444554	1234
20130815	123	123	123	480.8076923076926	1234
20130815	123	123	123	487.2152215040067	1234
20130815	123	123	123	496.3552616635722	1234
20130815	123	123	123	497.5384615384619	1234
20130815	123	123	123	505.17684119669144	1234
20130815	123	123	123	515.0456931108064	1234
20130815	123	123	123	520.133064581075	1234
20130815	123	123	123	525.9832622157855	1234
20130815	123	123	123	529.7393497369941	1234
20130815	123	123	123	526.1944755689254	1234
20130815	123	123	123	512.271435697679	1234
20130815	123	123	123	516.1442703758305	1234
20130815	123	123	123	508.22091780186184	1234
20130815	123	123	123	501.0895630521907	1234
20130815	123	123	123	499.9656104867386	1234
20130815	123	123	123	497.2354859352118	1234
20130815	123	123	123	487.827205364348	1234
20130815	123	123	123	486.498198426968	1234
20130815	123	123	123	478.33586164194134	1234
20130815	123	123	123	461.7328564028112	1234
20130815	123	123	123	453.1074083123126	1234
20130815	123	123	123	453.55601328089296	1234
20130815	123	123	123	414.37315896535574	1234
20130815	123	123	123	427.8900965682639	1234
20130815	123	123	123	424.25861570008726	1234
20130815	123	123	123	423.44814325742476	1234
20130815	123	123	123	418.82147048226744	1234
20130815	123	123	123	409.2554466524391	1234
20130815	123	123	123	405.2182911445651	1234
20130815	123	123	123	401.9903437357428	1234
20130815	123	123	123	398.07692307692287	1234
20130815	123	123	123	391.7634439711856	1234
20130815	123	123	123	389.43280496139334	1234
20130815	123	123	123	393.0784826976265	1234
20130815	123	123	123	392.6813506275345	1234
20130815	123	123	123	395.04462347889154	1234
20130815	123	123	123	398.6525072938284	1234
20130815	123	123	123	407.25311146307604	1234
20130815	123	123	123	404.23076923076917	1234
20130815	123	123	123	412.9208358336187	1234
20130815	123	123	123	417.4389099371382	1234
20130815	123	123	123	419.04658811397155	1234
20130815	123	123	123	423.87302315059196	1234
20130815	123	123	123	425.01526858874615	1234
20130815	123	123	123	430.47778676665433	1234
20130815	123	123	123	431.1385168522362	1234
20130815	123	123	123	431.6607084081103	1234
20130815	123	123	123	433.7692307692306	1234
20130815	123	123	123	440.2213616547026	1234
20130815	123	123	123	441.15384615384596	1234
20130815	123	123	123	447.59652847680945	1234
20130815	123	123	123	442.034666884979	1234
20130815	123	123	123	440.6113477704795	1234
20130815	123	123	123	420.4621243576544	1234
20130815	123	123	123	407.53701582643885	1234
20130815	123	123	123	352.8574030627956	1234
20130815	123	123	123	372.9684899520718	1234
20130815	123	123	123	369.76787684039135	1234
20130815	123	123	123	348.0168134498487	1234
20130815	123	123	123	340.2325361424741	1234
20130815	123	123	123	341.5112107381414	1234
20130815	123	123	123	321.38891524135335	1234
20130815	123	123	123	325.80195775151833	1234
20130815	123	123	123	310.08754338968515	1234
20130815	123	123	123	315.8391895304842	1234
20130815	123	123	123	311.4230769230765	1234
20130815	123	123	123	297.2091050233631	1234
20130815	123	123	123	276.8475746691731	1234
20130815	123	123	123	256.8726398479322	1234
20130815	123	123	123	272.85570897081294	1234
20130815	123	123	123	254.81282973318733	1234
20130815	123	123	123	260.0	1234
20130815	123	123	123	19.147948065167686	1234
20130815	123	123	123	15.376993638810193	1234
20130815	123	123	123	7.210340126034622	1234
20130815	123	123	123	15.795745881915842	1234
20130815	123	123	123	2.624677352965117	1234
20130815	123	123	123	16.850898143886674	1234
20130815	123	123	123	3.375247222045481	1234
20130815	123	123	123	7.015932023356159	1234
20130815	123	123	123	11.534174603435499	1234
20130815	123	123	123	12.223669254773647	1234
20130815	123	123	123	16.590337172942554	1234
20130815	123	123	123	17.080022346932648	1234
20130815	123	123	123	3.1863038772765018	1234
20130815	123	123	123	17.826259094512835	1234
20130815	123	123	123	8.011813269578736	1234
20130815	123	123	123	11.857845540952805	1234
20130815	123	123	123	9.355747217246025	1234
20130815	123	123	123	6.5074871867621775	1234
20130815	123	123	123	15.1230131740318	1234
20130815	123	123	123	11.182206473450051	1234
20130815	123	123	123	18.732133614215947	1234
20130815	123	123	123	15.96933317418717	1234
20130815	123	123	123	14.040082696536025	1234
20130815	123	123	123	12.216802276511125	1234
20130815	123	123	123	1.1718628360121564	1234
20130815	123	123	123	18.634307486148337	1234
20130815	123	123	123	4.804956485271665	1234
20130815	123	123	123	14.001301173132498	1234
20130815	123	123	123	9.076951711340694	1234
20130815	123	123	123	15.01572540442805	1234