time startPrice highestPrice lowestPrice endPrice transactionCount
20130815	123	123	123	5.958094441960182	1234
20130815	123	123	123	12.623910347326678	1234
20130815	123	123	123	7.541055684045719	1234
20130815	123	123	123	12.399204729166275	1234
20130815	123	123	123	8.965205594710635	1234
20130815	123	123	123	7.506535399397891	1234
20130815	123	123	123	2.677196209945778	1234
20130815	123	123	123	8.360355298903642	1234
20130815	123	123	123	0.2706206966599467	1234
20130815	123	123	123	16.878550781835724	1234
20130815	123	123	123	8.226957396954319	1234
20130815	123	123	123	0.11155634656418778	1234
20130815	123	123	123	11.969619214161833	1234
20130815	123	123	123	12.688257101447057	1234
20130815	123	123	123	6.031166554817899	1234
20130815	123	123	123	15.211349810988953	1234
20130815	123	123	123	8.895220576944867	1234
20130815	123	123	123	5.105321241885394	1234
20130815	123	123	123	13.453539775186552	1234
20130815	123	123	123	6.246043051550229	1234
20130815	123	123	123	9.831477696458816	1234
20130815	123	123	123	14.704762277234586	1234
20130815	123	123	123	2.4605459261317963	1234
20130815	123	123	123	17.406212832122034	1234
20130815	123	123	123	2.6564655772710077	1234
20130815	123	123	123	7.278294927593807	1234
20130815	123	123	123	0.5987891048622229	1234
20130815	123	123	123	7.969439102146714	1234
20130815	123	123	123	14.570356291816628	1234
20130815	123	123	123	10.402055036225553	1234
20130815	123	123	123	249.31300298213145	1234
20130815	123	123	123	260.141284406104	1234
20130815	123	123	123	290.68722801967795	1234
20130815	123	123	123	295.62078826795323	1234
20130815	123	123	123	293.9469247165306	1234
20130815	123	123	123	309.6698311074231	1234
20130815	123	123	123	307.76923076923094	1234
20130815	123	123	123	327.00810628667034	1234
20130815	123	123	123	323.23164217591227	1234
20130815	123	123	123	333.2421732326009	1234
20130815	123	123	123	340.0684189092946	1234
20130815	123	123	123	347.18967570744996	1234
20130815	123	123	123	355.0614381271662	1234
20130815	123	123	123	373.2831216136666	1234
20130815	123	123	123	390.4736429622677	1234
20130815	123	123	123	400.19815318130486	1234
20130815	123	123	123	400.3668470103478	1234
20130815	123	123	123	413.4764783535626	1234
20130815	123	123	123	422.94650405160445	1234
20130815	123	123	123	440.3479487668519	1234
20130815	123	123	123	438.33828114322796	1234
20130815	123	123	123	430.02434587019803	1234
20130815	123	123	123	429.18647981157375	1234
20130815	123	123	123	424.8538736744627	1234
20130815	123	123	123	423.31468373050086	1234
20130815	123	123	123	422.773184573637	1234
20130815	123	123	123	416.2168059614675	1234
20130815	123	123	123	417.97323136481594	1234
20130815	123	123	123	414.5658417086051	1234
20130815	123	123	123	414.7342340903026	1234
20130815	123	123	123	408.8271434146206	1234
20130815	123	123	123	405.13662234339847	1234
20130815	123	123	123	398.8221286145292	1234
20130815	123	123	123	401.1242694197434	1234
20130815	123	123	123	400.27108982556945	1234
20130815	123	123	123	394.17412924638955	1234
20130815	123	123	123	394.6673033201766	1234
20130815	123	123	123	394.3076923076919	1234
20130815	123	123	123	392.1035829817939	1234
20130815	123	123	123	395.39240562286625	1234
20130815	123	123	123	404.2118643975619	1234
20130815	123	123	123	402.7307692307693	1234
20130815	123	123	123	408.3076923076924	1234
20130815	123	123	123	413.8846153846155	1234
20130815	123	123	123	420.44714590976355	1234
20130815	123	123	123	425.03846153846166	1234
20130815	123	123	123	430.61538461538476	1234
20130815	123	123	123	443.9341712480009	1234
20130815	123	123	123	462.95542016237783	1234
20130815	123	123	123	465.288981115002	1234
20130815	123	123	123	482.4197114992523	1234
20130815	123	123	123	480.8076923076926	1234
20130815	123	123	123	491.0320403233951	1234
20130815	123	123	123	506.9538307606561	1234
20130815	123	123	123	512.2938747159152	1234
20130815	123	123	123	540.1744577365236	1234
20130815	123	123	123	523.3410391621366	1234
20130815	123	123	123	522.0546133109845	1234
20130815	123	123	123	518.1680350087114	1234
20130815	123	123	123	514.3846153846154	1234
20130815	123	123	123	507.37411767799836	1234
20130815	123	123	123	488.7296904101869	1234
20130815	123	123	123	479.9913430383776	1234
20130815	123	123	123	473.37316208063334	1234
20130815	123	123	123	466.01993461877447	1234
20130815	123	123	123	466.9033150818459	1234
20130815	123	123	123	459.13927472099783	1234
20130815	123	123	123	453.9467134326041	1234
20130815	123	123	123	432.51720135700907	1234
20130815	123	123	123	438.12175465438105	1234
20130815	123	123	123	436.39754215107644	1234
20130815	123	123	123	429.91083039238873	1234
20130815	123	123	123	412.87260588809215	1234
20130815	123	123	123	405.4225709152228	1234
20130815	123	123	123	405.55692935266245	1234
20130815	123	123	123	399.77777218761287	1234
20130815	123	123	123	392.5384615384613	1234
20130815	123	123	123	389.8703557131571	1234
20130815	123	123	123	392.50262449831604	1234
20130815	123	123	123	401.11576182374665	1234
20130815	123	123	123	400.008190110016	1234
20130815	123	123	123	401.7692307692307	1234
20130815	123	123	123	404.2924337140476	1234
20130815	123	123	123	408.67120903210304	1234
20130815	123	123	123	409.1538461538461	1234
20130815	123	123	123	414.26016417591484	1234
20130815	123	123	123	417.737063667308	1234
20130815	123	123	123	420.60832073670946	1234
20130815	123	123	123	418.9999999999999	1234
20130815	123	123	123	421.46153846153834	1234
20130815	123	123	123	430.9952048458207	1234
20130815	123	123	123	434.0705521290759	1234
20130815	123	123	123	434.58332188077134	1234
20130815	123	123	123	437.61828552179827	1234
20130815	123	123	123	451.2835034163618	1234
20130815	123	123	123	449.59576121531984	1234
20130815	123	123	123	453.1220760858855	1234
20130815	123	123	123	441.1806478168289	1234
20130815	123	123	123	429.6157445849301	1234
20130815	123	123	123	429.9995928980751	1234
20130815	123	123	123	425.3540806668878	1234
20130815	123	123	123	383.3790013563646	1234
20130815	123	123	123	396.48104616642865	1234
20130815	123	123	123	369.58873181332285	1234
20130815	123	123	123	375.49344227790783	1234
20130815	123	123	123	361.69061227891814	1234
20130815	123	123	123	368.08673587211825	1234
20130815	123	123	123	359.82780951060573	1234
20130815	123	123	123	353.8587285804965	1234
20130815	123	123	123	329.8877072665751	1234
20130815	123	123	123	314.9264527708828	1234
20130815	123	123	123	321.878632773161	1234
20130815	123	123	123	310.7040158408791	1234
20130815	123	123	123	299.5024756228362	1234
20130815	123	123	123	298.7653724551	1234
20130815	123	123	123	282.0772924088171	1234
20130815	123	123	123	268.37708613996705	1234
20130815	123	123	123	273.5775509573931	1234
20130815	123	123	123	267.3461538461533	1234
20130815	123	123	123	260.0	1234
20130815	123	123	123	12.73039481149441	1234
20130815	123	123	123	15.851490138714063	1234
20130815	123	123	123	4.755378805345025	1234
20130815	123	123	123	10.987388403479322	1234
20130815	123	123	123	2.6407749308260575	1234
20130815	123	123	123	1.0483491712880721	1234
20130815	123	123	123	6.130881731719349	1234
20130815	123	123	123	11.264050639904744	1234
20130815	123	123	123	17.01205700606305	1234
20130815	123	123	123	13.576631715511265	1234
20130815	123	123	123	15.308102282172927	1234
20130815	123	123	123	16.99280990925822	1234
20130815	123	123	123	0.7593716086075863	1234
20130815	123	123	123	3.4300844477600467	1234
20130815	123	123	123	15.415666069706806	1234
20130815	123	123	123	6.177105860551613	1234
20130815	123	123	123	2.3560966592277643	1234
20130815	123	123	123	11.10502943362566	1234
20130815	123	123	123	15.158249983627243	1234
20130815	123	123	123	19.14107881549706	1234
20130815	123	123	123	0.528062616455458	1234
20130815	123	123	123	6.407765852887799	1234
20130815	123	123	123	19.287230177467638	1234
20130815	123	123	123	1.5639308666931218	1234
20130815	123	123	123	19.57563109417765	1234
20130815	123	123	123	0.5420927569918321	1234
20130815	123	123	123	10.603565049559416	1234
20130815	123	123	123	0.9082420727874241	1234
20130815	123	123	123	19.586461569307083	1234
20130815	123	123	123	1.88528366753421	1234