time startPrice highestPrice lowestPrice endPrice transactionCount
20130815	123	123	123	0.21936445221411027	1234
20130815	123	123	123	0.5228086245335395	1234
20130815	123	123	123	4.131116129814036	1234
20130815	123	123	123	7.881209381921432	1234
20130815	123	123	123	9.36853760383242	1234
20130815	123	123	123	1.331001031935477	1234
20130815	123	123	123	16.518395722230196	1234
20130815	123	123	123	18.96690059293174	1234
20130815	123	123	123	1.1845712841034106	1234
20130815	123	123	123	19.001957007442098	1234
20130815	123	123	123	6.550512679838283	1234
20130815	123	123	123	16.480870043746044	1234
20130815	123	123	123	10.582708639037964	1234
20130815	123	123	123	12.678664437670202	1234
20130815	123	123	123	9.087241393143108	1234
20130815	123	123	123	17.344889721150473	1234
20130815	123	123	123	11.45870889046624	1234
20130815	123	123	123	10.474882862882563	1234
20130815	123	123	123	5.431995675624788	1234
20130815	123	123	123	1.0553991591093737	1234
20130815	123	123	123	17.903991342230313	1234
20130815	123	123	123	6.589724336522497	1234
20130815	123	123	123	2.438259476780804	1234
20130815	123	123	123	7.067370883266319	1234
20130815	123	123	123	0.96729628512779	1234
20130815	123	123	123	9.878322682179688	1234
20130815	123	123	123	2.093253460385087	1234
20130815	123	123	123	14.016657948644188	1234
20130815	123	123	123	4.950281427108878	1234
20130815	123	123	123	10.370901535617062	1234
20130815	123	123	123	255.77992336920104	1234
20130815	123	123	123	270.7849257333392	1234
20130815	123	123	123	271.0384615384616	1234
20130815	123	123	123	287.9349862821709	1234
20130815	123	123	123	291.501256836507	1234
20130815	123	123	123	297.3700113555442	1234
20130815	123	123	123	302.0603694389501	1234
20130815	123	123	123	316.01476254382754	1234
20130815	123	123	123	331.3056785877036	1234
20130815	123	123	123	336.2293301383898	1234
20130815	123	123	123	337.62569429579526	1234
20130815	123	123	123	344.5000000000003	1234
20130815	123	123	123	361.5435173674405	1234
20130815	123	123	123	377.3778245123409	1234
20130815	123	123	123	377.20789056543583	1234
20130815	123	123	123	390.8196300365857	1234
20130815	123	123	123	400.4536749633277	1234
20130815	123	123	123	406.56547121748974	1234
20130815	123	123	123	420.4389316200047	1234
20130815	123	123	123	428.6466487075095	1234
20130815	123	123	123	433.3888072046921	1234
20130815	123	123	123	440.0	1234
20130815	123	123	123	433.1651817351996	1234
20130815	123	123	123	431.2527941594668	1234
20130815	123	123	123	431.05251853153993	1234
20130815	123	123	123	429.3761036213378	1234
20130815	123	123	123	424.0539575171612	1234
20130815	123	123	123	423.1478139967892	1234
20130815	123	123	123	420.915845270511	1234
20130815	123	123	123	418.0513684774913	1234
20130815	123	123	123	416.7480101204184	1234
20130815	123	123	123	414.34927973448174	1234
20130815	123	123	123	410.08863160538885	1234
20130815	123	123	123	406.7818837563724	1234
20130815	123	123	123	403.40221176138516	1234
20130815	123	123	123	402.6153846153843	1234
20130815	123	123	123	394.3946518206491	1234
20130815	123	123	123	383.14064946398054	1234
20130815	123	123	123	390.65140833596956	1234
20130815	123	123	123	408.51446751343815	1234
20130815	123	123	123	424.5563724959723	1234
20130815	123	123	123	429.56951056612365	1234
20130815	123	123	123	430.62971418129933	1234
20130815	123	123	123	438.64817946874376	1234
20130815	123	123	123	444.99931752501885	1234
20130815	123	123	123	456.25056241355867	1234
20130815	123	123	123	455.08898938427313	1234
20130815	123	123	123	479.34518841449767	1234
20130815	123	123	123	474.6926557146594	1234
20130815	123	123	123	475.2307692307695	1234
20130815	123	123	123	482.18763501664074	1234
20130815	123	123	123	492.47557018787705	1234
20130815	123	123	123	503.6759304846817	1234
20130815	123	123	123	515.0157809564207	1234
20130815	123	123	123	519.45181752273	1234
20130815	123	123	123	528.6858381685698	1234
20130815	123	123	123	525.4230769230774	1234
20130815	123	123	123	525.2497897591218	1234
20130815	123	123	123	525.4615384615385	1234
20130815	123	123	123	513.6337720673007	1234
20130815	123	123	123	504.3652842825915	1234
20130815	123	123	123	500.28100737993543	1234
20130815	123	123	123	496.6526653891654	1234
20130815	123	123	123	487.9744235450145	1234
20130815	123	123	123	474.81522625786937	1234
20130815	123	123	123	479.98753065318465	1234
20130815	123	123	123	464.0875163069199	1234
20130815	123	123	123	470.076923076923	1234
20130815	123	123	123	457.7616575246693	1234
20130815	123	123	123	446.3937045316682	1234
20130815	123	123	123	434.0700374496433	1234
20130815	123	123	123	424.15158617817343	1234
20130815	123	123	123	425.2011566406469	1234
20130815	123	123	123	416.9042969850287	1234
20130815	123	123	123	419.1756378045109	1234
20130815	123	123	123	408.88606648384496	1234
20130815	123	123	123	408.29260261174664	1234
20130815	123	123	123	390.6459777836611	1234
20130815	123	123	123	384.0928130319184	1234
20130815	123	123	123	392.09108852103526	1234
20130815	123	123	123	394.35893066607633	1234
20130815	123	123	123	394.24165094367333	1234
20130815	123	123	123	401.8972473795308	1234
20130815	123	123	123	400.2670323479506	1234
20130815	123	123	123	413.77324962425286	1234
20130815	123	123	123	409.1538461538461	1234
20130815	123	123	123	414.4197005144454	1234
20130815	123	123	123	419.06864619398726	1234
20130815	123	123	123	423.7515102406924	1234
20130815	123	123	123	424.4827657678283	1234
20130815	123	123	123	428.17648003863445	1234
20130815	123	123	123	431.80840786007496	1234
20130815	123	123	123	433.4067281590929	1234
20130815	123	123	123	445.0071486917839	1234
20130815	123	123	123	441.15384615384596	1234
20130815	123	123	123	446.1266500396434	1234
20130815	123	123	123	452.2293235273784	1234
20130815	123	123	123	443.50714660395374	1234
20130815	123	123	123	436.6882030719094	1234
20130815	123	123	123	421.5255555167158	1234
20130815	123	123	123	416.43344500953333	1234
20130815	123	123	123	411.1184826907335	1234
20130815	123	123	123	383.24432878305873	1234
20130815	123	123	123	388.5253521084565	1234
20130815	123	123	123	375.48753633663495	1234
20130815	123	123	123	377.3960754275107	1234
20130815	123	123	123	360.23499699009614	1234
20130815	123	123	123	358.1622824499763	1234
20130815	123	123	123	343.76981761213415	1234
20130815	123	123	123	345.44495472562426	1234
20130815	123	123	123	336.8794860901005	1234
20130815	123	123	123	323.69490145761273	1234
20130815	123	123	123	315.0896003278178	1234
20130815	123	123	123	310.40373341712865	1234
20130815	123	123	123	294.6724448654358	1234
20130815	123	123	123	286.1549617861717	1234
20130815	123	123	123	282.03846153846104	1234
20130815	123	123	123	263.83890596889336	1234
20130815	123	123	123	259.2814810932499	1234
20130815	123	123	123	260.0	1234
20130815	123	123	123	3.58384282598732	1234
20130815	123	123	123	4.1188223486324205	1234
20130815	123	123	123	19.040893298390248	1234
20130815	123	123	123	0.9552065990604031	1234
20130815	123	123	123	15.72860367604961	1234
20130815	123	123	123	13.367621884930045	1234
20130815	123	123	123	5.029748432637815	1234
20130815	123	123	123	0.2849234034010495	1234
20130815	123	123	123	16.663853918993187	1234
20130815	123	123	123	13.566476816772033	1234
20130815	123	123	123	19.921175198786297	1234
20130815	123	123	123	9.949362147566628	1234
20130815	123	123	123	19.80038482084472	1234
20130815	123	123	123	5.761402281870289	1234
20130815	123	123	123	3.441957759807015	1234
20130815	123	123	123	4.037340067844262	1234
20130815	123	123	123	10.321513554325623	1234
20130815	123	123	123	6.304036377797679	1234
20130815	123	123	123	4.7672552239852894	1234
20130815	123	123	123	12.450854913392305	1234
20130815	123	123	123	4.8719979965509825	1234
20130815	123	123	123	16.558565190796198	1234
20130815	123	123	123	0.22454596557048845	1234
20130815	123	123	123	0.6717951355764229	1234
20130815	123	123	123	18.59125358639981	1234
20130815	123	123	123	5.176492805134556	1234
20130815	123	123	123	4.302875123259504	1234
20130815	123	123	123	8.157590921484001	1234
20130815	123	123	123	18.273224330894593	1234
20130815	123	123	123	17.898360692846772	1234