time startPrice highestPrice lowestPrice endPrice transactionCount
20130815	123	123	123	19.758295003813494	1234
20130815	123	123	123	9.825723127816335	1234
20130815	123	123	123	6.340955784830438	1234
20130815	123	123	123	13.56894702513464	1234
20130815	123	123	123	7.599789346283224	1234
20130815	123	123	123	19.64105526151894	1234
20130815	123	123	123	17.769755531456266	1234
20130815	123	123	123	3.531187921470338	1234
20130815	123	123	123	9.491610970505565	1234
20130815	123	123	123	1.0617507090335043	1234
20130815	123	123	123	0.15833724342020128	1234
20130815	123	123	123	9.39416927542971	1234
20130815	123	123	123	8.459609547755289	1234
20130815	123	123	123	0.18388205219862952	1234
20130815	123	123	123	18.026069205379365	1234
20130815	123	123	123	18.0879520374533	1234
20130815	123	123	123	5.175030793061168	1234
20130815	123	123	123	3.978958206518366	1234
20130815	123	123	123	18.265626833125307	1234
20130815	123	123	123	1.6759951851435662	1234
20130815	123	123	123	9.525646669429314	1234
20130815	123	123	123	16.11532255695108	1234
20130815	123	123	123	2.9183959267549175	1234
20130815	123	123	123	2.559611732611049	1234
20130815	123	123	123	19.24219530778435	1234
20130815	123	123	123	15.158490876168882	1234
20130815	123	123	123	1.8265297562009697	1234
20130815	123	123	123	9.959376336749282	1234
20130815	123	123	123	11.598790945435427	1234
20130815	123	123	123	14.923989527004553	1234
20130815	123	123	123	250.5100604102514	1234
20130815	123	123	123	270.22547042324277	1234
20130815	123	123	123	269.5551205817132	1234
20130815	123	123	123	285.96617325771905	1234
20130815	123	123	123	284.39868045851006	1234
20130815	123	123	123	297.42368776904607	1234
20130815	123	123	123	303.32023612745775	1234
20130815	123	123	123	327.47911710081684	1234
20130815	123	123	123	332.8305529675495	1234
20130815	123	123	123	339.82046877234427	1234
20130815	123	123	123	361.7774506875124	1234
20130815	123	123	123	381.34852791104726	1234
20130815	123	123	123	390.17974990649856	1234
20130815	123	123	123	400.0422801801973	1234
20130815	123	123	123	407.98789083233385	1234
20130815	123	123	123	425.7992886911766	1234
20130815	123	123	123	435.4752914630743	1234
20130815	123	123	123	432.6538461538467	1234
20130815	123	123	123	436.28144080748666	1234
20130815	123	123	123	428.21590350053725	1234
20130815	123	123	123	427.7966310230433	1234
20130815	123	123	123	423.2402878796947	1234
20130815	123	123	123	422.8118468591751	1234
20130815	123	123	123	413.3572584394047	1234
20130815	123	123	123	410.3478459564105	1234
20130815	123	123	123	410.6955725168983	1234
20130815	123	123	123	410.9230769230767	1234
20130815	123	123	123	403.97797030680425	1234
20130815	123	123	123	399.6693079727432	1234
20130815	123	123	123	397.777424161605	1234
20130815	123	123	123	398.3153534444357	1234
20130815	123	123	123	392.519457183166	1234
20130815	123	123	123	391.6190927255815	1234
20130815	123	123	123	391.41886625232485	1234
20130815	123	123	123	395.4733348668536	1234
20130815	123	123	123	401.71026748555545	1234
20130815	123	123	123	406.22403249487763	1234
20130815	123	123	123	411.99619595387844	1234
20130815	123	123	123	415.36297103600987	1234
20130815	123	123	123	423.975714367627	1234
20130815	123	123	123	427.6107837647457	1234
20130815	123	123	123	431.99961524389784	1234
20130815	123	123	123	444.56978676850133	1234
20130815	123	123	123	448.30852587196426	1234
20130815	123	123	123	447.34615384615404	1234
20130815	123	123	123	459.86726534849004	1234
20130815	123	123	123	475.2204238065203	1234
20130815	123	123	123	474.11877196961274	1234
20130815	123	123	123	477.9510172628072	1234
20130815	123	123	123	487.30071004528673	1234
20130815	123	123	123	494.52167953084086	1234
20130815	123	123	123	501.41084585265816	1234
20130815	123	123	123	504.88490877893014	1234
20130815	123	123	123	510.8050769609391	1234
20130815	123	123	123	514.2692307692312	1234
20130815	123	123	123	520.1666230402458	1234
20130815	123	123	123	527.8628587529166	1234
20130815	123	123	123	507.9892662678422	1234
20130815	123	123	123	512.6704970130098	1234
20130815	123	123	123	507.54073151584686	1234
20130815	123	123	123	495.22656088452254	1234
20130815	123	123	123	490.8676790511341	1234
20130815	123	123	123	477.9113134429704	1234
20130815	123	123	123	477.65606504553745	1234
20130815	123	123	123	436.0255781378952	1234
20130815	123	123	123	446.79694364364286	1234
20130815	123	123	123	446.03863498214486	1234
20130815	123	123	123	442.38461538461524	1234
20130815	123	123	123	422.2785130822169	1234
20130815	123	123	123	419.61287420435974	1234
20130815	123	123	123	414.6923076923075	1234
20130815	123	123	123	405.7635482928639	1234
20130815	123	123	123	398.876498682286	1234
20130815	123	123	123	388.8725155575502	1234
20130815	123	123	123	378.47635929142615	1234
20130815	123	123	123	392.697707265533	1234
20130815	123	123	123	393.27558042493735	1234
20130815	123	123	123	397.73990317261644	1234
20130815	123	123	123	403.5259816651407	1234
20130815	123	123	123	407.5452157129635	1234
20130815	123	123	123	406.79190302635993	1234
20130815	123	123	123	413.5960157006055	1234
20130815	123	123	123	415.93991594008526	1234
20130815	123	123	123	417.4904352515434	1234
20130815	123	123	123	419.2454783908515	1234
20130815	123	123	123	423.8219653112472	1234
20130815	123	123	123	427.80868924230913	1234
20130815	123	123	123	429.80089922477197	1234
20130815	123	123	123	434.2056912252559	1234
20130815	123	123	123	432.4620959177124	1234
20130815	123	123	123	437.5354850679359	1234
20130815	123	123	123	439.0295287750568	1234
20130815	123	123	123	439.34781886774965	1234
20130815	123	123	123	446.38512387166065	1234
20130815	123	123	123	444.0404630379279	1234
20130815	123	123	123	446.07692307692287	1234
20130815	123	123	123	449.4058102374724	1234
20130815	123	123	123	449.901104709518	1234
20130815	123	123	123	427.4457379979668	1234
20130815	123	123	123	428.9615384615384	1234
20130815	123	123	123	417.13557836137323	1234
20130815	123	123	123	403.022640780693	1234
20130815	123	123	123	401.7823028425419	1234
20130815	123	123	123	398.77860598297656	1234
20130815	123	123	123	390.1407273970941	1234
20130815	123	123	123	378.50502089737347	1234
20130815	123	123	123	376.95024312239696	1234
20130815	123	123	123	366.2691032714553	1234
20130815	123	123	123	351.20695057670434	1234
20130815	123	123	123	278.24395568132104	1234
20130815	123	123	123	321.9676444806968	1234
20130815	123	123	123	315.4568483552951	1234
20130815	123	123	123	311.4230769230765	1234
20130815	123	123	123	302.37874102651085	1234
20130815	123	123	123	288.5787711369407	1234
20130815	123	123	123	273.40686259917453	1234
20130815	123	123	123	282.03846153846104	1234
20130815	123	123	123	272.061007490981	1234
20130815	123	123	123	262.9869476625549	1234
20130815	123	123	123	260.0	1234
20130815	123	123	123	1.6979130311674706	1234
20130815	123	123	123	16.792746244865178	1234
20130815	123	123	123	11.022401474818013	1234
20130815	123	123	123	2.4789116510430076	1234
20130815	123	123	123	8.99919244197649	1234
20130815	123	123	123	8.352315352552125	1234
20130815	123	123	123	5.387873805258383	1234
20130815	123	123	123	3.1360584317578932	1234
20130815	123	123	123	8.09594427393322	1234
20130815	123	123	123	4.599272990484858	1234
20130815	123	123	123	6.8414051765685935	1234
20130815	123	123	123	13.757197637075961	1234
20130815	123	123	123	3.1879476082305414	1234
20130815	123	123	123	16.421806489633855	1234
20130815	123	123	123	9.186765034760015	1234
20130815	123	123	123	15.779625670681908	1234
20130815	123	123	123	2.8414505037677262	1234
20130815	123	123	123	2.8683257768281023	1234
20130815	123	123	123	3.1849688752020078	1234
20130815	123	123	123	7.602867658172583	1234
20130815	123	123	123	19.299206536672084	1234
20130815	123	123	123	11.15056330163252	1234
20130815	123	123	123	13.559526551796955	1234
20130815	123	123	123	2.320017995306032	1234
20130815	123	123	123	11.252982444640372	1234
20130815	123	123	123	4.121740773482623	1234
20130815	123	123	123	17.065777807896932	1234
20130815	123	123	123	1.2508737401411096	1234
20130815	123	123	123	18.392128518327123	1234
20130815	123	123	123	10.970166424462125	1234