time startPrice highestPrice lowestPrice endPrice transactionCount
20130815	123	123	123	9.886167860958713	1234
20130815	123	123	123	18.54370981178893	1234
20130815	123	123	123	7.362428970361076	1234
20130815	123	123	123	1.094580044532898	1234
20130815	123	123	123	9.975257338396624	1234
20130815	123	123	123	7.674861665992248	1234
20130815	123	123	123	13.129560714308804	1234
20130815	123	123	123	16.59753529652223	1234
20130815	123	123	123	5.773444990212326	1234
20130815	123	123	123	8.777850461368883	1234
20130815	123	123	123	3.342845040003637	1234
20130815	123	123	123	10.447382465546324	1234
20130815	123	123	123	14.435327404060171	1234
20130815	123	123	123	18.483428045287596	1234
20130815	123	123	123	6.7369575779781155	1234
20130815	123	123	123	19.537160029003097	1234
20130815	123	123	123	6.014476574950631	1234
20130815	123	123	123	2.5842824209964066	1234
20130815	123	123	123	15.445494706986027	1234
20130815	123	123	123	16.659759048001956	1234
20130815	123	123	123	9.883393168857172	1234
20130815	123	123	123	3.971192098140024	1234
20130815	123	123	123	3.5950532737163488	1234
20130815	123	123	123	2.473741071838682	1234
20130815	123	123	123	12.384793694042939	1234
20130815	123	123	123	2.0557816534632	1234
20130815	123	123	123	17.705888852541033	1234
20130815	123	123	123	2.013925368628249	1234
20130815	123	123	123	6.303209868986228	1234
20130815	123	123	123	13.336259806739786	1234
20130815	123	123	123	249.27157676272657	1234
20130815	123	123	123	260.2541861875617	1234
20130815	123	123	123	279.1673593852233	1234
20130815	123	123	123	277.09931658747706	1234
20130815	123	123	123	279.24642509188357	1234
20130815	123	123	123	285.73076923076934	1234
20130815	123	123	123	305.4188699827421	1234
20130815	123	123	123	320.20136640115874	1234
20130815	123	123	123	315.39959548592714	1234
20130815	123	123	123	325.2229664955235	1234
20130815	123	123	123	345.0663655756084	1234
20130815	123	123	123	347.72767070419866	1234
20130815	123	123	123	351.7842524121531	1234
20130815	123	123	123	366.0350579556853	1234
20130815	123	123	123	364.34764302948867	1234
20130815	123	123	123	391.7715291549148	1234
20130815	123	123	123	381.8563498549112	1234
20130815	123	123	123	395.62435363190764	1234
20130815	123	123	123	400.3499832008284	1234
20130815	123	123	123	403.2692307692312	1234
20130815	123	123	123	420.087945441171	1234
20130815	123	123	123	427.1043685242537	1234
20130815	123	123	123	427.2513139513577	1234
20130815	123	123	123	439.4320092644772	1234
20130815	123	123	123	435.6562981670846	1234
20130815	123	123	123	433.63187786132823	1234
20130815	123	123	123	431.6003570089326	1234
20130815	123	123	123	424.7443682561421	1234
20130815	123	123	123	425.2980310983901	1234
20130815	123	123	123	420.9179960347293	1234
20130815	123	123	123	421.1135672573602	1234
20130815	123	123	123	421.30769230769215	1234
20130815	123	123	123	397.5333945212834	1234
20130815	123	123	123	408.22236398779233	1234
20130815	123	123	123	406.12089396238883	1234
20130815	123	123	123	402.08531059500376	1234
20130815	123	123	123	400.5384615384612	1234
20130815	123	123	123	396.0346172236221	1234
20130815	123	123	123	392.23076923076883	1234
20130815	123	123	123	387.77135656804114	1234
20130815	123	123	123	394.34664958650006	1234
20130815	123	123	123	395.47916992005105	1234
20130815	123	123	123	402.44160186142994	1234
20130815	123	123	123	405.53883010913063	1234
20130815	123	123	123	417.321806968104	1234
20130815	123	123	123	437.21156214638364	1234
20130815	123	123	123	430.61538461538476	1234
20130815	123	123	123	440.9297248500597	1234
20130815	123	123	123	443.8354264434726	1234
20130815	123	123	123	458.61567754921276	1234
20130815	123	123	123	466.80574390655215	1234
20130815	123	123	123	466.86231489628227	1234
20130815	123	123	123	479.07314300436735	1234
20130815	123	123	123	475.833881911433	1234
20130815	123	123	123	486.89995224589467	1234
20130815	123	123	123	499.6941210224474	1234
20130815	123	123	123	506.64337481672356	1234
20130815	123	123	123	506.0029988098533	1234
20130815	123	123	123	512.2972523788117	1234
20130815	123	123	123	514.2765531338873	1234
20130815	123	123	123	527.660836636376	1234
20130815	123	123	123	524.6625083300453	1234
20130815	123	123	123	522.1161838982196	1234
20130815	123	123	123	517.8696981727874	1234
20130815	123	123	123	509.95755243486667	1234
20130815	123	123	123	505.7740339611377	1234
20130815	123	123	123	495.8629410534163	1234
20130815	123	123	123	492.23076923076917	1234
20130815	123	123	123	477.19436839037684	1234
20130815	123	123	123	473.6887624210429	1234
20130815	123	123	123	468.84109755524156	1234
20130815	123	123	123	461.81747546303757	1234
20130815	123	123	123	430.18013820340764	1234
20130815	123	123	123	432.5794032605566	1234
20130815	123	123	123	433.5649625423764	1234
20130815	123	123	123	427.2274305024709	1234
20130815	123	123	123	425.7692307692306	1234
20130815	123	123	123	419.2414735086765	1234
20130815	123	123	123	409.7077977676886	1234
20130815	123	123	123	404.01167094452643	1234
20130815	123	123	123	363.7337523398539	1234
20130815	123	123	123	388.8264855462825	1234
20130815	123	123	123	390.768639965017	1234
20130815	123	123	123	393.08444007334464	1234
20130815	123	123	123	399.5550279836694	1234
20130815	123	123	123	403.9442235194027	1234
20130815	123	123	123	403.36404273945146	1234
20130815	123	123	123	414.4987873974263	1234
20130815	123	123	123	411.45045789152783	1234
20130815	123	123	123	414.8074738590259	1234
20130815	123	123	123	421.0683337032723	1234
20130815	123	123	123	419.74577144173054	1234
20130815	123	123	123	421.46153846153834	1234
20130815	123	123	123	429.9622911700585	1234
20130815	123	123	123	432.91408510841376	1234
20130815	123	123	123	434.8483024902719	1234
20130815	123	123	123	437.67779325077447	1234
20130815	123	123	123	452.7338085070068	1234
20130815	123	123	123	443.3610238821196	1234
20130815	123	123	123	428.9127085131609	1234
20130815	123	123	123	373.2560125548088	1234
20130815	123	123	123	390.5104183654772	1234
20130815	123	123	123	383.72517342415097	1234
20130815	123	123	123	382.83850010361857	1234
20130815	123	123	123	367.7262121392356	1234
20130815	123	123	123	355.4478132139797	1234
20130815	123	123	123	343.0950354695209	1234
20130815	123	123	123	346.5763357400826	1234
20130815	123	123	123	330.6761481465669	1234
20130815	123	123	123	331.6847498753258	1234
20130815	123	123	123	313.53646161023437	1234
20130815	123	123	123	309.0414584865215	1234
20130815	123	123	123	307.70358339548017	1234
20130815	123	123	123	304.07692307692264	1234
20130815	123	123	123	294.05304924444056	1234
20130815	123	123	123	277.6570936296593	1234
20130815	123	123	123	279.2482816295722	1234
20130815	123	123	123	262.882511185191	1234
20130815	123	123	123	258.16665395683316	1234
20130815	123	123	123	260.0	1234
20130815	123	123	123	13.130727467028985	1234
20130815	123	123	123	12.873829603780194	1234
20130815	123	123	123	5.8123007331814165	1234
20130815	123	123	123	4.735164230719013	1234
20130815	123	123	123	7.892203556361457	1234
20130815	123	123	123	0.7221867595787046	1234
20130815	123	123	123	6.744680197235531	1234
20130815	123	123	123	11.435795063600915	1234
20130815	123	123	123	5.53329722468612	1234
20130815	123	123	123	14.47592815673225	1234
20130815	123	123	123	11.347463249009449	1234
20130815	123	123	123	9.166683035568294	1234
20130815	123	123	123	1.9740664274040065	1234
20130815	123	123	123	18.237184225761375	1234
20130815	123	123	123	9.128150506437356	1234
20130815	123	123	123	7.23108888570374	1234
20130815	123	123	123	17.87186048516879	1234
20130815	123	123	123	10.011988532732994	1234
20130815	123	123	123	10.961866578241874	1234
20130815	123	123	123	3.0511811472054418	1234
20130815	123	123	123	7.611114116194891	1234
20130815	123	123	123	18.263556956395686	1234
20130815	123	123	123	12.32238448429652	1234
20130815	123	123	123	11.594209086717813	1234
20130815	123	123	123	8.802729814276105	1234
20130815	123	123	123	16.513142871653457	1234
20130815	123	123	123	13.315764772643814	1234
20130815	123	123	123	13.770633086421444	1234
20130815	123	123	123	12.051954615221842	1234
20130815	123	123	123	13.486644131594012	1234