time startPrice highestPrice lowestPrice endPrice transactionCount
20130815	123	123	123	17.604954430524423	1234
20130815	123	123	123	0.6959288482505066	1234
20130815	123	123	123	19.585252387739832	1234
20130815	123	123	123	4.704625531456285	1234
20130815	123	123	123	10.093601643403318	1234
20130815	123	123	123	4.316325857219554	1234
20130815	123	123	123	6.767694067025065	1234
20130815	123	123	123	3.6459757564848694	1234
20130815	123	123	123	0.9080060809029677	1234
20130815	123	123	123	4.976894974783326	1234
20130815	123	123	123	5.8507055999056305	1234
20130815	123	123	123	17.84324840965796	1234
20130815	123	123	123	5.462026396493986	1234
20130815	123	123	123	6.175928873564844	1234
20130815	123	123	123	11.003822803041064	1234
20130815	123	123	123	9.032431575369678	1234
20130815	123	123	123	18.70916263083043	1234
20130815	123	123	123	7.953651552886352	1234
20130815	123	123	123	17.480560171999485	1234
20130815	123	123	123	15.522895196137593	1234
20130815	123	123	123	19.873211767241934	1234
20130815	123	123	123	12.842439979903546	1234
20130815	123	123	123	7.705314715125331	1234
20130815	123	123	123	12.550809106297333	1234
20130815	123	123	123	3.06357370335673	1234
20130815	123	123	123	14.402281202578244	1234
20130815	123	123	123	7.023301296940449	1234
20130815	123	123	123	4.604095908502737	1234
20130815	123	123	123	12.020439869557357	1234
20130815	123	123	123	11.904096772711393	1234
20130815	123	123	123	258.66560572354143	1234
20130815	123	123	123	262.9835435965324	1234
20130815	123	123	123	271.0928352349872	1234
20130815	123	123	123	281.1578742343678	1234
20130815	123	123	123	284.10694315999643	1234
20130815	123	123	123	286.4520933036141	1234
20130815	123	123	123	301.2886880123018	1234
20130815	123	123	123	307.9810677762435	1234
20130815	123	123	123	336.9513558716925	1234
20130815	123	123	123	341.35473796195896	1234
20130815	123	123	123	347.75487313575854	1234
20130815	123	123	123	347.8255010712109	1234
20130815	123	123	123	365.6705059663028	1234
20130815	123	123	123	363.4066560082061	1234
20130815	123	123	123	366.5384615384619	1234
20130815	123	123	123	379.7340159247079	1234
20130815	123	123	123	384.8721180678338	1234
20130815	123	123	123	389.1591084141156	1234
20130815	123	123	123	402.65252766059115	1234
20130815	123	123	123	411.2168023596513	1234
20130815	123	123	123	410.6153846153851	1234
20130815	123	123	123	423.49706077588013	1234
20130815	123	123	123	426.07349829843656	1234
20130815	123	123	123	444.25725410405676	1234
20130815	123	123	123	440.0	1234
20130815	123	123	123	434.1271924151467	1234
20130815	123	123	123	428.8456262172374	1234
20130815	123	123	123	429.0863471427081	1234
20130815	123	123	123	426.59770442707986	1234
20130815	123	123	123	423.7117646814488	1234
20130815	123	123	123	419.4100684842237	1234
20130815	123	123	123	420.26601542602646	1234
20130815	123	123	123	415.19456823504703	1234
20130815	123	123	123	409.5418885878999	1234
20130815	123	123	123	399.8833283611368	1234
20130815	123	123	123	404.6923076923074	1234
20130815	123	123	123	379.0759389373531	1234
20130815	123	123	123	386.0021613257698	1234
20130815	123	123	123	395.95315475086005	1234
20130815	123	123	123	393.79117726047735	1234
20130815	123	123	123	398.96877976643606	1234
20130815	123	123	123	412.6257998605206	1234
20130815	123	123	123	413.8846153846155	1234
20130815	123	123	123	427.89117187605467	1234
20130815	123	123	123	437.3221061200413	1234
20130815	123	123	123	440.62049459794713	1234
20130815	123	123	123	443.7505664527343	1234
20130815	123	123	123	452.51761302638715	1234
20130815	123	123	123	460.1883959908256	1234
20130815	123	123	123	476.58532023305855	1234
20130815	123	123	123	481.3613791947351	1234
20130815	123	123	123	479.5575757272908	1234
20130815	123	123	123	480.8076923076926	1234
20130815	123	123	123	526.2091589163726	1234
20130815	123	123	123	526.3829324974815	1234
20130815	123	123	123	525.4230769230774	1234
20130815	123	123	123	526.2032194111259	1234
20130815	123	123	123	511.55150074511727	1234
20130815	123	123	123	507.746623827413	1234
20130815	123	123	123	512.3628166893686	1234
20130815	123	123	123	495.750891609418	1234
20130815	123	123	123	484.8060370628266	1234
20130815	123	123	123	482.6888605520203	1234
20130815	123	123	123	478.55790111865656	1234
20130815	123	123	123	467.34338627582395	1234
20130815	123	123	123	460.82852196303907	1234
20130815	123	123	123	450.88456836340407	1234
20130815	123	123	123	438.4815659805494	1234
20130815	123	123	123	426.5922281102947	1234
20130815	123	123	123	428.2104113218326	1234
20130815	123	123	123	424.49844298447	1234
20130815	123	123	123	419.95211195708043	1234
20130815	123	123	123	413.809814864426	1234
20130815	123	123	123	409.15384615384596	1234
20130815	123	123	123	399.3264820601107	1234
20130815	123	123	123	391.8216116544775	1234
20130815	123	123	123	386.5185292590254	1234
20130815	123	123	123	391.6564139702431	1234
20130815	123	123	123	396.9985083186063	1234
20130815	123	123	123	395.62344239282805	1234
20130815	123	123	123	398.15099566652333	1234
20130815	123	123	123	403.1454844448735	1234
20130815	123	123	123	402.3165922144905	1234
20130815	123	123	123	407.38099781650993	1234
20130815	123	123	123	417.779947564	1234
20130815	123	123	123	416.88149445052835	1234
20130815	123	123	123	425.59691720636295	1234
20130815	123	123	123	424.1444343705771	1234
20130815	123	123	123	427.3467241870855	1234
20130815	123	123	123	429.7476102121173	1234
20130815	123	123	123	442.5083995620951	1234
20130815	123	123	123	442.1918625225332	1234
20130815	123	123	123	447.2532957207658	1234
20130815	123	123	123	450.4101793112245	1234
20130815	123	123	123	434.84434472659666	1234
20130815	123	123	123	439.23828244846686	1234
20130815	123	123	123	430.71976677958736	1234
20130815	123	123	123	421.18030292191173	1234
20130815	123	123	123	406.05605599908586	1234
20130815	123	123	123	407.04376197750975	1234
20130815	123	123	123	406.9230769230768	1234
20130815	123	123	123	395.32290523683906	1234
20130815	123	123	123	374.59833016060304	1234
20130815	123	123	123	382.81039335855115	1234
20130815	123	123	123	365.3572218433184	1234
20130815	123	123	123	358.5572234341899	1234
20130815	123	123	123	344.5833228065407	1234
20130815	123	123	123	351.1341952620789	1234
20130815	123	123	123	348.15384615384585	1234
20130815	123	123	123	336.40912079781333	1234
20130815	123	123	123	321.0693033455857	1234
20130815	123	123	123	324.43293975108065	1234
20130815	123	123	123	315.1447705360317	1234
20130815	123	123	123	292.2940248706544	1234
20130815	123	123	123	290.90411341094045	1234
20130815	123	123	123	289.3846153846149	1234
20130815	123	123	123	279.3701639410794	1234
20130815	123	123	123	268.3330032469643	1234
20130815	123	123	123	262.62549940274533	1234
20130815	123	123	123	260.0	1234
20130815	123	123	123	3.501332149620884	1234
20130815	123	123	123	13.2522380369554	1234
20130815	123	123	123	15.30151875885106	1234
20130815	123	123	123	1.6962006628424309	1234
20130815	123	123	123	8.29616813432418	1234
20130815	123	123	123	17.549422131321332	1234
20130815	123	123	123	9.413339956225087	1234
20130815	123	123	123	0.8868358446961455	1234
20130815	123	123	123	18.361066683317556	1234
20130815	123	123	123	5.739660556588218	1234
20130815	123	123	123	1.7066041823656808	1234
20130815	123	123	123	2.198375468567908	1234
20130815	123	123	123	11.640069275948532	1234
20130815	123	123	123	6.777678652604477	1234
20130815	123	123	123	2.2964386790824864	1234
20130815	123	123	123	0.19643376699543857	1234
20130815	123	123	123	16.40346419895317	1234
20130815	123	123	123	8.089525990973744	1234
20130815	123	123	123	4.834827712007542	1234
20130815	123	123	123	8.569796289247778	1234
20130815	123	123	123	11.006776494175483	1234
20130815	123	123	123	12.032008700314442	1234
20130815	123	123	123	19.65389678455116	1234
20130815	123	123	123	5.73472203348005	1234
20130815	123	123	123	8.109541237734048	1234
20130815	123	123	123	17.670214848859533	1234
20130815	123	123	123	19.615136643718685	1234
20130815	123	123	123	1.7598385685251938	1234
20130815	123	123	123	18.269017564715515	1234
20130815	123	123	123	16.77754382434564	1234