time startPrice highestPrice lowestPrice endPrice transactionCount
20130815	123	123	123	6.213977012814908	1234
20130815	123	123	123	1.823612348975181	1234
20130815	123	123	123	12.963514003303619	1234
20130815	123	123	123	5.509554560386654	1234
20130815	123	123	123	13.750577730288091	1234
20130815	123	123	123	5.208821374179909	1234
20130815	123	123	123	12.180980510828352	1234
20130815	123	123	123	9.708266928189587	1234
20130815	123	123	123	14.238910728749188	1234
20130815	123	123	123	0.9135442066166344	1234
20130815	123	123	123	19.342479959745322	1234
20130815	123	123	123	18.39799895874613	1234
20130815	123	123	123	3.1038886220984074	1234
20130815	123	123	123	11.152691295444324	1234
20130815	123	123	123	0.47470624510830506	1234
20130815	123	123	123	0.02183913435956475	1234
20130815	123	123	123	4.914512952867951	1234
20130815	123	123	123	16.78882673520559	1234
20130815	123	123	123	10.687011425211786	1234
20130815	123	123	123	2.329714806246206	1234
20130815	123	123	123	9.427990731703071	1234
20130815	123	123	123	13.646596925556471	1234
20130815	123	123	123	0.8732211405125878	1234
20130815	123	123	123	11.467298770089364	1234
20130815	123	123	123	12.272766042397974	1234
20130815	123	123	123	11.548505916076412	1234
20130815	123	123	123	16.805360904587882	1234
20130815	123	123	123	15.506537770102135	1234
20130815	123	123	123	12.55868290255905	1234
20130815	123	123	123	4.146381792377081	1234
20130815	123	123	123	249.50655861970694	1234
20130815	123	123	123	265.1011490878652	1234
20130815	123	123	123	267.6877841980174	1234
20130815	123	123	123	276.0146846830076	1234
20130815	123	123	123	278.3846153846155	1234
20130815	123	123	123	299.3448698937718	1234
20130815	123	123	123	305.171707971167	1234
20130815	123	123	123	324.5251113204402	1234
20130815	123	123	123	327.195561799131	1234
20130815	123	123	123	323.4275630685325	1234
20130815	123	123	123	342.8444153902007	1234
20130815	123	123	123	341.0977563722698	1234
20130815	123	123	123	344.5000000000003	1234
20130815	123	123	123	365.0939360892987	1234
20130815	123	123	123	373.29124810336566	1234
20130815	123	123	123	381.5817412445054	1234
20130815	123	123	123	383.76710486798714	1234
20130815	123	123	123	402.09043922814175	1234
20130815	123	123	123	419.1694642130997	1234
20130815	123	123	123	413.9630347404556	1234
20130815	123	123	123	422.03106448764936	1234
20130815	123	123	123	431.3787884506897	1234
20130815	123	123	123	444.1984467539732	1234
20130815	123	123	123	435.68692400468484	1234
20130815	123	123	123	433.3752906975334	1234
20130815	123	123	123	421.7577671558308	1234
20130815	123	123	123	423.0874099872564	1234
20130815	123	123	123	422.95261714756265	1234
20130815	123	123	123	418.4800078684184	1234
20130815	123	123	123	419.23076923076906	1234
20130815	123	123	123	413.8687818670257	1234
20130815	123	123	123	412.5971414097736	1234
20130815	123	123	123	410.9230769230767	1234
20130815	123	123	123	400.1441982916935	1234
20130815	123	123	123	396.3807153798315	1234
20130815	123	123	123	394.81915609098917	1234
20130815	123	123	123	393.55700305565546	1234
20130815	123	123	123	386.2605862787271	1234
20130815	123	123	123	391.62275046891193	1234
20130815	123	123	123	418.19221665724706	1234
20130815	123	123	123	414.9737007082139	1234
20130815	123	123	123	419.46153846153857	1234
20130815	123	123	123	444.69086684461035	1234
20130815	123	123	123	445.5448438900442	1234
20130815	123	123	123	446.75510164305774	1234
20130815	123	123	123	451.08803760037387	1234
20130815	123	123	123	465.73959034318324	1234
20130815	123	123	123	462.9650295268026	1234
20130815	123	123	123	469.93147219549627	1234
20130815	123	123	123	472.6111438220496	1234
20130815	123	123	123	484.1335447033426	1234
20130815	123	123	123	487.46344880940006	1234
20130815	123	123	123	487.22238508097763	1234
20130815	123	123	123	496.899773032897	1234
20130815	123	123	123	498.8576535512981	1234
20130815	123	123	123	504.70002294873296	1234
20130815	123	123	123	508.6923076923081	1234
20130815	123	123	123	527.8153244520093	1234
20130815	123	123	123	533.1817824668069	1234
20130815	123	123	123	526.3837567467252	1234
20130815	123	123	123	516.008913145274	1234
20130815	123	123	123	518.5877836425411	1234
20130815	123	123	123	502.2336171159826	1234
20130815	123	123	123	503.7036238254369	1234
20130815	123	123	123	493.81671374540156	1234
20130815	123	123	123	493.91430940795374	1234
20130815	123	123	123	489.56713504336557	1234
20130815	123	123	123	484.40684207803594	1234
20130815	123	123	123	473.5730336638367	1234
20130815	123	123	123	466.8657016085754	1234
20130815	123	123	123	452.4179480043404	1234
20130815	123	123	123	445.6729996120207	1234
20130815	123	123	123	444.58288849445677	1234
20130815	123	123	123	437.2655408067755	1234
20130815	123	123	123	431.4912199436106	1234
20130815	123	123	123	418.7156321544716	1234
20130815	123	123	123	407.23731117253226	1234
20130815	123	123	123	406.47739283385164	1234
20130815	123	123	123	399.168447289731	1234
20130815	123	123	123	398.07692307692287	1234
20130815	123	123	123	390.5385353222997	1234
20130815	123	123	123	387.0	1234
20130815	123	123	123	396.8937312655004	1234
20130815	123	123	123	402.757040982919	1234
20130815	123	123	123	404.0929199441219	1234
20130815	123	123	123	417.17622433192827	1234
20130815	123	123	123	419.04078400212046	1234
20130815	123	123	123	426.2113742834036	1234
20130815	123	123	123	425.9224444843304	1234
20130815	123	123	123	429.0193922325222	1234
20130815	123	123	123	429.9774479817356	1234
20130815	123	123	123	434.0637254337857	1234
20130815	123	123	123	434.69145894771003	1234
20130815	123	123	123	437.2714664194613	1234
20130815	123	123	123	439.13828618352176	1234
20130815	123	123	123	446.3079537888759	1234
20130815	123	123	123	446.5184072116045	1234
20130815	123	123	123	446.21346257986886	1234
20130815	123	123	123	450.35106971911466	1234
20130815	123	123	123	450.9309333470673	1234
20130815	123	123	123	443.65384615384613	1234
20130815	123	123	123	430.83443345086715	1234
20130815	123	123	123	423.37884098816846	1234
20130815	123	123	123	419.2614398013478	1234
20130815	123	123	123	392.8130244979167	1234
20130815	123	123	123	379.310617826405	1234
20130815	123	123	123	348.136585286097	1234
20130815	123	123	123	355.4999999999997	1234
20130815	123	123	123	346.4211775343268	1234
20130815	123	123	123	330.2552737127712	1234
20130815	123	123	123	328.32379874019597	1234
20130815	123	123	123	311.86866616072945	1234
20130815	123	123	123	316.2537055665402	1234
20130815	123	123	123	310.42165757130215	1234
20130815	123	123	123	296.34916660022856	1234
20130815	123	123	123	289.283255909439	1234
20130815	123	123	123	276.35678316313795	1234
20130815	123	123	123	268.5851528282169	1234
20130815	123	123	123	261.2611719878805	1234
20130815	123	123	123	260.0	1234
20130815	123	123	123	8.737579095670586	1234
20130815	123	123	123	17.650349298868637	1234
20130815	123	123	123	12.143890288157195	1234
20130815	123	123	123	13.9705256482512	1234
20130815	123	123	123	16.142459307342573	1234
20130815	123	123	123	17.25418628838254	1234
20130815	123	123	123	6.854506431627527	1234
20130815	123	123	123	11.591202375534714	1234
20130815	123	123	123	1.830819768179286	1234
20130815	123	123	123	17.842326473972058	1234
20130815	123	123	123	18.644476591732424	1234
20130815	123	123	123	0.38477836939998067	1234
20130815	123	123	123	2.460005580898068	1234
20130815	123	123	123	10.456897502657485	1234
20130815	123	123	123	9.499451302381647	1234
20130815	123	123	123	9.119473140903548	1234
20130815	123	123	123	18.31458400535572	1234
20130815	123	123	123	17.96280889360475	1234
20130815	123	123	123	2.829925340485453	1234
20130815	123	123	123	3.4233515713626805	1234
20130815	123	123	123	4.2472643473814475	1234
20130815	123	123	123	11.34191432967093	1234
20130815	123	123	123	16.165285977728633	1234
20130815	123	123	123	14.169822955113831	1234
20130815	123	123	123	5.79675628889877	1234
20130815	123	123	123	2.5448891548859454	1234
20130815	123	123	123	0.1518171334775209	1234
20130815	123	123	123	5.913599709684987	1234
20130815	123	123	123	9.753208540357674	1234
20130815	123	123	123	0.12945423319751237	1234