time startPrice highestPrice lowestPrice endPrice transactionCount
20130815	123	123	123	0.7284249474284099	1234
20130815	123	123	123	3.527830183238032	1234
20130815	123	123	123	12.920953264301929	1234
20130815	123	123	123	14.033006339955651	1234
20130815	123	123	123	12.879617727806403	1234
20130815	123	123	123	3.557780120251093	1234
20130815	123	123	123	0.16697495937272988	1234
20130815	123	123	123	15.256572924590888	1234
20130815	123	123	123	10.408336383263322	1234
20130815	123	123	123	19.81726256163328	1234
20130815	123	123	123	10.145567957424804	1234
20130815	123	123	123	11.107338812016728	1234
20130815	123	123	123	12.551825533519805	1234
20130815	123	123	123	10.595179424459184	1234
20130815	123	123	123	8.219479911518857	1234
20130815	123	123	123	6.194589342919487	1234
20130815	123	123	123	13.316749943278271	1234
20130815	123	123	123	13.087861230595399	1234
20130815	123	123	123	19.882696407670846	1234
20130815	123	123	123	17.656001430901675	1234
20130815	123	123	123	6.086640000530352	1234
20130815	123	123	123	0.9820525698577587	1234
20130815	123	123	123	18.17066925901605	1234
20130815	123	123	123	2.1548186466426467	1234
20130815	123	123	123	19.83907510145915	1234
20130815	123	123	123	2.0083934790323066	1234
20130815	123	123	123	12.435226172495694	1234
20130815	123	123	123	19.772870704038585	1234
20130815	123	123	123	2.7959826768687135	1234
20130815	123	123	123	4.731139890360869	1234
20130815	123	123	123	249.0	1234
20130815	123	123	123	282.8735796885412	1234
20130815	123	123	123	274.77300974375225	1234
20130815	123	123	123	296.79889221329427	1234
20130815	123	123	123	287.576856888975	1234
20130815	123	123	123	300.3700846695861	1234
20130815	123	123	123	309.5337281308392	1234
20130815	123	123	123	307.76923076923094	1234
20130815	123	123	123	325.5648457024879	1234
20130815	123	123	123	344.3607613301136	1234
20130815	123	123	123	339.0448199965116	1234
20130815	123	123	123	357.42804131870054	1234
20130815	123	123	123	351.84615384615415	1234
20130815	123	123	123	375.14853912472347	1234
20130815	123	123	123	372.82020417487695	1234
20130815	123	123	123	373.88461538461576	1234
20130815	123	123	123	381.2307692307696	1234
20130815	123	123	123	404.5650924685572	1234
20130815	123	123	123	395.92307692307736	1234
20130815	123	123	123	416.7730989255144	1234
20130815	123	123	123	422.29800622363314	1234
20130815	123	123	123	431.3914324877557	1234
20130815	123	123	123	434.5949595317456	1234
20130815	123	123	123	437.419329509041	1234
20130815	123	123	123	437.09712480364055	1234
20130815	123	123	123	433.38174819298007	1234
20130815	123	123	123	424.4893063798198	1234
20130815	123	123	123	422.80300426571796	1234
20130815	123	123	123	420.708089218498	1234
20130815	123	123	123	414.40619683146093	1234
20130815	123	123	123	415.3136316541104	1234
20130815	123	123	123	410.5360857070498	1234
20130815	123	123	123	412.92988284192114	1234
20130815	123	123	123	408.7783292402699	1234
20130815	123	123	123	408.1715049694218	1234
20130815	123	123	123	401.2418912285579	1234
20130815	123	123	123	402.1320961607889	1234
20130815	123	123	123	399.4165415860183	1234
20130815	123	123	123	398.4615384615381	1234
20130815	123	123	123	392.759163065857	1234
20130815	123	123	123	384.8312999649546	1234
20130815	123	123	123	414.15061743327453	1234
20130815	123	123	123	423.11153568049355	1234
20130815	123	123	123	425.03846153846166	1234
20130815	123	123	123	435.65118598183204	1234
20130815	123	123	123	447.67587270136806	1234
20130815	123	123	123	449.45961647200375	1234
20130815	123	123	123	455.6289706798751	1234
20130815	123	123	123	464.4192920778369	1234
20130815	123	123	123	467.46680374267754	1234
20130815	123	123	123	470.1368141912109	1234
20130815	123	123	123	484.72395873083923	1234
20130815	123	123	123	501.65422868944563	1234
20130815	123	123	123	505.2114576812008	1234
20130815	123	123	123	519.5177269518256	1234
20130815	123	123	123	517.9822547670507	1234
20130815	123	123	123	521.246143175087	1234
20130815	123	123	123	528.6764359744133	1234
20130815	123	123	123	531.0	1234
20130815	123	123	123	516.6628659935022	1234
20130815	123	123	123	504.2583701583376	1234
20130815	123	123	123	502.1313792483413	1234
20130815	123	123	123	492.30364182519884	1234
20130815	123	123	123	488.45844141075906	1234
20130815	123	123	123	484.8387488680554	1234
20130815	123	123	123	471.9656646470082	1234
20130815	123	123	123	475.6153846153845	1234
20130815	123	123	123	460.88485315170965	1234
20130815	123	123	123	441.9558845012462	1234
20130815	123	123	123	446.85439682623473	1234
20130815	123	123	123	439.5445871975914	1234
20130815	123	123	123	436.4159633934095	1234
20130815	123	123	123	431.2669561442476	1234
20130815	123	123	123	420.23076923076906	1234
20130815	123	123	123	414.6923076923075	1234
20130815	123	123	123	409.15384615384596	1234
20130815	123	123	123	393.1646030935173	1234
20130815	123	123	123	388.08488130345336	1234
20130815	123	123	123	392.29181969848196	1234
20130815	123	123	123	389.42656375824384	1234
20130815	123	123	123	393.6806304553145	1234
20130815	123	123	123	397.6747578916163	1234
20130815	123	123	123	397.3887541311195	1234
20130815	123	123	123	400.4502695154523	1234
20130815	123	123	123	399.30769230769226	1234
20130815	123	123	123	403.21267140983457	1234
20130815	123	123	123	410.3191458076318	1234
20130815	123	123	123	410.26548011434954	1234
20130815	123	123	123	411.6153846153845	1234
20130815	123	123	123	428.3333317533721	1234
20130815	123	123	123	424.6509481376	1234
20130815	123	123	123	430.5816384374716	1234
20130815	123	123	123	433.1188523843957	1234
20130815	123	123	123	434.77086090259235	1234
20130815	123	123	123	436.8506295399071	1234
20130815	123	123	123	442.9142571140577	1234
20130815	123	123	123	442.77514888997325	1234
20130815	123	123	123	458.80729589683807	1234
20130815	123	123	123	444.8205646928456	1234
20130815	123	123	123	433.6650169493039	1234
20130815	123	123	123	424.7436475777059	1234
20130815	123	123	123	386.1567760132518	1234
20130815	123	123	123	377.3106619464609	1234
20130815	123	123	123	382.7189221259401	1234
20130815	123	123	123	365.2971630984758	1234
20130815	123	123	123	362.0455251373075	1234
20130815	123	123	123	361.0832903788505	1234
20130815	123	123	123	354.3336335239871	1234
20130815	123	123	123	333.1160744141629	1234
20130815	123	123	123	324.80040869929314	1234
20130815	123	123	123	330.7258709588269	1234
20130815	123	123	123	314.6537932098195	1234
20130815	123	123	123	307.10262155733034	1234
20130815	123	123	123	309.370648559477	1234
20130815	123	123	123	296.90969968179576	1234
20130815	123	123	123	289.3846153846149	1234
20130815	123	123	123	276.1473908150757	1234
20130815	123	123	123	273.1105872404518	1234
20130815	123	123	123	261.69363877395665	1234
20130815	123	123	123	260.0	1234
20130815	123	123	123	11.70011721275064	1234
20130815	123	123	123	15.285892538661084	1234
20130815	123	123	123	9.89681437022205	1234
20130815	123	123	123	13.31252825307729	1234
20130815	123	123	123	0.44203670891882707	1234
20130815	123	123	123	13.342746041918033	1234
20130815	123	123	123	4.1757758052582155	1234
20130815	123	123	123	16.587841481606564	1234
20130815	123	123	123	12.39588509767943	1234
20130815	123	123	123	8.230309180232409	1234
20130815	123	123	123	8.940702659465842	1234
20130815	123	123	123	3.509898183871474	1234
20130815	123	123	123	18.861919925641356	1234
20130815	123	123	123	1.1909500376085647	1234
20130815	123	123	123	7.59255822167459	1234
20130815	123	123	123	0.8693286119794341	1234
20130815	123	123	123	1.9963770609109166	1234
20130815	123	123	123	18.669663663409523	1234
20130815	123	123	123	0.9909611943064123	1234
20130815	123	123	123	11.16967349363655	1234
20130815	123	123	123	0.6960243357759532	1234
20130815	123	123	123	13.403096921419577	1234
20130815	123	123	123	18.462537067601637	1234
20130815	123	123	123	8.63398415514851	1234
20130815	123	123	123	16.94103423722681	1234
20130815	123	123	123	6.92285837224091	1234
20130815	123	123	123	17.865301218578526	1234
20130815	123	123	123	9.542270164185446	1234
20130815	123	123	123	13.839456267761962	1234
20130815	123	123	123	16.83064876226518	1234