time startPrice highestPrice lowestPrice endPrice transactionCount
20130815	123	123	123	19.982490137578456	1234
20130815	123	123	123	0.8089331277708633	1234
20130815	123	123	123	2.1880165619938663	1234
20130815	123	123	123	9.386040986039848	1234
20130815	123	123	123	19.22718432805615	1234
20130815	123	123	123	14.84608171397429	1234
20130815	123	123	123	6.46319529957581	1234
20130815	123	123	123	2.8842410984303757	1234
20130815	123	123	123	16.58757187207541	1234
20130815	123	123	123	3.0502836991087356	1234
20130815	123	123	123	6.338631318882908	1234
20130815	123	123	123	1.2606891079714222	1234
20130815	123	123	123	17.564118438959593	1234
20130815	123	123	123	13.864940289703487	1234
20130815	123	123	123	9.461403260400926	1234
20130815	123	123	123	14.291601397788911	1234
20130815	123	123	123	15.334763657182444	1234
20130815	123	123	123	12.106362065182974	1234
20130815	123	123	123	6.6218925155831965	1234
20130815	123	123	123	8.927647338078144	1234
20130815	123	123	123	1.7022798281822826	1234
20130815	123	123	123	12.41334345033075	1234
20130815	123	123	123	3.612439654288684	1234
20130815	123	123	123	11.36485881370059	1234
20130815	123	123	123	14.82348736159681	1234
20130815	123	123	123	16.364735007442633	1234
20130815	123	123	123	8.314216488998152	1234
20130815	123	123	123	12.306556212522546	1234
20130815	123	123	123	10.989016385122042	1234
20130815	123	123	123	4.288583083715006	1234
20130815	123	123	123	254.20330158964708	1234
20130815	123	123	123	269.52023106727347	1234
20130815	123	123	123	279.16039634003624	1234
20130815	123	123	123	272.3329440962449	1234
20130815	123	123	123	286.35235058429686	1234
20130815	123	123	123	291.76627469195927	1234
20130815	123	123	123	294.74275716673174	1234
20130815	123	123	123	306.59943550611973	1234
20130815	123	123	123	308.3216276647	1234
20130815	123	123	123	325.3701074780334	1234
20130815	123	123	123	322.4615384615387	1234
20130815	123	123	123	330.5625811154856	1234
20130815	123	123	123	338.397022707935	1234
20130815	123	123	123	344.7823402022661	1234
20130815	123	123	123	357.2496102113124	1234
20130815	123	123	123	359.348310636721	1234
20130815	123	123	123	370.57321771516456	1234
20130815	123	123	123	376.7630580950127	1234
20130815	123	123	123	382.67989489025166	1234
20130815	123	123	123	388.5769230769235	1234
20130815	123	123	123	395.92307692307736	1234
20130815	123	123	123	404.24169576159795	1234
20130815	123	123	123	424.6301778980484	1234
20130815	123	123	123	426.41525650636294	1234
20130815	123	123	123	433.01638189411267	1234
20130815	123	123	123	441.1640216110916	1234
20130815	123	123	123	439.44663010271097	1234
20130815	123	123	123	437.9230769230769	1234
20130815	123	123	123	433.73311890550787	1234
20130815	123	123	123	432.16829172723936	1234
20130815	123	123	123	429.4505787601256	1234
20130815	123	123	123	423.32163275959823	1234
20130815	123	123	123	418.4009206924613	1234
20130815	123	123	123	414.5924415463612	1234
20130815	123	123	123	416.8770848269367	1234
20130815	123	123	123	404.2617452466195	1234
20130815	123	123	123	406.7692307692305	1234
20130815	123	123	123	402.93363644641016	1234
20130815	123	123	123	402.1309438965897	1234
20130815	123	123	123	400.5384615384612	1234
20130815	123	123	123	392.01307290706876	1234
20130815	123	123	123	417.2201035215807	1234
20130815	123	123	123	397.1538461538462	1234
20130815	123	123	123	403.67364786994256	1234
20130815	123	123	123	416.9591550225191	1234
20130815	123	123	123	414.8361236166417	1234
20130815	123	123	123	420.79119774809664	1234
20130815	123	123	123	428.8566380988828	1234
20130815	123	123	123	442.3065464551766	1234
20130815	123	123	123	448.02103708832306	1234
20130815	123	123	123	454.37587230457007	1234
20130815	123	123	123	452.69999433665635	1234
20130815	123	123	123	458.5000000000002	1234
20130815	123	123	123	474.09269818795667	1234
20130815	123	123	123	475.9402397222325	1234
20130815	123	123	123	491.4526490682985	1234
20130815	123	123	123	486.3846153846157	1234
20130815	123	123	123	496.2291591483622	1234
20130815	123	123	123	498.2951859779506	1234
20130815	123	123	123	521.5529580525307	1234
20130815	123	123	123	522.3602844719703	1234
20130815	123	123	123	528.0207023177365	1234
20130815	123	123	123	525.8204769166183	1234
20130815	123	123	123	530.9362438231153	1234
20130815	123	123	123	524.2403805697413	1234
20130815	123	123	123	516.1249843837214	1234
20130815	123	123	123	502.55448376573116	1234
20130815	123	123	123	495.2238500927957	1234
20130815	123	123	123	490.07938732302347	1234
20130815	123	123	123	480.6698336159379	1234
20130815	123	123	123	468.9048345001706	1234
20130815	123	123	123	464.53846153846143	1234
20130815	123	123	123	449.4998215965798	1234
20130815	123	123	123	443.6318762713029	1234
20130815	123	123	123	436.03595734138844	1234
20130815	123	123	123	430.7244817650574	1234
20130815	123	123	123	425.26084572646556	1234
20130815	123	123	123	417.89687947581615	1234
20130815	123	123	123	418.0734051876943	1234
20130815	123	123	123	410.18812330875915	1234
20130815	123	123	123	409.15384615384596	1234
20130815	123	123	123	391.5748900909143	1234
20130815	123	123	123	393.3081260497369	1234
20130815	123	123	123	389.9360639142254	1234
20130815	123	123	123	388.02484296281955	1234
20130815	123	123	123	392.7804383337368	1234
20130815	123	123	123	392.77811657200556	1234
20130815	123	123	123	399.42499732248217	1234
20130815	123	123	123	428.65686391370264	1234
20130815	123	123	123	427.8370042418164	1234
20130815	123	123	123	441.35174085528774	1234
20130815	123	123	123	433.7692307692306	1234
20130815	123	123	123	437.84239593879096	1234
20130815	123	123	123	443.40264900931123	1234
20130815	123	123	123	453.4160567924058	1234
20130815	123	123	123	450.7375559122992	1234
20130815	123	123	123	450.26390774286523	1234
20130815	123	123	123	443.65384615384613	1234
20130815	123	123	123	423.96292031610346	1234
20130815	123	123	123	411.13730670897934	1234
20130815	123	123	123	391.6600074951197	1234
20130815	123	123	123	390.3580742826053	1234
20130815	123	123	123	391.8950160938447	1234
20130815	123	123	123	378.1414674345408	1234
20130815	123	123	123	370.8974489970398	1234
20130815	123	123	123	366.0243367919843	1234
20130815	123	123	123	361.6166937672761	1234
20130815	123	123	123	353.3192377510192	1234
20130815	123	123	123	347.9135105286219	1234
20130815	123	123	123	337.3426337595744	1234
20130815	123	123	123	315.8406243751818	1234
20130815	123	123	123	323.44187324829153	1234
20130815	123	123	123	305.31947537764967	1234
20130815	123	123	123	300.6495192280872	1234
20130815	123	123	123	293.2399509520281	1234
20130815	123	123	123	277.56540520481	1234
20130815	123	123	123	276.6109367724905	1234
20130815	123	123	123	269.9448367332037	1234
20130815	123	123	123	265.2748106771715	1234
20130815	123	123	123	260.0	1234
20130815	123	123	123	10.798564983834849	1234
20130815	123	123	123	15.785548837752746	1234
20130815	123	123	123	4.5386888190555785	1234
20130815	123	123	123	8.509043880121414	1234
20130815	123	123	123	15.107969791574495	1234
20130815	123	123	123	14.201030500368015	1234
20130815	123	123	123	9.939016261576102	1234
20130815	123	123	123	8.624951640285794	1234
20130815	123	123	123	5.38572503060551	1234
20130815	123	123	123	2.634747069833212	1234
20130815	123	123	123	3.115704019083778	1234
20130815	123	123	123	1.3865634226008194	1234
20130815	123	123	123	16.152275381887126	1234
20130815	123	123	123	4.046161714700265	1234
20130815	123	123	123	15.325467922172827	1234
20130815	123	123	123	7.834666480013053	1234
20130815	123	123	123	6.780105731378905	1234
20130815	123	123	123	3.606513761517731	1234
20130815	123	123	123	2.167868256915726	1234
20130815	123	123	123	8.588893595552221	1234
20130815	123	123	123	13.59796979187281	1234
20130815	123	123	123	5.216808472895242	1234
20130815	123	123	123	12.779276101593531	1234
20130815	123	123	123	4.519735780960346	1234
20130815	123	123	123	9.559147964652654	1234
20130815	123	123	123	6.164940343657013	1234
20130815	123	123	123	19.817495497554333	1234
20130815	123	123	123	4.511411667882994	1234
20130815	123	123	123	1.0373334779091103	1234
20130815	123	123	123	16.912307167091434	1234