time startPrice highestPrice lowestPrice endPrice transactionCount
20130815	123	123	123	11.745923857830562	1234
20130815	123	123	123	0.2181986677188119	1234
20130815	123	123	123	11.109528765004754	1234
20130815	123	123	123	0.762591743876726	1234
20130815	123	123	123	0.551098762075346	1234
20130815	123	123	123	17.22302254458352	1234
20130815	123	123	123	5.72674865848332	1234
20130815	123	123	123	17.759893119932485	1234
20130815	123	123	123	3.9533689886197054	1234
20130815	123	123	123	5.074478450548732	1234
20130815	123	123	123	17.757216211271295	1234
20130815	123	123	123	6.172032814465121	1234
20130815	123	123	123	4.770022890000436	1234
20130815	123	123	123	2.64560812837209	1234
20130815	123	123	123	4.68604064765942	1234
20130815	123	123	123	12.719233539608084	1234
20130815	123	123	123	4.298373032293499	1234
20130815	123	123	123	8.972602113028053	1234
20130815	123	123	123	3.125646059734737	1234
20130815	123	123	123	13.691029738696711	1234
20130815	123	123	123	9.76190540241716	1234
20130815	123	123	123	5.991862065647764	1234
20130815	123	123	123	11.837530523853406	1234
20130815	123	123	123	6.68186746366652	1234
20130815	123	123	123	18.43331212954785	1234
20130815	123	123	123	5.17211757198327	1234
20130815	123	123	123	15.072571001578108	1234
20130815	123	123	123	11.252579432454343	1234
20130815	123	123	123	9.218708512514217	1234
20130815	123	123	123	18.205780859367454	1234
20130815	123	123	123	257.14689236497185	1234
20130815	123	123	123	258.3190446204468	1234
20130815	123	123	123	272.1062563889459	1234
20130815	123	123	123	277.90794462664707	1234
20130815	123	123	123	280.4908154509754	1234
20130815	123	123	123	292.90393870778286	1234
20130815	123	123	123	294.09479047588474	1234
20130815	123	123	123	303.28066060561264	1234
20130815	123	123	123	313.49700202335623	1234
20130815	123	123	123	320.74489779711024	1234
20130815	123	123	123	332.76971891493196	1234
20130815	123	123	123	336.2687794711041	1234
20130815	123	123	123	337.3312162700266	1234
20130815	123	123	123	344.5000000000003	1234
20130815	123	123	123	354.59481081264266	1234
20130815	123	123	123	359.2060175456506	1234
20130815	123	123	123	367.28259481643425	1234
20130815	123	123	123	389.14306411337014	1234
20130815	123	123	123	396.2234714249847	1234
20130815	123	123	123	402.64083806923617	1234
20130815	123	123	123	403.2692307692312	1234
20130815	123	123	123	412.81324999975703	1234
20130815	123	123	123	428.1427944910186	1234
20130815	123	123	123	427.19401123562136	1234
20130815	123	123	123	446.14105142959625	1234
20130815	123	123	123	440.0	1234
20130815	123	123	123	426.41691331632353	1234
20130815	123	123	123	413.961749362025	1234
20130815	123	123	123	411.8095456010087	1234
20130815	123	123	123	409.51502917159587	1234
20130815	123	123	123	408.8461538461536	1234
20130815	123	123	123	399.86265468289236	1234
20130815	123	123	123	402.33236063169977	1234
20130815	123	123	123	399.45265979861637	1234
20130815	123	123	123	394.8403793998924	1234
20130815	123	123	123	393.2054110981689	1234
20130815	123	123	123	390.97335062359804	1234
20130815	123	123	123	388.94972899354474	1234
20130815	123	123	123	385.46971827650384	1234
20130815	123	123	123	386.27795653620126	1234
20130815	123	123	123	395.9529739194163	1234
20130815	123	123	123	402.6009381815767	1234
20130815	123	123	123	410.80018091126215	1234
20130815	123	123	123	416.68491706010366	1234
20130815	123	123	123	418.787517513909	1234
20130815	123	123	123	423.93924227788307	1234
20130815	123	123	123	432.2948548240413	1234
20130815	123	123	123	462.51665469274474	1234
20130815	123	123	123	451.5145202072975	1234
20130815	123	123	123	457.18820019652736	1234
20130815	123	123	123	474.01691545343596	1234
20130815	123	123	123	506.85382669804756	1234
20130815	123	123	123	498.78823504847935	1234
20130815	123	123	123	513.1555383078917	1234
20130815	123	123	123	515.801906538573	1234
20130815	123	123	123	522.0024501101964	1234
20130815	123	123	123	525.0432784609924	1234
20130815	123	123	123	523.6281338692097	1234
20130815	123	123	123	514.4545516151409	1234
20130815	123	123	123	512.03747367209	1234
20130815	123	123	123	499.94073260497225	1234
20130815	123	123	123	490.32486404928636	1234
20130815	123	123	123	485.9704605100205	1234
20130815	123	123	123	476.2903051245979	1234
20130815	123	123	123	456.69709733008517	1234
20130815	123	123	123	455.8534892252744	1234
20130815	123	123	123	451.96245101507355	1234
20130815	123	123	123	445.86462492210563	1234
20130815	123	123	123	442.38461538461524	1234
20130815	123	123	123	436.8461538461537	1234
20130815	123	123	123	417.1107099819916	1234
20130815	123	123	123	415.4235564163923	1234
20130815	123	123	123	412.40715908984384	1234
20130815	123	123	123	409.2051695538657	1234
20130815	123	123	123	404.4023496003455	1234
20130815	123	123	123	396.85306927839275	1234
20130815	123	123	123	398.07692307692287	1234
20130815	123	123	123	384.2008681258161	1234
20130815	123	123	123	387.7533773457569	1234
20130815	123	123	123	390.07703126413855	1234
20130815	123	123	123	392.88952622336836	1234
20130815	123	123	123	396.8937162273726	1234
20130815	123	123	123	399.5735599051514	1234
20130815	123	123	123	405.3954052247596	1234
20130815	123	123	123	404.8052942397579	1234
20130815	123	123	123	406.6923076923076	1234
20130815	123	123	123	411.1206367959271	1234
20130815	123	123	123	413.43757741771293	1234
20130815	123	123	123	420.32427144426987	1234
20130815	123	123	123	421.9315730749964	1234
20130815	123	123	123	422.2207077343983	1234
20130815	123	123	123	425.56056921862717	1234
20130815	123	123	123	426.89450933210674	1234
20130815	123	123	123	428.8461538461537	1234
20130815	123	123	123	440.74083981156355	1234
20130815	123	123	123	445.0490602987874	1234
20130815	123	123	123	447.91847105265225	1234
20130815	123	123	123	448.240097684882	1234
20130815	123	123	123	451.1167791494394	1234
20130815	123	123	123	451.0	1234
20130815	123	123	123	440.18776120019896	1234
20130815	123	123	123	434.5658331271557	1234
20130815	123	123	123	417.45546060802207	1234
20130815	123	123	123	413.4619472234882	1234
20130815	123	123	123	391.4797103404534	1234
20130815	123	123	123	384.74763530373167	1234
20130815	123	123	123	377.6577865709347	1234
20130815	123	123	123	374.0140619071385	1234
20130815	123	123	123	371.87576608520163	1234
20130815	123	123	123	364.31284366282665	1234
20130815	123	123	123	340.4441966505486	1234
20130815	123	123	123	334.1996332126176	1234
20130815	123	123	123	333.4615384615381	1234
20130815	123	123	123	321.1339520331443	1234
20130815	123	123	123	300.24016946130973	1234
20130815	123	123	123	279.91253754044124	1234
20130815	123	123	123	277.92427267561834	1234
20130815	123	123	123	256.7465695445332	1234
20130815	123	123	123	263.59350083594103	1234
20130815	123	123	123	260.0	1234
20130815	123	123	123	3.78175223661412	1234
20130815	123	123	123	14.277627134267295	1234
20130815	123	123	123	1.803746841234597	1234
20130815	123	123	123	0.1463807196805611	1234
20130815	123	123	123	5.628110789480427	1234
20130815	123	123	123	10.523147991369079	1234
20130815	123	123	123	5.903733771417594	1234
20130815	123	123	123	19.726573502088048	1234
20130815	123	123	123	11.234584582099341	1234
20130815	123	123	123	11.911014758424905	1234
20130815	123	123	123	18.72627866726843	1234
20130815	123	123	123	16.063882272120473	1234
20130815	123	123	123	3.7313599484342075	1234
20130815	123	123	123	9.95925498642756	1234
20130815	123	123	123	17.44639551079422	1234
20130815	123	123	123	3.558976745929645	1234
20130815	123	123	123	1.4202342584685912	1234
20130815	123	123	123	15.049353380698268	1234
20130815	123	123	123	15.310395093939842	1234
20130815	123	123	123	7.513958518883119	1234
20130815	123	123	123	9.252392367720756	1234
20130815	123	123	123	3.4560965237502406	1234
20130815	123	123	123	4.926301200402456	1234
20130815	123	123	123	11.845770336980234	1234
20130815	123	123	123	3.8199239164864585	1234
20130815	123	123	123	18.485791325656432	1234
20130815	123	123	123	0.3649407064001364	1234
20130815	123	123	123	17.24251484067665	1234
20130815	123	123	123	8.690296455133836	1234
20130815	123	123	123	15.603836996401064	1234