time startPrice highestPrice lowestPrice endPrice transactionCount
20130815	123	123	123	5.080607731479773	1234
20130815	123	123	123	18.800998065183045	1234
20130815	123	123	123	15.655436343246718	1234
20130815	123	123	123	9.400946380540123	1234
20130815	123	123	123	6.283064630228081	1234
20130815	123	123	123	14.502965827838288	1234
20130815	123	123	123	19.060421215863535	1234
20130815	123	123	123	2.8726492892968913	1234
20130815	123	123	123	14.305325020165522	1234
20130815	123	123	123	0.1290197821983563	1234
20130815	123	123	123	19.500463825182113	1234
20130815	123	123	123	0.9698563900757251	1234
20130815	123	123	123	4.745195544153436	1234
20130815	123	123	123	19.12553140376724	1234
20130815	123	123	123	14.065217340655632	1234
20130815	123	123	123	2.891492753986986	1234
20130815	123	123	123	3.194546540065548	1234
20130815	123	123	123	13.767650935905891	1234
20130815	123	123	123	6.623013734432719	1234
20130815	123	123	123	2.038229535874654	1234
20130815	123	123	123	10.361872352134117	1234
20130815	123	123	123	15.530816695074765	1234
20130815	123	123	123	16.649220971797845	1234
20130815	123	123	123	12.333522749754822	1234
20130815	123	123	123	16.386992792131952	1234
20130815	123	123	123	12.521996026714932	1234
20130815	123	123	123	12.226294706203413	1234
20130815	123	123	123	12.113715597182592	1234
20130815	123	123	123	16.714230808867793	1234
20130815	123	123	123	10.248113769629834	1234
20130815	123	123	123	252.1520441510437	1234
20130815	123	123	123	274.142513158702	1234
20130815	123	123	123	271.0384615384616	1234
20130815	123	123	123	280.7382709118359	1234
20130815	123	123	123	291.652711321792	1234
20130815	123	123	123	297.0695304863534	1234
20130815	123	123	123	301.5486692233285	1234
20130815	123	123	123	316.06943466792126	1234
20130815	123	123	123	338.33890889589503	1234
20130815	123	123	123	342.59422481965066	1234
20130815	123	123	123	364.1475729697549	1234
20130815	123	123	123	360.6194151405609	1234
20130815	123	123	123	361.4800035094666	1234
20130815	123	123	123	375.2173509602104	1234
20130815	123	123	123	377.44311708421026	1234
20130815	123	123	123	381.2307692307696	1234
20130815	123	123	123	393.4504601250722	1234
20130815	123	123	123	406.2490859190466	1234
20130815	123	123	123	422.88504747156657	1234
20130815	123	123	123	423.1723969062751	1234
20130815	123	123	123	428.92557084177236	1234
20130815	123	123	123	432.6538461538467	1234
20130815	123	123	123	436.1953296472455	1234
20130815	123	123	123	435.24027524312805	1234
20130815	123	123	123	432.4364498532215	1234
20130815	123	123	123	431.0610267226335	1234
20130815	123	123	123	418.6187385675217	1234
20130815	123	123	123	419.57440241452196	1234
20130815	123	123	123	415.56929533391246	1234
20130815	123	123	123	414.2770588878272	1234
20130815	123	123	123	412.9999999999998	1234
20130815	123	123	123	406.29716371950195	1234
20130815	123	123	123	406.7692307692305	1234
20130815	123	123	123	400.0246208490219	1234
20130815	123	123	123	398.1009555345164	1234
20130815	123	123	123	394.55335958412144	1234
20130815	123	123	123	387.9366767654099	1234
20130815	123	123	123	385.8933189320763	1234
20130815	123	123	123	390.24325282970244	1234
20130815	123	123	123	392.0480056041298	1234
20130815	123	123	123	415.7751146990909	1234
20130815	123	123	123	408.3076923076924	1234
20130815	123	123	123	419.46153846153857	1234
20130815	123	123	123	439.23616680966927	1234
20130815	123	123	123	456.91164259528034	1234
20130815	123	123	123	453.25500620921434	1234
20130815	123	123	123	448.9496576566319	1234
20130815	123	123	123	461.63297270462283	1234
20130815	123	123	123	458.9448223487757	1234
20130815	123	123	123	468.41641089510284	1234
20130815	123	123	123	497.75922457116343	1234
20130815	123	123	123	490.2446505620981	1234
20130815	123	123	123	494.158957990477	1234
20130815	123	123	123	508.83008324354347	1234
20130815	123	123	123	508.86898186666764	1234
20130815	123	123	123	514.9694591886106	1234
20130815	123	123	123	515.0626400906876	1234
20130815	123	123	123	519.8461538461543	1234
20130815	123	123	123	533.4915592435759	1234
20130815	123	123	123	488.15009934820625	1234
20130815	123	123	123	494.4843178951325	1234
20130815	123	123	123	497.2974732261813	1234
20130815	123	123	123	478.03272770630014	1234
20130815	123	123	123	477.3217960960166	1234
20130815	123	123	123	469.98610307164796	1234
20130815	123	123	123	458.3623193646552	1234
20130815	123	123	123	451.847135561469	1234
20130815	123	123	123	453.46153846153834	1234
20130815	123	123	123	444.2735144902701	1234
20130815	123	123	123	442.38461538461524	1234
20130815	123	123	123	436.8461538461537	1234
20130815	123	123	123	424.7547105324151	1234
20130815	123	123	123	419.48765446912927	1234
20130815	123	123	123	406.09257015450953	1234
20130815	123	123	123	391.4417970989618	1234
20130815	123	123	123	394.6727017794922	1234
20130815	123	123	123	389.47023046226394	1234
20130815	123	123	123	389.48323558229873	1234
20130815	123	123	123	389.46153846153845	1234
20130815	123	123	123	394.48156158918266	1234
20130815	123	123	123	400.00019147705876	1234
20130815	123	123	123	401.4283064283342	1234
20130815	123	123	123	402.88278527796945	1234
20130815	123	123	123	404.23076923076917	1234
20130815	123	123	123	412.3284727119637	1234
20130815	123	123	123	416.43179979663	1234
20130815	123	123	123	417.68208548207235	1234
20130815	123	123	123	421.68650746506574	1234
20130815	123	123	123	421.4982113124969	1234
20130815	123	123	123	427.15065876215203	1234
20130815	123	123	123	428.8461538461537	1234
20130815	123	123	123	434.93847188508096	1234
20130815	123	123	123	435.03728565059123	1234
20130815	123	123	123	438.91300468966284	1234
20130815	123	123	123	438.6923076923075	1234
20130815	123	123	123	447.105047285506	1234
20130815	123	123	123	449.0444589157307	1234
20130815	123	123	123	446.1074235676553	1234
20130815	123	123	123	429.76542720358066	1234
20130815	123	123	123	428.0657149503901	1234
20130815	123	123	123	424.1262626255761	1234
20130815	123	123	123	411.968580953928	1234
20130815	123	123	123	411.8725360713679	1234
20130815	123	123	123	398.8264045176106	1234
20130815	123	123	123	390.3621204283879	1234
20130815	123	123	123	389.15002381155057	1234
20130815	123	123	123	377.5183720609475	1234
20130815	123	123	123	371.3870842662293	1234
20130815	123	123	123	361.9871352879317	1234
20130815	123	123	123	362.8461538461536	1234
20130815	123	123	123	339.2595516505003	1234
20130815	123	123	123	326.1322825304476	1234
20130815	123	123	123	331.928468008025	1234
20130815	123	123	123	320.892288751745	1234
20130815	123	123	123	314.8528547091866	1234
20130815	123	123	123	307.6573161825829	1234
20130815	123	123	123	294.4003872432614	1234
20130815	123	123	123	279.21476164860024	1234
20130815	123	123	123	264.6096619073733	1234
20130815	123	123	123	260.0	1234
20130815	123	123	123	6.661937166587286	1234
20130815	123	123	123	10.272873933498436	1234
20130815	123	123	123	16.831805567646317	1234
20130815	123	123	123	0.8467988796533654	1234
20130815	123	123	123	7.175682344926903	1234
20130815	123	123	123	14.75818353376004	1234
20130815	123	123	123	1.2515847408656677	1234
20130815	123	123	123	12.877222702635923	1234
20130815	123	123	123	16.23312706108727	1234
20130815	123	123	123	7.04688535793413	1234
20130815	123	123	123	3.294748443074056	1234
20130815	123	123	123	8.866464532342908	1234
20130815	123	123	123	1.3609389872987943	1234
20130815	123	123	123	17.895891411973192	1234
20130815	123	123	123	6.56532603428027	1234
20130815	123	123	123	11.029495910742956	1234
20130815	123	123	123	7.654681248960613	1234
20130815	123	123	123	19.440371208785137	1234
20130815	123	123	123	16.43496136097321	1234
20130815	123	123	123	6.9285308848530995	1234
20130815	123	123	123	8.695391331325022	1234
20130815	123	123	123	16.62776092744432	1234
20130815	123	123	123	0.42869167503100103	1234
20130815	123	123	123	16.310142443596693	1234
20130815	123	123	123	16.21976474692996	1234
20130815	123	123	123	17.008803586686874	1234
20130815	123	123	123	10.092897483245114	1234
20130815	123	123	123	7.956211415247529	1234
20130815	123	123	123	16.642700394783184	1234
20130815	123	123	123	2.067378293736364	1234