time startPrice highestPrice lowestPrice endPrice transactionCount
20130815	123	123	123	16.909746833498136	1234
20130815	123	123	123	9.771418061101038	1234
20130815	123	123	123	8.904345357683674	1234
20130815	123	123	123	5.274808029679841	1234
20130815	123	123	123	11.228603829142747	1234
20130815	123	123	123	6.594179068789043	1234
20130815	123	123	123	2.0705942876932326	1234
20130815	123	123	123	0.13665454493048124	1234
20130815	123	123	123	14.767736708124366	1234
20130815	123	123	123	4.441825514982652	1234
20130815	123	123	123	6.893182110095002	1234
20130815	123	123	123	16.916489268705202	1234
20130815	123	123	123	18.293909723837267	1234
20130815	123	123	123	11.253563950618457	1234
20130815	123	123	123	11.835470930969038	1234
20130815	123	123	123	12.463077465291994	1234
20130815	123	123	123	9.695029537484336	1234
20130815	123	123	123	2.4591284585306328	1234
20130815	123	123	123	10.701551581067928	1234
20130815	123	123	123	0.6961788107373423	1234
20130815	123	123	123	13.516232476165879	1234
20130815	123	123	123	3.4035905785903453	1234
20130815	123	123	123	13.506306920895533	1234
20130815	123	123	123	0.06413355494940598	1234
20130815	123	123	123	14.18274398782289	1234
20130815	123	123	123	17.01793165920703	1234
20130815	123	123	123	17.30085486031282	1234
20130815	123	123	123	2.1081140555913414	1234
20130815	123	123	123	8.478966464404778	1234
20130815	123	123	123	19.34096906938566	1234
20130815	123	123	123	252.78438579099202	1234
20130815	123	123	123	257.03274092564504	1234
20130815	123	123	123	275.51752663505766	1234
20130815	123	123	123	276.3826316205779	1234
20130815	123	123	123	279.19254049668336	1234
20130815	123	123	123	289.0377117355172	1234
20130815	123	123	123	309.7999748340198	1234
20130815	123	123	123	315.71415497459833	1234
20130815	123	123	123	315.1153846153848	1234
20130815	123	123	123	322.4615384615387	1234
20130815	123	123	123	337.986630661799	1234
20130815	123	123	123	337.1538461538464	1234
20130815	123	123	123	351.6783696136629	1234
20130815	123	123	123	363.4052205605973	1234
20130815	123	123	123	373.3581050086277	1234
20130815	123	123	123	371.07354895584155	1234
20130815	123	123	123	376.30516731557685	1234
20130815	123	123	123	387.7086594614834	1234
20130815	123	123	123	388.8375581976026	1234
20130815	123	123	123	395.92307692307736	1234
20130815	123	123	123	409.7237665565907	1234
20130815	123	123	123	410.9616871428739	1234
20130815	123	123	123	428.49181731946595	1234
20130815	123	123	123	426.68534420237637	1234
20130815	123	123	123	435.7169989680902	1234
20130815	123	123	123	429.20352416135626	1234
20130815	123	123	123	432.5194402271897	1234
20130815	123	123	123	425.9762977612638	1234
20130815	123	123	123	425.54247033946825	1234
20130815	123	123	123	423.28447314165663	1234
20130815	123	123	123	423.38461538461524	1234
20130815	123	123	123	420.7837636308076	1234
20130815	123	123	123	412.21853320489527	1234
20130815	123	123	123	411.0584154026503	1234
20130815	123	123	123	406.39767415126056	1234
20130815	123	123	123	396.89973387927466	1234
20130815	123	123	123	383.1728339247717	1234
20130815	123	123	123	387.13748006303376	1234
20130815	123	123	123	396.9349672089941	1234
20130815	123	123	123	393.2683635336917	1234
20130815	123	123	123	397.1538461538462	1234
20130815	123	123	123	407.7250454523434	1234
20130815	123	123	123	414.6201414007218	1234
20130815	123	123	123	421.01813851617794	1234
20130815	123	123	123	436.0109331952572	1234
20130815	123	123	123	445.1637883713747	1234
20130815	123	123	123	444.28971877286847	1234
20130815	123	123	123	451.1406619655462	1234
20130815	123	123	123	463.6989433259226	1234
20130815	123	123	123	463.4552478481809	1234
20130815	123	123	123	474.8313477219035	1234
20130815	123	123	123	480.37337591718574	1234
20130815	123	123	123	503.115384615385	1234
20130815	123	123	123	518.2890109646147	1234
20130815	123	123	123	514.6993552830061	1234
20130815	123	123	123	521.1150470555592	1234
20130815	123	123	123	529.5460853962007	1234
20130815	123	123	123	525.2632841072228	1234
20130815	123	123	123	517.0801370864468	1234
20130815	123	123	123	519.0525813483454	1234
20130815	123	123	123	505.1366831061661	1234
20130815	123	123	123	504.8267329083854	1234
20130815	123	123	123	498.07352483885256	1234
20130815	123	123	123	497.59434432443334	1234
20130815	123	123	123	488.89148274115547	1234
20130815	123	123	123	486.31227044430534	1234
20130815	123	123	123	479.0512312767278	1234
20130815	123	123	123	474.80457668690735	1234
20130815	123	123	123	468.199245124256	1234
20130815	123	123	123	462.05544413854375	1234
20130815	123	123	123	457.7341091345129	1234
20130815	123	123	123	442.2850078408312	1234
20130815	123	123	123	419.88205609038175	1234
20130815	123	123	123	425.1866665461238	1234
20130815	123	123	123	413.2094199653329	1234
20130815	123	123	123	408.51148222418686	1234
20130815	123	123	123	395.6590445208228	1234
20130815	123	123	123	402.3588312732181	1234
20130815	123	123	123	387.01176687724876	1234
20130815	123	123	123	387.45878326580487	1234
20130815	123	123	123	393.60370864974004	1234
20130815	123	123	123	396.6293720268656	1234
20130815	123	123	123	405.2295088158888	1234
20130815	123	123	123	407.74597600764923	1234
20130815	123	123	123	408.32336814078803	1234
20130815	123	123	123	414.6658678443501	1234
20130815	123	123	123	422.6344684462765	1234
20130815	123	123	123	423.97413908743886	1234
20130815	123	123	123	423.9230769230768	1234
20130815	123	123	123	443.111011793784	1234
20130815	123	123	123	438.2981767207694	1234
20130815	123	123	123	437.91061942664066	1234
20130815	123	123	123	442.2434385767112	1234
20130815	123	123	123	446.30820789015377	1234
20130815	123	123	123	451.80442932071963	1234
20130815	123	123	123	448.1910215985939	1234
20130815	123	123	123	433.9609856496195	1234
20130815	123	123	123	428.1248822573891	1234
20130815	123	123	123	428.8711808612124	1234
20130815	123	123	123	405.18638551892224	1234
20130815	123	123	123	412.0804184657854	1234
20130815	123	123	123	396.5167855424078	1234
20130815	123	123	123	382.0298670429589	1234
20130815	123	123	123	390.7569363514394	1234
20130815	123	123	123	382.4581066564981	1234
20130815	123	123	123	350.3781461260542	1234
20130815	123	123	123	325.17616110705205	1234
20130815	123	123	123	341.5884374869595	1234
20130815	123	123	123	333.7497155355326	1234
20130815	123	123	123	315.8378590777592	1234
20130815	123	123	123	315.3996910936012	1234
20130815	123	123	123	307.0130480988281	1234
20130815	123	123	123	306.2526420670334	1234
20130815	123	123	123	303.2735805239587	1234
20130815	123	123	123	277.61649759423	1234
20130815	123	123	123	277.40051319130265	1234
20130815	123	123	123	265.375425277423	1234
20130815	123	123	123	274.69230769230717	1234
20130815	123	123	123	254.76563499867288	1234
20130815	123	123	123	260.0	1234
20130815	123	123	123	0.8529189934806802	1234
20130815	123	123	123	13.396833080100127	1234
20130815	123	123	123	10.294664576743104	1234
20130815	123	123	123	6.845879438910718	1234
20130815	123	123	123	18.585564369147743	1234
20130815	123	123	123	1.00565834319293	1234
20130815	123	123	123	1.2155089373773986	1234
20130815	123	123	123	18.99722687543337	1234
20130815	123	123	123	3.806645512358804	1234
20130815	123	123	123	17.749240007999102	1234
20130815	123	123	123	4.226665607385575	1234
20130815	123	123	123	17.062055114183295	1234
20130815	123	123	123	9.015225803225599	1234
20130815	123	123	123	17.536914925527668	1234
20130815	123	123	123	14.614507376406916	1234
20130815	123	123	123	15.921254689871912	1234
20130815	123	123	123	11.950126800306112	1234
20130815	123	123	123	13.505306431408542	1234
20130815	123	123	123	12.09293784057273	1234
20130815	123	123	123	19.47508378621396	1234
20130815	123	123	123	0.04967303793651956	1234
20130815	123	123	123	1.9926918587537101	1234
20130815	123	123	123	1.247226212261634	1234
20130815	123	123	123	2.209366269397326	1234
20130815	123	123	123	13.120611930528634	1234
20130815	123	123	123	13.954875270640487	1234
20130815	123	123	123	3.5796489224261907	1234
20130815	123	123	123	9.586553078934298	1234
20130815	123	123	123	14.268081072155315	1234
20130815	123	123	123	2.0824453964058653	1234