time startPrice highestPrice lowestPrice endPrice transactionCount
20130815	123	123	123	4.405868594626243	1234
20130815	123	123	123	14.103373238718683	1234
20130815	123	123	123	0.7629422601758118	1234
20130815	123	123	123	16.91224389004353	1234
20130815	123	123	123	0.7142512866073947	1234
20130815	123	123	123	1.7793528754986432	1234
20130815	123	123	123	2.6614265666457126	1234
20130815	123	123	123	13.416715541574387	1234
20130815	123	123	123	0.3213628098208976	1234
20130815	123	123	123	10.054130523752445	1234
20130815	123	123	123	1.4818613013217852	1234
20130815	123	123	123	6.244896622457632	1234
20130815	123	123	123	2.694624727607362	1234
20130815	123	123	123	3.1004128158620037	1234
20130815	123	123	123	11.324433983264086	1234
20130815	123	123	123	7.120149019211244	1234
20130815	123	123	123	13.628962633960779	1234
20130815	123	123	123	15.038729376375139	1234
20130815	123	123	123	7.822986358842357	1234
20130815	123	123	123	6.478712605942361	1234
20130815	123	123	123	18.70016931877632	1234
20130815	123	123	123	1.8987191385609137	1234
20130815	123	123	123	13.723973290693891	1234
20130815	123	123	123	0.1469974813445929	1234
20130815	123	123	123	6.998056151113683	1234
20130815	123	123	123	9.218025156814482	1234
20130815	123	123	123	18.689610056496043	1234
20130815	123	123	123	3.4744145654500502	1234
20130815	123	123	123	3.872914255826063	1234
20130815	123	123	123	0.11094801496699391	1234
20130815	123	123	123	190.0	1234
20130815	123	123	123	216.48220568341299	1234
20130815	123	123	123	210.3652151309951	1234
20130815	123	123	123	213.0562853052306	1234
20130815	123	123	123	214.81366615190942	1234
20130815	123	123	123	219.98133949183628	1234
20130815	123	123	123	226.07125323160955	1234
20130815	123	123	123	231.2646539008667	1234
20130815	123	123	123	236.80601394371303	1234
20130815	123	123	123	237.11058176244856	1234
20130815	123	123	123	243.60623359571844	1234
20130815	123	123	123	245.3383942086498	1234
20130815	123	123	123	246.6709912039826	1234
20130815	123	123	123	255.42769502370123	1234
20130815	123	123	123	254.55479823091753	1234
20130815	123	123	123	262.80502093017316	1234
20130815	123	123	123	264.28011279293924	1234
20130815	123	123	123	267.9639112780075	1234
20130815	123	123	123	202.1624018585527	1234
20130815	123	123	123	238.10012782197515	1234
20130815	123	123	123	240.15426975424288	1234
20130815	123	123	123	238.53846153846152	1234
20130815	123	123	123	231.42380886534033	1234
20130815	123	123	123	225.49655891776476	1234
20130815	123	123	123	223.19833506388503	1234
20130815	123	123	123	224.30769230769232	1234
20130815	123	123	123	218.05134822753976	1234
20130815	123	123	123	215.7692307692308	1234
20130815	123	123	123	210.8374689775018	1234
20130815	123	123	123	206.65919039363334	1234
20130815	123	123	123	207.22988826503467	1234
20130815	123	123	123	204.38461538461544	1234
20130815	123	123	123	188.25753592986433	1234
20130815	123	123	123	193.0	1234
20130815	123	123	123	211.07692307692307	1234
20130815	123	123	123	238.89613666877258	1234
20130815	123	123	123	261.3301160201037	1234
20130815	123	123	123	272.049466827478	1234
20130815	123	123	123	290.37954302026924	1234
20130815	123	123	123	323.37835644931533	1234
20130815	123	123	123	364.72647665619496	1234
20130815	123	123	123	399.8401359066776	1234
20130815	123	123	123	392.21495131591803	1234
20130815	123	123	123	391.8461538461539	1234
20130815	123	123	123	413.4917347342773	1234
20130815	123	123	123	448.32048282049254	1234
20130815	123	123	123	461.34050317524367	1234
20130815	123	123	123	479.638023902812	1234
20130815	123	123	123	501.6175647759361	1234
20130815	123	123	123	526.3291211351136	1234
20130815	123	123	123	549.3141262498498	1234
20130815	123	123	123	543.6584451213572	1234
20130815	123	123	123	557.9354542540661	1234
20130815	123	123	123	590.8261659669878	1234
20130815	123	123	123	618.4280328504743	1234
20130815	123	123	123	632.0245529775989	1234
20130815	123	123	123	656.8383770353261	1234
20130815	123	123	123	642.6315334060029	1234
20130815	123	123	123	639.9367077385222	1234
20130815	123	123	123	601.3251525693818	1234
20130815	123	123	123	598.0533920628427	1234
20130815	123	123	123	582.555876545179	1234
20130815	123	123	123	541.764910967358	1234
20130815	123	123	123	539.6954020091396	1234
20130815	123	123	123	536.1923076923075	1234
20130815	123	123	123	517.3557847084629	1234
20130815	123	123	123	481.0807665795383	1234
20130815	123	123	123	481.8461538461536	1234
20130815	123	123	123	445.8481495167779	1234
20130815	123	123	123	445.2986114718883	1234
20130815	123	123	123	427.49999999999966	1234
20130815	123	123	123	374.06167929105294	1234
20130815	123	123	123	388.07414667226703	1234
20130815	123	123	123	348.77711200940337	1234
20130815	123	123	123	348.30576890833805	1234
20130815	123	123	123	282.968080721731	1234
20130815	123	123	123	285.2246767389007	1234
20130815	123	123	123	269.4111468697801	1234
20130815	123	123	123	244.68454965573315	1234
20130815	123	123	123	239.21101308426125	1234
20130815	123	123	123	213.96471611405386	1234
20130815	123	123	123	159.02777822442485	1234
20130815	123	123	123	194.2261055908478	1234
20130815	123	123	123	196.67433697707756	1234
20130815	123	123	123	198.76321644041175	1234
20130815	123	123	123	204.50454606699262	1234
20130815	123	123	123	203.91015889436056	1234
20130815	123	123	123	210.6621372321345	1234
20130815	123	123	123	208.87722960602383	1234
20130815	123	123	123	214.03390901038958	1234
20130815	123	123	123	217.2815783011448	1234
20130815	123	123	123	222.89101777706122	1234
20130815	123	123	123	223.98566125328637	1234
20130815	123	123	123	227.94199981859182	1234
20130815	123	123	123	227.49999999999994	1234
20130815	123	123	123	233.20799254176544	1234
20130815	123	123	123	239.01118153745475	1234
20130815	123	123	123	251.1712693911372	1234
20130815	123	123	123	264.8496432252418	1234
20130815	123	123	123	265.4239900088877	1234
20130815	123	123	123	252.23258997092375	1234
20130815	123	123	123	253.75971552777722	1234
20130815	123	123	123	251.38236025872214	1234
20130815	123	123	123	251.26802592696592	1234
20130815	123	123	123	246.15384615384608	1234
20130815	123	123	123	239.91043726365248	1234
20130815	123	123	123	236.38992841903053	1234
20130815	123	123	123	234.13006224328467	1234
20130815	123	123	123	227.5232733371668	1234
20130815	123	123	123	221.21936336553384	1234
20130815	123	123	123	223.6923076923075	1234
20130815	123	123	123	215.09774231033575	1234
20130815	123	123	123	212.46153846153823	1234
20130815	123	123	123	205.5289850684831	1234
20130815	123	123	123	199.53153587291115	1234
20130815	123	123	123	202.48517176622076	1234
20130815	123	123	123	200.78233047226163	1234
20130815	123	123	123	193.97453294318862	1234
20130815	123	123	123	190.0962153563002	1234
20130815	123	123	123	190.0	1234
20130815	123	123	123	11.0138021119059	1234
20130815	123	123	123	13.037104946700165	1234
20130815	123	123	123	0.12021148147535632	1234
20130815	123	123	123	11.236674509214431	1234
20130815	123	123	123	1.6933640321382337	1234
20130815	123	123	123	15.188076252257126	1234
20130815	123	123	123	6.8448596126513905	1234
20130815	123	123	123	4.819536485638816	1234
20130815	123	123	123	7.175939267481044	1234
20130815	123	123	123	8.014415989722735	1234
20130815	123	123	123	0.18778803880091122	1234
20130815	123	123	123	3.7214327834742345	1234
20130815	123	123	123	6.109939662374919	1234
20130815	123	123	123	18.672410587263386	1234
20130815	123	123	123	8.163974525960267	1234
20130815	123	123	123	13.539185306144446	1234
20130815	123	123	123	17.55072415678873	1234
20130815	123	123	123	1.6065460988848779	1234
20130815	123	123	123	13.05247806481942	1234
20130815	123	123	123	10.797268646149487	1234
20130815	123	123	123	3.33115057413498	1234
20130815	123	123	123	14.818532938651465	1234
20130815	123	123	123	17.095439181924085	1234
20130815	123	123	123	9.528997782925348	1234
20130815	123	123	123	15.683533695607963	1234
20130815	123	123	123	11.13764530909614	1234
20130815	123	123	123	6.704405956366852	1234
20130815	123	123	123	9.886929626698384	1234
20130815	123	123	123	12.703954642756068	1234
20130815	123	123	123	9.353828381432852	1234