time startPrice highestPrice lowestPrice endPrice transactionCount
20130815	123	123	123	18.93667934331748	1234
20130815	123	123	123	9.18388034243997	1234
20130815	123	123	123	1.4330816325381646	1234
20130815	123	123	123	1.921731829688913	1234
20130815	123	123	123	7.5438726115361865	1234
20130815	123	123	123	18.96408197558515	1234
20130815	123	123	123	15.443446366840108	1234
20130815	123	123	123	17.840251440655802	1234
20130815	123	123	123	1.8202641337711478	1234
20130815	123	123	123	17.60935587733551	1234
20130815	123	123	123	5.764417366075618	1234
20130815	123	123	123	9.492294692988173	1234
20130815	123	123	123	1.7404686808010927	1234
20130815	123	123	123	14.130887554528112	1234
20130815	123	123	123	3.267474963831063	1234
20130815	123	123	123	17.887429042315524	1234
20130815	123	123	123	8.691085413378106	1234
20130815	123	123	123	18.872245118791255	1234
20130815	123	123	123	1.461394930876827	1234
20130815	123	123	123	15.202408031772956	1234
20130815	123	123	123	15.816358685894363	1234
20130815	123	123	123	13.449239983878833	1234
20130815	123	123	123	14.967842963451952	1234
20130815	123	123	123	0.9858000855440507	1234
20130815	123	123	123	2.112256501173939	1234
20130815	123	123	123	10.220825095242771	1234
20130815	123	123	123	18.219075704166144	1234
20130815	123	123	123	10.287767567664536	1234
20130815	123	123	123	7.029830972873274	1234
20130815	123	123	123	8.994284122589109	1234
20130815	123	123	123	195.7673680819951	1234
20130815	123	123	123	195.9230769230769	1234
20130815	123	123	123	205.5722997810127	1234
20130815	123	123	123	206.71894443050093	1234
20130815	123	123	123	209.49295009792456	1234
20130815	123	123	123	213.38401452051886	1234
20130815	123	123	123	214.8958858057999	1234
20130815	123	123	123	216.88776293490648	1234
20130815	123	123	123	221.19175121264678	1234
20130815	123	123	123	222.57692307692298	1234
20130815	123	123	123	229.49154990379182	1234
20130815	123	123	123	229.8289390351792	1234
20130815	123	123	123	234.17727270900096	1234
20130815	123	123	123	239.92329472490033	1234
20130815	123	123	123	240.67650042771743	1234
20130815	123	123	123	244.753233501904	1234
20130815	123	123	123	260.6152695791909	1234
20130815	123	123	123	272.29676999779923	1234
20130815	123	123	123	267.0	1234
20130815	123	123	123	263.57723091962333	1234
20130815	123	123	123	259.05296603683274	1234
20130815	123	123	123	251.33477463881084	1234
20130815	123	123	123	245.76186736492568	1234
20130815	123	123	123	242.50202510135614	1234
20130815	123	123	123	241.67231685917523	1234
20130815	123	123	123	239.3923199079845	1234
20130815	123	123	123	233.45921764709	1234
20130815	123	123	123	226.71949004483594	1234
20130815	123	123	123	216.8010533006623	1234
20130815	123	123	123	219.72338143141994	1234
20130815	123	123	123	218.20887750496723	1234
20130815	123	123	123	214.75558393099675	1234
20130815	123	123	123	203.1828371314408	1234
20130815	123	123	123	202.20473531831303	1234
20130815	123	123	123	202.60329711823223	1234
20130815	123	123	123	197.86919944114442	1234
20130815	123	123	123	195.04065543423653	1234
20130815	123	123	123	191.95268670003566	1234
20130815	123	123	123	194.2466695660949	1234
20130815	123	123	123	218.182283955763	1234
20130815	123	123	123	248.83260476084888	1234
20130815	123	123	123	280.51138377466765	1234
20130815	123	123	123	283.38461538461536	1234
20130815	123	123	123	319.12630031089054	1234
20130815	123	123	123	327.595508549615	1234
20130815	123	123	123	360.0687527913705	1234
20130815	123	123	123	379.0264170754139	1234
20130815	123	123	123	396.72555506013197	1234
20130815	123	123	123	405.472057938494	1234
20130815	123	123	123	428.2083531508316	1234
20130815	123	123	123	473.3812895177725	1234
20130815	123	123	123	495.5280302234139	1234
20130815	123	123	123	492.6350137939518	1234
20130815	123	123	123	512.7232842363618	1234
20130815	123	123	123	544.7792973768917	1234
20130815	123	123	123	544.5913096273215	1234
20130815	123	123	123	572.4270043124117	1234
20130815	123	123	123	574.1740864904974	1234
20130815	123	123	123	590.692307692308	1234
20130815	123	123	123	611.0585637721075	1234
20130815	123	123	123	648.6887912469356	1234
20130815	123	123	123	664.276958619363	1234
20130815	123	123	123	651.7882717087821	1234
20130815	123	123	123	643.4587276994446	1234
20130815	123	123	123	598.1471771865911	1234
20130815	123	123	123	606.7275152174349	1234
20130815	123	123	123	572.1403192541078	1234
20130815	123	123	123	561.855007017981	1234
20130815	123	123	123	536.1923076923075	1234
20130815	123	123	123	510.63141567149415	1234
20130815	123	123	123	477.6472110725988	1234
20130815	123	123	123	481.8461538461536	1234
20130815	123	123	123	445.8909209217706	1234
20130815	123	123	123	438.7755604709982	1234
20130815	123	123	123	407.046299170114	1234
20130815	123	123	123	380.3126118480676	1234
20130815	123	123	123	381.9349268249942	1234
20130815	123	123	123	366.9227421312204	1234
20130815	123	123	123	335.4537288432229	1234
20130815	123	123	123	329.4198354263836	1234
20130815	123	123	123	316.7465188147506	1234
20130815	123	123	123	276.37166203875887	1234
20130815	123	123	123	259.49269189555724	1234
20130815	123	123	123	253.14123633980728	1234
20130815	123	123	123	246.34615384615327	1234
20130815	123	123	123	216.10544620683947	1234
20130815	123	123	123	164.17910369301478	1234
20130815	123	123	123	195.57882529052787	1234
20130815	123	123	123	204.5972774003843	1234
20130815	123	123	123	200.19230769230768	1234
20130815	123	123	123	205.65384615384613	1234
20130815	123	123	123	209.77174706094806	1234
20130815	123	123	123	211.11538461538458	1234
20130815	123	123	123	248.30914484570027	1234
20130815	123	123	123	235.2448389445256	1234
20130815	123	123	123	239.29264895636575	1234
20130815	123	123	123	239.12801959717996	1234
20130815	123	123	123	245.3615818253603	1234
20130815	123	123	123	246.99258511025988	1234
20130815	123	123	123	252.77023409485022	1234
20130815	123	123	123	260.3815954808349	1234
20130815	123	123	123	261.26554473101413	1234
20130815	123	123	123	247.22680596975624	1234
20130815	123	123	123	248.9615384615384	1234
20130815	123	123	123	243.61158228030934	1234
20130815	123	123	123	235.15533581853356	1234
20130815	123	123	123	232.79124990256227	1234
20130815	123	123	123	224.38790170379204	1234
20130815	123	123	123	226.49999999999983	1234
20130815	123	123	123	222.7994240391838	1234
20130815	123	123	123	212.95898720062144	1234
20130815	123	123	123	216.73068856755052	1234
20130815	123	123	123	207.2273743269758	1234
20130815	123	123	123	209.6538461538459	1234
20130815	123	123	123	204.58496647536788	1234
20130815	123	123	123	193.67574339464252	1234
20130815	123	123	123	194.11636840102884	1234
20130815	123	123	123	191.5662012794835	1234
20130815	123	123	123	186.87965043205713	1234
20130815	123	123	123	190.0	1234
20130815	123	123	123	13.531199505969084	1234
20130815	123	123	123	7.63893437895145	1234
20130815	123	123	123	12.915130831829796	1234
20130815	123	123	123	18.140606581557503	1234
20130815	123	123	123	12.335327480125159	1234
20130815	123	123	123	6.8374602754635605	1234
20130815	123	123	123	6.3043415528558855	1234
20130815	123	123	123	4.893616911327488	1234
20130815	123	123	123	11.102894809278647	1234
20130815	123	123	123	10.663573296612665	1234
20130815	123	123	123	5.909237059166664	1234
20130815	123	123	123	15.329068430080138	1234
20130815	123	123	123	4.380291788598758	1234
20130815	123	123	123	6.925988788992337	1234
20130815	123	123	123	15.069432818437438	1234
20130815	123	123	123	18.36757409959321	1234
20130815	123	123	123	1.3518821918847301	1234
20130815	123	123	123	7.654783142830324	1234
20130815	123	123	123	19.514333477409657	1234
20130815	123	123	123	0.11790459021879585	1234
20130815	123	123	123	19.479378530390324	1234
20130815	123	123	123	16.790459278905526	1234
20130815	123	123	123	7.469080017862426	1234
20130815	123	123	123	4.974839055992321	1234
20130815	123	123	123	19.019458991039226	1234
20130815	123	123	123	18.379086086666202	1234
20130815	123	123	123	18.455202980176804	1234
20130815	123	123	123	8.1084026244412	1234
20130815	123	123	123	15.60040767765095	1234
20130815	123	123	123	12.06856161274273	1234