time startPrice highestPrice lowestPrice endPrice transactionCount
20130815	123	123	123	14.745993995768503	1234
20130815	123	123	123	19.553528487296038	1234
20130815	123	123	123	16.659537300918352	1234
20130815	123	123	123	1.50400841352629	1234
20130815	123	123	123	3.793493056175554	1234
20130815	123	123	123	16.082722043008662	1234
20130815	123	123	123	16.5395645285805	1234
20130815	123	123	123	2.5131070603326244	1234
20130815	123	123	123	8.066653725045654	1234
20130815	123	123	123	17.55650403462529	1234
20130815	123	123	123	15.954651779421132	1234
20130815	123	123	123	6.093306223233346	1234
20130815	123	123	123	5.913375186591261	1234
20130815	123	123	123	12.980514450918768	1234
20130815	123	123	123	6.505769197777742	1234
20130815	123	123	123	5.665477428944126	1234
20130815	123	123	123	8.47690080300291	1234
20130815	123	123	123	5.600427869106928	1234
20130815	123	123	123	7.5744531502230465	1234
20130815	123	123	123	8.881950740129916	1234
20130815	123	123	123	11.198840135161392	1234
20130815	123	123	123	7.206419827547359	1234
20130815	123	123	123	16.47059018663618	1234
20130815	123	123	123	0.22181474334327156	1234
20130815	123	123	123	19.040699984262027	1234
20130815	123	123	123	12.265911702619919	1234
20130815	123	123	123	0.9501391254923397	1234
20130815	123	123	123	19.47070812160139	1234
20130815	123	123	123	3.884011959878624	1234
20130815	123	123	123	8.005813104918744	1234
20130815	123	123	123	191.84787343791774	1234
20130815	123	123	123	206.55023551517667	1234
20130815	123	123	123	208.43266659704423	1234
20130815	123	123	123	211.0974546833843	1234
20130815	123	123	123	212.08127304451088	1234
20130815	123	123	123	223.93419310860875	1234
20130815	123	123	123	235.3062084093695	1234
20130815	123	123	123	238.16602289863553	1234
20130815	123	123	123	241.62326558087108	1234
20130815	123	123	123	250.968819721024	1234
20130815	123	123	123	250.43890008613363	1234
20130815	123	123	123	259.099522132337	1234
20130815	123	123	123	262.7336724748074	1234
20130815	123	123	123	269.5900728345302	1234
20130815	123	123	123	265.44926373978706	1234
20130815	123	123	123	256.3097271993937	1234
20130815	123	123	123	260.42790048655564	1234
20130815	123	123	123	257.53701982465054	1234
20130815	123	123	123	255.32784951831925	1234
20130815	123	123	123	252.76923076923072	1234
20130815	123	123	123	244.66182014520524	1234
20130815	123	123	123	237.302501583986	1234
20130815	123	123	123	237.62018373409873	1234
20130815	123	123	123	232.4727320941594	1234
20130815	123	123	123	227.25753994655958	1234
20130815	123	123	123	230.0	1234
20130815	123	123	123	226.05403346934602	1234
20130815	123	123	123	224.30769230769232	1234
20130815	123	123	123	217.47454224193842	1234
20130815	123	123	123	215.46488582580233	1234
20130815	123	123	123	205.17673186469756	1234
20130815	123	123	123	210.07692307692312	1234
20130815	123	123	123	198.2241006834015	1234
20130815	123	123	123	198.36429183045684	1234
20130815	123	123	123	195.16479594653845	1234
20130815	123	123	123	193.55547628273348	1234
20130815	123	123	123	233.40455319493475	1234
20130815	123	123	123	257.6203237464915	1234
20130815	123	123	123	248.85738447112692	1234
20130815	123	123	123	268.4775521251632	1234
20130815	123	123	123	292.68189415203864	1234
20130815	123	123	123	301.46153846153845	1234
20130815	123	123	123	349.4639287265321	1234
20130815	123	123	123	343.08944220354135	1234
20130815	123	123	123	359.37232994071894	1234
20130815	123	123	123	397.3242385927998	1234
20130815	123	123	123	394.5330340911374	1234
20130815	123	123	123	433.48804324296907	1234
20130815	123	123	123	428.0000000000001	1234
20130815	123	123	123	446.0769230769232	1234
20130815	123	123	123	509.8954865101981	1234
20130815	123	123	123	533.9960295108192	1234
20130815	123	123	123	539.8588823631208	1234
20130815	123	123	123	556.0732304555248	1234
20130815	123	123	123	610.5431707124989	1234
20130815	123	123	123	607.4630365163088	1234
20130815	123	123	123	623.2178309808978	1234
20130815	123	123	123	626.8461538461542	1234
20130815	123	123	123	649.0313977741046	1234
20130815	123	123	123	660.1513095662528	1234
20130815	123	123	123	644.0898305289779	1234
20130815	123	123	123	608.0124155595025	1234
20130815	123	123	123	596.6685471953467	1234
20130815	123	123	123	566.8145971880422	1234
20130815	123	123	123	563.378948366335	1234
20130815	123	123	123	553.856228828981	1234
20130815	123	123	123	536.1923076923075	1234
20130815	123	123	123	493.65008297652145	1234
20130815	123	123	123	499.8479161676132	1234
20130815	123	123	123	479.40003233977984	1234
20130815	123	123	123	456.16720789285284	1234
20130815	123	123	123	438.04011901723374	1234
20130815	123	123	123	384.3783292167648	1234
20130815	123	123	123	406.4315697307533	1234
20130815	123	123	123	348.6845512546667	1234
20130815	123	123	123	336.13336051894015	1234
20130815	123	123	123	297.6237555945108	1234
20130815	123	123	123	309.60355401888904	1234
20130815	123	123	123	291.33799144952604	1234
20130815	123	123	123	251.50985038666184	1234
20130815	123	123	123	262.7233556899181	1234
20130815	123	123	123	233.39481766896256	1234
20130815	123	123	123	224.86865690119853	1234
20130815	123	123	123	201.90174413776242	1234
20130815	123	123	123	194.58002364699533	1234
20130815	123	123	123	198.12369885158205	1234
20130815	123	123	123	200.13018651994597	1234
20130815	123	123	123	206.51967393046692	1234
20130815	123	123	123	208.68459334561788	1234
20130815	123	123	123	210.43277780211523	1234
20130815	123	123	123	214.0335302004845	1234
20130815	123	123	123	218.75522228741045	1234
20130815	123	123	123	225.18054148786794	1234
20130815	123	123	123	227.53182211005856	1234
20130815	123	123	123	230.49030706129153	1234
20130815	123	123	123	240.37406175840772	1234
20130815	123	123	123	243.03873202815208	1234
20130815	123	123	123	245.0845364255739	1234
20130815	123	123	123	245.32615090924614	1234
20130815	123	123	123	247.95795787751743	1234
20130815	123	123	123	249.8355616989254	1234
20130815	123	123	123	252.56526876494925	1234
20130815	123	123	123	259.41819140254563	1234
20130815	123	123	123	259.42621212351867	1234
20130815	123	123	123	262.25780950157474	1234
20130815	123	123	123	257.4808295944556	1234
20130815	123	123	123	239.8130565601122	1234
20130815	123	123	123	240.40658365924264	1234
20130815	123	123	123	243.34615384615375	1234
20130815	123	123	123	236.8100246890078	1234
20130815	123	123	123	234.9230769230768	1234
20130815	123	123	123	224.73211532680247	1234
20130815	123	123	123	212.66251711296428	1234
20130815	123	123	123	217.55260985937207	1234
20130815	123	123	123	213.6941145601121	1234
20130815	123	123	123	210.75793208451302	1234
20130815	123	123	123	203.16649808683485	1234
20130815	123	123	123	202.77088087961923	1234
20130815	123	123	123	200.60788263705322	1234
20130815	123	123	123	190.0	1234
20130815	123	123	123	17.142952635571437	1234
20130815	123	123	123	18.114528811037175	1234
20130815	123	123	123	2.5105353336639014	1234
20130815	123	123	123	10.413135560737379	1234
20130815	123	123	123	19.9347648399451	1234
20130815	123	123	123	6.086629650154696	1234
20130815	123	123	123	6.630444092896504	1234
20130815	123	123	123	8.095501162127965	1234
20130815	123	123	123	19.97631961130552	1234
20130815	123	123	123	19.84323507289869	1234
20130815	123	123	123	12.617788843637168	1234
20130815	123	123	123	6.0407367082443315	1234
20130815	123	123	123	11.746516121729274	1234
20130815	123	123	123	9.40196601022414	1234
20130815	123	123	123	7.928946936315766	1234
20130815	123	123	123	9.53738589898726	1234
20130815	123	123	123	10.47536561051987	1234
20130815	123	123	123	16.763516140402725	1234
20130815	123	123	123	13.621175908305966	1234
20130815	123	123	123	14.865647791710488	1234
20130815	123	123	123	12.236441537360639	1234
20130815	123	123	123	1.0466822639517526	1234
20130815	123	123	123	17.954785727987947	1234
20130815	123	123	123	17.840883295019193	1234
20130815	123	123	123	11.147429263697447	1234
20130815	123	123	123	16.7020993776096	1234
20130815	123	123	123	4.753862562368711	1234
20130815	123	123	123	13.889507887117379	1234
20130815	123	123	123	10.37127707806568	1234
20130815	123	123	123	10.330202447974298	1234