time startPrice highestPrice lowestPrice endPrice transactionCount
20130815	123	123	123	7.8192361543708255	1234
20130815	123	123	123	19.757749854756003	1234
20130815	123	123	123	2.6860388595696816	1234
20130815	123	123	123	18.617124637729617	1234
20130815	123	123	123	11.725826023567574	1234
20130815	123	123	123	12.922684020728036	1234
20130815	123	123	123	2.1046555629224017	1234
20130815	123	123	123	7.088571613838184	1234
20130815	123	123	123	9.224509184774481	1234
20130815	123	123	123	11.432658719874102	1234
20130815	123	123	123	8.051209091433611	1234
20130815	123	123	123	11.347789002592037	1234
20130815	123	123	123	3.1945853956023518	1234
20130815	123	123	123	5.593681589178807	1234
20130815	123	123	123	14.913346826336696	1234
20130815	123	123	123	8.304163051458753	1234
20130815	123	123	123	5.851164185197593	1234
20130815	123	123	123	14.043555936624381	1234
20130815	123	123	123	3.1478819831411897	1234
20130815	123	123	123	1.9639591979461013	1234
20130815	123	123	123	3.8019797029781355	1234
20130815	123	123	123	18.909481816861668	1234
20130815	123	123	123	3.0412659646391282	1234
20130815	123	123	123	3.844395248648418	1234
20130815	123	123	123	10.304765975436037	1234
20130815	123	123	123	10.472286236659421	1234
20130815	123	123	123	13.628697696232877	1234
20130815	123	123	123	11.147821268513741	1234
20130815	123	123	123	8.204818734332274	1234
20130815	123	123	123	14.509271855578236	1234
20130815	123	123	123	191.43174251951098	1234
20130815	123	123	123	194.05764466181643	1234
20130815	123	123	123	199.95270083446255	1234
20130815	123	123	123	202.76595599472876	1234
20130815	123	123	123	209.31371125870544	1234
20130815	123	123	123	215.09811974157978	1234
20130815	123	123	123	213.108251979066	1234
20130815	123	123	123	214.6157082292503	1234
20130815	123	123	123	218.4265023162072	1234
20130815	123	123	123	221.42492332417328	1234
20130815	123	123	123	225.9354011087929	1234
20130815	123	123	123	231.89690253366928	1234
20130815	123	123	123	234.17141377238073	1234
20130815	123	123	123	243.44141256913602	1234
20130815	123	123	123	244.90174707180174	1234
20130815	123	123	123	246.2692307692306	1234
20130815	123	123	123	251.2869013511295	1234
20130815	123	123	123	257.5163450236826	1234
20130815	123	123	123	258.1153846153844	1234
20130815	123	123	123	262.591265051193	1234
20130815	123	123	123	264.1722418378795	1234
20130815	123	123	123	266.513965717812	1234
20130815	123	123	123	260.2267921273553	1234
20130815	123	123	123	254.79460602296683	1234
20130815	123	123	123	250.33060626767218	1234
20130815	123	123	123	247.84194095419642	1234
20130815	123	123	123	239.00158654426397	1234
20130815	123	123	123	238.9206441538889	1234
20130815	123	123	123	233.3686855566166	1234
20130815	123	123	123	235.69230769230768	1234
20130815	123	123	123	229.11189131622947	1234
20130815	123	123	123	230.0	1234
20130815	123	123	123	227.13523809138036	1234
20130815	123	123	123	223.48570196481205	1234
20130815	123	123	123	221.25443095836258	1234
20130815	123	123	123	205.6241395544966	1234
20130815	123	123	123	203.78605743055888	1234
20130815	123	123	123	198.81304376062312	1234
20130815	123	123	123	198.69230769230776	1234
20130815	123	123	123	193.95465006836383	1234
20130815	123	123	123	200.24248650707725	1234
20130815	123	123	123	249.58673887195351	1234
20130815	123	123	123	256.83448273884176	1234
20130815	123	123	123	277.8376035742919	1234
20130815	123	123	123	295.93408101363	1234
20130815	123	123	123	334.25089349267347	1234
20130815	123	123	123	324.89725526529327	1234
20130815	123	123	123	348.28884222734604	1234
20130815	123	123	123	364.36314152687777	1234
20130815	123	123	123	387.52282645603213	1234
20130815	123	123	123	391.8461538461539	1234
20130815	123	123	123	421.37279690539884	1234
20130815	123	123	123	459.8984377516228	1234
20130815	123	123	123	465.1296624084507	1234
20130815	123	123	123	466.54199998995347	1234
20130815	123	123	123	505.6673117289352	1234
20130815	123	123	123	511.0207632015587	1234
20130815	123	123	123	518.3846153846156	1234
20130815	123	123	123	560.3959834715288	1234
20130815	123	123	123	562.9829540854065	1234
20130815	123	123	123	574.0618467258968	1234
20130815	123	123	123	590.692307692308	1234
20130815	123	123	123	609.723590545254	1234
20130815	123	123	123	630.5719525425218	1234
20130815	123	123	123	660.2676242696057	1234
20130815	123	123	123	649.0987839731146	1234
20130815	123	123	123	644.8846153846154	1234
20130815	123	123	123	626.6148204232193	1234
20130815	123	123	123	607.5309160696359	1234
20130815	123	123	123	570.907294346345	1234
20130815	123	123	123	572.4230769230768	1234
20130815	123	123	123	534.3200216574439	1234
20130815	123	123	123	528.4321371160073	1234
20130815	123	123	123	500.7302534399574	1234
20130815	123	123	123	499.9615384615382	1234
20130815	123	123	123	459.5979617615181	1234
20130815	123	123	123	463.4716876397091	1234
20130815	123	123	123	443.77638877478716	1234
20130815	123	123	123	414.25846281686364	1234
20130815	123	123	123	400.18966369445616	1234
20130815	123	123	123	383.3067610826006	1234
20130815	123	123	123	353.5830916375222	1234
20130815	123	123	123	334.17407742245746	1234
20130815	123	123	123	307.24654204113654	1234
20130815	123	123	123	286.34776031202347	1234
20130815	123	123	123	268.07034434520585	1234
20130815	123	123	123	259.3303253132694	1234
20130815	123	123	123	199.6962097632102	1234
20130815	123	123	123	201.44854925471225	1234
20130815	123	123	123	199.92150689774166	1234
20130815	123	123	123	195.87451698462397	1234
20130815	123	123	123	197.5828109814366	1234
20130815	123	123	123	206.15043969078926	1234
20130815	123	123	123	211.35000583471674	1234
20130815	123	123	123	212.98741768110997	1234
20130815	123	123	123	216.41204502128812	1234
20130815	123	123	123	219.30769230769226	1234
20130815	123	123	123	234.27685180447818	1234
20130815	123	123	123	241.57501100111054	1234
20130815	123	123	123	245.4804355739861	1234
20130815	123	123	123	250.0129596280775	1234
20130815	123	123	123	249.52279189574497	1234
20130815	123	123	123	255.68385716640103	1234
20130815	123	123	123	262.45191915844185	1234
20130815	123	123	123	223.99683531789125	1234
20130815	123	123	123	246.15384615384608	1234
20130815	123	123	123	240.95761005686268	1234
20130815	123	123	123	239.70212667744	1234
20130815	123	123	123	235.39352838006738	1234
20130815	123	123	123	232.89266856287014	1234
20130815	123	123	123	226.762986774649	1234
20130815	123	123	123	222.76389283638758	1234
20130815	123	123	123	220.38486148226352	1234
20130815	123	123	123	216.71443573080472	1234
20130815	123	123	123	209.40889848663272	1234
20130815	123	123	123	207.67672277136685	1234
20130815	123	123	123	204.5086716073918	1234
20130815	123	123	123	202.7773272426375	1234
20130815	123	123	123	189.03003037792934	1234
20130815	123	123	123	190.0	1234
20130815	123	123	123	0.14405848571913848	1234
20130815	123	123	123	9.58870389447904	1234
20130815	123	123	123	12.598752339147959	1234
20130815	123	123	123	9.960348684828213	1234
20130815	123	123	123	3.001772259364608	1234
20130815	123	123	123	8.801272060053568	1234
20130815	123	123	123	0.9618842597478072	1234
20130815	123	123	123	17.159746636338408	1234
20130815	123	123	123	4.065596682681716	1234
20130815	123	123	123	7.415838089496518	1234
20130815	123	123	123	10.293081334886462	1234
20130815	123	123	123	7.598282079217091	1234
20130815	123	123	123	11.838253061943577	1234
20130815	123	123	123	2.1769630899575287	1234
20130815	123	123	123	5.772304228210963	1234
20130815	123	123	123	15.028797594464125	1234
20130815	123	123	123	6.209717836396511	1234
20130815	123	123	123	0.8867870472115591	1234
20130815	123	123	123	3.4924945302015087	1234
20130815	123	123	123	14.70005588251755	1234
20130815	123	123	123	5.530895512967562	1234
20130815	123	123	123	12.492015261234178	1234
20130815	123	123	123	1.0188628020476753	1234
20130815	123	123	123	2.6020182577923245	1234
20130815	123	123	123	4.033301271299359	1234
20130815	123	123	123	9.293185031254794	1234
20130815	123	123	123	13.845026021479015	1234
20130815	123	123	123	9.828101287820864	1234
20130815	123	123	123	15.99429581275706	1234
20130815	123	123	123	6.040021011199808	1234