time startPrice highestPrice lowestPrice endPrice transactionCount
20130815	123	123	123	13.570161015791902	1234
20130815	123	123	123	17.428690191171917	1234
20130815	123	123	123	3.2514111158813996	1234
20130815	123	123	123	17.596177965446753	1234
20130815	123	123	123	4.54176694799957	1234
20130815	123	123	123	13.293476556374221	1234
20130815	123	123	123	18.932514695818735	1234
20130815	123	123	123	6.044704651786683	1234
20130815	123	123	123	1.8877719861156317	1234
20130815	123	123	123	1.9023105202228963	1234
20130815	123	123	123	8.387864104126336	1234
20130815	123	123	123	1.0671563620752589	1234
20130815	123	123	123	5.421962659115877	1234
20130815	123	123	123	1.6661046732393858	1234
20130815	123	123	123	3.5851965191018653	1234
20130815	123	123	123	1.330692075252693	1234
20130815	123	123	123	7.957686477438875	1234
20130815	123	123	123	19.468915818064577	1234
20130815	123	123	123	5.5044810415460965	1234
20130815	123	123	123	12.122784336747909	1234
20130815	123	123	123	12.902636842213997	1234
20130815	123	123	123	19.529750937090846	1234
20130815	123	123	123	9.60354239899754	1234
20130815	123	123	123	9.991653261766826	1234
20130815	123	123	123	9.76649125282247	1234
20130815	123	123	123	9.997927697188667	1234
20130815	123	123	123	11.207336332121585	1234
20130815	123	123	123	3.91084253097592	1234
20130815	123	123	123	6.510219622003051	1234
20130815	123	123	123	12.621958876850332	1234
20130815	123	123	123	204.96551549597484	1234
20130815	123	123	123	195.9230769230769	1234
20130815	123	123	123	199.26660088014154	1234
20130815	123	123	123	203.84865014132563	1234
20130815	123	123	123	204.80769230769226	1234
20130815	123	123	123	215.94918545867333	1234
20130815	123	123	123	216.31600212004696	1234
20130815	123	123	123	216.81740769676267	1234
20130815	123	123	123	219.61538461538453	1234
20130815	123	123	123	228.65506862804716	1234
20130815	123	123	123	229.12103352560234	1234
20130815	123	123	123	233.80232989706712	1234
20130815	123	123	123	235.41332579038612	1234
20130815	123	123	123	237.38461538461524	1234
20130815	123	123	123	240.9383828862899	1234
20130815	123	123	123	247.29110134690933	1234
20130815	123	123	123	261.16839834966675	1234
20130815	123	123	123	262.06823712390803	1234
20130815	123	123	123	258.20447856259966	1234
20130815	123	123	123	261.4843835532444	1234
20130815	123	123	123	264.76754481470397	1234
20130815	123	123	123	266.3776353048298	1234
20130815	123	123	123	260.77805064619497	1234
20130815	123	123	123	256.0260925263762	1234
20130815	123	123	123	252.28172354988016	1234
20130815	123	123	123	247.07692307692304	1234
20130815	123	123	123	242.57281043840126	1234
20130815	123	123	123	238.53846153846152	1234
20130815	123	123	123	234.8158923256388	1234
20130815	123	123	123	226.96952988492296	1234
20130815	123	123	123	215.61444450539884	1234
20130815	123	123	123	221.46153846153848	1234
20130815	123	123	123	204.2179218475125	1234
20130815	123	123	123	211.8372975685982	1234
20130815	123	123	123	210.07692307692312	1234
20130815	123	123	123	199.16043365452072	1234
20130815	123	123	123	201.8701731005675	1234
20130815	123	123	123	197.12883870901973	1234
20130815	123	123	123	191.03494662235235	1234
20130815	123	123	123	203.0898989883274	1234
20130815	123	123	123	215.96124577966802	1234
20130815	123	123	123	255.54940656090486	1234
20130815	123	123	123	254.74460926009257	1234
20130815	123	123	123	272.8703771781344	1234
20130815	123	123	123	293.5508971868544	1234
20130815	123	123	123	318.56773527520306	1234
20130815	123	123	123	341.3643846579318	1234
20130815	123	123	123	364.51116933464436	1234
20130815	123	123	123	389.20755136817604	1234
20130815	123	123	123	393.4801524455435	1234
20130815	123	123	123	410.72544275659754	1234
20130815	123	123	123	501.7198132582014	1234
20130815	123	123	123	478.94472981039024	1234
20130815	123	123	123	513.7800763389482	1234
20130815	123	123	123	536.9895348159861	1234
20130815	123	123	123	541.2419127794562	1234
20130815	123	123	123	614.3881465486157	1234
20130815	123	123	123	615.9402354352621	1234
20130815	123	123	123	657.6088321319378	1234
20130815	123	123	123	678.7992761282254	1234
20130815	123	123	123	628.2859777552652	1234
20130815	123	123	123	631.9152671370364	1234
20130815	123	123	123	626.7692307692307	1234
20130815	123	123	123	587.358886455842	1234
20130815	123	123	123	553.7428961379346	1234
20130815	123	123	123	572.4230769230768	1234
20130815	123	123	123	524.4780805974984	1234
20130815	123	123	123	533.4811781795402	1234
20130815	123	123	123	509.23845935581505	1234
20130815	123	123	123	499.9615384615382	1234
20130815	123	123	123	472.38680527241206	1234
20130815	123	123	123	447.96094467975126	1234
20130815	123	123	123	423.03349188611037	1234
20130815	123	123	123	425.03382880689657	1234
20130815	123	123	123	395.8096182586262	1234
20130815	123	123	123	357.0002716985049	1234
20130815	123	123	123	355.40478364853806	1234
20130815	123	123	123	351.44434114862867	1234
20130815	123	123	123	330.41142636521874	1234
20130815	123	123	123	312.46648989370516	1234
20130815	123	123	123	282.91149255031223	1234
20130815	123	123	123	272.74142959037874	1234
20130815	123	123	123	254.18629745616704	1234
20130815	123	123	123	231.73806321502838	1234
20130815	123	123	123	222.41711310379557	1234
20130815	123	123	123	203.5040160923682	1234
20130815	123	123	123	201.4219163044241	1234
20130815	123	123	123	197.57802736454335	1234
20130815	123	123	123	204.18445989753093	1234
20130815	123	123	123	205.2733587676694	1234
20130815	123	123	123	207.90968776407462	1234
20130815	123	123	123	212.72229640079158	1234
20130815	123	123	123	211.11538461538458	1234
20130815	123	123	123	227.82388266861395	1234
20130815	123	123	123	233.61335897261552	1234
20130815	123	123	123	237.62240613631724	1234
20130815	123	123	123	239.77562247164167	1234
20130815	123	123	123	241.15384615384608	1234
20130815	123	123	123	248.36145663454778	1234
20130815	123	123	123	252.21107271370425	1234
20130815	123	123	123	249.34875080851822	1234
20130815	123	123	123	254.27944172035424	1234
20130815	123	123	123	255.87301367839035	1234
20130815	123	123	123	261.2646068846727	1234
20130815	123	123	123	263.0	1234
20130815	123	123	123	255.27172695122852	1234
20130815	123	123	123	248.97350970132393	1234
20130815	123	123	123	247.87488782589588	1234
20130815	123	123	123	235.37665542415172	1234
20130815	123	123	123	236.308368269625	1234
20130815	123	123	123	226.60893382897726	1234
20130815	123	123	123	227.77183210310648	1234
20130815	123	123	123	220.59366111564756	1234
20130815	123	123	123	215.1870505310093	1234
20130815	123	123	123	212.46153846153823	1234
20130815	123	123	123	203.17062769424894	1234
20130815	123	123	123	200.86311222956303	1234
20130815	123	123	123	191.71488401592566	1234
20130815	123	123	123	192.80769230769198	1234
20130815	123	123	123	190.0	1234
20130815	123	123	123	1.8297819050240127	1234
20130815	123	123	123	11.716110730731938	1234
20130815	123	123	123	2.6073195626861723	1234
20130815	123	123	123	9.679577922895062	1234
20130815	123	123	123	6.440973577386853	1234
20130815	123	123	123	15.972958992969543	1234
20130815	123	123	123	4.75360717869596	1234
20130815	123	123	123	9.329181925391463	1234
20130815	123	123	123	13.821492024094109	1234
20130815	123	123	123	16.96827460349789	1234
20130815	123	123	123	18.35362809075615	1234
20130815	123	123	123	15.64063744856198	1234
20130815	123	123	123	17.39944881265342	1234
20130815	123	123	123	2.1797350053799236	1234
20130815	123	123	123	12.228139718956024	1234
20130815	123	123	123	12.786026784470334	1234
20130815	123	123	123	12.344795321045982	1234
20130815	123	123	123	1.36176179627721	1234
20130815	123	123	123	11.428530305060221	1234
20130815	123	123	123	14.218589857690008	1234
20130815	123	123	123	6.199341825855615	1234
20130815	123	123	123	14.296971495600083	1234
20130815	123	123	123	3.610447924064868	1234
20130815	123	123	123	7.14076301489448	1234
20130815	123	123	123	14.949834537991531	1234
20130815	123	123	123	4.297238144938196	1234
20130815	123	123	123	8.110311420025866	1234
20130815	123	123	123	0.1598752849052132	1234
20130815	123	123	123	14.205347670676648	1234
20130815	123	123	123	4.698622864494713	1234