time startPrice highestPrice lowestPrice endPrice transactionCount
20130815	123	123	123	15.552893237615846	1234
20130815	123	123	123	6.179712431665165	1234
20130815	123	123	123	4.940061815104377	1234
20130815	123	123	123	17.32047853959505	1234
20130815	123	123	123	9.00459977847138	1234
20130815	123	123	123	11.975481249741557	1234
20130815	123	123	123	1.6747937411221647	1234
20130815	123	123	123	11.684108530568416	1234
20130815	123	123	123	7.169642580075173	1234
20130815	123	123	123	11.229964310495417	1234
20130815	123	123	123	1.1318504566444498	1234
20130815	123	123	123	19.58839442074734	1234
20130815	123	123	123	15.737325814061027	1234
20130815	123	123	123	12.638277436077622	1234
20130815	123	123	123	5.960202104524086	1234
20130815	123	123	123	9.71857404811886	1234
20130815	123	123	123	1.4817426552945778	1234
20130815	123	123	123	5.505022647328794	1234
20130815	123	123	123	16.173881804417956	1234
20130815	123	123	123	2.6732419897932402	1234
20130815	123	123	123	12.730022666413515	1234
20130815	123	123	123	6.373961708009393	1234
20130815	123	123	123	5.985939873404473	1234
20130815	123	123	123	12.209318624773331	1234
20130815	123	123	123	5.963638119309396	1234
20130815	123	123	123	10.263806157983499	1234
20130815	123	123	123	15.934705372116065	1234
20130815	123	123	123	0.4696656159871604	1234
20130815	123	123	123	16.153482747444727	1234
20130815	123	123	123	12.396959572184535	1234
20130815	123	123	123	191.2946354125328	1234
20130815	123	123	123	201.8461538461538	1234
20130815	123	123	123	205.9150903355915	1234
20130815	123	123	123	210.96556036055102	1234
20130815	123	123	123	216.692302745135	1234
20130815	123	123	123	224.5448628831929	1234
20130815	123	123	123	228.64827395139002	1234
20130815	123	123	123	228.74666544908163	1234
20130815	123	123	123	232.48473560644032	1234
20130815	123	123	123	234.4230769230768	1234
20130815	123	123	123	247.10056150184175	1234
20130815	123	123	123	244.51517059247038	1234
20130815	123	123	123	248.96792787191876	1234
20130815	123	123	123	253.95000234027276	1234
20130815	123	123	123	255.28948744340892	1234
20130815	123	123	123	256.9918323200434	1234
20130815	123	123	123	260.86969820158936	1234
20130815	123	123	123	262.0947804739489	1234
20130815	123	123	123	266.6317103582464	1234
20130815	123	123	123	266.476609189606	1234
20130815	123	123	123	254.32722597500543	1234
20130815	123	123	123	253.12931489991817	1234
20130815	123	123	123	252.63612470823657	1234
20130815	123	123	123	249.3290075456227	1234
20130815	123	123	123	242.29003339699796	1234
20130815	123	123	123	238.88918588611088	1234
20130815	123	123	123	236.9614259980528	1234
20130815	123	123	123	230.79625283447447	1234
20130815	123	123	123	229.76167338305402	1234
20130815	123	123	123	230.0	1234
20130815	123	123	123	223.87509465313443	1234
20130815	123	123	123	219.7176619425684	1234
20130815	123	123	123	216.60185890014532	1234
20130815	123	123	123	211.5855003091997	1234
20130815	123	123	123	201.69138282498977	1234
20130815	123	123	123	197.14805127180705	1234
20130815	123	123	123	197.13737617108808	1234
20130815	123	123	123	192.33980280830554	1234
20130815	123	123	123	194.20653553084495	1234
20130815	123	123	123	238.1065614423511	1234
20130815	123	123	123	242.4335452987879	1234
20130815	123	123	123	247.30718525137823	1234
20130815	123	123	123	281.5074923528106	1234
20130815	123	123	123	292.3604603255558	1234
20130815	123	123	123	307.0314160218894	1234
20130815	123	123	123	320.736180530742	1234
20130815	123	123	123	337.61538461538464	1234
20130815	123	123	123	357.80380115055186	1234
20130815	123	123	123	394.2429849352688	1234
20130815	123	123	123	421.55724471587246	1234
20130815	123	123	123	433.0967668669321	1234
20130815	123	123	123	461.41593029768813	1234
20130815	123	123	123	465.6606846775005	1234
20130815	123	123	123	491.08945896767005	1234
20130815	123	123	123	539.2888497299092	1234
20130815	123	123	123	599.4880151333282	1234
20130815	123	123	123	585.7540311361141	1234
20130815	123	123	123	596.5029852757043	1234
20130815	123	123	123	625.7778989190889	1234
20130815	123	123	123	646.7828553808106	1234
20130815	123	123	123	650.3544512728378	1234
20130815	123	123	123	578.0960837908208	1234
20130815	123	123	123	617.4373313866841	1234
20130815	123	123	123	566.8030197371995	1234
20130815	123	123	123	581.3813525445753	1234
20130815	123	123	123	564.6722389342833	1234
20130815	123	123	123	553.5424586675691	1234
20130815	123	123	123	502.2348403016962	1234
20130815	123	123	123	496.7710052047594	1234
20130815	123	123	123	493.069396849876	1234
20130815	123	123	123	475.105888917014	1234
20130815	123	123	123	449.9657140446467	1234
20130815	123	123	123	436.9398392932779	1234
20130815	123	123	123	412.3852366071343	1234
20130815	123	123	123	375.5350486359545	1234
20130815	123	123	123	390.80896404866826	1234
20130815	123	123	123	358.8803965190979	1234
20130815	123	123	123	353.231286690779	1234
20130815	123	123	123	313.3499107491852	1234
20130815	123	123	123	278.47567336207476	1234
20130815	123	123	123	264.9619955545737	1234
20130815	123	123	123	262.3875201127004	1234
20130815	123	123	123	230.47279244207536	1234
20130815	123	123	123	225.9264660103399	1234
20130815	123	123	123	209.09534305455136	1234
20130815	123	123	123	199.3339138807886	1234
20130815	123	123	123	206.04243068482063	1234
20130815	123	123	123	208.76336784058057	1234
20130815	123	123	123	212.59382860471086	1234
20130815	123	123	123	215.46018970863764	1234
20130815	123	123	123	218.70806675821265	1234
20130815	123	123	123	223.77456493859188	1234
20130815	123	123	123	230.12959961266753	1234
20130815	123	123	123	237.64768323442712	1234
20130815	123	123	123	235.44305530803848	1234
20130815	123	123	123	241.28632948369824	1234
20130815	123	123	123	240.81062976354477	1234
20130815	123	123	123	241.94281293844395	1234
20130815	123	123	123	243.8846153846153	1234
20130815	123	123	123	250.6711965997797	1234
20130815	123	123	123	256.3666423156433	1234
20130815	123	123	123	256.3190951371928	1234
20130815	123	123	123	261.11729391356056	1234
20130815	123	123	123	263.3966290661882	1234
20130815	123	123	123	261.6050476444325	1234
20130815	123	123	123	251.42778079305333	1234
20130815	123	123	123	252.88313110949736	1234
20130815	123	123	123	251.76923076923072	1234
20130815	123	123	123	234.0539779682735	1234
20130815	123	123	123	233.9334261813838	1234
20130815	123	123	123	234.11724827056506	1234
20130815	123	123	123	229.35215454003125	1234
20130815	123	123	123	229.15816281158328	1234
20130815	123	123	123	222.72536243005655	1234
20130815	123	123	123	217.99495387447104	1234
20130815	123	123	123	216.8391244373537	1234
20130815	123	123	123	209.84219700055394	1234
20130815	123	123	123	183.4893850457322	1234
20130815	123	123	123	190.341379171042	1234
20130815	123	123	123	190.0	1234
20130815	123	123	123	8.733127454418563	1234
20130815	123	123	123	15.238377885364836	1234
20130815	123	123	123	10.870829501960436	1234
20130815	123	123	123	12.655710020886401	1234
20130815	123	123	123	13.775903991903425	1234
20130815	123	123	123	0.17896265301522662	1234
20130815	123	123	123	3.782692453889309	1234
20130815	123	123	123	19.47303198623649	1234
20130815	123	123	123	4.867982130500554	1234
20130815	123	123	123	0.045759141724937	1234
20130815	123	123	123	11.831521513291765	1234
20130815	123	123	123	12.462795852505524	1234
20130815	123	123	123	18.49194657407795	1234
20130815	123	123	123	2.0191084769868484	1234
20130815	123	123	123	2.2155548723754004	1234
20130815	123	123	123	3.816863310043368	1234
20130815	123	123	123	5.810699621422	1234
20130815	123	123	123	1.5999443919640877	1234
20130815	123	123	123	10.22757908445909	1234
20130815	123	123	123	17.344180976671687	1234
20130815	123	123	123	0.6057541320856541	1234
20130815	123	123	123	16.90963561574323	1234
20130815	123	123	123	17.07623281272438	1234
20130815	123	123	123	0.999657181812792	1234
20130815	123	123	123	17.480361661744382	1234
20130815	123	123	123	18.776050910418316	1234
20130815	123	123	123	18.00541232589045	1234
20130815	123	123	123	3.8482499307305207	1234
20130815	123	123	123	9.910605340653289	1234
20130815	123	123	123	15.646993358317635	1234