time startPrice highestPrice lowestPrice endPrice transactionCount
20130815	123	123	123	3.0884017584336743	1234
20130815	123	123	123	1.964949350105052	1234
20130815	123	123	123	2.274493333887966	1234
20130815	123	123	123	4.64804622568987	1234
20130815	123	123	123	8.144393101322793	1234
20130815	123	123	123	7.850627228745239	1234
20130815	123	123	123	15.768712773144971	1234
20130815	123	123	123	11.459700144460124	1234
20130815	123	123	123	3.301076824698468	1234
20130815	123	123	123	8.5967131711297	1234
20130815	123	123	123	8.402972823429717	1234
20130815	123	123	123	15.627019639060148	1234
20130815	123	123	123	9.67736457293112	1234
20130815	123	123	123	4.8733158995599934	1234
20130815	123	123	123	3.5662798067950408	1234
20130815	123	123	123	13.225442508905802	1234
20130815	123	123	123	4.435462706590032	1234
20130815	123	123	123	18.625947452882286	1234
20130815	123	123	123	2.930975141958123	1234
20130815	123	123	123	15.692185413039361	1234
20130815	123	123	123	2.5898891526101386	1234
20130815	123	123	123	12.859169426354516	1234
20130815	123	123	123	18.623739557293288	1234
20130815	123	123	123	4.303007993605473	1234
20130815	123	123	123	6.335659752716374	1234
20130815	123	123	123	10.005236944241764	1234
20130815	123	123	123	14.40899255323326	1234
20130815	123	123	123	2.67886019958832	1234
20130815	123	123	123	4.008072506181792	1234
20130815	123	123	123	18.495045397665045	1234
20130815	123	123	123	190.33368028120796	1234
20130815	123	123	123	199.8959513885589	1234
20130815	123	123	123	203.17542974911873	1234
20130815	123	123	123	198.88461538461536	1234
20130815	123	123	123	211.39327374879952	1234
20130815	123	123	123	215.36770708264447	1234
20130815	123	123	123	213.8697995691102	1234
20130815	123	123	123	221.1657567081195	1234
20130815	123	123	123	223.73930457667433	1234
20130815	123	123	123	229.35670618965943	1234
20130815	123	123	123	229.93738296447438	1234
20130815	123	123	123	237.84876864873965	1234
20130815	123	123	123	244.59894597768485	1234
20130815	123	123	123	246.68585111084462	1234
20130815	123	123	123	249.23076923076906	1234
20130815	123	123	123	253.5629857214021	1234
20130815	123	123	123	258.4422776513138	1234
20130815	123	123	123	263.3940992983607	1234
20130815	123	123	123	264.0384615384613	1234
20130815	123	123	123	262.7304345744929	1234
20130815	123	123	123	235.11217342999544	1234
20130815	123	123	123	249.48221590620045	1234
20130815	123	123	123	249.92307692307688	1234
20130815	123	123	123	246.81634600162937	1234
20130815	123	123	123	239.60891054248725	1234
20130815	123	123	123	235.1349478428331	1234
20130815	123	123	123	232.72618676529555	1234
20130815	123	123	123	229.5811616824052	1234
20130815	123	123	123	222.0161292601169	1234
20130815	123	123	123	218.10315607549288	1234
20130815	123	123	123	218.61538461538464	1234
20130815	123	123	123	212.81178237711265	1234
20130815	123	123	123	210.0958463915251	1234
20130815	123	123	123	205.60399863854065	1234
20130815	123	123	123	201.04824423177934	1234
20130815	123	123	123	195.85446547492197	1234
20130815	123	123	123	194.5135950234835	1234
20130815	123	123	123	222.5397335532808	1234
20130815	123	123	123	246.11827131407688	1234
20130815	123	123	123	229.15384615384613	1234
20130815	123	123	123	252.7149472522472	1234
20130815	123	123	123	270.97196754922754	1234
20130815	123	123	123	319.92278192594705	1234
20130815	123	123	123	313.96029402134144	1234
20130815	123	123	123	325.94237189469845	1234
20130815	123	123	123	342.659354652581	1234
20130815	123	123	123	369.3215888100324	1234
20130815	123	123	123	376.06374063675315	1234
20130815	123	123	123	429.1232126694594	1234
20130815	123	123	123	436.5359944201708	1234
20130815	123	123	123	437.4542347504726	1234
20130815	123	123	123	482.9968103456554	1234
20130815	123	123	123	477.96935261325905	1234
20130815	123	123	123	522.5212551931472	1234
20130815	123	123	123	520.6847023892827	1234
20130815	123	123	123	520.9561697034628	1234
20130815	123	123	123	568.5152276724955	1234
20130815	123	123	123	566.0384674188082	1234
20130815	123	123	123	599.0106069615849	1234
20130815	123	123	123	596.1816014318682	1234
20130815	123	123	123	631.2071893091322	1234
20130815	123	123	123	628.5532611581466	1234
20130815	123	123	123	647.8875096152113	1234
20130815	123	123	123	656.505813930741	1234
20130815	123	123	123	641.4465321871381	1234
20130815	123	123	123	605.7551563266636	1234
20130815	123	123	123	573.8604517259793	1234
20130815	123	123	123	587.0848464025811	1234
20130815	123	123	123	563.6149951744775	1234
20130815	123	123	123	544.5441774034497	1234
20130815	123	123	123	536.1923076923075	1234
20130815	123	123	123	513.1666720704573	1234
20130815	123	123	123	488.25996729824806	1234
20130815	123	123	123	477.1867488601661	1234
20130815	123	123	123	448.4572519180568	1234
20130815	123	123	123	435.8037744779473	1234
20130815	123	123	123	412.015968641072	1234
20130815	123	123	123	374.8640567804438	1234
20130815	123	123	123	372.71664087078227	1234
20130815	123	123	123	334.6761284613994	1234
20130815	123	123	123	328.07363022797455	1234
20130815	123	123	123	305.11300088998036	1234
20130815	123	123	123	287.2803953275372	1234
20130815	123	123	123	250.38460798713004	1234
20130815	123	123	123	245.94312321576203	1234
20130815	123	123	123	246.34615384615327	1234
20130815	123	123	123	223.7772299330447	1234
20130815	123	123	123	185.53046171400496	1234
20130815	123	123	123	197.59692438234333	1234
20130815	123	123	123	202.72571446943746	1234
20130815	123	123	123	208.0581181956517	1234
20130815	123	123	123	208.78774874737746	1234
20130815	123	123	123	216.10508899195145	1234
20130815	123	123	123	221.4051317259349	1234
20130815	123	123	123	226.7435923392374	1234
20130815	123	123	123	230.66312465079534	1234
20130815	123	123	123	235.23431081425355	1234
20130815	123	123	123	241.3544123628769	1234
20130815	123	123	123	239.5653392485338	1234
20130815	123	123	123	250.38765503668452	1234
20130815	123	123	123	249.34615384615375	1234
20130815	123	123	123	252.07692307692298	1234
20130815	123	123	123	264.9757209590614	1234
20130815	123	123	123	261.94779076089407	1234
20130815	123	123	123	257.7156342327365	1234
20130815	123	123	123	256.2194089434641	1234
20130815	123	123	123	251.76923076923072	1234
20130815	123	123	123	248.03469040609298	1234
20130815	123	123	123	243.47687111834563	1234
20130815	123	123	123	243.34615384615375	1234
20130815	123	123	123	240.20217717609256	1234
20130815	123	123	123	236.71033764354254	1234
20130815	123	123	123	194.06221726231416	1234
20130815	123	123	123	203.23114924781595	1234
20130815	123	123	123	200.34545612384946	1234
20130815	123	123	123	200.87410613061252	1234
20130815	123	123	123	197.94786998256552	1234
20130815	123	123	123	194.7317101299993	1234
20130815	123	123	123	192.6458909115147	1234
20130815	123	123	123	190.0	1234
20130815	123	123	123	6.0146881055728985	1234
20130815	123	123	123	3.785419495826745	1234
20130815	123	123	123	12.602918064530996	1234
20130815	123	123	123	7.871349556543395	1234
20130815	123	123	123	6.609423399844991	1234
20130815	123	123	123	5.173691830998832	1234
20130815	123	123	123	2.727359260775426	1234
20130815	123	123	123	1.631874274430345	1234
20130815	123	123	123	2.4436711412082546	1234
20130815	123	123	123	11.619999629367722	1234
20130815	123	123	123	2.9181236280216605	1234
20130815	123	123	123	3.9625971727200393	1234
20130815	123	123	123	5.796867762054232	1234
20130815	123	123	123	17.858838188673197	1234
20130815	123	123	123	11.45506134543087	1234
20130815	123	123	123	1.6191364485296855	1234
20130815	123	123	123	17.62597795999544	1234
20130815	123	123	123	5.762240962035103	1234
20130815	123	123	123	8.114524624574482	1234
20130815	123	123	123	5.436834113552134	1234
20130815	123	123	123	0.6900780933134287	1234
20130815	123	123	123	0.10444056603664764	1234
20130815	123	123	123	15.748439011458919	1234
20130815	123	123	123	17.297785943268913	1234
20130815	123	123	123	15.42939981886349	1234
20130815	123	123	123	4.960785627366507	1234
20130815	123	123	123	12.141326368071002	1234
20130815	123	123	123	7.85571393154064	1234
20130815	123	123	123	5.506180781175091	1234
20130815	123	123	123	8.82501146966543	1234