time startPrice highestPrice lowestPrice endPrice transactionCount
20130815	123	123	123	2.577683099415111	1234
20130815	123	123	123	17.866272558041167	1234
20130815	123	123	123	15.615456333602864	1234
20130815	123	123	123	17.407941286500822	1234
20130815	123	123	123	0.4200954209145791	1234
20130815	123	123	123	13.280321749988072	1234
20130815	123	123	123	18.437731681026992	1234
20130815	123	123	123	7.900477548218545	1234
20130815	123	123	123	4.0298708384366595	1234
20130815	123	123	123	14.77791948685266	1234
20130815	123	123	123	16.63730289822141	1234
20130815	123	123	123	6.856380747552649	1234
20130815	123	123	123	1.570710113321434	1234
20130815	123	123	123	9.382235108101092	1234
20130815	123	123	123	3.6858467350809754	1234
20130815	123	123	123	14.535075631124005	1234
20130815	123	123	123	16.584729900572057	1234
20130815	123	123	123	7.243846316196068	1234
20130815	123	123	123	10.688384944199354	1234
20130815	123	123	123	8.083244774650568	1234
20130815	123	123	123	19.617785369189292	1234
20130815	123	123	123	1.872559477090594	1234
20130815	123	123	123	12.926560403903357	1234
20130815	123	123	123	18.117782687911507	1234
20130815	123	123	123	10.543279809784412	1234
20130815	123	123	123	1.8454552725340356	1234
20130815	123	123	123	0.5565210594944037	1234
20130815	123	123	123	17.333382850281744	1234
20130815	123	123	123	6.52892636947678	1234
20130815	123	123	123	0.9717600325151632	1234
20130815	123	123	123	192.24712980336372	1234
20130815	123	123	123	195.45283285806823	1234
20130815	123	123	123	199.5676793852999	1234
20130815	123	123	123	201.49858477862816	1234
20130815	123	123	123	218.92818542447955	1234
20130815	123	123	123	218.35817559849764	1234
20130815	123	123	123	221.35037038928022	1234
20130815	123	123	123	223.99118296712882	1234
20130815	123	123	123	226.39471984976478	1234
20130815	123	123	123	238.3005736536783	1234
20130815	123	123	123	243.12181908266896	1234
20130815	123	123	123	244.7526073312311	1234
20130815	123	123	123	250.09802660305118	1234
20130815	123	123	123	253.62263824736624	1234
20130815	123	123	123	268.3549666726238	1234
20130815	123	123	123	261.0238117373528	1234
20130815	123	123	123	262.67126750999125	1234
20130815	123	123	123	259.2755529931369	1234
20130815	123	123	123	249.71675253051518	1234
20130815	123	123	123	242.0169923982948	1234
20130815	123	123	123	239.07915272183212	1234
20130815	123	123	123	237.5594992523417	1234
20130815	123	123	123	235.69230769230768	1234
20130815	123	123	123	232.66139747160588	1234
20130815	123	123	123	222.31445406129276	1234
20130815	123	123	123	220.46800062323754	1234
20130815	123	123	123	213.5464396676895	1234
20130815	123	123	123	215.7692307692308	1234
20130815	123	123	123	204.751899829824	1234
20130815	123	123	123	196.90672425857915	1234
20130815	123	123	123	198.69230769230776	1234
20130815	123	123	123	193.3783074502817	1234
20130815	123	123	123	193.0	1234
20130815	123	123	123	223.7050735692839	1234
20130815	123	123	123	254.25281374266672	1234
20130815	123	123	123	256.7645292366875	1234
20130815	123	123	123	269.0693795220578	1234
20130815	123	123	123	303.38675492940155	1234
20130815	123	123	123	304.00505741930874	1234
20130815	123	123	123	348.48411713207213	1234
20130815	123	123	123	374.68190962229966	1234
20130815	123	123	123	377.7302821219611	1234
20130815	123	123	123	379.8246853193006	1234
20130815	123	123	123	400.2059035321249	1234
20130815	123	123	123	439.5355946956161	1234
20130815	123	123	123	448.3444036281713	1234
20130815	123	123	123	468.0138224540367	1234
20130815	123	123	123	495.74288441986494	1234
20130815	123	123	123	528.0405306427845	1234
20130815	123	123	123	526.2871267833087	1234
20130815	123	123	123	590.0434052500838	1234
20130815	123	123	123	572.1764529744387	1234
20130815	123	123	123	597.8604559817562	1234
20130815	123	123	123	595.0590058236368	1234
20130815	123	123	123	627.6355904124325	1234
20130815	123	123	123	626.8461538461542	1234
20130815	123	123	123	668.6383625181743	1234
20130815	123	123	123	653.9177629507118	1234
20130815	123	123	123	643.6708965356686	1234
20130815	123	123	123	592.0798076962485	1234
20130815	123	123	123	592.3794366291354	1234
20130815	123	123	123	574.836927059403	1234
20130815	123	123	123	557.0812813228148	1234
20130815	123	123	123	529.8025496962301	1234
20130815	123	123	123	489.339596988376	1234
20130815	123	123	123	505.85125865476164	1234
20130815	123	123	123	491.6640412646591	1234
20130815	123	123	123	479.2078379403936	1234
20130815	123	123	123	439.7780183807076	1234
20130815	123	123	123	428.3130823309989	1234
20130815	123	123	123	382.8895915473547	1234
20130815	123	123	123	381.75372808177343	1234
20130815	123	123	123	378.8403838594851	1234
20130815	123	123	123	340.1563866067314	1234
20130815	123	123	123	315.92238328212665	1234
20130815	123	123	123	299.80164223618453	1234
20130815	123	123	123	293.77852551775266	1234
20130815	123	123	123	273.48582468118303	1234
20130815	123	123	123	266.1317816884517	1234
20130815	123	123	123	251.52941521896338	1234
20130815	123	123	123	236.1219775843082	1234
20130815	123	123	123	217.5748625336245	1234
20130815	123	123	123	178.08202286741493	1234
20130815	123	123	123	193.32871774023025	1234
20130815	123	123	123	195.18189365317775	1234
20130815	123	123	123	199.82487308651488	1234
20130815	123	123	123	204.58179774555526	1234
20130815	123	123	123	206.14773877585833	1234
20130815	123	123	123	207.43940520252315	1234
20130815	123	123	123	210.6486336865965	1234
20130815	123	123	123	212.53252593544215	1234
20130815	123	123	123	223.97692410960298	1234
20130815	123	123	123	224.34370462411079	1234
20130815	123	123	123	233.1046937537415	1234
20130815	123	123	123	232.81948066093037	1234
20130815	123	123	123	236.13010011539592	1234
20130815	123	123	123	239.5286074257524	1234
20130815	123	123	123	241.85706166574573	1234
20130815	123	123	123	247.028078730591	1234
20130815	123	123	123	259.2927457963108	1234
20130815	123	123	123	258.3191669069523	1234
20130815	123	123	123	261.17298289076217	1234
20130815	123	123	123	262.52948688550356	1234
20130815	123	123	123	259.6217323304613	1234
20130815	123	123	123	257.38461538461536	1234
20130815	123	123	123	249.85155325208285	1234
20130815	123	123	123	245.39681802764792	1234
20130815	123	123	123	242.37710358339157	1234
20130815	123	123	123	237.50561160530773	1234
20130815	123	123	123	234.9230769230768	1234
20130815	123	123	123	229.62981319032076	1234
20130815	123	123	123	225.4239356845597	1234
20130815	123	123	123	223.49812647211434	1234
20130815	123	123	123	222.0901900072594	1234
20130815	123	123	123	208.13123890517525	1234
20130815	123	123	123	196.33736982386174	1234
20130815	123	123	123	197.01362097279596	1234
20130815	123	123	123	195.6153846153843	1234
20130815	123	123	123	191.30068578960007	1234
20130815	123	123	123	190.0	1234
20130815	123	123	123	16.735943071157788	1234
20130815	123	123	123	7.773549175617649	1234
20130815	123	123	123	8.032319462591673	1234
20130815	123	123	123	15.242781398498416	1234
20130815	123	123	123	17.95864248840485	1234
20130815	123	123	123	11.313982668394434	1234
20130815	123	123	123	5.777589516342683	1234
20130815	123	123	123	14.367820690012092	1234
20130815	123	123	123	6.004114399424525	1234
20130815	123	123	123	13.942450697725082	1234
20130815	123	123	123	15.356818462701298	1234
20130815	123	123	123	13.294611943047114	1234
20130815	123	123	123	18.663265692471626	1234
20130815	123	123	123	8.579400978277016	1234
20130815	123	123	123	2.916297297999322	1234
20130815	123	123	123	4.835511776288779	1234
20130815	123	123	123	7.280491849138924	1234
20130815	123	123	123	3.468738881446871	1234
20130815	123	123	123	15.32911378268671	1234
20130815	123	123	123	8.368306177066994	1234
20130815	123	123	123	13.156174502667815	1234
20130815	123	123	123	13.578345702503139	1234
20130815	123	123	123	11.321972117403314	1234
20130815	123	123	123	1.553165713415705	1234
20130815	123	123	123	1.9825655641700823	1234
20130815	123	123	123	10.98506327069214	1234
20130815	123	123	123	6.2155371077723	1234
20130815	123	123	123	12.104934405038986	1234
20130815	123	123	123	5.739943197033266	1234
20130815	123	123	123	16.879040784172663	1234