time startPrice highestPrice lowestPrice endPrice transactionCount
20130815	123	123	123	4.044523065227688	1234
20130815	123	123	123	11.776207728267405	1234
20130815	123	123	123	7.613834185450516	1234
20130815	123	123	123	19.273374265687128	1234
20130815	123	123	123	3.9154038408259972	1234
20130815	123	123	123	0.6528820739567021	1234
20130815	123	123	123	7.952959496169074	1234
20130815	123	123	123	2.0601604165804965	1234
20130815	123	123	123	7.290216851052951	1234
20130815	123	123	123	17.379027913971168	1234
20130815	123	123	123	9.756486511953463	1234
20130815	123	123	123	15.194768462437393	1234
20130815	123	123	123	10.006182013288187	1234
20130815	123	123	123	5.780831515270557	1234
20130815	123	123	123	8.41129322527059	1234
20130815	123	123	123	19.819767502269524	1234
20130815	123	123	123	1.0635211277034706	1234
20130815	123	123	123	8.733451679197263	1234
20130815	123	123	123	7.905932514705045	1234
20130815	123	123	123	4.570540513520076	1234
20130815	123	123	123	0.2691511516028222	1234
20130815	123	123	123	7.353106261612206	1234
20130815	123	123	123	16.483104366450206	1234
20130815	123	123	123	18.15463636321554	1234
20130815	123	123	123	10.963633557109356	1234
20130815	123	123	123	17.065774128075187	1234
20130815	123	123	123	18.487744795794498	1234
20130815	123	123	123	3.262395217090661	1234
20130815	123	123	123	0.5883353987450368	1234
20130815	123	123	123	17.84561352897685	1234
20130815	123	123	123	193.83250410422917	1234
20130815	123	123	123	192.96798082374033	1234
20130815	123	123	123	196.93795169950516	1234
20130815	123	123	123	202.74751320852792	1234
20130815	123	123	123	208.45607790985574	1234
20130815	123	123	123	207.7951806021663	1234
20130815	123	123	123	220.84572465776648	1234
20130815	123	123	123	220.52640165558728	1234
20130815	123	123	123	220.8461643480353	1234
20130815	123	123	123	228.82263912280303	1234
20130815	123	123	123	226.36078660040127	1234
20130815	123	123	123	233.14373393227848	1234
20130815	123	123	123	231.59210743789492	1234
20130815	123	123	123	250.1849686468021	1234
20130815	123	123	123	250.60085150668422	1234
20130815	123	123	123	249.8281966429265	1234
20130815	123	123	123	256.6053644685053	1234
20130815	123	123	123	266.16247652513374	1234
20130815	123	123	123	266.822794235336	1234
20130815	123	123	123	263.76404533966405	1234
20130815	123	123	123	260.85135994649846	1234
20130815	123	123	123	253.47861474429337	1234
20130815	123	123	123	242.56538342515069	1234
20130815	123	123	123	245.79845161391236	1234
20130815	123	123	123	242.42420879016979	1234
20130815	123	123	123	236.88063348724123	1234
20130815	123	123	123	234.6588834542265	1234
20130815	123	123	123	223.19113585047202	1234
20130815	123	123	123	224.21525183150248	1234
20130815	123	123	123	219.24616007249577	1234
20130815	123	123	123	217.50065247311	1234
20130815	123	123	123	215.46803982868354	1234
20130815	123	123	123	207.90521330925873	1234
20130815	123	123	123	210.00879084443767	1234
20130815	123	123	123	207.69476976689162	1234
20130815	123	123	123	206.877895412466	1234
20130815	123	123	123	199.81582031998903	1234
20130815	123	123	123	190.50310636518157	1234
20130815	123	123	123	212.41805268931594	1234
20130815	123	123	123	231.51591315031928	1234
20130815	123	123	123	247.80552154204784	1234
20130815	123	123	123	264.0910968886165	1234
20130815	123	123	123	265.30769230769226	1234
20130815	123	123	123	338.1398068500288	1234
20130815	123	123	123	362.5696496620398	1234
20130815	123	123	123	360.58379170013785	1234
20130815	123	123	123	391.86728045031157	1234
20130815	123	123	123	420.74410853989747	1234
20130815	123	123	123	412.92906652972505	1234
20130815	123	123	123	428.0000000000001	1234
20130815	123	123	123	458.87236540386925	1234
20130815	123	123	123	502.2222084594519	1234
20130815	123	123	123	492.9175371060594	1234
20130815	123	123	123	520.2536225232977	1234
20130815	123	123	123	519.5767220666754	1234
20130815	123	123	123	544.7543886230849	1234
20130815	123	123	123	555.0948306779113	1234
20130815	123	123	123	605.088393297314	1234
20130815	123	123	123	607.1907346090376	1234
20130815	123	123	123	623.9562091669593	1234
20130815	123	123	123	626.8461538461542	1234
20130815	123	123	123	658.0144247279574	1234
20130815	123	123	123	662.2265812345506	1234
20130815	123	123	123	620.3237859498645	1234
20130815	123	123	123	566.0428935520611	1234
20130815	123	123	123	590.5384615384614	1234
20130815	123	123	123	552.1899879283146	1234
20130815	123	123	123	524.8017156859872	1234
20130815	123	123	123	484.99050137198884	1234
20130815	123	123	123	472.3371792581155	1234
20130815	123	123	123	477.9684065299684	1234
20130815	123	123	123	455.21965927091765	1234
20130815	123	123	123	437.1348591535638	1234
20130815	123	123	123	409.69934827904825	1234
20130815	123	123	123	376.27460179338846	1234
20130815	123	123	123	364.50279855513514	1234
20130815	123	123	123	329.21810093299166	1234
20130815	123	123	123	330.24540048140796	1234
20130815	123	123	123	311.9011748504951	1234
20130815	123	123	123	289.14127127259604	1234
20130815	123	123	123	267.0832919493446	1234
20130815	123	123	123	253.46114371598574	1234
20130815	123	123	123	221.41165430592326	1234
20130815	123	123	123	221.2706699267404	1234
20130815	123	123	123	192.73991568690997	1234
20130815	123	123	123	194.39218777376735	1234
20130815	123	123	123	199.0052394548139	1234
20130815	123	123	123	200.93825073468375	1234
20130815	123	123	123	213.42248524994716	1234
20130815	123	123	123	214.51519569470335	1234
20130815	123	123	123	219.9200139062204	1234
20130815	123	123	123	224.18352888385462	1234
20130815	123	123	123	230.31104548892048	1234
20130815	123	123	123	231.60776106383614	1234
20130815	123	123	123	244.727029877423	1234
20130815	123	123	123	247.6877316931495	1234
20130815	123	123	123	249.3684864559551	1234
20130815	123	123	123	252.39761357075022	1234
20130815	123	123	123	256.3604120011658	1234
20130815	123	123	123	268.95411403854104	1234
20130815	123	123	123	263.0	1234
20130815	123	123	123	244.80016850296911	1234
20130815	123	123	123	248.66809175640677	1234
20130815	123	123	123	245.37729880389494	1234
20130815	123	123	123	239.88024492123208	1234
20130815	123	123	123	240.53846153846143	1234
20130815	123	123	123	233.43436422676112	1234
20130815	123	123	123	231.3323484193438	1234
20130815	123	123	123	225.24952060904533	1234
20130815	123	123	123	225.35137548489695	1234
20130815	123	123	123	209.83556889423252	1234
20130815	123	123	123	211.92703650118534	1234
20130815	123	123	123	208.11603813444495	1234
20130815	123	123	123	203.38014313335242	1234
20130815	123	123	123	198.91540811102917	1234
20130815	123	123	123	197.76625596526546	1234
20130815	123	123	123	196.78186954796655	1234
20130815	123	123	123	192.475578218551	1234
20130815	123	123	123	191.7811693806526	1234
20130815	123	123	123	190.0	1234
20130815	123	123	123	8.497773683688372	1234
20130815	123	123	123	13.760140470625208	1234
20130815	123	123	123	9.29117203066576	1234
20130815	123	123	123	7.263837840988603	1234
20130815	123	123	123	15.328442750407316	1234
20130815	123	123	123	5.027387353876806	1234
20130815	123	123	123	7.335695321252804	1234
20130815	123	123	123	14.461453657344643	1234
20130815	123	123	123	8.130132845265914	1234
20130815	123	123	123	3.3346724935259964	1234
20130815	123	123	123	15.769707332743678	1234
20130815	123	123	123	0.7569212397285829	1234
20130815	123	123	123	4.553352333172733	1234
20130815	123	123	123	4.318771275551418	1234
20130815	123	123	123	11.625984685033044	1234
20130815	123	123	123	18.32245260762646	1234
20130815	123	123	123	11.833604381009044	1234
20130815	123	123	123	2.897215806472846	1234
20130815	123	123	123	18.869097974059017	1234
20130815	123	123	123	2.210321017159731	1234
20130815	123	123	123	5.652681348323472	1234
20130815	123	123	123	17.374197939436094	1234
20130815	123	123	123	19.36872572003063	1234
20130815	123	123	123	12.983204455628245	1234
20130815	123	123	123	8.761868574281317	1234
20130815	123	123	123	19.025077820782265	1234
20130815	123	123	123	4.371262384733061	1234
20130815	123	123	123	7.300258428874615	1234
20130815	123	123	123	11.606431763059017	1234
20130815	123	123	123	15.106895017089705	1234