time startPrice highestPrice lowestPrice endPrice transactionCount
20130815	123	123	123	0.07344009876477875	1234
20130815	123	123	123	10.795179004860822	1234
20130815	123	123	123	12.684453104172322	1234
20130815	123	123	123	4.925806580107041	1234
20130815	123	123	123	7.099097913910444	1234
20130815	123	123	123	12.756085700327304	1234
20130815	123	123	123	16.605156989733022	1234
20130815	123	123	123	12.064901618908175	1234
20130815	123	123	123	7.962847177161258	1234
20130815	123	123	123	9.102822490454772	1234
20130815	123	123	123	13.986714261414424	1234
20130815	123	123	123	5.859985375986005	1234
20130815	123	123	123	17.42645654975947	1234
20130815	123	123	123	13.363125782575446	1234
20130815	123	123	123	11.880998065004693	1234
20130815	123	123	123	2.9510002959067494	1234
20130815	123	123	123	14.517979664632934	1234
20130815	123	123	123	13.366522633876464	1234
20130815	123	123	123	19.698003748026714	1234
20130815	123	123	123	13.39517009707625	1234
20130815	123	123	123	2.7858475982037167	1234
20130815	123	123	123	7.145323292933956	1234
20130815	123	123	123	14.098352032792285	1234
20130815	123	123	123	17.94232622962649	1234
20130815	123	123	123	17.782210839521873	1234
20130815	123	123	123	4.791821939556	1234
20130815	123	123	123	17.188350841348615	1234
20130815	123	123	123	16.619525148690894	1234
20130815	123	123	123	13.829365605654285	1234
20130815	123	123	123	19.736677625273366	1234
20130815	123	123	123	192.59864113936516	1234
20130815	123	123	123	205.06157372379437	1234
20130815	123	123	123	206.48102507458586	1234
20130815	123	123	123	206.76393131610305	1234
20130815	123	123	123	216.02664425048917	1234
20130815	123	123	123	223.28326265226877	1234
20130815	123	123	123	219.61538461538453	1234
20130815	123	123	123	222.57692307692298	1234
20130815	123	123	123	233.40299201498877	1234
20130815	123	123	123	237.90582106699244	1234
20130815	123	123	123	257.70893430822014	1234
20130815	123	123	123	255.69098565659291	1234
20130815	123	123	123	253.22074003366896	1234
20130815	123	123	123	255.69777432700047	1234
20130815	123	123	123	264.77537310577634	1234
20130815	123	123	123	258.757808438901	1234
20130815	123	123	123	257.5310735724559	1234
20130815	123	123	123	257.36582298384883	1234
20130815	123	123	123	251.40905774453853	1234
20130815	123	123	123	245.6189357583087	1234
20130815	123	123	123	247.07692307692304	1234
20130815	123	123	123	234.72035829542872	1234
20130815	123	123	123	230.8796514325983	1234
20130815	123	123	123	232.56321522154218	1234
20130815	123	123	123	227.15384615384616	1234
20130815	123	123	123	218.61123899073786	1234
20130815	123	123	123	215.45379668895745	1234
20130815	123	123	123	212.92307692307696	1234
20130815	123	123	123	209.4662833832019	1234
20130815	123	123	123	193.45365335837653	1234
20130815	123	123	123	192.87619206161648	1234
20130815	123	123	123	203.72515486441105	1234
20130815	123	123	123	211.07692307692307	1234
20130815	123	123	123	237.98372631356278	1234
20130815	123	123	123	247.2307692307692	1234
20130815	123	123	123	295.2800211813225	1234
20130815	123	123	123	308.28328184378944	1234
20130815	123	123	123	321.92211833034355	1234
20130815	123	123	123	323.1334038691891	1234
20130815	123	123	123	367.89357922877474	1234
20130815	123	123	123	356.86242545714856	1234
20130815	123	123	123	373.76923076923083	1234
20130815	123	123	123	394.5021184305999	1234
20130815	123	123	123	446.1082548045789	1234
20130815	123	123	123	461.1777580775773	1234
20130815	123	123	123	479.08207665383406	1234
20130815	123	123	123	476.19292671122804	1234
20130815	123	123	123	482.2307692307694	1234
20130815	123	123	123	500.3076923076925	1234
20130815	123	123	123	544.2831647689688	1234
20130815	123	123	123	550.0199585014354	1234
20130815	123	123	123	559.6118146426621	1234
20130815	123	123	123	604.9626604410646	1234
20130815	123	123	123	630.1161573160356	1234
20130815	123	123	123	629.4742643626302	1234
20130815	123	123	123	671.6335061298831	1234
20130815	123	123	123	643.3647786653432	1234
20130815	123	123	123	607.3929243583989	1234
20130815	123	123	123	626.3279632764269	1234
20130815	123	123	123	589.4617179153443	1234
20130815	123	123	123	550.6176022568422	1234
20130815	123	123	123	571.4830097580714	1234
20130815	123	123	123	519.1504951643182	1234
20130815	123	123	123	507.8183169565106	1234
20130815	123	123	123	506.29302696244804	1234
20130815	123	123	123	484.6216435586085	1234
20130815	123	123	123	463.57283738569623	1234
20130815	123	123	123	433.1322918909056	1234
20130815	123	123	123	439.1347922887801	1234
20130815	123	123	123	402.51991078546655	1234
20130815	123	123	123	371.7538616127319	1234
20130815	123	123	123	367.3460666614968	1234
20130815	123	123	123	324.52050322369416	1234
20130815	123	123	123	351.2222365098021	1234
20130815	123	123	123	336.91712950775735	1234
20130815	123	123	123	314.8029676648847	1234
20130815	123	123	123	273.4986653294664	1234
20130815	123	123	123	272.6651155396157	1234
20130815	123	123	123	220.16430302926378	1234
20130815	123	123	123	229.58637297070416	1234
20130815	123	123	123	228.23076923076866	1234
20130815	123	123	123	204.72722125606523	1234
20130815	123	123	123	196.6949526382474	1234
20130815	123	123	123	194.77894003696375	1234
20130815	123	123	123	202.46417747149636	1234
20130815	123	123	123	205.98289280189857	1234
20130815	123	123	123	207.58275690817553	1234
20130815	123	123	123	208.38461538461536	1234
20130815	123	123	123	211.11538461538458	1234
20130815	123	123	123	225.6961817973925	1234
20130815	123	123	123	229.7023361283345	1234
20130815	123	123	123	227.58987673349094	1234
20130815	123	123	123	230.93653144359362	1234
20130815	123	123	123	238.04429278928117	1234
20130815	123	123	123	239.67253182420092	1234
20130815	123	123	123	244.92104737623455	1234
20130815	123	123	123	244.87563063150904	1234
20130815	123	123	123	251.61602641948218	1234
20130815	123	123	123	249.50401841484546	1234
20130815	123	123	123	257.77874151369167	1234
20130815	123	123	123	261.04180983756345	1234
20130815	123	123	123	257.3714483000294	1234
20130815	123	123	123	257.1230505401894	1234
20130815	123	123	123	249.86996228794462	1234
20130815	123	123	123	224.53793767343842	1234
20130815	123	123	123	232.50631161919083	1234
20130815	123	123	123	226.94174232958673	1234
20130815	123	123	123	228.35633538234302	1234
20130815	123	123	123	225.5230968134938	1234
20130815	123	123	123	218.53824622949674	1234
20130815	123	123	123	220.57247239879862	1234
20130815	123	123	123	218.07692307692287	1234
20130815	123	123	123	215.2439791575432	1234
20130815	123	123	123	208.5222800457905	1234
20130815	123	123	123	197.65721862113924	1234
20130815	123	123	123	199.20470073789167	1234
20130815	123	123	123	195.6574290176692	1234
20130815	123	123	123	192.53899761392643	1234
20130815	123	123	123	190.14889864701624	1234
20130815	123	123	123	190.0	1234
20130815	123	123	123	2.151519533283983	1234
20130815	123	123	123	15.498140567874373	1234
20130815	123	123	123	7.064506028629576	1234
20130815	123	123	123	1.7610919603833608	1234
20130815	123	123	123	19.454400787789638	1234
20130815	123	123	123	3.9267460694076695	1234
20130815	123	123	123	9.82444491149488	1234
20130815	123	123	123	11.028066625544259	1234
20130815	123	123	123	18.89337465461024	1234
20130815	123	123	123	8.048274976113435	1234
20130815	123	123	123	2.6233551282466827	1234
20130815	123	123	123	17.51566849712222	1234
20130815	123	123	123	8.003115853966687	1234
20130815	123	123	123	8.08008947870141	1234
20130815	123	123	123	14.292993575952808	1234
20130815	123	123	123	13.457901941617633	1234
20130815	123	123	123	15.726218160885907	1234
20130815	123	123	123	16.620761814116463	1234
20130815	123	123	123	18.296263784030987	1234
20130815	123	123	123	7.746428242991943	1234
20130815	123	123	123	1.7474389656591427	1234
20130815	123	123	123	13.157506009947946	1234
20130815	123	123	123	3.7913968468990955	1234
20130815	123	123	123	10.71903929210762	1234
20130815	123	123	123	6.524907624731311	1234
20130815	123	123	123	15.983378620450072	1234
20130815	123	123	123	3.7154221773011953	1234
20130815	123	123	123	15.358443376415616	1234
20130815	123	123	123	14.804547841472422	1234
20130815	123	123	123	6.893501872576118	1234