time startPrice highestPrice lowestPrice endPrice transactionCount
20130815	123	123	123	13.704243162864511	1234
20130815	123	123	123	2.0958667756944283	1234
20130815	123	123	123	16.079725468284952	1234
20130815	123	123	123	13.624295582252916	1234
20130815	123	123	123	19.57570340235608	1234
20130815	123	123	123	8.925015898808459	1234
20130815	123	123	123	16.893644807539697	1234
20130815	123	123	123	11.492598054071319	1234
20130815	123	123	123	12.523340411944677	1234
20130815	123	123	123	7.00914626234546	1234
20130815	123	123	123	6.62843696473465	1234
20130815	123	123	123	4.811219356757146	1234
20130815	123	123	123	9.349629148522338	1234
20130815	123	123	123	16.797709028597748	1234
20130815	123	123	123	4.6399560230634584	1234
20130815	123	123	123	3.766268367889487	1234
20130815	123	123	123	10.554029653156547	1234
20130815	123	123	123	5.85570835937906	1234
20130815	123	123	123	11.322221351174921	1234
20130815	123	123	123	4.27631917735241	1234
20130815	123	123	123	11.118237709478283	1234
20130815	123	123	123	10.301956479927206	1234
20130815	123	123	123	9.80305187826261	1234
20130815	123	123	123	5.612124767645323	1234
20130815	123	123	123	5.791191619584044	1234
20130815	123	123	123	18.106858162018877	1234
20130815	123	123	123	3.2908921837386207	1234
20130815	123	123	123	18.4320747212255	1234
20130815	123	123	123	12.333924167601346	1234
20130815	123	123	123	15.370944311970675	1234
20130815	123	123	123	190.5721272206393	1234
20130815	123	123	123	194.0214846386238	1234
20130815	123	123	123	197.77477299150678	1234
20130815	123	123	123	201.33462394049474	1234
20130815	123	123	123	201.990098833219	1234
20130815	123	123	123	213.15321240101704	1234
20130815	123	123	123	210.73076923076917	1234
20130815	123	123	123	214.14160420964336	1234
20130815	123	123	123	216.89681811597993	1234
20130815	123	123	123	230.59960488124437	1234
20130815	123	123	123	247.13612292699386	1234
20130815	123	123	123	243.18239520979668	1234
20130815	123	123	123	244.94381649435195	1234
20130815	123	123	123	248.6295336956169	1234
20130815	123	123	123	252.5048124168481	1234
20130815	123	123	123	253.28403252856953	1234
20130815	123	123	123	283.7226946719908	1234
20130815	123	123	123	263.8146416322326	1234
20130815	123	123	123	263.8236798342321	1234
20130815	123	123	123	254.34204193211303	1234
20130815	123	123	123	253.6630951321327	1234
20130815	123	123	123	226.13845384498546	1234
20130815	123	123	123	237.75374201036263	1234
20130815	123	123	123	230.48654163013984	1234
20130815	123	123	123	225.62926056629956	1234
20130815	123	123	123	225.75545804356693	1234
20130815	123	123	123	223.14284721257582	1234
20130815	123	123	123	218.2778569643843	1234
20130815	123	123	123	211.91068826269836	1234
20130815	123	123	123	201.4432879178218	1234
20130815	123	123	123	201.2839085232665	1234
20130815	123	123	123	194.1264078054078	1234
20130815	123	123	123	235.77096187739122	1234
20130815	123	123	123	217.18776698318482	1234
20130815	123	123	123	229.15384615384613	1234
20130815	123	123	123	261.07239834320296	1234
20130815	123	123	123	280.589839844137	1234
20130815	123	123	123	311.3760122655371	1234
20130815	123	123	123	316.99200868540055	1234
20130815	123	123	123	325.8255902796381	1234
20130815	123	123	123	343.22125348291473	1234
20130815	123	123	123	356.23721258452855	1234
20130815	123	123	123	377.06758787779125	1234
20130815	123	123	123	413.53475233657224	1234
20130815	123	123	123	423.1969001740537	1234
20130815	123	123	123	449.2146739752383	1234
20130815	123	123	123	464.4970370748539	1234
20130815	123	123	123	492.0374328313448	1234
20130815	123	123	123	521.3130433270361	1234
20130815	123	123	123	505.5953091148418	1234
20130815	123	123	123	528.2502097995914	1234
20130815	123	123	123	542.2141202666517	1234
20130815	123	123	123	556.6214665576525	1234
20130815	123	123	123	597.4038043676819	1234
20130815	123	123	123	601.773070669493	1234
20130815	123	123	123	614.6298085270631	1234
20130815	123	123	123	628.3548322581963	1234
20130815	123	123	123	660.3178084635719	1234
20130815	123	123	123	617.3708962828183	1234
20130815	123	123	123	620.974907245797	1234
20130815	123	123	123	626.7692307692307	1234
20130815	123	123	123	595.4133542521068	1234
20130815	123	123	123	578.1814800895354	1234
20130815	123	123	123	510.48767703261973	1234
20130815	123	123	123	503.6018919145025	1234
20130815	123	123	123	496.2908820786719	1234
20130815	123	123	123	480.5816539796226	1234
20130815	123	123	123	440.2209490713946	1234
20130815	123	123	123	434.6211240205678	1234
20130815	123	123	123	427.49999999999966	1234
20130815	123	123	123	409.384615384615	1234
20130815	123	123	123	390.9577340566737	1234
20130815	123	123	123	350.0225997278816	1234
20130815	123	123	123	338.8841964563318	1234
20130815	123	123	123	315.22172248185234	1234
20130815	123	123	123	314.8253349443944	1234
20130815	123	123	123	286.93056855697097	1234
20130815	123	123	123	280.3790730444239	1234
20130815	123	123	123	263.96758422606064	1234
20130815	123	123	123	246.34615384615327	1234
20130815	123	123	123	224.76728732925108	1234
20130815	123	123	123	210.11538461538404	1234
20130815	123	123	123	194.4060499235337	1234
20130815	123	123	123	198.74196572280812	1234
20130815	123	123	123	202.65127377641966	1234
20130815	123	123	123	202.84684061324467	1234
20130815	123	123	123	205.99917524912257	1234
20130815	123	123	123	206.7469291221238	1234
20130815	123	123	123	212.97738105841344	1234
20130815	123	123	123	217.10612091065968	1234
20130815	123	123	123	221.40303173785554	1234
20130815	123	123	123	227.24996783580326	1234
20130815	123	123	123	234.68829269673816	1234
20130815	123	123	123	233.63591350310813	1234
20130815	123	123	123	240.43620973241602	1234
20130815	123	123	123	245.50312767858296	1234
20130815	123	123	123	247.1202978064652	1234
20130815	123	123	123	251.6051575142766	1234
20130815	123	123	123	252.07692307692298	1234
20130815	123	123	123	256.273405530682	1234
20130815	123	123	123	270.54657485535705	1234
20130815	123	123	123	262.9376704237323	1234
20130815	123	123	123	255.78590169983556	1234
20130815	123	123	123	250.91221253724473	1234
20130815	123	123	123	242.83858310000033	1234
20130815	123	123	123	242.56319993707757	1234
20130815	123	123	123	236.24845381659296	1234
20130815	123	123	123	228.8265086586986	1234
20130815	123	123	123	226.54147694667301	1234
20130815	123	123	123	224.7749199690586	1234
20130815	123	123	123	223.53138143373744	1234
20130815	123	123	123	220.40252652857353	1234
20130815	123	123	123	216.62142116657432	1234
20130815	123	123	123	210.0192118281251	1234
20130815	123	123	123	211.44034816742902	1234
20130815	123	123	123	202.5320268382317	1234
20130815	123	123	123	194.67058386631103	1234
20130815	123	123	123	198.42307692307662	1234
20130815	123	123	123	185.69354571710983	1234
20130815	123	123	123	190.0	1234
20130815	123	123	123	16.112983503547632	1234
20130815	123	123	123	10.26281617428975	1234
20130815	123	123	123	6.1257454591544525	1234
20130815	123	123	123	10.553020457388655	1234
20130815	123	123	123	10.488953406043688	1234
20130815	123	123	123	5.864614748635186	1234
20130815	123	123	123	2.599654300563725	1234
20130815	123	123	123	3.589468493591199	1234
20130815	123	123	123	18.21279590076682	1234
20130815	123	123	123	18.45618561696628	1234
20130815	123	123	123	0.16627808076694617	1234
20130815	123	123	123	16.943877087736364	1234
20130815	123	123	123	16.670119809811336	1234
20130815	123	123	123	14.433881046770232	1234
20130815	123	123	123	5.6020477487559734	1234
20130815	123	123	123	13.848845297106786	1234
20130815	123	123	123	11.996454671563743	1234
20130815	123	123	123	9.005282405874995	1234
20130815	123	123	123	6.318729314078966	1234
20130815	123	123	123	15.349457554026895	1234
20130815	123	123	123	8.686303273081881	1234
20130815	123	123	123	13.067392625547082	1234
20130815	123	123	123	9.497822363019615	1234
20130815	123	123	123	12.230580806646671	1234
20130815	123	123	123	4.591544048308309	1234
20130815	123	123	123	2.694787816686144	1234
20130815	123	123	123	16.764759281098463	1234
20130815	123	123	123	10.507796713136212	1234
20130815	123	123	123	13.001683146175642	1234
20130815	123	123	123	1.7632408755187323	1234