time startPrice highestPrice lowestPrice endPrice transactionCount
20130815	123	123	123	7.36807792351409	1234
20130815	123	123	123	12.635582338011623	1234
20130815	123	123	123	18.790755766921013	1234
20130815	123	123	123	4.583114349671346	1234
20130815	123	123	123	16.372758087503875	1234
20130815	123	123	123	12.870251219818735	1234
20130815	123	123	123	16.98578653048981	1234
20130815	123	123	123	5.793526917416116	1234
20130815	123	123	123	18.285486020227385	1234
20130815	123	123	123	16.46091941885288	1234
20130815	123	123	123	2.493110884304408	1234
20130815	123	123	123	16.20466058146562	1234
20130815	123	123	123	5.2444797126271965	1234
20130815	123	123	123	6.69786907618515	1234
20130815	123	123	123	19.506438019506632	1234
20130815	123	123	123	11.34685842899543	1234
20130815	123	123	123	8.532976741572224	1234
20130815	123	123	123	11.74862610542866	1234
20130815	123	123	123	6.914723501676294	1234
20130815	123	123	123	17.355721491344294	1234
20130815	123	123	123	18.658097407855742	1234
20130815	123	123	123	13.576017343466651	1234
20130815	123	123	123	13.667944093195137	1234
20130815	123	123	123	19.513090734057357	1234
20130815	123	123	123	15.816307626151108	1234
20130815	123	123	123	17.14654256243499	1234
20130815	123	123	123	7.839106533916691	1234
20130815	123	123	123	11.245887246508934	1234
20130815	123	123	123	0.5532206568176989	1234
20130815	123	123	123	17.55418532547498	1234
20130815	123	123	123	194.42637615513786	1234
20130815	123	123	123	199.5157982511782	1234
20130815	123	123	123	197.02224629622773	1234
20130815	123	123	123	209.3003630181996	1234
20130815	123	123	123	209.04163235443608	1234
20130815	123	123	123	210.08947367546733	1234
20130815	123	123	123	210.73076923076917	1234
20130815	123	123	123	217.87637535823507	1234
20130815	123	123	123	218.36201337870773	1234
20130815	123	123	123	222.85941826003003	1234
20130815	123	123	123	229.3470044206137	1234
20130815	123	123	123	229.8376922411042	1234
20130815	123	123	123	234.05677491437532	1234
20130815	123	123	123	242.6365616819566	1234
20130815	123	123	123	243.5929173780544	1234
20130815	123	123	123	245.49834139865135	1234
20130815	123	123	123	246.6336915829821	1234
20130815	123	123	123	275.45581130705096	1234
20130815	123	123	123	263.9532256708231	1234
20130815	123	123	123	262.55412194857996	1234
20130815	123	123	123	254.5544182834044	1234
20130815	123	123	123	258.4615384615384	1234
20130815	123	123	123	249.7223760227766	1234
20130815	123	123	123	242.79663981807988	1234
20130815	123	123	123	238.53329231163687	1234
20130815	123	123	123	233.46397948143624	1234
20130815	123	123	123	230.0239422204366	1234
20130815	123	123	123	227.9263998900615	1234
20130815	123	123	123	221.36121337122378	1234
20130815	123	123	123	221.15643077252255	1234
20130815	123	123	123	204.59170229704597	1234
20130815	123	123	123	207.55063993997464	1234
20130815	123	123	123	208.6535855647328	1234
20130815	123	123	123	203.91189976637668	1234
20130815	123	123	123	200.26527320805226	1234
20130815	123	123	123	227.86633050323582	1234
20130815	123	123	123	219.75999357722225	1234
20130815	123	123	123	244.3543794175246	1234
20130815	123	123	123	247.2307692307692	1234
20130815	123	123	123	276.20524525834776	1234
20130815	123	123	123	284.25658766792355	1234
20130815	123	123	123	323.41969434894463	1234
20130815	123	123	123	342.3224330660611	1234
20130815	123	123	123	356.84896828808036	1234
20130815	123	123	123	373.6957058969886	1234
20130815	123	123	123	404.130259649614	1234
20130815	123	123	123	391.8461538461539	1234
20130815	123	123	123	431.7185993682022	1234
20130815	123	123	123	465.4064643242551	1234
20130815	123	123	123	493.38449752648137	1234
20130815	123	123	123	482.2307692307694	1234
20130815	123	123	123	531.1866376297371	1234
20130815	123	123	123	523.091693708777	1234
20130815	123	123	123	555.6556652525895	1234
20130815	123	123	123	554.6302718289235	1234
20130815	123	123	123	593.6155336446817	1234
20130815	123	123	123	590.692307692308	1234
20130815	123	123	123	608.7692307692311	1234
20130815	123	123	123	638.3074452018852	1234
20130815	123	123	123	671.6357804045641	1234
20130815	123	123	123	655.2897751726802	1234
20130815	123	123	123	637.6185687846664	1234
20130815	123	123	123	621.4805623361395	1234
20130815	123	123	123	597.1396642481504	1234
20130815	123	123	123	583.0377107249594	1234
20130815	123	123	123	564.3709926211019	1234
20130815	123	123	123	547.0193811970183	1234
20130815	123	123	123	528.85437821913	1234
20130815	123	123	123	495.0754051132045	1234
20130815	123	123	123	467.0522604903673	1234
20130815	123	123	123	451.8060451857753	1234
20130815	123	123	123	427.19620339968264	1234
20130815	123	123	123	427.49999999999966	1234
20130815	123	123	123	360.0390751330796	1234
20130815	123	123	123	352.58696734188476	1234
20130815	123	123	123	351.789188103316	1234
20130815	123	123	123	353.06514491042657	1234
20130815	123	123	123	306.58760371583753	1234
20130815	123	123	123	282.13927189664014	1234
20130815	123	123	123	282.5769230769225	1234
20130815	123	123	123	244.55248835467768	1234
20130815	123	123	123	208.3948168315005	1234
20130815	123	123	123	226.61698013267988	1234
20130815	123	123	123	190.21093598454172	1234
20130815	123	123	123	204.58762666396984	1234
20130815	123	123	123	205.8269600555712	1234
20130815	123	123	123	207.4754568315413	1234
20130815	123	123	123	215.8380583298971	1234
20130815	123	123	123	213.8461538461538	1234
20130815	123	123	123	220.6261387242062	1234
20130815	123	123	123	219.30769230769226	1234
20130815	123	123	123	223.28479082572096	1234
20130815	123	123	123	231.72977959316677	1234
20130815	123	123	123	242.34957411450986	1234
20130815	123	123	123	236.39306098173927	1234
20130815	123	123	123	237.8780529751255	1234
20130815	123	123	123	238.42307692307685	1234
20130815	123	123	123	241.45094343662032	1234
20130815	123	123	123	247.17736333954946	1234
20130815	123	123	123	256.66327518089645	1234
20130815	123	123	123	260.30348019843603	1234
20130815	123	123	123	261.4142545347225	1234
20130815	123	123	123	253.8197670336867	1234
20130815	123	123	123	251.6135849560272	1234
20130815	123	123	123	248.9428766624208	1234
20130815	123	123	123	241.86227402950072	1234
20130815	123	123	123	241.24876905219682	1234
20130815	123	123	123	235.04052047033227	1234
20130815	123	123	123	228.95474479125147	1234
20130815	123	123	123	226.94054392504955	1234
20130815	123	123	123	224.5753214687307	1234
20130815	123	123	123	217.3486885911729	1234
20130815	123	123	123	211.74422120461134	1234
20130815	123	123	123	215.26923076923055	1234
20130815	123	123	123	201.40673157966523	1234
20130815	123	123	123	196.8929139705556	1234
20130815	123	123	123	196.4303880090731	1234
20130815	123	123	123	194.44029079332165	1234
20130815	123	123	123	191.44488966000566	1234
20130815	123	123	123	190.0	1234
20130815	123	123	123	10.33280152773058	1234
20130815	123	123	123	6.178636200919931	1234
20130815	123	123	123	2.491885839319641	1234
20130815	123	123	123	19.657442621040335	1234
20130815	123	123	123	16.319534023225664	1234
20130815	123	123	123	19.37065811916636	1234
20130815	123	123	123	6.195113072541489	1234
20130815	123	123	123	19.92500939564066	1234
20130815	123	123	123	2.728955990657629	1234
20130815	123	123	123	15.52906307771088	1234
20130815	123	123	123	7.543792365897637	1234
20130815	123	123	123	13.408200986089584	1234
20130815	123	123	123	18.514034941670317	1234
20130815	123	123	123	1.7738401270926163	1234
20130815	123	123	123	1.4545728596285445	1234
20130815	123	123	123	0.10587128250223232	1234
20130815	123	123	123	15.902108326543058	1234
20130815	123	123	123	10.441496594773913	1234
20130815	123	123	123	2.3266727336373982	1234
20130815	123	123	123	14.460221965367461	1234
20130815	123	123	123	5.477664019282658	1234
20130815	123	123	123	13.448851303303154	1234
20130815	123	123	123	12.298994431180851	1234
20130815	123	123	123	9.319564515161336	1234
20130815	123	123	123	5.695607584106881	1234
20130815	123	123	123	13.898743229359603	1234
20130815	123	123	123	19.215128749477177	1234
20130815	123	123	123	11.426753148150247	1234
20130815	123	123	123	8.302674263596328	1234
20130815	123	123	123	12.894575898764701	1234