time startPrice highestPrice lowestPrice endPrice transactionCount
20130815	123	123	123	8.69624048357382	1234
20130815	123	123	123	1.1153111422573314	1234
20130815	123	123	123	19.081628880513147	1234
20130815	123	123	123	4.7952480341894415	1234
20130815	123	123	123	14.387164286616416	1234
20130815	123	123	123	19.49519877766918	1234
20130815	123	123	123	13.12758706492977	1234
20130815	123	123	123	3.8041844220871424	1234
20130815	123	123	123	7.58708778778386	1234
20130815	123	123	123	4.299244129393203	1234
20130815	123	123	123	3.8594326753414365	1234
20130815	123	123	123	6.496958558137937	1234
20130815	123	123	123	10.116052082904423	1234
20130815	123	123	123	7.712884569250762	1234
20130815	123	123	123	18.836719555853996	1234
20130815	123	123	123	4.591454630841712	1234
20130815	123	123	123	5.202051786702353	1234
20130815	123	123	123	6.267514955609148	1234
20130815	123	123	123	3.1791125475727156	1234
20130815	123	123	123	4.024623427977049	1234
20130815	123	123	123	4.847286178462964	1234
20130815	123	123	123	10.64715487129368	1234
20130815	123	123	123	3.090216818760594	1234
20130815	123	123	123	14.708311558196343	1234
20130815	123	123	123	17.862381691000728	1234
20130815	123	123	123	15.6420046479713	1234
20130815	123	123	123	0.8297154122811778	1234
20130815	123	123	123	10.02334588876463	1234
20130815	123	123	123	10.348982349712593	1234
20130815	123	123	123	5.002912914994296	1234
20130815	123	123	123	193.3708212878604	1234
20130815	123	123	123	196.165755754145	1234
20130815	123	123	123	197.52598237332484	1234
20130815	123	123	123	205.48714346486793	1234
20130815	123	123	123	209.85808501667205	1234
20130815	123	123	123	214.7831850834036	1234
20130815	123	123	123	218.9045620946889	1234
20130815	123	123	123	220.88487647113973	1234
20130815	123	123	123	225.89936583420504	1234
20130815	123	123	123	222.57692307692298	1234
20130815	123	123	123	233.00113477781827	1234
20130815	123	123	123	234.4230769230768	1234
20130815	123	123	123	237.38461538461524	1234
20130815	123	123	123	255.70562585064903	1234
20130815	123	123	123	249.4335227161898	1234
20130815	123	123	123	249.23076923076906	1234
20130815	123	123	123	255.75029427648423	1234
20130815	123	123	123	267.25651602613266	1234
20130815	123	123	123	265.9148435613532	1234
20130815	123	123	123	263.5372124344304	1234
20130815	123	123	123	257.32929566106793	1234
20130815	123	123	123	250.72703599708896	1234
20130815	123	123	123	255.61538461538456	1234
20130815	123	123	123	248.01593168738128	1234
20130815	123	123	123	249.92307692307688	1234
20130815	123	123	123	239.41518657453005	1234
20130815	123	123	123	239.70935647751287	1234
20130815	123	123	123	233.89177510031087	1234
20130815	123	123	123	233.93011577455908	1234
20130815	123	123	123	230.12368675839107	1234
20130815	123	123	123	218.37774576871726	1234
20130815	123	123	123	218.28426034346734	1234
20130815	123	123	123	190.01959749329626	1234
20130815	123	123	123	200.1327060834802	1234
20130815	123	123	123	199.21671215863392	1234
20130815	123	123	123	197.17040482670265	1234
20130815	123	123	123	195.84615384615392	1234
20130815	123	123	123	226.61007294617713	1234
20130815	123	123	123	211.07692307692307	1234
20130815	123	123	123	239.04303792920746	1234
20130815	123	123	123	247.69576105022898	1234
20130815	123	123	123	287.85747106494006	1234
20130815	123	123	123	306.1593492309668	1234
20130815	123	123	123	340.8681788219957	1234
20130815	123	123	123	348.28174914681483	1234
20130815	123	123	123	364.6447658003613	1234
20130815	123	123	123	373.76923076923083	1234
20130815	123	123	123	420.2707879223166	1234
20130815	123	123	123	421.46148486561503	1234
20130815	123	123	123	448.3134554697637	1234
20130815	123	123	123	466.03192881756706	1234
20130815	123	123	123	464.1538461538463	1234
20130815	123	123	123	486.9126353244749	1234
20130815	123	123	123	532.0584546256566	1234
20130815	123	123	123	523.9329756586915	1234
20130815	123	123	123	550.4520011752755	1234
20130815	123	123	123	569.4743222548353	1234
20130815	123	123	123	580.9955396074074	1234
20130815	123	123	123	600.1921645745375	1234
20130815	123	123	123	617.6373021286138	1234
20130815	123	123	123	661.306797814503	1234
20130815	123	123	123	655.0430684926142	1234
20130815	123	123	123	663.0	1234
20130815	123	123	123	639.5476030904081	1234
20130815	123	123	123	592.5727427239561	1234
20130815	123	123	123	563.3869863324101	1234
20130815	123	123	123	584.0580159415595	1234
20130815	123	123	123	547.7944187761129	1234
20130815	123	123	123	552.8829378622394	1234
20130815	123	123	123	519.0823515796797	1234
20130815	123	123	123	504.67222669709156	1234
20130815	123	123	123	493.5062979429025	1234
20130815	123	123	123	475.69360788173367	1234
20130815	123	123	123	445.324321245826	1234
20130815	123	123	123	445.6153846153843	1234
20130815	123	123	123	426.43592442871676	1234
20130815	123	123	123	402.4763032707966	1234
20130815	123	123	123	391.2692307692304	1234
20130815	123	123	123	359.22326776323473	1234
20130815	123	123	123	303.57421213280435	1234
20130815	123	123	123	318.8076923076918	1234
20130815	123	123	123	286.21556773253815	1234
20130815	123	123	123	270.06736196659915	1234
20130815	123	123	123	224.21332362869424	1234
20130815	123	123	123	246.34615384615327	1234
20130815	123	123	123	214.76903695715802	1234
20130815	123	123	123	187.9199543978068	1234
20130815	123	123	123	196.82814401254385	1234
20130815	123	123	123	199.36488002017867	1234
20130815	123	123	123	197.57863724558757	1234
20130815	123	123	123	203.49233355746617	1234
20130815	123	123	123	204.99246919571502	1234
20130815	123	123	123	205.65384615384613	1234
20130815	123	123	123	209.5126474670883	1234
20130815	123	123	123	213.2916900455691	1234
20130815	123	123	123	213.8461538461538	1234
20130815	123	123	123	219.85615036649384	1234
20130815	123	123	123	222.51133888669972	1234
20130815	123	123	123	225.29839267046881	1234
20130815	123	123	123	239.1581466456703	1234
20130815	123	123	123	241.15384615384608	1234
20130815	123	123	123	243.8846153846153	1234
20130815	123	123	123	259.59507674312823	1234
20130815	123	123	123	266.0856694693507	1234
20130815	123	123	123	244.95485235938017	1234
20130815	123	123	123	246.41461451312975	1234
20130815	123	123	123	244.8717975522155	1234
20130815	123	123	123	241.67828223391882	1234
20130815	123	123	123	236.12433028402734	1234
20130815	123	123	123	237.7523641132133	1234
20130815	123	123	123	209.1236430481073	1234
20130815	123	123	123	223.93267764724283	1234
20130815	123	123	123	211.85581822938536	1234
20130815	123	123	123	208.8065889414767	1234
20130815	123	123	123	202.26967889614093	1234
20130815	123	123	123	204.03846153846126	1234
20130815	123	123	123	197.0843816309062	1234
20130815	123	123	123	195.5133555036014	1234
20130815	123	123	123	191.67518509918955	1234
20130815	123	123	123	190.0	1234
20130815	123	123	123	0.6192845990246876	1234
20130815	123	123	123	4.839100323354266	1234
20130815	123	123	123	16.602510196897686	1234
20130815	123	123	123	6.048440332738307	1234
20130815	123	123	123	5.221673868241994	1234
20130815	123	123	123	17.505942687688904	1234
20130815	123	123	123	17.723303919294562	1234
20130815	123	123	123	7.098864835228806	1234
20130815	123	123	123	6.311229603299187	1234
20130815	123	123	123	6.053093263651059	1234
20130815	123	123	123	17.66575053590553	1234
20130815	123	123	123	7.159121193395852	1234
20130815	123	123	123	18.258057560124698	1234
20130815	123	123	123	1.7346035824746031	1234
20130815	123	123	123	12.021426436202521	1234
20130815	123	123	123	1.7453288407182588	1234
20130815	123	123	123	14.576926104973547	1234
20130815	123	123	123	4.101309651008165	1234
20130815	123	123	123	3.523682041436136	1234
20130815	123	123	123	1.3472205840612816	1234
20130815	123	123	123	19.04590858598618	1234
20130815	123	123	123	10.936772545240656	1234
20130815	123	123	123	10.07749448853855	1234
20130815	123	123	123	9.741432709526212	1234
20130815	123	123	123	19.37868199192745	1234
20130815	123	123	123	13.680373380933082	1234
20130815	123	123	123	16.059837293875372	1234
20130815	123	123	123	18.2182841864616	1234
20130815	123	123	123	10.338294295877668	1234
20130815	123	123	123	14.370890089160275	1234