time startPrice highestPrice lowestPrice endPrice transactionCount
20130815	123	123	123	0.7178941181709608	1234
20130815	123	123	123	6.434367640523561	1234
20130815	123	123	123	15.55574218054179	1234
20130815	123	123	123	10.329894963377878	1234
20130815	123	123	123	7.601677212001934	1234
20130815	123	123	123	0.18281854965638722	1234
20130815	123	123	123	8.536548130447695	1234
20130815	123	123	123	18.366563260498555	1234
20130815	123	123	123	11.949257408804533	1234
20130815	123	123	123	19.77474905535442	1234
20130815	123	123	123	14.898028020313328	1234
20130815	123	123	123	19.11806804313263	1234
20130815	123	123	123	9.041397975493	1234
20130815	123	123	123	15.926245708977717	1234
20130815	123	123	123	5.206807356585776	1234
20130815	123	123	123	15.101568928019615	1234
20130815	123	123	123	2.251706649186205	1234
20130815	123	123	123	1.4274735240614378	1234
20130815	123	123	123	15.536013113679894	1234
20130815	123	123	123	2.6824103122070797	1234
20130815	123	123	123	17.831820378813024	1234
20130815	123	123	123	12.418272720245337	1234
20130815	123	123	123	15.675495843489859	1234
20130815	123	123	123	11.069265206340795	1234
20130815	123	123	123	15.710026552748069	1234
20130815	123	123	123	5.458828840409462	1234
20130815	123	123	123	11.225662976066566	1234
20130815	123	123	123	1.1293138615295906	1234
20130815	123	123	123	0.7008964041784549	1234
20130815	123	123	123	9.95414292557929	1234
20130815	123	123	123	197.613715950141	1234
20130815	123	123	123	198.54186761933553	1234
20130815	123	123	123	200.98937597292857	1234
20130815	123	123	123	209.63431132419885	1234
20130815	123	123	123	208.73689734262848	1234
20130815	123	123	123	212.86629722488644	1234
20130815	123	123	123	215.8935182741473	1234
20130815	123	123	123	221.0600073324364	1234
20130815	123	123	123	221.49430978176335	1234
20130815	123	123	123	226.06184324887602	1234
20130815	123	123	123	226.94639044440936	1234
20130815	123	123	123	231.70226604265207	1234
20130815	123	123	123	262.76964658933446	1234
20130815	123	123	123	253.12943770449948	1234
20130815	123	123	123	259.9847252444497	1234
20130815	123	123	123	261.96490065708036	1234
20130815	123	123	123	265.0615878364865	1234
20130815	123	123	123	260.64201712907	1234
20130815	123	123	123	260.7391511871152	1234
20130815	123	123	123	256.1918430232903	1234
20130815	123	123	123	251.3116216991471	1234
20130815	123	123	123	245.3009189197383	1234
20130815	123	123	123	230.27854715555333	1234
20130815	123	123	123	238.25487525330473	1234
20130815	123	123	123	231.60733238263688	1234
20130815	123	123	123	230.1664213451714	1234
20130815	123	123	123	225.48487341731305	1234
20130815	123	123	123	223.15163540127912	1234
20130815	123	123	123	219.28155372045916	1234
20130815	123	123	123	214.87882685767883	1234
20130815	123	123	123	203.03914537903506	1234
20130815	123	123	123	203.6152181983551	1234
20130815	123	123	123	198.74814292203425	1234
20130815	123	123	123	195.84615384615392	1234
20130815	123	123	123	200.82486151688815	1234
20130815	123	123	123	253.1150839034209	1234
20130815	123	123	123	269.53078564030653	1234
20130815	123	123	123	259.88835708899785	1234
20130815	123	123	123	294.72936161845837	1234
20130815	123	123	123	287.77653669109725	1234
20130815	123	123	123	318.6060764549933	1234
20130815	123	123	123	319.53846153846155	1234
20130815	123	123	123	340.949216622178	1234
20130815	123	123	123	364.95935464816114	1234
20130815	123	123	123	387.08006443541603	1234
20130815	123	123	123	433.4658198740615	1234
20130815	123	123	123	415.4557267356474	1234
20130815	123	123	123	433.5257568654587	1234
20130815	123	123	123	454.74727805577436	1234
20130815	123	123	123	464.30013710368996	1234
20130815	123	123	123	483.18377879318837	1234
20130815	123	123	123	504.3893474794232	1234
20130815	123	123	123	538.0996852277011	1234
20130815	123	123	123	583.990813809666	1234
20130815	123	123	123	577.4193082124407	1234
20130815	123	123	123	591.2489825265594	1234
20130815	123	123	123	591.7072287672664	1234
20130815	123	123	123	608.7692307692311	1234
20130815	123	123	123	654.4458805316026	1234
20130815	123	123	123	658.4502802151435	1234
20130815	123	123	123	643.2382774272253	1234
20130815	123	123	123	633.7287162072261	1234
20130815	123	123	123	601.5555830085374	1234
20130815	123	123	123	576.6073586933246	1234
20130815	123	123	123	564.620489301616	1234
20130815	123	123	123	548.5929132537531	1234
20130815	123	123	123	508.429565179974	1234
20130815	123	123	123	513.6695557729298	1234
20130815	123	123	123	481.68795907783925	1234
20130815	123	123	123	461.38110396174363	1234
20130815	123	123	123	355.9928108623855	1234
20130815	123	123	123	333.0190579584146	1234
20130815	123	123	123	331.89127203506496	1234
20130815	123	123	123	349.86404785891847	1234
20130815	123	123	123	329.05872240172266	1234
20130815	123	123	123	311.1857213745096	1234
20130815	123	123	123	287.01318943776306	1234
20130815	123	123	123	274.0224887263647	1234
20130815	123	123	123	246.0365792073595	1234
20130815	123	123	123	206.50197152153407	1234
20130815	123	123	123	207.50975711592497	1234
20130815	123	123	123	191.84991614695787	1234
20130815	123	123	123	192.6829653351198	1234
20130815	123	123	123	200.82665054979952	1234
20130815	123	123	123	205.9120650582613	1234
20130815	123	123	123	230.02486262844013	1234
20130815	123	123	123	217.58656541324333	1234
20130815	123	123	123	220.91478486091333	1234
20130815	123	123	123	238.48980983059568	1234
20130815	123	123	123	234.38334741549414	1234
20130815	123	123	123	237.73859692968387	1234
20130815	123	123	123	237.40530532341185	1234
20130815	123	123	123	242.93675181957306	1234
20130815	123	123	123	243.92880171453302	1234
20130815	123	123	123	247.77361635929853	1234
20130815	123	123	123	249.95716320802958	1234
20130815	123	123	123	252.07692307692298	1234
20130815	123	123	123	255.6612526472157	1234
20130815	123	123	123	258.59025687848623	1234
20130815	123	123	123	261.1638152749922	1234
20130815	123	123	123	259.5695774164189	1234
20130815	123	123	123	254.58108676943073	1234
20130815	123	123	123	252.99659449810528	1234
20130815	123	123	123	250.73556932998784	1234
20130815	123	123	123	248.218961334641	1234
20130815	123	123	123	240.66536058676635	1234
20130815	123	123	123	238.86825161209072	1234
20130815	123	123	123	234.84597373358858	1234
20130815	123	123	123	232.41337863384052	1234
20130815	123	123	123	228.88885979155108	1234
20130815	123	123	123	225.28040855301822	1234
20130815	123	123	123	219.44288681626915	1234
20130815	123	123	123	217.555414812388	1234
20130815	123	123	123	213.78729257968007	1234
20130815	123	123	123	207.058073029634	1234
20130815	123	123	123	197.34598412140303	1234
20130815	123	123	123	193.13373781142667	1234
20130815	123	123	123	190.78270700854196	1234
20130815	123	123	123	191.06058929546515	1234
20130815	123	123	123	190.0	1234
20130815	123	123	123	3.55258441823449	1234
20130815	123	123	123	4.49038810194682	1234
20130815	123	123	123	18.46492242451078	1234
20130815	123	123	123	19.338662768434375	1234
20130815	123	123	123	5.585932687266868	1234
20130815	123	123	123	3.8071490749492853	1234
20130815	123	123	123	13.62355599113183	1234
20130815	123	123	123	6.400111664537771	1234
20130815	123	123	123	8.570237645697032	1234
20130815	123	123	123	3.603531922185399	1234
20130815	123	123	123	13.626445652142515	1234
20130815	123	123	123	8.219195419078796	1234
20130815	123	123	123	15.133834370106271	1234
20130815	123	123	123	17.763848108000605	1234
20130815	123	123	123	1.2840829914779128	1234
20130815	123	123	123	4.424529031681725	1234
20130815	123	123	123	17.418783845013525	1234
20130815	123	123	123	4.530082729267548	1234
20130815	123	123	123	11.320475597408976	1234
20130815	123	123	123	8.809779716982487	1234
20130815	123	123	123	5.518970288378524	1234
20130815	123	123	123	12.773094644264557	1234
20130815	123	123	123	11.866859149749763	1234
20130815	123	123	123	8.832682558980576	1234
20130815	123	123	123	1.1024625087710538	1234
20130815	123	123	123	4.340568649265584	1234
20130815	123	123	123	10.508883988139278	1234
20130815	123	123	123	0.11323245333389353	1234
20130815	123	123	123	3.8481517223415485	1234
20130815	123	123	123	6.444739314615678	1234