time startPrice highestPrice lowestPrice endPrice transactionCount
20130815	123	123	123	4.861558751995945	1234
20130815	123	123	123	13.066228950798775	1234
20130815	123	123	123	8.442453362731113	1234
20130815	123	123	123	10.139241773743846	1234
20130815	123	123	123	15.298726534625352	1234
20130815	123	123	123	12.558208790990825	1234
20130815	123	123	123	19.570845487460534	1234
20130815	123	123	123	9.249160024237158	1234
20130815	123	123	123	17.88193526027394	1234
20130815	123	123	123	12.19606854114732	1234
20130815	123	123	123	11.38952995663976	1234
20130815	123	123	123	18.381394904983996	1234
20130815	123	123	123	9.79797184672137	1234
20130815	123	123	123	11.230142934539813	1234
20130815	123	123	123	1.597576324494756	1234
20130815	123	123	123	0.7518564303318587	1234
20130815	123	123	123	13.702689726231956	1234
20130815	123	123	123	6.121280444870829	1234
20130815	123	123	123	19.496738953174475	1234
20130815	123	123	123	7.252500644706268	1234
20130815	123	123	123	13.874642817380131	1234
20130815	123	123	123	18.725959700404495	1234
20130815	123	123	123	8.080501267876855	1234
20130815	123	123	123	2.507969547622919	1234
20130815	123	123	123	5.912668013350095	1234
20130815	123	123	123	19.105832488691764	1234
20130815	123	123	123	0.21303106483360645	1234
20130815	123	123	123	0.5386524301450035	1234
20130815	123	123	123	7.53906607407556	1234
20130815	123	123	123	14.746966334351084	1234
20130815	123	123	123	206.2079731659702	1234
20130815	123	123	123	201.59281679662593	1234
20130815	123	123	123	204.32869675738175	1234
20130815	123	123	123	208.9641202714012	1234
20130815	123	123	123	219.08325792234328	1234
20130815	123	123	123	219.61777557757222	1234
20130815	123	123	123	219.983469857219	1234
20130815	123	123	123	226.44241352191017	1234
20130815	123	123	123	226.44488574013766	1234
20130815	123	123	123	228.684750958652	1234
20130815	123	123	123	232.65871111541264	1234
20130815	123	123	123	238.71407275707045	1234
20130815	123	123	123	237.96280828909218	1234
20130815	123	123	123	243.3323979348918	1234
20130815	123	123	123	245.06177480580726	1234
20130815	123	123	123	247.96358337940794	1234
20130815	123	123	123	252.5949694107526	1234
20130815	123	123	123	259.7410069907706	1234
20130815	123	123	123	261.07692307692287	1234
20130815	123	123	123	264.0384615384613	1234
20130815	123	123	123	264.744939284813	1234
20130815	123	123	123	255.7649628241518	1234
20130815	123	123	123	253.0313046636723	1234
20130815	123	123	123	248.9560479219972	1234
20130815	123	123	123	244.95331141560112	1234
20130815	123	123	123	242.91429531702238	1234
20130815	123	123	123	233.08736049983918	1234
20130815	123	123	123	232.74127110531052	1234
20130815	123	123	123	230.89367807506306	1234
20130815	123	123	123	226.87663344921438	1234
20130815	123	123	123	220.53614613045767	1234
20130815	123	123	123	218.1322273616121	1234
20130815	123	123	123	213.41679563654168	1234
20130815	123	123	123	212.20134717610463	1234
20130815	123	123	123	210.31150141287685	1234
20130815	123	123	123	206.75243961961638	1234
20130815	123	123	123	193.13144362123467	1234
20130815	123	123	123	193.92841141500514	1234
20130815	123	123	123	205.7813067764272	1234
20130815	123	123	123	235.49740554565923	1234
20130815	123	123	123	266.4549624512662	1234
20130815	123	123	123	291.32092369266036	1234
20130815	123	123	123	292.3343187118208	1234
20130815	123	123	123	303.24361859006865	1234
20130815	123	123	123	325.86047547805265	1234
20130815	123	123	123	355.8880948476216	1234
20130815	123	123	123	386.6621226722313	1234
20130815	123	123	123	444.53653533406305	1234
20130815	123	123	123	428.0000000000001	1234
20130815	123	123	123	475.65712634575345	1234
20130815	123	123	123	502.32410378292326	1234
20130815	123	123	123	500.19893869366365	1234
20130815	123	123	123	502.89565679144533	1234
20130815	123	123	123	518.3846153846156	1234
20130815	123	123	123	565.4107152081498	1234
20130815	123	123	123	570.3984923829288	1234
20130815	123	123	123	572.6153846153849	1234
20130815	123	123	123	597.6218620094116	1234
20130815	123	123	123	610.8337159320477	1234
20130815	123	123	123	644.51920395147	1234
20130815	123	123	123	660.4666932937002	1234
20130815	123	123	123	635.3805122538057	1234
20130815	123	123	123	640.2430712788608	1234
20130815	123	123	123	576.4430787866903	1234
20130815	123	123	123	573.2013928969158	1234
20130815	123	123	123	572.4230769230768	1234
20130815	123	123	123	543.4425399183003	1234
20130815	123	123	123	517.0459252788459	1234
20130815	123	123	123	499.5827812661098	1234
20130815	123	123	123	491.8751019249438	1234
20130815	123	123	123	452.6036418824878	1234
20130815	123	123	123	427.34295248892664	1234
20130815	123	123	123	445.6153846153843	1234
20130815	123	123	123	388.8673315922227	1234
20130815	123	123	123	400.82533387641854	1234
20130815	123	123	123	389.0373362513026	1234
20130815	123	123	123	366.41694860730587	1234
20130815	123	123	123	328.6269966007309	1234
20130815	123	123	123	280.59299356755224	1234
20130815	123	123	123	297.5630434476327	1234
20130815	123	123	123	258.45254568762977	1234
20130815	123	123	123	205.21192219269466	1234
20130815	123	123	123	209.08637204422794	1234
20130815	123	123	123	187.7711859776993	1234
20130815	123	123	123	200.07429883136646	1234
20130815	123	123	123	201.3819518789065	1234
20130815	123	123	123	201.8123156452439	1234
20130815	123	123	123	207.46018662025014	1234
20130815	123	123	123	208.38461538461536	1234
20130815	123	123	123	221.43897569670176	1234
20130815	123	123	123	221.8619279827581	1234
20130815	123	123	123	220.12585431769682	1234
20130815	123	123	123	226.07810782719469	1234
20130815	123	123	123	228.56935765014106	1234
20130815	123	123	123	236.9608558759394	1234
20130815	123	123	123	238.42307692307685	1234
20130815	123	123	123	242.58769419952148	1234
20130815	123	123	123	256.7902721662906	1234
20130815	123	123	123	252.84263696966653	1234
20130815	123	123	123	260.0892086946407	1234
20130815	123	123	123	261.2465416295092	1234
20130815	123	123	123	259.7638694696046	1234
20130815	123	123	123	256.3764240907855	1234
20130815	123	123	123	250.6356723293278	1234
20130815	123	123	123	247.13771524675013	1234
20130815	123	123	123	243.33398925967546	1234
20130815	123	123	123	240.53846153846143	1234
20130815	123	123	123	231.08173545251543	1234
20130815	123	123	123	222.99827183118214	1234
20130815	123	123	123	221.3379161252398	1234
20130815	123	123	123	219.04937940380523	1234
20130815	123	123	123	217.51554254079153	1234
20130815	123	123	123	215.26923076923055	1234
20130815	123	123	123	204.06387055789838	1234
20130815	123	123	123	201.0532231200013	1234
20130815	123	123	123	198.1825182053339	1234
20130815	123	123	123	192.31664794924092	1234
20130815	123	123	123	190.95570652213044	1234
20130815	123	123	123	188.85072416164863	1234
20130815	123	123	123	190.0	1234
20130815	123	123	123	16.664765308340936	1234
20130815	123	123	123	8.348642154120984	1234
20130815	123	123	123	9.261422007375568	1234
20130815	123	123	123	3.071726993334678	1234
20130815	123	123	123	19.02526076580132	1234
20130815	123	123	123	17.41723449822719	1234
20130815	123	123	123	7.962537613492307	1234
20130815	123	123	123	7.348886747192003	1234
20130815	123	123	123	18.892839419858625	1234
20130815	123	123	123	12.857757012514563	1234
20130815	123	123	123	3.9293254807151823	1234
20130815	123	123	123	17.455207141077818	1234
20130815	123	123	123	16.24447701822945	1234
20130815	123	123	123	7.9176787487195455	1234
20130815	123	123	123	12.397948605907459	1234
20130815	123	123	123	16.414401245807884	1234
20130815	123	123	123	14.518278412786177	1234
20130815	123	123	123	17.529109196352124	1234
20130815	123	123	123	4.383870617981611	1234
20130815	123	123	123	11.23703242527985	1234
20130815	123	123	123	17.694799799361956	1234
20130815	123	123	123	18.778950013006302	1234
20130815	123	123	123	8.38190784445451	1234
20130815	123	123	123	2.3075676651188948	1234
20130815	123	123	123	15.542374173396693	1234
20130815	123	123	123	8.453114009241675	1234
20130815	123	123	123	14.46276988720792	1234
20130815	123	123	123	19.412454394967536	1234
20130815	123	123	123	7.1955104108984465	1234
20130815	123	123	123	18.219389023058948	1234