time startPrice highestPrice lowestPrice endPrice transactionCount
20130815	123	123	123	4.8192178986673095	1234
20130815	123	123	123	13.888704989372883	1234
20130815	123	123	123	0.6563256244294746	1234
20130815	123	123	123	13.348374790580383	1234
20130815	123	123	123	1.898277205834702	1234
20130815	123	123	123	15.367013801616325	1234
20130815	123	123	123	8.619868085450706	1234
20130815	123	123	123	10.84401534710074	1234
20130815	123	123	123	17.62764447151637	1234
20130815	123	123	123	10.61597041689139	1234
20130815	123	123	123	13.393622481447059	1234
20130815	123	123	123	6.591034046209387	1234
20130815	123	123	123	2.3584711535198766	1234
20130815	123	123	123	6.879803587423572	1234
20130815	123	123	123	17.30145442040062	1234
20130815	123	123	123	3.2194607960844035	1234
20130815	123	123	123	2.6465709258574432	1234
20130815	123	123	123	7.726122363660437	1234
20130815	123	123	123	8.809190751543026	1234
20130815	123	123	123	6.9616388274502095	1234
20130815	123	123	123	8.926536200539443	1234
20130815	123	123	123	3.313188739913422	1234
20130815	123	123	123	13.562430911619323	1234
20130815	123	123	123	2.1670610715811645	1234
20130815	123	123	123	6.29828185670434	1234
20130815	123	123	123	15.284670138823023	1234
20130815	123	123	123	7.647200223829924	1234
20130815	123	123	123	9.694255302139382	1234
20130815	123	123	123	17.647824861909363	1234
20130815	123	123	123	12.39355127240733	1234
20130815	123	123	123	195.42573164145836	1234
20130815	123	123	123	192.96153846153845	1234
20130815	123	123	123	198.9678491645276	1234
20130815	123	123	123	202.64990747672158	1234
20130815	123	123	123	209.74588418413418	1234
20130815	123	123	123	209.1376275347601	1234
20130815	123	123	123	223.44897645192165	1234
20130815	123	123	123	220.29357461136593	1234
20130815	123	123	123	219.61538461538453	1234
20130815	123	123	123	222.7480320319756	1234
20130815	123	123	123	228.87952450259132	1234
20130815	123	123	123	232.39022939226967	1234
20130815	123	123	123	231.46153846153834	1234
20130815	123	123	123	235.79080996628727	1234
20130815	123	123	123	237.38461538461524	1234
20130815	123	123	123	242.53479126859892	1234
20130815	123	123	123	245.4442553677302	1234
20130815	123	123	123	246.52877173902658	1234
20130815	123	123	123	249.64212977797405	1234
20130815	123	123	123	263.220494159253	1234
20130815	123	123	123	262.8752327373802	1234
20130815	123	123	123	264.15384615384613	1234
20130815	123	123	123	258.2283458696859	1234
20130815	123	123	123	252.07766933410215	1234
20130815	123	123	123	248.03979562056264	1234
20130815	123	123	123	243.68811312821688	1234
20130815	123	123	123	239.7347587843867	1234
20130815	123	123	123	235.49019769669903	1234
20130815	123	123	123	232.24971987208093	1234
20130815	123	123	123	227.96968311240573	1234
20130815	123	123	123	221.25438755881933	1234
20130815	123	123	123	219.58078610001718	1234
20130815	123	123	123	218.86209399330204	1234
20130815	123	123	123	216.50418812071314	1234
20130815	123	123	123	203.69138343158656	1234
20130815	123	123	123	204.79198922671375	1234
20130815	123	123	123	203.13198029988072	1234
20130815	123	123	123	195.44316866508493	1234
20130815	123	123	123	214.78377892968348	1234
20130815	123	123	123	266.74766244908943	1234
20130815	123	123	123	265.4474758042182	1234
20130815	123	123	123	265.30769230769226	1234
20130815	123	123	123	283.38461538461536	1234
20130815	123	123	123	301.46153846153845	1234
20130815	123	123	123	373.2774321815321	1234
20130815	123	123	123	375.340216294249	1234
20130815	123	123	123	377.647602442808	1234
20130815	123	123	123	394.84681598348953	1234
20130815	123	123	123	409.923076923077	1234
20130815	123	123	123	470.0923634034344	1234
20130815	123	123	123	474.88780951551416	1234
20130815	123	123	123	493.9666142447894	1234
20130815	123	123	123	514.4004653507066	1234
20130815	123	123	123	510.1595954275304	1234
20130815	123	123	123	542.5804536984309	1234
20130815	123	123	123	538.772756285001	1234
20130815	123	123	123	564.206530274975	1234
20130815	123	123	123	593.8830683478046	1234
20130815	123	123	123	613.8130431432623	1234
20130815	123	123	123	661.9060309636186	1234
20130815	123	123	123	667.2418400696769	1234
20130815	123	123	123	648.8261372723011	1234
20130815	123	123	123	642.8134541211871	1234
20130815	123	123	123	614.8582858633988	1234
20130815	123	123	123	588.0838954967413	1234
20130815	123	123	123	530.539507748036	1234
20130815	123	123	123	536.1923076923075	1234
20130815	123	123	123	502.39060613426324	1234
20130815	123	123	123	492.66398057198126	1234
20130815	123	123	123	457.3378621308722	1234
20130815	123	123	123	453.65394726154756	1234
20130815	123	123	123	418.4754525218475	1234
20130815	123	123	123	422.30534235028296	1234
20130815	123	123	123	392.38528847610553	1234
20130815	123	123	123	370.5772222745214	1234
20130815	123	123	123	351.73038541844295	1234
20130815	123	123	123	341.73155840650094	1234
20130815	123	123	123	329.38032928576496	1234
20130815	123	123	123	291.2215387189938	1234
20130815	123	123	123	280.1166497857978	1234
20130815	123	123	123	282.5769230769225	1234
20130815	123	123	123	214.02005609887453	1234
20130815	123	123	123	209.25076190245431	1234
20130815	123	123	123	228.23076923076866	1234
20130815	123	123	123	208.81371714752697	1234
20130815	123	123	123	194.77400546545883	1234
20130815	123	123	123	195.41981381598916	1234
20130815	123	123	123	197.46153846153845	1234
20130815	123	123	123	207.16304550166734	1234
20130815	123	123	123	208.53160935699043	1234
20130815	123	123	123	208.38461538461536	1234
20130815	123	123	123	215.38413980687747	1234
20130815	123	123	123	221.89028711284237	1234
20130815	123	123	123	227.48281992844696	1234
20130815	123	123	123	230.01986742993267	1234
20130815	123	123	123	232.66449826618828	1234
20130815	123	123	123	240.32265901114258	1234
20130815	123	123	123	241.34549534953095	1234
20130815	123	123	123	245.29936667034207	1234
20130815	123	123	123	249.55296445560668	1234
20130815	123	123	123	249.55230000187188	1234
20130815	123	123	123	256.21989328970284	1234
20130815	123	123	123	260.38786906153547	1234
20130815	123	123	123	261.42244051971045	1234
20130815	123	123	123	263.0	1234
20130815	123	123	123	256.9258248561342	1234
20130815	123	123	123	248.8019542887473	1234
20130815	123	123	123	242.95511960637495	1234
20130815	123	123	123	244.8433786857861	1234
20130815	123	123	123	241.065870828375	1234
20130815	123	123	123	230.72613769033282	1234
20130815	123	123	123	232.58769987461156	1234
20130815	123	123	123	230.84775655622025	1234
20130815	123	123	123	221.18432030617856	1234
20130815	123	123	123	217.08609956318097	1234
20130815	123	123	123	218.07692307692287	1234
20130815	123	123	123	194.42103351247565	1234
20130815	123	123	123	194.99261110486938	1234
20130815	123	123	123	190.56654887217002	1234
20130815	123	123	123	190.0	1234
20130815	123	123	123	4.062827007112566	1234
20130815	123	123	123	15.877102937762352	1234
20130815	123	123	123	7.640501838177718	1234
20130815	123	123	123	11.179543198028208	1234
20130815	123	123	123	6.775328895897004	1234
20130815	123	123	123	3.548139381412476	1234
20130815	123	123	123	8.566242801259541	1234
20130815	123	123	123	12.371997225896695	1234
20130815	123	123	123	13.223498514341848	1234
20130815	123	123	123	9.511534616464257	1234
20130815	123	123	123	14.582920138542306	1234
20130815	123	123	123	18.16296355690795	1234
20130815	123	123	123	15.778792640972934	1234
20130815	123	123	123	13.893611753914335	1234
20130815	123	123	123	9.595197058675048	1234
20130815	123	123	123	8.09271764854325	1234
20130815	123	123	123	5.414024821449082	1234
20130815	123	123	123	15.958912832747625	1234
20130815	123	123	123	5.822713714597523	1234
20130815	123	123	123	2.012706418127903	1234
20130815	123	123	123	16.714772417485342	1234
20130815	123	123	123	8.264983297772684	1234
20130815	123	123	123	15.052846043270268	1234
20130815	123	123	123	7.438550275365627	1234
20130815	123	123	123	12.371323099813317	1234
20130815	123	123	123	6.439204016966706	1234
20130815	123	123	123	12.639684266492168	1234
20130815	123	123	123	15.578367149328988	1234
20130815	123	123	123	7.417869721875483	1234
20130815	123	123	123	5.3961405326164495	1234