time startPrice highestPrice lowestPrice endPrice transactionCount
20130815	123	123	123	10.043038950346832	1234
20130815	123	123	123	2.907206685473971	1234
20130815	123	123	123	2.859973776514262	1234
20130815	123	123	123	17.84666342969778	1234
20130815	123	123	123	1.344168474871239	1234
20130815	123	123	123	10.942074936418111	1234
20130815	123	123	123	17.856427950889596	1234
20130815	123	123	123	0.9776858044578529	1234
20130815	123	123	123	10.072489601371796	1234
20130815	123	123	123	0.3038836591272731	1234
20130815	123	123	123	7.048958704894459	1234
20130815	123	123	123	14.58572080003371	1234
20130815	123	123	123	11.501301081336084	1234
20130815	123	123	123	2.0460976269093667	1234
20130815	123	123	123	4.723084711753156	1234
20130815	123	123	123	16.022065206378507	1234
20130815	123	123	123	0.3410727453508322	1234
20130815	123	123	123	9.43336008505656	1234
20130815	123	123	123	3.546087937936828	1234
20130815	123	123	123	16.560761707243692	1234
20130815	123	123	123	0.3812397427252989	1234
20130815	123	123	123	12.07082635857661	1234
20130815	123	123	123	17.98601533547256	1234
20130815	123	123	123	11.788125629158941	1234
20130815	123	123	123	1.3282887213348116	1234
20130815	123	123	123	8.15401528332851	1234
20130815	123	123	123	18.910433143555583	1234
20130815	123	123	123	6.032283175170344	1234
20130815	123	123	123	12.276782323964401	1234
20130815	123	123	123	3.499450837663598	1234
20130815	123	123	123	211.28272330796682	1234
20130815	123	123	123	198.88461538461536	1234
20130815	123	123	123	204.74454519132846	1234
20130815	123	123	123	204.89612978574883	1234
20130815	123	123	123	210.06961624876388	1234
20130815	123	123	123	212.9049748283879	1234
20130815	123	123	123	216.2309742339734	1234
20130815	123	123	123	217.63871543855592	1234
20130815	123	123	123	226.9625941744956	1234
20130815	123	123	123	239.9692850098598	1234
20130815	123	123	123	240.381953714154	1234
20130815	123	123	123	245.7655486971254	1234
20130815	123	123	123	248.02522894685313	1234
20130815	123	123	123	249.23076923076906	1234
20130815	123	123	123	256.4428885709621	1234
20130815	123	123	123	258.1153846153844	1234
20130815	123	123	123	261.5756778508568	1234
20130815	123	123	123	267.03646483828294	1234
20130815	123	123	123	265.20716948650755	1234
20130815	123	123	123	257.29145593148877	1234
20130815	123	123	123	261.30769230769226	1234
20130815	123	123	123	253.4524824228459	1234
20130815	123	123	123	249.18342448865556	1234
20130815	123	123	123	247.21289221286125	1234
20130815	123	123	123	242.0112343788341	1234
20130815	123	123	123	237.82877718755597	1234
20130815	123	123	123	235.71415721709437	1234
20130815	123	123	123	226.63911618738027	1234
20130815	123	123	123	226.54743476063354	1234
20130815	123	123	123	221.1827832300769	1234
20130815	123	123	123	220.19574629791933	1234
20130815	123	123	123	215.36164370314083	1234
20130815	123	123	123	211.0393018900677	1234
20130815	123	123	123	207.2802484097485	1234
20130815	123	123	123	203.45785024758743	1234
20130815	123	123	123	200.29671358857007	1234
20130815	123	123	123	204.40213294498733	1234
20130815	123	123	123	211.14862137322254	1234
20130815	123	123	123	251.63265606749582	1234
20130815	123	123	123	247.2307692307692	1234
20130815	123	123	123	277.56337855610366	1234
20130815	123	123	123	298.9618231698342	1234
20130815	123	123	123	307.02748695813165	1234
20130815	123	123	123	355.12485267567604	1234
20130815	123	123	123	346.5642895976072	1234
20130815	123	123	123	362.23664097819653	1234
20130815	123	123	123	388.1790143020815	1234
20130815	123	123	123	400.7079755776583	1234
20130815	123	123	123	423.4295488461414	1234
20130815	123	123	123	432.42080972158	1234
20130815	123	123	123	470.6797660727587	1234
20130815	123	123	123	487.8264468039917	1234
20130815	123	123	123	501.9509367913992	1234
20130815	123	123	123	522.0896484498292	1234
20130815	123	123	123	552.925237274948	1234
20130815	123	123	123	556.4642030409935	1234
20130815	123	123	123	584.5631577179857	1234
20130815	123	123	123	620.5520340386615	1234
20130815	123	123	123	626.5222846205178	1234
20130815	123	123	123	661.9815531868576	1234
20130815	123	123	123	666.7845995543156	1234
20130815	123	123	123	663.0	1234
20130815	123	123	123	619.050239382049	1234
20130815	123	123	123	604.6392001685804	1234
20130815	123	123	123	587.7621023716478	1234
20130815	123	123	123	532.5025557287574	1234
20130815	123	123	123	547.9852295133625	1234
20130815	123	123	123	499.3907316605079	1234
20130815	123	123	123	464.7868941147559	1234
20130815	123	123	123	444.4316706336864	1234
20130815	123	123	123	400.07134929128625	1234
20130815	123	123	123	405.74355503942724	1234
20130815	123	123	123	370.2193688860681	1234
20130815	123	123	123	373.15384615384573	1234
20130815	123	123	123	323.7099176626674	1234
20130815	123	123	123	305.9196198627232	1234
20130815	123	123	123	300.69230769230717	1234
20130815	123	123	123	249.1801969590607	1234
20130815	123	123	123	253.2666444378029	1234
20130815	123	123	123	199.79028221244351	1234
20130815	123	123	123	195.0942581760339	1234
20130815	123	123	123	212.95193807085366	1234
20130815	123	123	123	212.82661391786368	1234
20130815	123	123	123	211.24456064789388	1234
20130815	123	123	123	216.96760006742497	1234
20130815	123	123	123	218.35493768985035	1234
20130815	123	123	123	222.8095756621493	1234
20130815	123	123	123	225.49281994637082	1234
20130815	123	123	123	227.11754197543326	1234
20130815	123	123	123	227.49999999999994	1234
20130815	123	123	123	236.3485155088146	1234
20130815	123	123	123	233.9268586454124	1234
20130815	123	123	123	237.55416309667868	1234
20130815	123	123	123	240.91830070851466	1234
20130815	123	123	123	241.15384615384608	1234
20130815	123	123	123	245.16650417705213	1234
20130815	123	123	123	248.5084428194583	1234
20130815	123	123	123	251.31460321582594	1234
20130815	123	123	123	253.13809060757325	1234
20130815	123	123	123	261.66614601214536	1234
20130815	123	123	123	248.48081545721703	1234
20130815	123	123	123	254.20728315431006	1234
20130815	123	123	123	247.5488985787136	1234
20130815	123	123	123	248.81047560944768	1234
20130815	123	123	123	240.39719385286608	1234
20130815	123	123	123	240.59285686361486	1234
20130815	123	123	123	237.12094666282286	1234
20130815	123	123	123	230.87093449807497	1234
20130815	123	123	123	227.70081264983304	1234
20130815	123	123	123	226.05714816293252	1234
20130815	123	123	123	222.6316012172297	1234
20130815	123	123	123	220.51737991568368	1234
20130815	123	123	123	219.99447564617535	1234
20130815	123	123	123	213.80968477639212	1234
20130815	123	123	123	208.79074571794527	1234
20130815	123	123	123	204.4173478957862	1234
20130815	123	123	123	203.17785269435325	1234
20130815	123	123	123	186.64351596043502	1234
20130815	123	123	123	189.48960484845566	1234
20130815	123	123	123	190.0	1234
20130815	123	123	123	19.006656622181037	1234
20130815	123	123	123	16.026205245183398	1234
20130815	123	123	123	12.441373284290666	1234
20130815	123	123	123	11.114040865199994	1234
20130815	123	123	123	13.919085820500097	1234
20130815	123	123	123	0.6578699074491068	1234
20130815	123	123	123	4.094269537217801	1234
20130815	123	123	123	8.283773696533938	1234
20130815	123	123	123	12.378183685744402	1234
20130815	123	123	123	13.446353811659147	1234
20130815	123	123	123	10.094006252955674	1234
20130815	123	123	123	9.509984880600888	1234
20130815	123	123	123	0.09953972310772441	1234
20130815	123	123	123	12.292796003981588	1234
20130815	123	123	123	8.957806947686151	1234
20130815	123	123	123	13.094094626327827	1234
20130815	123	123	123	16.86036158222851	1234
20130815	123	123	123	7.090346190027055	1234
20130815	123	123	123	4.121200800219061	1234
20130815	123	123	123	16.76937650285977	1234
20130815	123	123	123	3.9146620485050554	1234
20130815	123	123	123	19.93735580947115	1234
20130815	123	123	123	0.8449821155433979	1234
20130815	123	123	123	13.500975146883654	1234
20130815	123	123	123	19.787289921939546	1234
20130815	123	123	123	14.983235165053523	1234
20130815	123	123	123	14.171003136940225	1234
20130815	123	123	123	12.42304160213249	1234
20130815	123	123	123	6.490877791375322	1234
20130815	123	123	123	5.346547526140812	1234