time startPrice highestPrice lowestPrice endPrice transactionCount
20130815	123	123	123	19.72180593780522	1234
20130815	123	123	123	11.482678582617709	1234
20130815	123	123	123	12.593572761985918	1234
20130815	123	123	123	9.049423804864503	1234
20130815	123	123	123	2.4446537559701276	1234
20130815	123	123	123	14.308637585658301	1234
20130815	123	123	123	9.646735549362443	1234
20130815	123	123	123	18.30335113781736	1234
20130815	123	123	123	1.006834551135134	1234
20130815	123	123	123	9.859028460022758	1234
20130815	123	123	123	18.865235650340402	1234
20130815	123	123	123	9.370207093498248	1234
20130815	123	123	123	18.70034015521672	1234
20130815	123	123	123	7.8706825586453855	1234
20130815	123	123	123	16.76377105568045	1234
20130815	123	123	123	1.1067383813205156	1234
20130815	123	123	123	0.18925737755726368	1234
20130815	123	123	123	10.61599486173268	1234
20130815	123	123	123	16.47050613505685	1234
20130815	123	123	123	7.5294585791876845	1234
20130815	123	123	123	19.627840014179927	1234
20130815	123	123	123	6.308854523321685	1234
20130815	123	123	123	3.2847628509231086	1234
20130815	123	123	123	17.815552904907104	1234
20130815	123	123	123	11.820207931817958	1234
20130815	123	123	123	8.453973444236134	1234
20130815	123	123	123	9.378944751774895	1234
20130815	123	123	123	15.676435287075021	1234
20130815	123	123	123	11.502852570415413	1234
20130815	123	123	123	2.4756613078733714	1234
20130815	123	123	123	192.0341777608251	1234
20130815	123	123	123	198.97738809634376	1234
20130815	123	123	123	198.41391195855348	1234
20130815	123	123	123	221.0199578280416	1234
20130815	123	123	123	212.88569068632737	1234
20130815	123	123	123	224.26684395156056	1234
20130815	123	123	123	223.08403342614122	1234
20130815	123	123	123	236.30551791163168	1234
20130815	123	123	123	231.61631972977813	1234
20130815	123	123	123	234.95985713173366	1234
20130815	123	123	123	248.44472065358974	1234
20130815	123	123	123	266.5035307297281	1234
20130815	123	123	123	259.8284821299057	1234
20130815	123	123	123	246.89932083069493	1234
20130815	123	123	123	245.03385606547104	1234
20130815	123	123	123	240.4691838896128	1234
20130815	123	123	123	240.01081086415905	1234
20130815	123	123	123	236.71224842957673	1234
20130815	123	123	123	231.88593746813058	1234
20130815	123	123	123	221.8864116770707	1234
20130815	123	123	123	225.971127469512	1234
20130815	123	123	123	217.27288388408945	1234
20130815	123	123	123	217.7318628288197	1234
20130815	123	123	123	215.79165088981705	1234
20130815	123	123	123	210.12456022057128	1234
20130815	123	123	123	211.3298187473179	1234
20130815	123	123	123	208.3261102464993	1234
20130815	123	123	123	199.389069256097	1234
20130815	123	123	123	196.57489144351402	1234
20130815	123	123	123	189.49834571818084	1234
20130815	123	123	123	195.16986744715018	1234
20130815	123	123	123	222.56987338771356	1234
20130815	123	123	123	229.76531498911498	1234
20130815	123	123	123	258.1838964497893	1234
20130815	123	123	123	274.8591408559608	1234
20130815	123	123	123	293.923139614359	1234
20130815	123	123	123	303.94196499591203	1234
20130815	123	123	123	343.987922752757	1234
20130815	123	123	123	379.0494437965091	1234
20130815	123	123	123	358.2416275327047	1234
20130815	123	123	123	379.7610297246433	1234
20130815	123	123	123	420.2240039134344	1234
20130815	123	123	123	417.5588755481685	1234
20130815	123	123	123	479.8323639895168	1234
20130815	123	123	123	470.17060573202315	1234
20130815	123	123	123	497.7830136725261	1234
20130815	123	123	123	525.0723233861809	1234
20130815	123	123	123	532.0098289336078	1234
20130815	123	123	123	566.0045613405408	1234
20130815	123	123	123	554.5384615384618	1234
20130815	123	123	123	688.9575682703951	1234
20130815	123	123	123	641.1106767338816	1234
20130815	123	123	123	675.9141502011581	1234
20130815	123	123	123	646.6015641050493	1234
20130815	123	123	123	630.0716468182466	1234
20130815	123	123	123	576.7595980107699	1234
20130815	123	123	123	588.0801396519734	1234
20130815	123	123	123	561.7583184525832	1234
20130815	123	123	123	538.3226006582642	1234
20130815	123	123	123	512.2527013301551	1234
20130815	123	123	123	478.4439802384795	1234
20130815	123	123	123	481.3032426711153	1234
20130815	123	123	123	481.25404277048847	1234
20130815	123	123	123	453.96718089248213	1234
20130815	123	123	123	440.7691665364786	1234
20130815	123	123	123	427.49999999999966	1234
20130815	123	123	123	391.1117558974564	1234
20130815	123	123	123	387.8668898297689	1234
20130815	123	123	123	362.93166259968416	1234
20130815	123	123	123	341.35312089458677	1234
20130815	123	123	123	314.3426987683383	1234
20130815	123	123	123	318.8076923076918	1234
20130815	123	123	123	276.3643106098295	1234
20130815	123	123	123	277.6548823604257	1234
20130815	123	123	123	222.24873328711487	1234
20130815	123	123	123	246.34615384615327	1234
20130815	123	123	123	213.3549612913057	1234
20130815	123	123	123	169.13230676490664	1234
20130815	123	123	123	194.8980017024059	1234
20130815	123	123	123	195.48763630743676	1234
20130815	123	123	123	201.28706915396478	1234
20130815	123	123	123	204.9269686020759	1234
20130815	123	123	123	206.16668540225322	1234
20130815	123	123	123	207.22308927721167	1234
20130815	123	123	123	210.00128985505916	1234
20130815	123	123	123	212.7550547147766	1234
20130815	123	123	123	216.57692307692304	1234
20130815	123	123	123	221.88351563607225	1234
20130815	123	123	123	225.47885320257288	1234
20130815	123	123	123	228.24637913470497	1234
20130815	123	123	123	228.1302132272253	1234
20130815	123	123	123	238.39970520382676	1234
20130815	123	123	123	241.35116650613554	1234
20130815	123	123	123	240.02033517233673	1234
20130815	123	123	123	241.3915696149372	1234
20130815	123	123	123	243.8846153846153	1234
20130815	123	123	123	247.03316328292402	1234
20130815	123	123	123	252.62997923431936	1234
20130815	123	123	123	261.4581888612592	1234
20130815	123	123	123	261.4453615605297	1234
20130815	123	123	123	261.78815817679043	1234
20130815	123	123	123	258.23217762580975	1234
20130815	123	123	123	255.84987404870407	1234
20130815	123	123	123	252.75499570228502	1234
20130815	123	123	123	248.65247715555026	1234
20130815	123	123	123	244.8357092258899	1234
20130815	123	123	123	243.74529626247394	1234
20130815	123	123	123	232.5990411396114	1234
20130815	123	123	123	232.11538461538447	1234
20130815	123	123	123	229.30769230769215	1234
20130815	123	123	123	224.53520025001356	1234
20130815	123	123	123	215.22668375810403	1234
20130815	123	123	123	207.95111373324548	1234
20130815	123	123	123	210.3771493411756	1234
20130815	123	123	123	202.14783425843572	1234
20130815	123	123	123	201.70743177376835	1234
20130815	123	123	123	200.41309071905414	1234
20130815	123	123	123	190.08274200608255	1234
20130815	123	123	123	187.4347691919092	1234
20130815	123	123	123	190.0	1234
20130815	123	123	123	8.243443560509542	1234
20130815	123	123	123	13.785725072451863	1234
20130815	123	123	123	12.647532267150845	1234
20130815	123	123	123	6.6847752162485	1234
20130815	123	123	123	0.3521921096117775	1234
20130815	123	123	123	11.228554873227083	1234
20130815	123	123	123	19.623549195040283	1234
20130815	123	123	123	18.49020818813239	1234
20130815	123	123	123	15.530431485473022	1234
20130815	123	123	123	2.3492945140486055	1234
20130815	123	123	123	15.124794548436913	1234
20130815	123	123	123	18.733947536729858	1234
20130815	123	123	123	14.635164066018767	1234
20130815	123	123	123	13.909912028060234	1234
20130815	123	123	123	15.958376387885604	1234
20130815	123	123	123	7.126385635577048	1234
20130815	123	123	123	13.412673927463866	1234
20130815	123	123	123	4.131368957513191	1234
20130815	123	123	123	7.10802689770264	1234
20130815	123	123	123	19.981231014468644	1234
20130815	123	123	123	14.77640053255576	1234
20130815	123	123	123	1.9755869478029986	1234
20130815	123	123	123	16.92691092620906	1234
20130815	123	123	123	17.79700329284215	1234
20130815	123	123	123	2.252355760496112	1234
20130815	123	123	123	17.9356880708845	1234
20130815	123	123	123	1.8808510649441401	1234
20130815	123	123	123	4.704780430325823	1234
20130815	123	123	123	16.968186840524982	1234
20130815	123	123	123	18.637368798311186	1234