time startPrice highestPrice lowestPrice endPrice transactionCount
20130815	123	123	123	6.010364111314961	1234
20130815	123	123	123	13.251465446397093	1234
20130815	123	123	123	17.98664431653966	1234
20130815	123	123	123	6.81914585891406	1234
20130815	123	123	123	5.021557161723558	1234
20130815	123	123	123	0.25966980258897543	1234
20130815	123	123	123	16.29639713670422	1234
20130815	123	123	123	6.640928665235992	1234
20130815	123	123	123	4.372443078701977	1234
20130815	123	123	123	12.605118260305172	1234
20130815	123	123	123	2.212969570471146	1234
20130815	123	123	123	2.2997064241977294	1234
20130815	123	123	123	7.9218911635715905	1234
20130815	123	123	123	0.5177099239163585	1234
20130815	123	123	123	11.668864141824422	1234
20130815	123	123	123	7.115101362700127	1234
20130815	123	123	123	15.537523542642603	1234
20130815	123	123	123	5.957624614559185	1234
20130815	123	123	123	3.628761558158813	1234
20130815	123	123	123	7.937530211410097	1234
20130815	123	123	123	7.865971687510729	1234
20130815	123	123	123	14.09036763990898	1234
20130815	123	123	123	9.837850904537044	1234
20130815	123	123	123	3.1931991404928683	1234
20130815	123	123	123	4.993147126312627	1234
20130815	123	123	123	1.6610218305178193	1234
20130815	123	123	123	0.949493210787653	1234
20130815	123	123	123	11.863031011482983	1234
20130815	123	123	123	4.036645212353278	1234
20130815	123	123	123	19.50219833623634	1234
20130815	123	123	123	190.18448345154985	1234
20130815	123	123	123	197.88339427939408	1234
20130815	123	123	123	219.29385732091933	1234
20130815	123	123	123	214.29842040843656	1234
20130815	123	123	123	215.9908244529067	1234
20130815	123	123	123	221.11474341624398	1234
20130815	123	123	123	224.87771046000267	1234
20130815	123	123	123	227.0369522068748	1234
20130815	123	123	123	225.53846153846143	1234
20130815	123	123	123	231.18463641272183	1234
20130815	123	123	123	232.73938866292062	1234
20130815	123	123	123	237.8409564080279	1234
20130815	123	123	123	240.70793412460947	1234
20130815	123	123	123	248.57189055184895	1234
20130815	123	123	123	254.19022071379862	1234
20130815	123	123	123	249.2986842542983	1234
20130815	123	123	123	252.1923076923075	1234
20130815	123	123	123	263.96001330296735	1234
20130815	123	123	123	264.9203706552334	1234
20130815	123	123	123	266.260522117725	1234
20130815	123	123	123	262.9490502708402	1234
20130815	123	123	123	247.1790892172205	1234
20130815	123	123	123	248.4686943520092	1234
20130815	123	123	123	246.38141606341068	1234
20130815	123	123	123	244.5287226941079	1234
20130815	123	123	123	240.5537834736852	1234
20130815	123	123	123	229.39902768813192	1234
20130815	123	123	123	229.36717329084365	1234
20130815	123	123	123	224.85649068431962	1234
20130815	123	123	123	221.62799867318824	1234
20130815	123	123	123	218.99483479333588	1234
20130815	123	123	123	217.90110804886314	1234
20130815	123	123	123	213.87583284874876	1234
20130815	123	123	123	210.0397895932926	1234
20130815	123	123	123	205.91491650759917	1234
20130815	123	123	123	206.60207450512263	1234
20130815	123	123	123	202.99740249960394	1234
20130815	123	123	123	195.66291509200997	1234
20130815	123	123	123	193.50549882066593	1234
20130815	123	123	123	230.8056501632271	1234
20130815	123	123	123	305.2024693772178	1234
20130815	123	123	123	382.46421481884965	1234
20130815	123	123	123	359.3063806941169	1234
20130815	123	123	123	390.28838867613655	1234
20130815	123	123	123	391.8461538461539	1234
20130815	123	123	123	436.29353725276616	1234
20130815	123	123	123	442.36074109251524	1234
20130815	123	123	123	446.1079341978157	1234
20130815	123	123	123	494.2168214169077	1234
20130815	123	123	123	500.3076923076925	1234
20130815	123	123	123	521.5696833263974	1234
20130815	123	123	123	543.0187382366528	1234
20130815	123	123	123	559.9425550176384	1234
20130815	123	123	123	572.6153846153849	1234
20130815	123	123	123	598.9757612686318	1234
20130815	123	123	123	627.8321265207428	1234
20130815	123	123	123	662.0142940502282	1234
20130815	123	123	123	664.4033648604507	1234
20130815	123	123	123	638.4706859769035	1234
20130815	123	123	123	618.3578917455503	1234
20130815	123	123	123	614.7949642941397	1234
20130815	123	123	123	608.6538461538461	1234
20130815	123	123	123	578.6653519075159	1234
20130815	123	123	123	558.4047346335835	1234
20130815	123	123	123	554.3076923076922	1234
20130815	123	123	123	514.417429243181	1234
20130815	123	123	123	486.9338339501884	1234
20130815	123	123	123	495.6000641596864	1234
20130815	123	123	123	473.5841262569084	1234
20130815	123	123	123	463.73076923076894	1234
20130815	123	123	123	413.86089225819285	1234
20130815	123	123	123	402.547995976984	1234
20130815	123	123	123	409.384615384615	1234
20130815	123	123	123	391.2692307692304	1234
20130815	123	123	123	367.13039712704733	1234
20130815	123	123	123	355.0384615384611	1234
20130815	123	123	123	331.14048824550076	1234
20130815	123	123	123	287.3553902624835	1234
20130815	123	123	123	281.65725233454515	1234
20130815	123	123	123	280.43813511969887	1234
20130815	123	123	123	261.89466540479884	1234
20130815	123	123	123	246.34615384615327	1234
20130815	123	123	123	206.67137656891106	1234
20130815	123	123	123	202.73887737927012	1234
20130815	123	123	123	196.22371732838337	1234
20130815	123	123	123	195.83633126946802	1234
20130815	123	123	123	206.70542914958466	1234
20130815	123	123	123	213.21810715194866	1234
20130815	123	123	123	212.40650341317502	1234
20130815	123	123	123	218.03100869799027	1234
20130815	123	123	123	217.3237834588322	1234
20130815	123	123	123	230.0022095858197	1234
20130815	123	123	123	231.46609552453333	1234
20130815	123	123	123	229.87638077941688	1234
20130815	123	123	123	236.7732603570732	1234
20130815	123	123	123	245.96040487647457	1234
20130815	123	123	123	252.44148581437008	1234
20130815	123	123	123	247.97579378969633	1234
20130815	123	123	123	256.61163630121337	1234
20130815	123	123	123	253.22753827367913	1234
20130815	123	123	123	267.4235103170688	1234
20130815	123	123	123	262.4727705254403	1234
20130815	123	123	123	259.92723754832207	1234
20130815	123	123	123	254.24635453492482	1234
20130815	123	123	123	248.28060029251256	1234
20130815	123	123	123	248.9615384615384	1234
20130815	123	123	123	243.01087002181652	1234
20130815	123	123	123	238.9904597307188	1234
20130815	123	123	123	234.36504556334287	1234
20130815	123	123	123	232.11538461538447	1234
20130815	123	123	123	222.24260109657266	1234
20130815	123	123	123	216.47496348930346	1234
20130815	123	123	123	214.72388566694352	1234
20130815	123	123	123	211.67466712291767	1234
20130815	123	123	123	202.86758481621024	1234
20130815	123	123	123	200.81410701970492	1234
20130815	123	123	123	195.11214983816487	1234
20130815	123	123	123	194.69437845536515	1234
20130815	123	123	123	190.85582525138042	1234
20130815	123	123	123	190.0	1234
20130815	123	123	123	18.966918784657885	1234
20130815	123	123	123	9.350726948181764	1234
20130815	123	123	123	16.27880388867114	1234
20130815	123	123	123	10.882843127995741	1234
20130815	123	123	123	5.562549301322875	1234
20130815	123	123	123	17.230317392425732	1234
20130815	123	123	123	13.140340531422066	1234
20130815	123	123	123	10.002708423770063	1234
20130815	123	123	123	18.592456644321263	1234
20130815	123	123	123	13.023716123740932	1234
20130815	123	123	123	12.110904072601357	1234
20130815	123	123	123	5.659953148098877	1234
20130815	123	123	123	15.002361406723992	1234
20130815	123	123	123	13.443944052492915	1234
20130815	123	123	123	8.694275401146832	1234
20130815	123	123	123	13.966996128289658	1234
20130815	123	123	123	7.3254979649705305	1234
20130815	123	123	123	19.949852845322393	1234
20130815	123	123	123	8.49237152238093	1234
20130815	123	123	123	0.962398404431406	1234
20130815	123	123	123	13.101562182030575	1234
20130815	123	123	123	18.993324787331858	1234
20130815	123	123	123	14.74359225592449	1234
20130815	123	123	123	11.064211983821213	1234
20130815	123	123	123	11.799874666245838	1234
20130815	123	123	123	1.000087510214005	1234
20130815	123	123	123	0.9474805865226887	1234
20130815	123	123	123	10.532884019962825	1234
20130815	123	123	123	2.2087959801714474	1234
20130815	123	123	123	1.9104409477783801	1234