time startPrice highestPrice lowestPrice endPrice transactionCount
20130815	123	123	123	0.4085378337198464	1234
20130815	123	123	123	10.773242057917878	1234
20130815	123	123	123	7.855960568456057	1234
20130815	123	123	123	19.951735461393618	1234
20130815	123	123	123	3.0169952986038306	1234
20130815	123	123	123	17.61069595128787	1234
20130815	123	123	123	13.076588301261076	1234
20130815	123	123	123	2.767780138137743	1234
20130815	123	123	123	11.88431247830545	1234
20130815	123	123	123	9.784805883007106	1234
20130815	123	123	123	11.682997155028858	1234
20130815	123	123	123	16.698900232144137	1234
20130815	123	123	123	15.586560890185396	1234
20130815	123	123	123	4.536290500428917	1234
20130815	123	123	123	8.165494565642069	1234
20130815	123	123	123	17.905768425272225	1234
20130815	123	123	123	15.741401888309397	1234
20130815	123	123	123	14.591122745206347	1234
20130815	123	123	123	18.30547424288138	1234
20130815	123	123	123	17.317536111476368	1234
20130815	123	123	123	14.426254238404344	1234
20130815	123	123	123	16.32874884443057	1234
20130815	123	123	123	6.2283375373972945	1234
20130815	123	123	123	5.414862742508468	1234
20130815	123	123	123	9.697297300618855	1234
20130815	123	123	123	6.672633702531236	1234
20130815	123	123	123	6.45086133248631	1234
20130815	123	123	123	7.221169052947232	1234
20130815	123	123	123	16.028764594474264	1234
20130815	123	123	123	12.558716025626422	1234
20130815	123	123	123	193.3357519219542	1234
20130815	123	123	123	205.0213615263299	1234
20130815	123	123	123	206.10630030400318	1234
20130815	123	123	123	210.97375735426058	1234
20130815	123	123	123	212.18142083915725	1234
20130815	123	123	123	214.57053906651186	1234
20130815	123	123	123	220.3772292515456	1234
20130815	123	123	123	233.62458250847888	1234
20130815	123	123	123	233.9712786965411	1234
20130815	123	123	123	232.8848913033171	1234
20130815	123	123	123	238.87689860745112	1234
20130815	123	123	123	237.38461538461524	1234
20130815	123	123	123	250.1379601700576	1234
20130815	123	123	123	253.98332540314712	1234
20130815	123	123	123	253.8864466037572	1234
20130815	123	123	123	255.15384615384596	1234
20130815	123	123	123	266.4684695401296	1234
20130815	123	123	123	254.91802907774309	1234
20130815	123	123	123	252.5633059304159	1234
20130815	123	123	123	249.92307692307688	1234
20130815	123	123	123	246.83637901096625	1234
20130815	123	123	123	244.07765348634368	1234
20130815	123	123	123	241.2919523091221	1234
20130815	123	123	123	238.26510567864648	1234
20130815	123	123	123	231.85545144743577	1234
20130815	123	123	123	232.58011992567026	1234
20130815	123	123	123	225.61578027327658	1234
20130815	123	123	123	222.3475868990791	1234
20130815	123	123	123	223.80408847052286	1234
20130815	123	123	123	211.77080755590563	1234
20130815	123	123	123	214.60157269101575	1234
20130815	123	123	123	209.14208182771716	1234
20130815	123	123	123	206.797043041254	1234
20130815	123	123	123	201.0707133284938	1234
20130815	123	123	123	200.695745381606	1234
20130815	123	123	123	204.65040666784097	1234
20130815	123	123	123	217.95796328226757	1234
20130815	123	123	123	255.38765242661984	1234
20130815	123	123	123	253.13850505538622	1234
20130815	123	123	123	271.6224592232203	1234
20130815	123	123	123	304.7703708009061	1234
20130815	123	123	123	318.6682560070729	1234
20130815	123	123	123	323.7448563780347	1234
20130815	123	123	123	345.97263378060563	1234
20130815	123	123	123	355.69230769230774	1234
20130815	123	123	123	383.12967749613387	1234
20130815	123	123	123	399.79866080432976	1234
20130815	123	123	123	438.4950803740188	1234
20130815	123	123	123	460.4537639340634	1234
20130815	123	123	123	449.38192836731065	1234
20130815	123	123	123	486.04282912763335	1234
20130815	123	123	123	499.702900195529	1234
20130815	123	123	123	505.3810250198068	1234
20130815	123	123	123	557.7252663811911	1234
20130815	123	123	123	560.6544125515634	1234
20130815	123	123	123	564.1374005907956	1234
20130815	123	123	123	613.4304103236068	1234
20130815	123	123	123	608.0533845690451	1234
20130815	123	123	123	645.8517364412007	1234
20130815	123	123	123	641.0453718087792	1234
20130815	123	123	123	663.194558070477	1234
20130815	123	123	123	658.6085987972983	1234
20130815	123	123	123	632.8239084385569	1234
20130815	123	123	123	626.7692307692307	1234
20130815	123	123	123	595.3030125721662	1234
20130815	123	123	123	584.5215207932913	1234
20130815	123	123	123	568.0972164072239	1234
20130815	123	123	123	544.0276480931778	1234
20130815	123	123	123	494.4382647619274	1234
20130815	123	123	123	464.02528612371754	1234
20130815	123	123	123	470.6428485117733	1234
20130815	123	123	123	448.91280634854394	1234
20130815	123	123	123	417.82826273177056	1234
20130815	123	123	123	409.384615384615	1234
20130815	123	123	123	368.2945706928325	1234
20130815	123	123	123	340.23340775300676	1234
20130815	123	123	123	355.0384615384611	1234
20130815	123	123	123	326.8308491735809	1234
20130815	123	123	123	296.5000125245864	1234
20130815	123	123	123	262.19327458562685	1234
20130815	123	123	123	246.51445737348055	1234
20130815	123	123	123	261.1388182272907	1234
20130815	123	123	123	232.17157041407714	1234
20130815	123	123	123	210.52432906551985	1234
20130815	123	123	123	203.69224785571595	1234
20130815	123	123	123	192.20965205249928	1234
20130815	123	123	123	196.84472936020515	1234
20130815	123	123	123	198.4285648973995	1234
20130815	123	123	123	210.4551624753673	1234
20130815	123	123	123	211.455897429427	1234
20130815	123	123	123	214.97601381727804	1234
20130815	123	123	123	218.66450584815064	1234
20130815	123	123	123	219.8541564236673	1234
20130815	123	123	123	222.8724255376724	1234
20130815	123	123	123	222.81664050924218	1234
20130815	123	123	123	226.34465725310892	1234
20130815	123	123	123	227.49999999999994	1234
20130815	123	123	123	231.55440816223935	1234
20130815	123	123	123	235.94552051947642	1234
20130815	123	123	123	236.4687002722586	1234
20130815	123	123	123	241.27144201805012	1234
20130815	123	123	123	246.61289821625172	1234
20130815	123	123	123	252.26664335752002	1234
20130815	123	123	123	252.24181110414057	1234
20130815	123	123	123	257.0823924788295	1234
20130815	123	123	123	261.86402379283595	1234
20130815	123	123	123	253.5034115584816	1234
20130815	123	123	123	247.05635518747314	1234
20130815	123	123	123	235.07981483314555	1234
20130815	123	123	123	227.37427973599355	1234
20130815	123	123	123	221.06473662685573	1234
20130815	123	123	123	220.27782854295216	1234
20130815	123	123	123	218.07692307692287	1234
20130815	123	123	123	212.80826938475667	1234
20130815	123	123	123	211.68674366528813	1234
20130815	123	123	123	202.67179389196966	1234
20130815	123	123	123	192.86859237017768	1234
20130815	123	123	123	191.6617546668627	1234
20130815	123	123	123	187.57042933539807	1234
20130815	123	123	123	190.0	1234
20130815	123	123	123	6.07255598426526	1234
20130815	123	123	123	1.015907591172709	1234
20130815	123	123	123	3.9333937043644718	1234
20130815	123	123	123	18.18503178722127	1234
20130815	123	123	123	13.764448539198366	1234
20130815	123	123	123	12.193806524279704	1234
20130815	123	123	123	3.5913023756796703	1234
20130815	123	123	123	14.718397834898283	1234
20130815	123	123	123	16.8376429085331	1234
20130815	123	123	123	19.729185044538465	1234
20130815	123	123	123	1.0059712581813618	1234
20130815	123	123	123	14.73172467063107	1234
20130815	123	123	123	5.427913516209928	1234
20130815	123	123	123	6.864610056697744	1234
20130815	123	123	123	12.022407232786296	1234
20130815	123	123	123	9.368169140385607	1234
20130815	123	123	123	3.711488418715392	1234
20130815	123	123	123	9.928310823026465	1234
20130815	123	123	123	9.48398827437314	1234
20130815	123	123	123	0.07599788395292295	1234
20130815	123	123	123	12.071097354121179	1234
20130815	123	123	123	9.594923371037655	1234
20130815	123	123	123	1.870875658708815	1234
20130815	123	123	123	8.730696022322878	1234
20130815	123	123	123	11.260248353200256	1234
20130815	123	123	123	7.439301217447785	1234
20130815	123	123	123	17.954301886325794	1234
20130815	123	123	123	0.05849825945629883	1234
20130815	123	123	123	9.867621387328938	1234
20130815	123	123	123	17.293277701099143	1234