time startPrice highestPrice lowestPrice endPrice transactionCount
20130815	123	123	123	4.704016239174971	1234
20130815	123	123	123	13.124076794325838	1234
20130815	123	123	123	3.0281298335816764	1234
20130815	123	123	123	8.076853636751707	1234
20130815	123	123	123	11.85909768273255	1234
20130815	123	123	123	9.674422380403886	1234
20130815	123	123	123	12.864262409277579	1234
20130815	123	123	123	11.151607933207888	1234
20130815	123	123	123	5.089440664853775	1234
20130815	123	123	123	1.6193664212819692	1234
20130815	123	123	123	16.801839585740435	1234
20130815	123	123	123	8.961626440237875	1234
20130815	123	123	123	5.536927225484374	1234
20130815	123	123	123	0.6440167998321655	1234
20130815	123	123	123	2.690871602181526	1234
20130815	123	123	123	2.83771416072766	1234
20130815	123	123	123	7.28606867498727	1234
20130815	123	123	123	0.19562399886376092	1234
20130815	123	123	123	7.581233269114874	1234
20130815	123	123	123	5.773033526161915	1234
20130815	123	123	123	17.065961314774498	1234
20130815	123	123	123	19.93338838525476	1234
20130815	123	123	123	5.201456823941363	1234
20130815	123	123	123	12.15715266699097	1234
20130815	123	123	123	4.235685273527796	1234
20130815	123	123	123	15.575390685530198	1234
20130815	123	123	123	16.78646786695838	1234
20130815	123	123	123	12.439996313481467	1234
20130815	123	123	123	8.966367762041312	1234
20130815	123	123	123	2.841998176805065	1234
20130815	123	123	123	196.66362598732817	1234
20130815	123	123	123	218.23013501275184	1234
20130815	123	123	123	208.61066616384963	1234
20130815	123	123	123	217.20596344333705	1234
20130815	123	123	123	213.69230769230762	1234
20130815	123	123	123	221.5061742493396	1234
20130815	123	123	123	229.30880727501435	1234
20130815	123	123	123	228.5085984335969	1234
20130815	123	123	123	234.04050532391662	1234
20130815	123	123	123	234.4230769230768	1234
20130815	123	123	123	241.78433827544862	1234
20130815	123	123	123	245.38046422512195	1234
20130815	123	123	123	243.5626589858855	1234
20130815	123	123	123	255.08941662434967	1234
20130815	123	123	123	258.12394144753597	1234
20130815	123	123	123	262.21801213001913	1234
20130815	123	123	123	266.05822059329614	1234
20130815	123	123	123	266.7468068007633	1234
20130815	123	123	123	257.6842462212979	1234
20130815	123	123	123	251.67392488454664	1234
20130815	123	123	123	244.37113145334015	1234
20130815	123	123	123	245.17557635157465	1234
20130815	123	123	123	238.88466917137364	1234
20130815	123	123	123	241.38461538461536	1234
20130815	123	123	123	235.36810284143	1234
20130815	123	123	123	231.92169434343617	1234
20130815	123	123	123	230.82754389347926	1234
20130815	123	123	123	228.98286268425403	1234
20130815	123	123	123	224.98262853119195	1234
20130815	123	123	123	219.43669591888104	1234
20130815	123	123	123	207.76738379315017	1234
20130815	123	123	123	212.23168153565442	1234
20130815	123	123	123	205.56451061308445	1234
20130815	123	123	123	203.0349507697028	1234
20130815	123	123	123	197.02163558090646	1234
20130815	123	123	123	194.8622921803504	1234
20130815	123	123	123	212.19106719609385	1234
20130815	123	123	123	245.18413926355967	1234
20130815	123	123	123	235.76876411215477	1234
20130815	123	123	123	271.97864715640173	1234
20130815	123	123	123	293.2230744225755	1234
20130815	123	123	123	285.8565299581099	1234
20130815	123	123	123	318.9262708600461	1234
20130815	123	123	123	323.6386805535994	1234
20130815	123	123	123	337.61538461538464	1234
20130815	123	123	123	374.4675019822267	1234
20130815	123	123	123	388.70461899544244	1234
20130815	123	123	123	403.9192287026071	1234
20130815	123	123	123	424.14422802561927	1234
20130815	123	123	123	440.1434034902007	1234
20130815	123	123	123	447.2858901064197	1234
20130815	123	123	123	476.98876975417176	1234
20130815	123	123	123	506.34229722646586	1234
20130815	123	123	123	500.3076923076925	1234
20130815	123	123	123	527.1164699909806	1234
20130815	123	123	123	548.9223303019838	1234
20130815	123	123	123	583.1571934340577	1234
20130815	123	123	123	628.6491429724845	1234
20130815	123	123	123	646.9641662294856	1234
20130815	123	123	123	634.1080061106599	1234
20130815	123	123	123	653.763732615369	1234
20130815	123	123	123	628.4533731718273	1234
20130815	123	123	123	609.811044899881	1234
20130815	123	123	123	622.3687360012968	1234
20130815	123	123	123	604.2860352012048	1234
20130815	123	123	123	548.7402592664979	1234
20130815	123	123	123	536.946147230578	1234
20130815	123	123	123	542.8726895753775	1234
20130815	123	123	123	486.7686610304864	1234
20130815	123	123	123	477.7828722845964	1234
20130815	123	123	123	435.1171999204411	1234
20130815	123	123	123	463.73076923076894	1234
20130815	123	123	123	432.7346569808203	1234
20130815	123	123	123	427.49999999999966	1234
20130815	123	123	123	402.62187218926977	1234
20130815	123	123	123	345.8901041260074	1234
20130815	123	123	123	324.6910702526184	1234
20130815	123	123	123	325.8953990061739	1234
20130815	123	123	123	319.94079517986023	1234
20130815	123	123	123	314.60472235638247	1234
20130815	123	123	123	300.69230769230717	1234
20130815	123	123	123	223.97100697891588	1234
20130815	123	123	123	242.1840405911303	1234
20130815	123	123	123	203.54354716515513	1234
20130815	123	123	123	191.34151643131662	1234
20130815	123	123	123	193.73786541480118	1234
20130815	123	123	123	196.5406987136724	1234
20130815	123	123	123	197.46153846153845	1234
20130815	123	123	123	200.63260154536374	1234
20130815	123	123	123	204.6427053310873	1234
20130815	123	123	123	209.44709280520846	1234
20130815	123	123	123	211.11538461538458	1234
20130815	123	123	123	220.74542211830877	1234
20130815	123	123	123	220.17915376412168	1234
20130815	123	123	123	222.0384615384615	1234
20130815	123	123	123	238.97011901847026	1234
20130815	123	123	123	233.01800154895983	1234
20130815	123	123	123	237.9559010203145	1234
20130815	123	123	123	244.14343752755934	1234
20130815	123	123	123	246.61538461538453	1234
20130815	123	123	123	266.17279694919733	1234
20130815	123	123	123	260.47347157933734	1234
20130815	123	123	123	257.4924847578856	1234
20130815	123	123	123	253.41327403849905	1234
20130815	123	123	123	252.33295688394753	1234
20130815	123	123	123	237.45698636628384	1234
20130815	123	123	123	245.85048196863627	1234
20130815	123	123	123	243.34615384615375	1234
20130815	123	123	123	226.7321763800238	1234
20130815	123	123	123	224.27662013682894	1234
20130815	123	123	123	223.2461557043299	1234
20130815	123	123	123	219.72323934136116	1234
20130815	123	123	123	217.79328749827218	1234
20130815	123	123	123	214.85663332555896	1234
20130815	123	123	123	204.6163168897032	1234
20130815	123	123	123	208.96228628108693	1234
20130815	123	123	123	205.410878310259	1234
20130815	123	123	123	188.78612726214047	1234
20130815	123	123	123	192.26927789548228	1234
20130815	123	123	123	190.0	1234
20130815	123	123	123	8.997547719704693	1234
20130815	123	123	123	8.583247156496752	1234
20130815	123	123	123	8.974516933142684	1234
20130815	123	123	123	0.5427334905331249	1234
20130815	123	123	123	9.181716549914889	1234
20130815	123	123	123	19.06689485150046	1234
20130815	123	123	123	10.72765065547441	1234
20130815	123	123	123	12.32626478576064	1234
20130815	123	123	123	17.846636360547556	1234
20130815	123	123	123	3.253792995811373	1234
20130815	123	123	123	9.734645207197474	1234
20130815	123	123	123	19.210828471139013	1234
20130815	123	123	123	10.98103621273859	1234
20130815	123	123	123	4.0752321424837685	1234
20130815	123	123	123	16.34963958605075	1234
20130815	123	123	123	5.735041753825434	1234
20130815	123	123	123	0.7295742749280465	1234
20130815	123	123	123	5.285699632513854	1234
20130815	123	123	123	8.459728271827526	1234
20130815	123	123	123	11.416739619521524	1234
20130815	123	123	123	1.9349510051437657	1234
20130815	123	123	123	4.945155060846513	1234
20130815	123	123	123	10.493097907257434	1234
20130815	123	123	123	6.18010340534471	1234
20130815	123	123	123	14.188997332239575	1234
20130815	123	123	123	0.3222948982044671	1234
20130815	123	123	123	9.375650388746736	1234
20130815	123	123	123	13.509020852614404	1234
20130815	123	123	123	14.288371568036727	1234
20130815	123	123	123	1.0724534893812954	1234