time startPrice highestPrice lowestPrice endPrice transactionCount
20130815	123	123	123	16.4782353074525	1234
20130815	123	123	123	11.092583050776659	1234
20130815	123	123	123	13.918260048692462	1234
20130815	123	123	123	8.138387246584987	1234
20130815	123	123	123	12.347675469640825	1234
20130815	123	123	123	16.981949114033053	1234
20130815	123	123	123	1.7630637760019874	1234
20130815	123	123	123	11.350886692024758	1234
20130815	123	123	123	6.476082828911358	1234
20130815	123	123	123	0.9506063612824289	1234
20130815	123	123	123	17.500735043765907	1234
20130815	123	123	123	10.06699571784144	1234
20130815	123	123	123	13.690820810995527	1234
20130815	123	123	123	9.77462757535237	1234
20130815	123	123	123	10.93732428148386	1234
20130815	123	123	123	14.245872573428489	1234
20130815	123	123	123	19.66787929765887	1234
20130815	123	123	123	16.471159650503793	1234
20130815	123	123	123	2.42464554089894	1234
20130815	123	123	123	17.330147713489715	1234
20130815	123	123	123	10.999351538579155	1234
20130815	123	123	123	8.870464069285992	1234
20130815	123	123	123	16.103764363361208	1234
20130815	123	123	123	8.890052064791345	1234
20130815	123	123	123	0.5419199397816254	1234
20130815	123	123	123	2.078742780023115	1234
20130815	123	123	123	2.0809213173746643	1234
20130815	123	123	123	12.2145375900146	1234
20130815	123	123	123	16.506431528636345	1234
20130815	123	123	123	0.9529582082525989	1234
20130815	123	123	123	190.3584350160392	1234
20130815	123	123	123	198.20744177610734	1234
20130815	123	123	123	195.9230769230769	1234
20130815	123	123	123	204.9673896055143	1234
20130815	123	123	123	205.4658124174445	1234
20130815	123	123	123	212.50555640372477	1234
20130815	123	123	123	211.55011984880747	1234
20130815	123	123	123	213.69230769230762	1234
20130815	123	123	123	222.26121030476546	1234
20130815	123	123	123	221.04460015127094	1234
20130815	123	123	123	225.00139102549053	1234
20130815	123	123	123	231.56044128247163	1234
20130815	123	123	123	231.46153846153834	1234
20130815	123	123	123	239.7530857120624	1234
20130815	123	123	123	244.1381436421837	1234
20130815	123	123	123	246.89303594993157	1234
20130815	123	123	123	251.53865691707577	1234
20130815	123	123	123	258.72981345552427	1234
20130815	123	123	123	258.66144505957834	1234
20130815	123	123	123	262.11902666071694	1234
20130815	123	123	123	262.04586097755305	1234
20130815	123	123	123	264.5921951130708	1234
20130815	123	123	123	264.7618365138458	1234
20130815	123	123	123	258.54867206147475	1234
20130815	123	123	123	252.4119894937104	1234
20130815	123	123	123	249.4480439112669	1234
20130815	123	123	123	246.2126655541438	1234
20130815	123	123	123	242.07054926480694	1234
20130815	123	123	123	238.80098475865128	1234
20130815	123	123	123	234.41302651834405	1234
20130815	123	123	123	221.42982749409592	1234
20130815	123	123	123	223.76949544600268	1234
20130815	123	123	123	218.74812838573092	1234
20130815	123	123	123	212.18597850547619	1234
20130815	123	123	123	212.34253405164773	1234
20130815	123	123	123	212.0078643975276	1234
20130815	123	123	123	207.44207589235825	1234
20130815	123	123	123	197.0837597581163	1234
20130815	123	123	123	193.21820943666697	1234
20130815	123	123	123	241.4215340669109	1234
20130815	123	123	123	223.84429792011653	1234
20130815	123	123	123	247.48904614384932	1234
20130815	123	123	123	262.9559584725221	1234
20130815	123	123	123	271.4363320246663	1234
20130815	123	123	123	291.70679692919975	1234
20130815	123	123	123	338.20534624762973	1234
20130815	123	123	123	344.6244144028059	1234
20130815	123	123	123	376.8093342520515	1234
20130815	123	123	123	374.09384456334345	1234
20130815	123	123	123	414.7587523142458	1234
20130815	123	123	123	417.4825445812155	1234
20130815	123	123	123	444.10971386684815	1234
20130815	123	123	123	467.32147483460767	1234
20130815	123	123	123	486.2798711834569	1234
20130815	123	123	123	505.1441327249201	1234
20130815	123	123	123	536.3781230915687	1234
20130815	123	123	123	518.3846153846156	1234
20130815	123	123	123	544.4719834619735	1234
20130815	123	123	123	566.8284584693789	1234
20130815	123	123	123	618.6637550100081	1234
20130815	123	123	123	595.9051983792641	1234
20130815	123	123	123	623.4378166615924	1234
20130815	123	123	123	628.0599048359703	1234
20130815	123	123	123	671.5746834756637	1234
20130815	123	123	123	660.2822131696795	1234
20130815	123	123	123	607.7161791073845	1234
20130815	123	123	123	595.5829358141141	1234
20130815	123	123	123	593.815148232992	1234
20130815	123	123	123	577.3203591242648	1234
20130815	123	123	123	527.1148320010842	1234
20130815	123	123	123	546.1863336780993	1234
20130815	123	123	123	516.4064613264135	1234
20130815	123	123	123	495.6880509624656	1234
20130815	123	123	123	479.55840501685543	1234
20130815	123	123	123	480.86310093252155	1234
20130815	123	123	123	453.73763457131844	1234
20130815	123	123	123	424.9374165619892	1234
20130815	123	123	123	424.1355718673032	1234
20130815	123	123	123	395.74359351188707	1234
20130815	123	123	123	385.0562721742524	1234
20130815	123	123	123	367.3048711198028	1234
20130815	123	123	123	314.61094539272017	1234
20130815	123	123	123	313.1723682400844	1234
20130815	123	123	123	293.52812763578356	1234
20130815	123	123	123	272.8130569159686	1234
20130815	123	123	123	259.9216744854836	1234
20130815	123	123	123	236.53596415137127	1234
20130815	123	123	123	215.81788919475383	1234
20130815	123	123	123	190.66215201728332	1234
20130815	123	123	123	200.89917058701792	1234
20130815	123	123	123	197.46153846153845	1234
20130815	123	123	123	202.5519662645535	1234
20130815	123	123	123	203.84832909144504	1234
20130815	123	123	123	205.65384615384613	1234
20130815	123	123	123	208.49233829659053	1234
20130815	123	123	123	220.55724603605222	1234
20130815	123	123	123	224.13994393491888	1234
20130815	123	123	123	225.76553538477714	1234
20130815	123	123	123	227.6546800740137	1234
20130815	123	123	123	230.6839873559385	1234
20130815	123	123	123	251.36074473130017	1234
20130815	123	123	123	273.8691833995667	1234
20130815	123	123	123	265.3380861004643	1234
20130815	123	123	123	259.32717536536995	1234
20130815	123	123	123	255.80526527795834	1234
20130815	123	123	123	253.20538435441793	1234
20130815	123	123	123	247.55716500245433	1234
20130815	123	123	123	245.59067911139647	1234
20130815	123	123	123	240.53846153846143	1234
20130815	123	123	123	226.2297555579568	1234
20130815	123	123	123	221.31194763856928	1234
20130815	123	123	123	214.01275078893454	1234
20130815	123	123	123	204.87907039856924	1234
20130815	123	123	123	205.4448414966139	1234
20130815	123	123	123	204.03846153846126	1234
20130815	123	123	123	199.13168866905227	1234
20130815	123	123	123	193.25896339972033	1234
20130815	123	123	123	193.23155917841473	1234
20130815	123	123	123	188.82510622578704	1234
20130815	123	123	123	190.0	1234
20130815	123	123	123	0.5760601781204988	1234
20130815	123	123	123	18.87881391296983	1234
20130815	123	123	123	13.690059885019581	1234
20130815	123	123	123	12.556524297342989	1234
20130815	123	123	123	5.088014012782411	1234
20130815	123	123	123	2.727871850853638	1234
20130815	123	123	123	8.31894114418872	1234
20130815	123	123	123	0.5373947947695279	1234
20130815	123	123	123	8.749340679049693	1234
20130815	123	123	123	14.250729149816657	1234
20130815	123	123	123	14.160591261422283	1234
20130815	123	123	123	3.4677323032115814	1234
20130815	123	123	123	8.297669249718409	1234
20130815	123	123	123	2.9802827573073154	1234
20130815	123	123	123	6.881807927468769	1234
20130815	123	123	123	7.407003323477173	1234
20130815	123	123	123	13.46936041674272	1234
20130815	123	123	123	10.338813304625953	1234
20130815	123	123	123	6.0691777427906395	1234
20130815	123	123	123	9.297990959724295	1234
20130815	123	123	123	6.125159614700914	1234
20130815	123	123	123	18.25934293644698	1234
20130815	123	123	123	19.895702495976224	1234
20130815	123	123	123	12.277881217113853	1234
20130815	123	123	123	13.046450943746585	1234
20130815	123	123	123	9.948201681093227	1234
20130815	123	123	123	6.108473543098755	1234
20130815	123	123	123	16.584233181735236	1234
20130815	123	123	123	19.094609982469073	1234
20130815	123	123	123	18.314311696192014	1234