time startPrice highestPrice lowestPrice endPrice transactionCount
20130815	123	123	123	19.69944364977284	1234
20130815	123	123	123	7.756149707854498	1234
20130815	123	123	123	17.386424257039682	1234
20130815	123	123	123	9.941586694361003	1234
20130815	123	123	123	16.904090542139922	1234
20130815	123	123	123	9.857709473413463	1234
20130815	123	123	123	18.874129271242598	1234
20130815	123	123	123	0.9314508895703177	1234
20130815	123	123	123	10.159365955995696	1234
20130815	123	123	123	3.8120416558880788	1234
20130815	123	123	123	0.4730944781241897	1234
20130815	123	123	123	9.25842660086426	1234
20130815	123	123	123	14.805982266754327	1234
20130815	123	123	123	9.237885865388296	1234
20130815	123	123	123	18.086930908689535	1234
20130815	123	123	123	15.895995669370599	1234
20130815	123	123	123	16.335847012758475	1234
20130815	123	123	123	5.836759802345107	1234
20130815	123	123	123	18.806519916608032	1234
20130815	123	123	123	7.417030276160661	1234
20130815	123	123	123	12.573147328509911	1234
20130815	123	123	123	4.733821749058373	1234
20130815	123	123	123	13.063374777833335	1234
20130815	123	123	123	3.4520268318163505	1234
20130815	123	123	123	18.62545766285925	1234
20130815	123	123	123	1.9309531781823308	1234
20130815	123	123	123	15.841173315274826	1234
20130815	123	123	123	4.171244380052643	1234
20130815	123	123	123	15.525892632245036	1234
20130815	123	123	123	8.391710027552111	1234
20130815	123	123	123	199.8328633112821	1234
20130815	123	123	123	201.55881269364363	1234
20130815	123	123	123	204.294224319222	1234
20130815	123	123	123	207.94293251461124	1234
20130815	123	123	123	207.84330478658038	1234
20130815	123	123	123	221.84280202702013	1234
20130815	123	123	123	217.3841108964778	1234
20130815	123	123	123	220.86394167830562	1234
20130815	123	123	123	224.56541844211282	1234
20130815	123	123	123	230.39728614412627	1234
20130815	123	123	123	230.30116584931088	1234
20130815	123	123	123	234.14935776435271	1234
20130815	123	123	123	234.60390903758557	1234
20130815	123	123	123	243.6182603849501	1234
20130815	123	123	123	249.0171300844113	1234
20130815	123	123	123	261.2009768099161	1234
20130815	123	123	123	255.82426917478747	1234
20130815	123	123	123	255.65390515549615	1234
20130815	123	123	123	260.8931769502671	1234
20130815	123	123	123	267.4584985567219	1234
20130815	123	123	123	266.49878897207356	1234
20130815	123	123	123	266.6713742513184	1234
20130815	123	123	123	260.99541161475565	1234
20130815	123	123	123	256.566735442585	1234
20130815	123	123	123	253.40203371313478	1234
20130815	123	123	123	248.84883952140203	1234
20130815	123	123	123	244.07387118343004	1234
20130815	123	123	123	245.98424481320083	1234
20130815	123	123	123	236.2689571420654	1234
20130815	123	123	123	241.34875684674228	1234
20130815	123	123	123	231.89183945496313	1234
20130815	123	123	123	228.80738478020072	1234
20130815	123	123	123	227.15384615384616	1234
20130815	123	123	123	211.64288824286064	1234
20130815	123	123	123	215.7692307692308	1234
20130815	123	123	123	211.83475363259748	1234
20130815	123	123	123	209.12545322623689	1234
20130815	123	123	123	206.4276970021726	1234
20130815	123	123	123	201.78826144012658	1234
20130815	123	123	123	190.31689064477942	1234
20130815	123	123	123	208.17545713078343	1234
20130815	123	123	123	236.12427093765191	1234
20130815	123	123	123	258.2248182834607	1234
20130815	123	123	123	287.2904449407175	1234
20130815	123	123	123	270.86272197373216	1234
20130815	123	123	123	290.1542262827086	1234
20130815	123	123	123	325.16846562902043	1234
20130815	123	123	123	324.236483450355	1234
20130815	123	123	123	337.61538461538464	1234
20130815	123	123	123	369.50980510452644	1234
20130815	123	123	123	380.6537122704775	1234
20130815	123	123	123	402.8273031706101	1234
20130815	123	123	123	434.3583205551837	1234
20130815	123	123	123	447.250981826969	1234
20130815	123	123	123	490.2056559367781	1234
20130815	123	123	123	582.3565261206106	1234
20130815	123	123	123	536.4615384615387	1234
20130815	123	123	123	573.2879500826833	1234
20130815	123	123	123	577.8515968570302	1234
20130815	123	123	123	626.0073941465691	1234
20130815	123	123	123	635.5453636625681	1234
20130815	123	123	123	660.4010864240105	1234
20130815	123	123	123	629.9892973435703	1234
20130815	123	123	123	626.7692307692307	1234
20130815	123	123	123	601.3685927919893	1234
20130815	123	123	123	578.6759542815147	1234
20130815	123	123	123	572.4230769230768	1234
20130815	123	123	123	548.3843670354947	1234
20130815	123	123	123	524.7079438154827	1234
20130815	123	123	123	510.7716199920293	1234
20130815	123	123	123	487.0301853061967	1234
20130815	123	123	123	478.56081774647146	1234
20130815	123	123	123	442.3417244915879	1234
20130815	123	123	123	405.3992533160476	1234
20130815	123	123	123	424.4779044511194	1234
20130815	123	123	123	409.384615384615	1234
20130815	123	123	123	367.22217149301196	1234
20130815	123	123	123	367.2473514189843	1234
20130815	123	123	123	344.57939979056016	1234
20130815	123	123	123	323.8943946337951	1234
20130815	123	123	123	293.3414122406077	1234
20130815	123	123	123	287.7806140915337	1234
20130815	123	123	123	282.5769230769225	1234
20130815	123	123	123	257.2798143488238	1234
20130815	123	123	123	229.53355019480307	1234
20130815	123	123	123	219.72659666068324	1234
20130815	123	123	123	210.11538461538404	1234
20130815	123	123	123	196.5120504452466	1234
20130815	123	123	123	196.6091877405445	1234
20130815	123	123	123	197.80085332436676	1234
20130815	123	123	123	200.19230769230768	1234
20130815	123	123	123	204.65496456388615	1234
20130815	123	123	123	209.5555271970758	1234
20130815	123	123	123	211.8123316879427	1234
20130815	123	123	123	215.39469800588122	1234
20130815	123	123	123	238.07598848418513	1234
20130815	123	123	123	238.08012342899903	1234
20130815	123	123	123	239.7535285242859	1234
20130815	123	123	123	251.17728271383288	1234
20130815	123	123	123	251.39632651843914	1234
20130815	123	123	123	252.6035463011047	1234
20130815	123	123	123	264.78902462696516	1234
20130815	123	123	123	262.25761194164596	1234
20130815	123	123	123	255.94836047878246	1234
20130815	123	123	123	255.87640747594375	1234
20130815	123	123	123	254.57692307692304	1234
20130815	123	123	123	237.98802083963716	1234
20130815	123	123	123	230.97584954095132	1234
20130815	123	123	123	230.77620848793953	1234
20130815	123	123	123	228.66742155199447	1234
20130815	123	123	123	226.73965157846504	1234
20130815	123	123	123	224.45565901964235	1234
20130815	123	123	123	223.6923076923075	1234
20130815	123	123	123	205.70037030939739	1234
20130815	123	123	123	209.41982882479664	1234
20130815	123	123	123	208.77055904558776	1234
20130815	123	123	123	206.84615384615358	1234
20130815	123	123	123	195.0177535932614	1234
20130815	123	123	123	191.51339414888224	1234
20130815	123	123	123	190.0	1234
20130815	123	123	123	11.821556399153943	1234
20130815	123	123	123	2.593594657895981	1234
20130815	123	123	123	2.1787290464687548	1234
20130815	123	123	123	3.8754540441228857	1234
20130815	123	123	123	12.094205049203703	1234
20130815	123	123	123	15.685301934076639	1234
20130815	123	123	123	2.03733153684055	1234
20130815	123	123	123	12.36062885122545	1234
20130815	123	123	123	5.940098139478687	1234
20130815	123	123	123	5.496499756551076	1234
20130815	123	123	123	0.8846234889478866	1234
20130815	123	123	123	5.744806328185699	1234
20130815	123	123	123	10.20077507104248	1234
20130815	123	123	123	6.994090965937001	1234
20130815	123	123	123	10.15274138618268	1234
20130815	123	123	123	9.481776647984642	1234
20130815	123	123	123	0.8753233295227014	1234
20130815	123	123	123	12.784348594702495	1234
20130815	123	123	123	1.4099358425997122	1234
20130815	123	123	123	8.91361850727977	1234
20130815	123	123	123	16.84072249881385	1234
20130815	123	123	123	6.578903010105568	1234
20130815	123	123	123	1.959165317120517	1234
20130815	123	123	123	18.278344736211906	1234
20130815	123	123	123	13.970079621161604	1234
20130815	123	123	123	7.042900168648232	1234
20130815	123	123	123	18.934253692160766	1234
20130815	123	123	123	15.721360672054992	1234
20130815	123	123	123	19.427199486546527	1234
20130815	123	123	123	1.574287331880997	1234