time startPrice highestPrice lowestPrice endPrice transactionCount
20130815	123	123	123	7.022218916405912	1234
20130815	123	123	123	14.407329358966832	1234
20130815	123	123	123	14.369198706905273	1234
20130815	123	123	123	16.008102038056702	1234
20130815	123	123	123	9.034810867312697	1234
20130815	123	123	123	11.750356401907819	1234
20130815	123	123	123	5.5489183283753185	1234
20130815	123	123	123	14.781446658038071	1234
20130815	123	123	123	18.21073235130686	1234
20130815	123	123	123	15.25438747078672	1234
20130815	123	123	123	13.319301485336453	1234
20130815	123	123	123	7.362154733427162	1234
20130815	123	123	123	16.79014689621491	1234
20130815	123	123	123	14.814977818402902	1234
20130815	123	123	123	1.7276489924685423	1234
20130815	123	123	123	2.77540556386638	1234
20130815	123	123	123	5.339465913703871	1234
20130815	123	123	123	0.679883389332212	1234
20130815	123	123	123	7.771166897476363	1234
20130815	123	123	123	6.815162011302305	1234
20130815	123	123	123	6.947834576747911	1234
20130815	123	123	123	5.830746800819213	1234
20130815	123	123	123	17.33849256412107	1234
20130815	123	123	123	4.964922920302772	1234
20130815	123	123	123	19.775305675990666	1234
20130815	123	123	123	5.614325924658834	1234
20130815	123	123	123	11.191448494622918	1234
20130815	123	123	123	2.5207136534433583	1234
20130815	123	123	123	13.580751173519383	1234
20130815	123	123	123	3.3812095020036947	1234
20130815	123	123	123	193.2390517188486	1234
20130815	123	123	123	195.73788211236456	1234
20130815	123	123	123	210.07765291581003	1234
20130815	123	123	123	205.37023331881034	1234
20130815	123	123	123	208.03896902249355	1234
20130815	123	123	123	215.09182197542668	1234
20130815	123	123	123	225.64532048282956	1234
20130815	123	123	123	225.53846153846143	1234
20130815	123	123	123	232.88848837444846	1234
20130815	123	123	123	234.02999565234833	1234
20130815	123	123	123	236.18450473808392	1234
20130815	123	123	123	241.1766062450844	1234
20130815	123	123	123	248.02365198336767	1234
20130815	123	123	123	249.6048425319758	1234
20130815	123	123	123	258.64009629743725	1234
20130815	123	123	123	260.9385950052922	1234
20130815	123	123	123	269.41098964456893	1234
20130815	123	123	123	267.0	1234
20130815	123	123	123	261.7587726716237	1234
20130815	123	123	123	250.8050819824081	1234
20130815	123	123	123	251.72743303082842	1234
20130815	123	123	123	249.92307692307688	1234
20130815	123	123	123	245.9843067739785	1234
20130815	123	123	123	239.1145081214342	1234
20130815	123	123	123	237.76094665755625	1234
20130815	123	123	123	234.12001426414304	1234
20130815	123	123	123	232.84615384615384	1234
20130815	123	123	123	224.78065111265505	1234
20130815	123	123	123	222.20779498557664	1234
20130815	123	123	123	221.46153846153848	1234
20130815	123	123	123	201.74565959526225	1234
20130815	123	123	123	198.10543016865827	1234
20130815	123	123	123	204.36816874668526	1234
20130815	123	123	123	211.8990634403867	1234
20130815	123	123	123	239.37000963052037	1234
20130815	123	123	123	257.0800057970569	1234
20130815	123	123	123	278.21024766878253	1234
20130815	123	123	123	293.45251694367073	1234
20130815	123	123	123	306.3025665623501	1234
20130815	123	123	123	319.53846153846155	1234
20130815	123	123	123	357.937191441844	1234
20130815	123	123	123	364.5011218914211	1234
20130815	123	123	123	377.6667365382548	1234
20130815	123	123	123	392.92811845795944	1234
20130815	123	123	123	423.50467736217934	1234
20130815	123	123	123	429.2043952330416	1234
20130815	123	123	123	464.94335194755956	1234
20130815	123	123	123	495.03259558658976	1234
20130815	123	123	123	501.3931229660747	1234
20130815	123	123	123	511.0293162618809	1234
20130815	123	123	123	603.7100259873614	1234
20130815	123	123	123	591.4036750189781	1234
20130815	123	123	123	625.711541539406	1234
20130815	123	123	123	679.9140222967354	1234
20130815	123	123	123	630.7706185734385	1234
20130815	123	123	123	618.8882497834757	1234
20130815	123	123	123	581.2335395139611	1234
20130815	123	123	123	570.8973133637114	1234
20130815	123	123	123	585.7833937965033	1234
20130815	123	123	123	565.6602841115017	1234
20130815	123	123	123	554.3076923076922	1234
20130815	123	123	123	531.3720019029955	1234
20130815	123	123	123	500.9644210895723	1234
20130815	123	123	123	486.9196110662976	1234
20130815	123	123	123	481.8461538461536	1234
20130815	123	123	123	463.73076923076894	1234
20130815	123	123	123	436.46650405219464	1234
20130815	123	123	123	423.2675922710309	1234
20130815	123	123	123	391.8873936444528	1234
20130815	123	123	123	366.23505705695993	1234
20130815	123	123	123	348.53204388111345	1234
20130815	123	123	123	344.13336104806456	1234
20130815	123	123	123	322.08642323322283	1234
20130815	123	123	123	303.19535793711174	1234
20130815	123	123	123	300.6578092939583	1234
20130815	123	123	123	251.38280345140134	1234
20130815	123	123	123	246.7465691031486	1234
20130815	123	123	123	214.77194369282668	1234
20130815	123	123	123	220.78968898326184	1234
20130815	123	123	123	201.21409576942884	1234
20130815	123	123	123	209.51674205343446	1234
20130815	123	123	123	209.63411792284086	1234
20130815	123	123	123	208.03033321442032	1234
20130815	123	123	123	209.38432254753042	1234
20130815	123	123	123	214.1466019251066	1234
20130815	123	123	123	214.19569782763082	1234
20130815	123	123	123	219.17726625562622	1234
20130815	123	123	123	223.35323740107202	1234
20130815	123	123	123	235.52554979948982	1234
20130815	123	123	123	234.27690320678286	1234
20130815	123	123	123	241.52353248650184	1234
20130815	123	123	123	243.77186762635307	1234
20130815	123	123	123	244.07023341490617	1234
20130815	123	123	123	249.60318383230123	1234
20130815	123	123	123	251.29769538217562	1234
20130815	123	123	123	252.97530654084488	1234
20130815	123	123	123	258.26976151549525	1234
20130815	123	123	123	264.79890239638377	1234
20130815	123	123	123	259.91688582142103	1234
20130815	123	123	123	260.0394951952959	1234
20130815	123	123	123	253.36044879816188	1234
20130815	123	123	123	250.062014095357	1234
20130815	123	123	123	251.76923076923072	1234
20130815	123	123	123	241.45753312043234	1234
20130815	123	123	123	246.15384615384608	1234
20130815	123	123	123	237.11225388265308	1234
20130815	123	123	123	230.8405567256199	1234
20130815	123	123	123	230.1398790164663	1234
20130815	123	123	123	223.9390397828001	1234
20130815	123	123	123	225.7451107586295	1234
20130815	123	123	123	223.30134575592555	1234
20130815	123	123	123	213.95199482361184	1234
20130815	123	123	123	213.99696481069356	1234
20130815	123	123	123	209.42926611132697	1234
20130815	123	123	123	200.74147375859258	1234
20130815	123	123	123	196.7717688680074	1234
20130815	123	123	123	195.79305470312545	1234
20130815	123	123	123	194.43467318804966	1234
20130815	123	123	123	192.01781742058526	1234
20130815	123	123	123	190.0	1234
20130815	123	123	123	0.8826529295181351	1234
20130815	123	123	123	3.769965017142829	1234
20130815	123	123	123	10.173975178446904	1234
20130815	123	123	123	14.112598438232277	1234
20130815	123	123	123	2.8835192839828583	1234
20130815	123	123	123	1.865060230305231	1234
20130815	123	123	123	5.177885967322824	1234
20130815	123	123	123	19.36340819234051	1234
20130815	123	123	123	10.701093516971836	1234
20130815	123	123	123	8.940513289150271	1234
20130815	123	123	123	19.05300495538916	1234
20130815	123	123	123	6.322593383038788	1234
20130815	123	123	123	19.391071436286424	1234
20130815	123	123	123	2.057876394601381	1234
20130815	123	123	123	9.02798056764569	1234
20130815	123	123	123	1.3892512110297628	1234
20130815	123	123	123	14.62825619074053	1234
20130815	123	123	123	14.722643076101695	1234
20130815	123	123	123	10.396199730659037	1234
20130815	123	123	123	4.385726139855855	1234
20130815	123	123	123	19.374613894358014	1234
20130815	123	123	123	6.0025648156545275	1234
20130815	123	123	123	5.579976191347058	1234
20130815	123	123	123	3.376580213568372	1234
20130815	123	123	123	15.188994951542135	1234
20130815	123	123	123	9.686957382187774	1234
20130815	123	123	123	2.4302214477048256	1234
20130815	123	123	123	2.0349632743238	1234
20130815	123	123	123	2.3514976894315165	1234
20130815	123	123	123	4.461726510068653	1234