time startPrice highestPrice lowestPrice endPrice transactionCount
20130815	123	123	123	1.2047290881895334	1234
20130815	123	123	123	18.769545740328404	1234
20130815	123	123	123	10.004364578037606	1234
20130815	123	123	123	13.441388222721397	1234
20130815	123	123	123	7.3472363243212175	1234
20130815	123	123	123	2.5313846297510745	1234
20130815	123	123	123	5.181801237345973	1234
20130815	123	123	123	15.3123783414906	1234
20130815	123	123	123	2.7321936837149186	1234
20130815	123	123	123	4.156071438549079	1234
20130815	123	123	123	10.06734491384399	1234
20130815	123	123	123	16.50600751219496	1234
20130815	123	123	123	4.799640258498461	1234
20130815	123	123	123	11.445904257022693	1234
20130815	123	123	123	4.7862520209434	1234
20130815	123	123	123	7.779800462592894	1234
20130815	123	123	123	19.176277541179022	1234
20130815	123	123	123	18.053048468972285	1234
20130815	123	123	123	1.1951631581159217	1234
20130815	123	123	123	16.80954605090832	1234
20130815	123	123	123	19.876018101874035	1234
20130815	123	123	123	16.698355987820324	1234
20130815	123	123	123	19.78924903548628	1234
20130815	123	123	123	4.472207186537764	1234
20130815	123	123	123	12.003836990898574	1234
20130815	123	123	123	3.6839244845719987	1234
20130815	123	123	123	4.4144684196744794	1234
20130815	123	123	123	11.769797268315653	1234
20130815	123	123	123	12.63003904274148	1234
20130815	123	123	123	7.558882485257565	1234
20130815	123	123	123	190.0	1234
20130815	123	123	123	193.7774461419479	1234
20130815	123	123	123	196.9162831642597	1234
20130815	123	123	123	215.48794206031198	1234
20130815	123	123	123	216.79903670207003	1234
20130815	123	123	123	225.63396223526485	1234
20130815	123	123	123	228.0011184382158	1234
20130815	123	123	123	228.4999999999999	1234
20130815	123	123	123	231.72462034194302	1234
20130815	123	123	123	240.2042162386599	1234
20130815	123	123	123	238.47727199622727	1234
20130815	123	123	123	245.51036114893685	1234
20130815	123	123	123	243.4100983726927	1234
20130815	123	123	123	246.48795718285305	1234
20130815	123	123	123	249.23076923076906	1234
20130815	123	123	123	252.1923076923075	1234
20130815	123	123	123	261.3036823893149	1234
20130815	123	123	123	264.5397168650976	1234
20130815	123	123	123	265.3913758149062	1234
20130815	123	123	123	254.25762724262802	1234
20130815	123	123	123	249.13079435523468	1234
20130815	123	123	123	246.85336599237073	1234
20130815	123	123	123	241.58160028481558	1234
20130815	123	123	123	241.38461538461536	1234
20130815	123	123	123	234.81755805556224	1234
20130815	123	123	123	226.16388986843563	1234
20130815	123	123	123	194.50449939539774	1234
20130815	123	123	123	209.46799725768332	1234
20130815	123	123	123	210.07692307692312	1234
20130815	123	123	123	207.23076923076928	1234
20130815	123	123	123	204.38461538461544	1234
20130815	123	123	123	194.2879111832118	1234
20130815	123	123	123	191.79381953367238	1234
20130815	123	123	123	198.3126508035986	1234
20130815	123	123	123	233.17263753241957	1234
20130815	123	123	123	229.15384615384613	1234
20130815	123	123	123	266.52445119444565	1234
20130815	123	123	123	282.159392388187	1234
20130815	123	123	123	307.40667501709925	1234
20130815	123	123	123	308.92888619580077	1234
20130815	123	123	123	319.874453296988	1234
20130815	123	123	123	337.88691900678276	1234
20130815	123	123	123	385.65581158366047	1234
20130815	123	123	123	394.6398064562845	1234
20130815	123	123	123	399.8030925899676	1234
20130815	123	123	123	438.00155015189546	1234
20130815	123	123	123	445.93504816926634	1234
20130815	123	123	123	469.905574099551	1234
20130815	123	123	123	473.22759241535385	1234
20130815	123	123	123	509.9291790784337	1234
20130815	123	123	123	534.6292772546477	1234
20130815	123	123	123	525.7645681071169	1234
20130815	123	123	123	555.5607896377787	1234
20130815	123	123	123	554.6910265334127	1234
20130815	123	123	123	587.9698854745285	1234
20130815	123	123	123	605.9249260166515	1234
20130815	123	123	123	629.4445539039023	1234
20130815	123	123	123	633.4401853328254	1234
20130815	123	123	123	644.9230769230772	1234
20130815	123	123	123	637.2961713665896	1234
20130815	123	123	123	611.9608163626075	1234
20130815	123	123	123	607.7183245894629	1234
20130815	123	123	123	572.5751541948779	1234
20130815	123	123	123	564.4899242623773	1234
20130815	123	123	123	554.3076923076922	1234
20130815	123	123	123	515.5006079868166	1234
20130815	123	123	123	467.4744434318064	1234
20130815	123	123	123	471.831051629863	1234
20130815	123	123	123	423.62081686349495	1234
20130815	123	123	123	442.52674112000244	1234
20130815	123	123	123	427.21141986015056	1234
20130815	123	123	123	368.5774520596265	1234
20130815	123	123	123	388.5084421263286	1234
20130815	123	123	123	300.28633183845153	1234
20130815	123	123	123	326.6222392325958	1234
20130815	123	123	123	311.7407110520408	1234
20130815	123	123	123	293.88373918059585	1234
20130815	123	123	123	272.93214345867364	1234
20130815	123	123	123	229.12808918218758	1234
20130815	123	123	123	240.96900764848218	1234
20130815	123	123	123	228.23076923076866	1234
20130815	123	123	123	210.11538461538404	1234
20130815	123	123	123	193.96470236251798	1234
20130815	123	123	123	195.62876583259933	1234
20130815	123	123	123	205.22460710496918	1234
20130815	123	123	123	203.43731700832043	1234
20130815	123	123	123	211.4782351532432	1234
20130815	123	123	123	216.89174476449998	1234
20130815	123	123	123	214.87131217434083	1234
20130815	123	123	123	217.64557373053688	1234
20130815	123	123	123	222.8281475902585	1234
20130815	123	123	123	227.64632969751895	1234
20130815	123	123	123	233.39859758094974	1234
20130815	123	123	123	231.66041367112828	1234
20130815	123	123	123	234.20107710177123	1234
20130815	123	123	123	245.4879372852921	1234
20130815	123	123	123	246.19783067653978	1234
20130815	123	123	123	248.85191938818613	1234
20130815	123	123	123	249.42585449339322	1234
20130815	123	123	123	262.2688706324827	1234
20130815	123	123	123	262.18471239609516	1234
20130815	123	123	123	260.26923076923066	1234
20130815	123	123	123	253.93110896321718	1234
20130815	123	123	123	255.87625596774296	1234
20130815	123	123	123	251.76923076923072	1234
20130815	123	123	123	248.43657371339071	1234
20130815	123	123	123	240.22249813106663	1234
20130815	123	123	123	230.25149200498004	1234
20130815	123	123	123	232.11538461538447	1234
20130815	123	123	123	226.49999999999983	1234
20130815	123	123	123	220.90560749093677	1234
20130815	123	123	123	220.49840380975223	1234
20130815	123	123	123	208.00715735659145	1234
20130815	123	123	123	208.48557714533968	1234
20130815	123	123	123	201.56175227337891	1234
20130815	123	123	123	201.11053291824152	1234
20130815	123	123	123	198.42307692307662	1234
20130815	123	123	123	195.27193385646868	1234
20130815	123	123	123	192.36604734059677	1234
20130815	123	123	123	190.0	1234
20130815	123	123	123	5.344639509243363	1234
20130815	123	123	123	18.97441520601366	1234
20130815	123	123	123	1.0684535612435453	1234
20130815	123	123	123	19.270566568419042	1234
20130815	123	123	123	0.911922109612251	1234
20130815	123	123	123	9.609807797541372	1234
20130815	123	123	123	18.483499706498296	1234
20130815	123	123	123	3.7308906893074223	1234
20130815	123	123	123	10.633211100673115	1234
20130815	123	123	123	11.044962109581732	1234
20130815	123	123	123	18.56743829838292	1234
20130815	123	123	123	13.450377449178035	1234
20130815	123	123	123	18.653859426172247	1234
20130815	123	123	123	10.76040380754546	1234
20130815	123	123	123	5.970560591192791	1234
20130815	123	123	123	3.7399735692532365	1234
20130815	123	123	123	15.334040054993562	1234
20130815	123	123	123	2.758018874213495	1234
20130815	123	123	123	7.233456060352845	1234
20130815	123	123	123	5.9534248009573165	1234
20130815	123	123	123	16.93197888730422	1234
20130815	123	123	123	2.1203902182718415	1234
20130815	123	123	123	0.16191076839735752	1234
20130815	123	123	123	10.340650927846802	1234
20130815	123	123	123	18.592179136013844	1234
20130815	123	123	123	17.385776374601527	1234
20130815	123	123	123	1.901393389627497	1234
20130815	123	123	123	3.3052027334041023	1234
20130815	123	123	123	14.225682341612199	1234
20130815	123	123	123	10.190037005915272	1234