time startPrice highestPrice lowestPrice endPrice transactionCount
20130815	123	123	123	8.488266166083934	1234
20130815	123	123	123	9.572060188843114	1234
20130815	123	123	123	16.426115981824722	1234
20130815	123	123	123	17.45642587417016	1234
20130815	123	123	123	8.579230857959752	1234
20130815	123	123	123	10.98601120594427	1234
20130815	123	123	123	13.436831686409734	1234
20130815	123	123	123	0.09556409045571979	1234
20130815	123	123	123	18.958177864505068	1234
20130815	123	123	123	10.62780093164365	1234
20130815	123	123	123	18.811443413055255	1234
20130815	123	123	123	8.71675470995659	1234
20130815	123	123	123	0.208721066850881	1234
20130815	123	123	123	13.221013430599092	1234
20130815	123	123	123	14.073144955228035	1234
20130815	123	123	123	7.62922144688747	1234
20130815	123	123	123	18.159150908347158	1234
20130815	123	123	123	6.45190399579703	1234
20130815	123	123	123	15.60091164717791	1234
20130815	123	123	123	2.0747513463430955	1234
20130815	123	123	123	2.628403921858442	1234
20130815	123	123	123	17.726618864876883	1234
20130815	123	123	123	1.3692920645863627	1234
20130815	123	123	123	18.520803234328127	1234
20130815	123	123	123	17.314247436914464	1234
20130815	123	123	123	4.933331947976429	1234
20130815	123	123	123	0.792389480426241	1234
20130815	123	123	123	17.622171848262383	1234
20130815	123	123	123	11.373606069995999	1234
20130815	123	123	123	16.764108475097103	1234
20130815	123	123	123	193.4670965545019	1234
20130815	123	123	123	195.28640609124665	1234
20130815	123	123	123	199.77303323327362	1234
20130815	123	123	123	198.88461538461536	1234
20130815	123	123	123	205.55964121227527	1234
20130815	123	123	123	214.43012999278795	1234
20130815	123	123	123	222.68463088922175	1234
20130815	123	123	123	229.4067612200299	1234
20130815	123	123	123	237.3022510926649	1234
20130815	123	123	123	234.4230769230768	1234
20130815	123	123	123	241.18008662446536	1234
20130815	123	123	123	240.3461538461537	1234
20130815	123	123	123	250.02705541574747	1234
20130815	123	123	123	255.06526724876872	1234
20130815	123	123	123	253.18562462389096	1234
20130815	123	123	123	261.4163714087402	1234
20130815	123	123	123	264.6669429213943	1234
20130815	123	123	123	263.03557279333535	1234
20130815	123	123	123	263.6378899392458	1234
20130815	123	123	123	258.23445247450445	1234
20130815	123	123	123	247.8945094732302	1234
20130815	123	123	123	247.6432384443567	1234
20130815	123	123	123	247.55510159074797	1234
20130815	123	123	123	242.34183876547297	1234
20130815	123	123	123	234.36488556424104	1234
20130815	123	123	123	237.14182771462796	1234
20130815	123	123	123	231.14423933868227	1234
20130815	123	123	123	229.94510963832258	1234
20130815	123	123	123	224.59793642353515	1234
20130815	123	123	123	223.00623310149206	1234
20130815	123	123	123	221.46153846153848	1234
20130815	123	123	123	216.35901207652878	1234
20130815	123	123	123	212.95876974171227	1234
20130815	123	123	123	179.75471753141824	1234
20130815	123	123	123	191.41495485179306	1234
20130815	123	123	123	211.58679852546123	1234
20130815	123	123	123	231.4603445394631	1234
20130815	123	123	123	245.7650353216143	1234
20130815	123	123	123	262.51707216755614	1234
20130815	123	123	123	270.16208141411323	1234
20130815	123	123	123	298.9676050634528	1234
20130815	123	123	123	320.61117762927614	1234
20130815	123	123	123	334.21985465478036	1234
20130815	123	123	123	361.53074687906275	1234
20130815	123	123	123	362.75108392763076	1234
20130815	123	123	123	383.97425387461766	1234
20130815	123	123	123	436.7726881239172	1234
20130815	123	123	123	448.9780913534728	1234
20130815	123	123	123	448.20853618895944	1234
20130815	123	123	123	477.4962382365746	1234
20130815	123	123	123	507.41800513803963	1234
20130815	123	123	123	538.6072664579602	1234
20130815	123	123	123	523.4983743172093	1234
20130815	123	123	123	539.9432713494268	1234
20130815	123	123	123	600.7920391940975	1234
20130815	123	123	123	578.9286456540331	1234
20130815	123	123	123	618.2834305979935	1234
20130815	123	123	123	630.391806996672	1234
20130815	123	123	123	659.0510808970716	1234
20130815	123	123	123	624.3234073933332	1234
20130815	123	123	123	614.1956973510056	1234
20130815	123	123	123	543.0269219415636	1234
20130815	123	123	123	548.2017432008117	1234
20130815	123	123	123	558.9904752879611	1234
20130815	123	123	123	529.9623014160153	1234
20130815	123	123	123	531.5476392177624	1234
20130815	123	123	123	518.0769230769229	1234
20130815	123	123	123	495.2509759175657	1234
20130815	123	123	123	470.4801601768013	1234
20130815	123	123	123	444.2025580591354	1234
20130815	123	123	123	445.6153846153843	1234
20130815	123	123	123	408.761529780329	1234
20130815	123	123	123	407.9704779395921	1234
20130815	123	123	123	358.3100233465657	1234
20130815	123	123	123	358.84509834029006	1234
20130815	123	123	123	354.2651445163279	1234
20130815	123	123	123	293.5131055924071	1234
20130815	123	123	123	289.4988742839532	1234
20130815	123	123	123	299.37139146542927	1234
20130815	123	123	123	272.4932539267528	1234
20130815	123	123	123	234.24808706770332	1234
20130815	123	123	123	211.01276293681698	1234
20130815	123	123	123	221.61541944228492	1234
20130815	123	123	123	189.11729062274438	1234
20130815	123	123	123	197.36708232025094	1234
20130815	123	123	123	204.5129806595306	1234
20130815	123	123	123	205.65384615384613	1234
20130815	123	123	123	216.63905972172932	1234
20130815	123	123	123	216.1510782557045	1234
20130815	123	123	123	220.2845231969216	1234
20130815	123	123	123	224.9962208397733	1234
20130815	123	123	123	224.76923076923072	1234
20130815	123	123	123	228.74466256823942	1234
20130815	123	123	123	231.6810649595224	1234
20130815	123	123	123	233.6892632153924	1234
20130815	123	123	123	253.63222793886956	1234
20130815	123	123	123	249.37072920445067	1234
20130815	123	123	123	253.23606832144463	1234
20130815	123	123	123	255.17048434704373	1234
20130815	123	123	123	259.8164735177665	1234
20130815	123	123	123	261.5383613218945	1234
20130815	123	123	123	260.81662232153377	1234
20130815	123	123	123	254.57692307692304	1234
20130815	123	123	123	250.32565649674333	1234
20130815	123	123	123	243.0528030011643	1234
20130815	123	123	123	240.72254805931945	1234
20130815	123	123	123	238.2523343338181	1234
20130815	123	123	123	233.78826496423503	1234
20130815	123	123	123	227.2956985641834	1234
20130815	123	123	123	229.11294748560928	1234
20130815	123	123	123	215.84333628124244	1234
20130815	123	123	123	218.07692307692287	1234
20130815	123	123	123	212.75573912715228	1234
20130815	123	123	123	202.2847289449546	1234
20130815	123	123	123	204.46199345357758	1234
20130815	123	123	123	203.5500120624336	1234
20130815	123	123	123	194.11324489109728	1234
20130815	123	123	123	193.5858935198034	1234
20130815	123	123	123	187.468446170165	1234
20130815	123	123	123	190.0	1234
20130815	123	123	123	1.2395402468518535	1234
20130815	123	123	123	17.251714067551248	1234
20130815	123	123	123	5.061365950503108	1234
20130815	123	123	123	18.87395976550147	1234
20130815	123	123	123	10.669096426395178	1234
20130815	123	123	123	10.285811597543905	1234
20130815	123	123	123	16.73538932754608	1234
20130815	123	123	123	1.0022147035339146	1234
20130815	123	123	123	4.830637740883805	1234
20130815	123	123	123	17.240390424035176	1234
20130815	123	123	123	6.601895577684191	1234
20130815	123	123	123	17.153982901012064	1234
20130815	123	123	123	19.61482347444115	1234
20130815	123	123	123	17.388483668698246	1234
20130815	123	123	123	13.766748231935189	1234
20130815	123	123	123	6.037145181783689	1234
20130815	123	123	123	4.384031208135848	1234
20130815	123	123	123	13.650470607306842	1234
20130815	123	123	123	17.474615802361242	1234
20130815	123	123	123	12.17296254790293	1234
20130815	123	123	123	10.495801439373448	1234
20130815	123	123	123	6.333288411265818	1234
20130815	123	123	123	0.8593661500116467	1234
20130815	123	123	123	19.44605143763963	1234
20130815	123	123	123	10.735044591049178	1234
20130815	123	123	123	18.705068114752134	1234
20130815	123	123	123	16.095464137195133	1234
20130815	123	123	123	18.332127584940096	1234
20130815	123	123	123	9.99984834835329	1234
20130815	123	123	123	13.426796566998222	1234