time startPrice highestPrice lowestPrice endPrice transactionCount
20130815	123	123	123	0.6039578488560937	1234
20130815	123	123	123	12.475726744257054	1234
20130815	123	123	123	5.974930776237002	1234
20130815	123	123	123	3.248593672706066	1234
20130815	123	123	123	13.664176750083051	1234
20130815	123	123	123	17.657402135380305	1234
20130815	123	123	123	3.797538332900736	1234
20130815	123	123	123	6.308181140493277	1234
20130815	123	123	123	3.899760990045047	1234
20130815	123	123	123	7.6260987266407465	1234
20130815	123	123	123	6.332521169567014	1234
20130815	123	123	123	1.7253765408571797	1234
20130815	123	123	123	11.57831596808542	1234
20130815	123	123	123	17.872543564289394	1234
20130815	123	123	123	7.154210234268454	1234
20130815	123	123	123	19.896469886959174	1234
20130815	123	123	123	14.053469236779382	1234
20130815	123	123	123	7.785702074994978	1234
20130815	123	123	123	1.7351852707303572	1234
20130815	123	123	123	4.0716880964004964	1234
20130815	123	123	123	16.878565025319407	1234
20130815	123	123	123	17.39812027589092	1234
20130815	123	123	123	2.5184494679952274	1234
20130815	123	123	123	16.457038729375135	1234
20130815	123	123	123	3.973341262718848	1234
20130815	123	123	123	0.3291664682316764	1234
20130815	123	123	123	1.4205822393957912	1234
20130815	123	123	123	7.859339974321031	1234
20130815	123	123	123	10.381795549272187	1234
20130815	123	123	123	2.25053251022856	1234
20130815	123	123	123	192.30227736066237	1234
20130815	123	123	123	192.96153846153845	1234
20130815	123	123	123	203.5804238382836	1234
20130815	123	123	123	205.69120740843513	1234
20130815	123	123	123	206.9343653198824	1234
20130815	123	123	123	211.51149280759222	1234
20130815	123	123	123	213.95293497963442	1234
20130815	123	123	123	221.48159306078762	1234
20130815	123	123	123	221.81906847218866	1234
20130815	123	123	123	223.54768800154392	1234
20130815	123	123	123	241.8510304899066	1234
20130815	123	123	123	244.57869913646132	1234
20130815	123	123	123	255.41461705443345	1234
20130815	123	123	123	258.1153846153844	1234
20130815	123	123	123	261.9466390190015	1234
20130815	123	123	123	265.9214730530082	1234
20130815	123	123	123	265.6587649295743	1234
20130815	123	123	123	258.5900922443809	1234
20130815	123	123	123	252.67645336414353	1234
20130815	123	123	123	254.77372166617877	1234
20130815	123	123	123	249.6154358193565	1234
20130815	123	123	123	242.74040728659105	1234
20130815	123	123	123	243.0029781068929	1234
20130815	123	123	123	233.2291012173406	1234
20130815	123	123	123	232.1632757187783	1234
20130815	123	123	123	228.93902035677684	1234
20130815	123	123	123	224.91524898707155	1234
20130815	123	123	123	224.52205139839123	1234
20130815	123	123	123	222.43500848368492	1234
20130815	123	123	123	203.08505968973816	1234
20130815	123	123	123	205.15874686678833	1234
20130815	123	123	123	187.48258150692172	1234
20130815	123	123	123	197.78670616561004	1234
20130815	123	123	123	193.42029160519704	1234
20130815	123	123	123	220.17965627132332	1234
20130815	123	123	123	219.91078617059569	1234
20130815	123	123	123	266.4650936738089	1234
20130815	123	123	123	290.0902452201101	1234
20130815	123	123	123	274.0886549680913	1234
20130815	123	123	123	283.38461538461536	1234
20130815	123	123	123	309.4964595719973	1234
20130815	123	123	123	319.53846153846155	1234
20130815	123	123	123	344.2189678681955	1234
20130815	123	123	123	358.48093419889454	1234
20130815	123	123	123	384.7623305216327	1234
20130815	123	123	123	416.7762212585747	1234
20130815	123	123	123	448.55299084314584	1234
20130815	123	123	123	473.2974301956041	1234
20130815	123	123	123	547.9588030336562	1234
20130815	123	123	123	529.8783968565652	1234
20130815	123	123	123	536.4615384615387	1234
20130815	123	123	123	563.7538298367955	1234
20130815	123	123	123	584.9159274815736	1234
20130815	123	123	123	617.717339198113	1234
20130815	123	123	123	618.2351830928435	1234
20130815	123	123	123	630.1762115105679	1234
20130815	123	123	123	650.6692757356009	1234
20130815	123	123	123	653.8451005841869	1234
20130815	123	123	123	600.7541090425264	1234
20130815	123	123	123	606.6084554974125	1234
20130815	123	123	123	564.5669956734203	1234
20130815	123	123	123	545.3472919750766	1234
20130815	123	123	123	533.7492120998938	1234
20130815	123	123	123	510.44534715328973	1234
20130815	123	123	123	502.498773933674	1234
20130815	123	123	123	482.43678089987435	1234
20130815	123	123	123	451.7467461922832	1234
20130815	123	123	123	463.73076923076894	1234
20130815	123	123	123	426.02924977589265	1234
20130815	123	123	123	387.1671568709846	1234
20130815	123	123	123	379.26045149422686	1234
20130815	123	123	123	386.3164899022286	1234
20130815	123	123	123	365.9081820823196	1234
20130815	123	123	123	340.9352656835278	1234
20130815	123	123	123	312.9284009112512	1234
20130815	123	123	123	279.3552603325858	1234
20130815	123	123	123	300.69230769230717	1234
20130815	123	123	123	242.93677707910922	1234
20130815	123	123	123	253.59890438185775	1234
20130815	123	123	123	240.09666719381622	1234
20130815	123	123	123	211.1725281399737	1234
20130815	123	123	123	180.73033608908213	1234
20130815	123	123	123	194.77132704872798	1234
20130815	123	123	123	198.60478465048007	1234
20130815	123	123	123	199.56878502727977	1234
20130815	123	123	123	209.93888277016723	1234
20130815	123	123	123	213.14831339785277	1234
20130815	123	123	123	216.7763393333971	1234
20130815	123	123	123	216.57692307692304	1234
20130815	123	123	123	236.26357363714283	1234
20130815	123	123	123	230.6552327660686	1234
20130815	123	123	123	231.97903652883244	1234
20130815	123	123	123	236.92692000640017	1234
20130815	123	123	123	239.8056292087772	1234
20130815	123	123	123	259.34803556693794	1234
20130815	123	123	123	266.5520973171092	1234
20130815	123	123	123	262.9968939582001	1234
20130815	123	123	123	260.8107291216159	1234
20130815	123	123	123	259.46780813563	1234
20130815	123	123	123	253.634882911668	1234
20130815	123	123	123	253.31790201744872	1234
20130815	123	123	123	251.289264800013	1234
20130815	123	123	123	242.47358749776745	1234
20130815	123	123	123	230.7090962628154	1234
20130815	123	123	123	239.81568365324668	1234
20130815	123	123	123	237.7307692307691	1234
20130815	123	123	123	234.2329639018938	1234
20130815	123	123	123	226.08323480995213	1234
20130815	123	123	123	226.2396882121399	1234
20130815	123	123	123	216.7725061253847	1234
20130815	123	123	123	213.2988057336138	1234
20130815	123	123	123	217.2856834765032	1234
20130815	123	123	123	213.70458120861983	1234
20130815	123	123	123	211.64342401089618	1234
20130815	123	123	123	207.52651399453129	1234
20130815	123	123	123	206.01598432637917	1234
20130815	123	123	123	198.90061949925186	1234
20130815	123	123	123	193.48331908123885	1234
20130815	123	123	123	192.80769230769198	1234
20130815	123	123	123	190.0	1234
20130815	123	123	123	9.134147111853075	1234
20130815	123	123	123	17.35698319245972	1234
20130815	123	123	123	13.600858528246489	1234
20130815	123	123	123	10.545980197462452	1234
20130815	123	123	123	7.101551947560587	1234
20130815	123	123	123	1.3891257726246398	1234
20130815	123	123	123	5.025888582339224	1234
20130815	123	123	123	15.309986562249263	1234
20130815	123	123	123	17.661461685166227	1234
20130815	123	123	123	12.69116625381633	1234
20130815	123	123	123	1.750421550204122	1234
20130815	123	123	123	14.427605352748706	1234
20130815	123	123	123	10.622763483672024	1234
20130815	123	123	123	18.664524950103377	1234
20130815	123	123	123	10.774004053487243	1234
20130815	123	123	123	6.200501792994184	1234
20130815	123	123	123	0.3999987588546139	1234
20130815	123	123	123	6.053888016631454	1234
20130815	123	123	123	2.6133501715349783	1234
20130815	123	123	123	1.8317867064921778	1234
20130815	123	123	123	6.848080489069375	1234
20130815	123	123	123	4.215249704739477	1234
20130815	123	123	123	9.378470121794159	1234
20130815	123	123	123	17.054930101156433	1234
20130815	123	123	123	15.063014487395714	1234
20130815	123	123	123	12.793224214102707	1234
20130815	123	123	123	13.56681706020211	1234
20130815	123	123	123	7.289684090941386	1234
20130815	123	123	123	14.669261249858918	1234
20130815	123	123	123	1.2862764207671917	1234