time startPrice highestPrice lowestPrice endPrice transactionCount
20130815	123	123	123	6.83068452823036	1234
20130815	123	123	123	11.612796465448943	1234
20130815	123	123	123	5.899705268836495	1234
20130815	123	123	123	19.622151835687813	1234
20130815	123	123	123	6.039419952535181	1234
20130815	123	123	123	16.910600931620866	1234
20130815	123	123	123	14.460195348511846	1234
20130815	123	123	123	0.8598592907865776	1234
20130815	123	123	123	7.838824558092911	1234
20130815	123	123	123	2.167749245268902	1234
20130815	123	123	123	9.529617494971465	1234
20130815	123	123	123	2.6780002743778963	1234
20130815	123	123	123	4.698806602344523	1234
20130815	123	123	123	13.222357326676581	1234
20130815	123	123	123	17.62381872042186	1234
20130815	123	123	123	5.199302029355815	1234
20130815	123	123	123	16.450972846932668	1234
20130815	123	123	123	13.239576748945467	1234
20130815	123	123	123	13.648057901473367	1234
20130815	123	123	123	9.100816752270756	1234
20130815	123	123	123	11.413405353290905	1234
20130815	123	123	123	18.98965278332947	1234
20130815	123	123	123	10.664406853898091	1234
20130815	123	123	123	4.489757600720365	1234
20130815	123	123	123	9.242370878712556	1234
20130815	123	123	123	19.40115827888508	1234
20130815	123	123	123	13.016027986022547	1234
20130815	123	123	123	5.854867803543757	1234
20130815	123	123	123	15.084323899904597	1234
20130815	123	123	123	9.405158879375705	1234
20130815	123	123	123	193.72903271615436	1234
20130815	123	123	123	203.4200966645583	1234
20130815	123	123	123	208.97330863729957	1234
20130815	123	123	123	211.13733491069436	1234
20130815	123	123	123	210.8557522039658	1234
20130815	123	123	123	219.79027358880876	1234
20130815	123	123	123	222.0891519597764	1234
20130815	123	123	123	223.0924295700462	1234
20130815	123	123	123	226.10202202498107	1234
20130815	123	123	123	231.17789589802703	1234
20130815	123	123	123	233.1275476273477	1234
20130815	123	123	123	242.6499376564914	1234
20130815	123	123	123	246.51384785605555	1234
20130815	123	123	123	247.0308356088061	1234
20130815	123	123	123	256.30808898902836	1234
20130815	123	123	123	258.4308901349687	1234
20130815	123	123	123	266.41497606298225	1234
20130815	123	123	123	266.66415448985043	1234
20130815	123	123	123	266.3853925316733	1234
20130815	123	123	123	266.309019191524	1234
20130815	123	123	123	261.18962140008574	1234
20130815	123	123	123	248.10393155274684	1234
20130815	123	123	123	239.5183279701656	1234
20130815	123	123	123	237.80177795168112	1234
20130815	123	123	123	234.5790704636394	1234
20130815	123	123	123	223.77101959687963	1234
20130815	123	123	123	223.8053416404122	1234
20130815	123	123	123	218.2359388873513	1234
20130815	123	123	123	216.38878305807265	1234
20130815	123	123	123	214.78234214085705	1234
20130815	123	123	123	205.9183587625888	1234
20130815	123	123	123	248.34829246208824	1234
20130815	123	123	123	241.2644331133737	1234
20130815	123	123	123	260.4107211322164	1234
20130815	123	123	123	269.4398119782529	1234
20130815	123	123	123	317.9314852052404	1234
20130815	123	123	123	321.0858064445774	1234
20130815	123	123	123	362.1167900994176	1234
20130815	123	123	123	345.9666079495316	1234
20130815	123	123	123	376.85026539494964	1234
20130815	123	123	123	385.1925294773945	1234
20130815	123	123	123	394.0564917283076	1234
20130815	123	123	123	423.12553802111455	1234
20130815	123	123	123	461.8624894325484	1234
20130815	123	123	123	468.3389900583398	1234
20130815	123	123	123	470.45592920041827	1234
20130815	123	123	123	508.6596965044812	1234
20130815	123	123	123	507.6637836288044	1234
20130815	123	123	123	535.2958929047267	1234
20130815	123	123	123	541.9051708812359	1234
20130815	123	123	123	569.7850774582623	1234
20130815	123	123	123	613.8844212227451	1234
20130815	123	123	123	608.7692307692311	1234
20130815	123	123	123	646.8787842166788	1234
20130815	123	123	123	644.9230769230772	1234
20130815	123	123	123	650.0927014849169	1234
20130815	123	123	123	620.7436813369394	1234
20130815	123	123	123	595.6095448415002	1234
20130815	123	123	123	595.2103687738637	1234
20130815	123	123	123	590.5384615384614	1234
20130815	123	123	123	548.603842000591	1234
20130815	123	123	123	544.5700927430819	1234
20130815	123	123	123	521.4748233723434	1234
20130815	123	123	123	506.64615725601993	1234
20130815	123	123	123	491.6037575366298	1234
20130815	123	123	123	450.89025694595114	1234
20130815	123	123	123	417.14042915941343	1234
20130815	123	123	123	398.35574589684813	1234
20130815	123	123	123	380.1764775220764	1234
20130815	123	123	123	357.35606130785453	1234
20130815	123	123	123	355.0384615384611	1234
20130815	123	123	123	335.1978958144025	1234
20130815	123	123	123	314.9038865994088	1234
20130815	123	123	123	264.9411838584546	1234
20130815	123	123	123	236.72388699300765	1234
20130815	123	123	123	243.47622522965773	1234
20130815	123	123	123	232.59873631201953	1234
20130815	123	123	123	203.21838525799524	1234
20130815	123	123	123	207.15995515249483	1234
20130815	123	123	123	197.0932872176447	1234
20130815	123	123	123	199.56115652395613	1234
20130815	123	123	123	202.39208259160608	1234
20130815	123	123	123	205.31042523965948	1234
20130815	123	123	123	205.91587535880458	1234
20130815	123	123	123	216.56182960745988	1234
20130815	123	123	123	218.04300469504756	1234
20130815	123	123	123	218.33766971969447	1234
20130815	123	123	123	223.00236354089736	1234
20130815	123	123	123	228.71115735920836	1234
20130815	123	123	123	228.81799766142205	1234
20130815	123	123	123	235.93315954872475	1234
20130815	123	123	123	232.96614564803818	1234
20130815	123	123	123	242.56196619103824	1234
20130815	123	123	123	243.8846153846153	1234
20130815	123	123	123	247.8878976765933	1234
20130815	123	123	123	251.48234249959611	1234
20130815	123	123	123	256.36385769716	1234
20130815	123	123	123	257.53846153846143	1234
20130815	123	123	123	263.1521400439393	1234
20130815	123	123	123	258.24660048745864	1234
20130815	123	123	123	258.65855883909404	1234
20130815	123	123	123	252.78901867384383	1234
20130815	123	123	123	239.0727482460069	1234
20130815	123	123	123	245.52571715563005	1234
20130815	123	123	123	241.78022313814344	1234
20130815	123	123	123	238.24731707399596	1234
20130815	123	123	123	233.7198024357436	1234
20130815	123	123	123	233.4205903537624	1234
20130815	123	123	123	230.46804387328444	1234
20130815	123	123	123	226.2937368324201	1234
20130815	123	123	123	218.7929945876796	1234
20130815	123	123	123	215.4940283313706	1234
20130815	123	123	123	214.25345711477212	1234
20130815	123	123	123	199.6597379330449	1234
20130815	123	123	123	205.23069328266	1234
20130815	123	123	123	202.92617474985695	1234
20130815	123	123	123	195.21231950578047	1234
20130815	123	123	123	195.1860183399258	1234
20130815	123	123	123	185.60013375378105	1234
20130815	123	123	123	190.0	1234
20130815	123	123	123	19.774272611930698	1234
20130815	123	123	123	17.32977700245063	1234
20130815	123	123	123	15.167982338851685	1234
20130815	123	123	123	1.558707360820728	1234
20130815	123	123	123	10.10344391596556	1234
20130815	123	123	123	8.539947124784518	1234
20130815	123	123	123	17.667641383475093	1234
20130815	123	123	123	5.533730632174414	1234
20130815	123	123	123	9.891985168944036	1234
20130815	123	123	123	5.464975031306681	1234
20130815	123	123	123	9.48531810073748	1234
20130815	123	123	123	11.280021350174767	1234
20130815	123	123	123	9.877747466950888	1234
20130815	123	123	123	13.033164243337367	1234
20130815	123	123	123	19.54071302868781	1234
20130815	123	123	123	15.518709641949236	1234
20130815	123	123	123	19.49891295752551	1234
20130815	123	123	123	6.575449721927626	1234
20130815	123	123	123	12.224379011922009	1234
20130815	123	123	123	13.195242283412627	1234
20130815	123	123	123	17.83103754469161	1234
20130815	123	123	123	17.80089864133529	1234
20130815	123	123	123	0.860909364610909	1234
20130815	123	123	123	15.618550258887876	1234
20130815	123	123	123	3.22460324720244	1234
20130815	123	123	123	17.61617984889066	1234
20130815	123	123	123	10.345343958484698	1234
20130815	123	123	123	15.23575374272093	1234
20130815	123	123	123	6.636356343474599	1234
20130815	123	123	123	2.896545463481861	1234