time startPrice highestPrice lowestPrice endPrice transactionCount
20130815	123	123	123	1.8129348523771793	1234
20130815	123	123	123	12.56424055405299	1234
20130815	123	123	123	19.796241441753857	1234
20130815	123	123	123	13.541190334790228	1234
20130815	123	123	123	2.46135358783804	1234
20130815	123	123	123	17.187882136856757	1234
20130815	123	123	123	19.034021386416228	1234
20130815	123	123	123	0.05609221132504061	1234
20130815	123	123	123	17.654291497813453	1234
20130815	123	123	123	8.870571226702086	1234
20130815	123	123	123	16.224710955167986	1234
20130815	123	123	123	13.763335778498451	1234
20130815	123	123	123	3.011202566309281	1234
20130815	123	123	123	6.757063985536551	1234
20130815	123	123	123	15.473696744932308	1234
20130815	123	123	123	6.921791849252417	1234
20130815	123	123	123	2.8272974956232955	1234
20130815	123	123	123	1.7813569890754666	1234
20130815	123	123	123	3.5462041812672562	1234
20130815	123	123	123	15.536394377448456	1234
20130815	123	123	123	8.363197693689594	1234
20130815	123	123	123	17.34686459282695	1234
20130815	123	123	123	11.291155967854564	1234
20130815	123	123	123	12.689195661853333	1234
20130815	123	123	123	13.86616258463362	1234
20130815	123	123	123	4.643836636901357	1234
20130815	123	123	123	3.313264779133145	1234
20130815	123	123	123	3.41349310039303	1234
20130815	123	123	123	4.857186694440081	1234
20130815	123	123	123	6.518206779484155	1234
20130815	123	123	123	190.0054374722936	1234
20130815	123	123	123	206.69731913825007	1234
20130815	123	123	123	218.7728791501728	1234
20130815	123	123	123	221.43832537505642	1234
20130815	123	123	123	224.65717263791848	1234
20130815	123	123	123	226.36416608476677	1234
20130815	123	123	123	234.85745500560148	1234
20130815	123	123	123	242.74733696334502	1234
20130815	123	123	123	241.45559575228617	1234
20130815	123	123	123	245.52413167831511	1234
20130815	123	123	123	246.6202660997997	1234
20130815	123	123	123	255.44962836529487	1234
20130815	123	123	123	261.14261547415146	1234
20130815	123	123	123	266.67677052663856	1234
20130815	123	123	123	264.46413263809796	1234
20130815	123	123	123	264.15384615384613	1234
20130815	123	123	123	248.38059994811323	1234
20130815	123	123	123	236.65273375270817	1234
20130815	123	123	123	237.8766691026115	1234
20130815	123	123	123	238.53846153846152	1234
20130815	123	123	123	234.82431001033373	1234
20130815	123	123	123	230.30951203064885	1234
20130815	123	123	123	228.3739324441442	1234
20130815	123	123	123	226.45453360829327	1234
20130815	123	123	123	222.31864640384526	1234
20130815	123	123	123	218.47650929871193	1234
20130815	123	123	123	216.73293372901966	1234
20130815	123	123	123	213.89679233340274	1234
20130815	123	123	123	212.1377713274574	1234
20130815	123	123	123	206.4180102812079	1234
20130815	123	123	123	206.69296728581	1234
20130815	123	123	123	200.00848777007383	1234
20130815	123	123	123	188.16658293209423	1234
20130815	123	123	123	199.37783630278287	1234
20130815	123	123	123	247.8398970191709	1234
20130815	123	123	123	268.72502149640616	1234
20130815	123	123	123	265.30769230769226	1234
20130815	123	123	123	283.38461538461536	1234
20130815	123	123	123	328.81704730845195	1234
20130815	123	123	123	331.6191236684063	1234
20130815	123	123	123	352.36027090542814	1234
20130815	123	123	123	360.5214054860142	1234
20130815	123	123	123	378.75680504392693	1234
20130815	123	123	123	406.36606814970014	1234
20130815	123	123	123	452.2427733516663	1234
20130815	123	123	123	465.1868119079561	1234
20130815	123	123	123	497.8631694584293	1234
20130815	123	123	123	508.0754882641221	1234
20130815	123	123	123	503.1902559128349	1234
20130815	123	123	123	519.5526929557659	1234
20130815	123	123	123	555.5938171427548	1234
20130815	123	123	123	584.9648378972264	1234
20130815	123	123	123	582.2470229723626	1234
20130815	123	123	123	643.9654783457003	1234
20130815	123	123	123	637.0516608063468	1234
20130815	123	123	123	662.5435496624947	1234
20130815	123	123	123	642.1564195278943	1234
20130815	123	123	123	609.7897342984363	1234
20130815	123	123	123	619.4736070303471	1234
20130815	123	123	123	608.6538461538461	1234
20130815	123	123	123	530.102037391377	1234
20130815	123	123	123	551.3771443199416	1234
20130815	123	123	123	528.2996958809968	1234
20130815	123	123	123	493.924461207848	1234
20130815	123	123	123	462.91725592356966	1234
20130815	123	123	123	421.69416410895235	1234
20130815	123	123	123	437.8950606576965	1234
20130815	123	123	123	421.8441862906532	1234
20130815	123	123	123	387.5332476584229	1234
20130815	123	123	123	387.48187573151426	1234
20130815	123	123	123	366.4550222704615	1234
20130815	123	123	123	343.9784435927568	1234
20130815	123	123	123	336.92307692307645	1234
20130815	123	123	123	306.9519099629708	1234
20130815	123	123	123	290.5194879800778	1234
20130815	123	123	123	271.20309912610975	1234
20130815	123	123	123	247.7411693968677	1234
20130815	123	123	123	246.34615384615327	1234
20130815	123	123	123	205.25748060502423	1234
20130815	123	123	123	209.4175286894695	1234
20130815	123	123	123	212.75103780055545	1234
20130815	123	123	123	214.64717784074497	1234
20130815	123	123	123	214.7713486818134	1234
20130815	123	123	123	213.8461538461538	1234
20130815	123	123	123	216.57692307692304	1234
20130815	123	123	123	226.71024437969027	1234
20130815	123	123	123	232.44872252340502	1234
20130815	123	123	123	233.03877776329657	1234
20130815	123	123	123	236.18988652689336	1234
20130815	123	123	123	240.71236592837377	1234
20130815	123	123	123	248.06331104417492	1234
20130815	123	123	123	250.29552472144167	1234
20130815	123	123	123	252.47230637557124	1234
20130815	123	123	123	252.3698551096489	1234
20130815	123	123	123	255.2658362752303	1234
20130815	123	123	123	265.01335353278114	1234
20130815	123	123	123	259.3651813184276	1234
20130815	123	123	123	251.4242735701325	1234
20130815	123	123	123	254.57692307692304	1234
20130815	123	123	123	248.27285869759754	1234
20130815	123	123	123	248.46711685217556	1234
20130815	123	123	123	240.68518203115886	1234
20130815	123	123	123	242.09578036090898	1234
20130815	123	123	123	236.6070913637169	1234
20130815	123	123	123	234.11651075089026	1234
20130815	123	123	123	231.14066618489733	1234
20130815	123	123	123	225.10970555628447	1234
20130815	123	123	123	224.82602859453692	1234
20130815	123	123	123	219.82719758545247	1234
20130815	123	123	123	213.48812455266338	1234
20130815	123	123	123	213.8014470001644	1234
20130815	123	123	123	212.16498375166222	1234
20130815	123	123	123	208.8247810940988	1234
20130815	123	123	123	206.57279270316712	1234
20130815	123	123	123	201.69851914044494	1234
20130815	123	123	123	199.3579942740455	1234
20130815	123	123	123	198.42307692307662	1234
20130815	123	123	123	190.90283952945532	1234
20130815	123	123	123	187.49356540330697	1234
20130815	123	123	123	190.0	1234
20130815	123	123	123	17.19523704788049	1234
20130815	123	123	123	10.620900270427246	1234
20130815	123	123	123	2.5346830044860846	1234
20130815	123	123	123	12.028699912858055	1234
20130815	123	123	123	6.950878523817057	1234
20130815	123	123	123	16.376419398553733	1234
20130815	123	123	123	10.586853502079855	1234
20130815	123	123	123	10.176712600366752	1234
20130815	123	123	123	1.8937921058022211	1234
20130815	123	123	123	5.726706885149746	1234
20130815	123	123	123	6.271283711852746	1234
20130815	123	123	123	15.766102115056889	1234
20130815	123	123	123	11.735265140531403	1234
20130815	123	123	123	11.32189161297555	1234
20130815	123	123	123	6.311675592332682	1234
20130815	123	123	123	2.9477082931117438	1234
20130815	123	123	123	11.47885335855359	1234
20130815	123	123	123	16.231459611987322	1234
20130815	123	123	123	19.978054452222885	1234
20130815	123	123	123	2.726063463892401	1234
20130815	123	123	123	5.558072347163636	1234
20130815	123	123	123	19.639870492985303	1234
20130815	123	123	123	16.658194452455206	1234
20130815	123	123	123	19.55342289551132	1234
20130815	123	123	123	19.667512389865053	1234
20130815	123	123	123	5.517735802019401	1234
20130815	123	123	123	3.294402322865817	1234
20130815	123	123	123	19.108879113180382	1234
20130815	123	123	123	0.8665986336463538	1234
20130815	123	123	123	17.899536985242804	1234