time startPrice highestPrice lowestPrice endPrice transactionCount
20130815	123	123	123	5.330101593405201	1234
20130815	123	123	123	7.285169571521335	1234
20130815	123	123	123	17.048302145897015	1234
20130815	123	123	123	5.071583701892395	1234
20130815	123	123	123	8.706942658410028	1234
20130815	123	123	123	5.250018134417274	1234
20130815	123	123	123	19.657148048700535	1234
20130815	123	123	123	5.181954485522828	1234
20130815	123	123	123	0.28422201503835565	1234
20130815	123	123	123	7.587908866817299	1234
20130815	123	123	123	10.415273443132975	1234
20130815	123	123	123	10.899976579490776	1234
20130815	123	123	123	1.3082838439959898	1234
20130815	123	123	123	18.51943182642033	1234
20130815	123	123	123	8.999464015752121	1234
20130815	123	123	123	2.301758928398352	1234
20130815	123	123	123	3.1136607251949178	1234
20130815	123	123	123	9.434623994966248	1234
20130815	123	123	123	7.2503875058455485	1234
20130815	123	123	123	2.7352926666246957	1234
20130815	123	123	123	1.5622289482271356	1234
20130815	123	123	123	17.99544623738432	1234
20130815	123	123	123	6.021772559420797	1234
20130815	123	123	123	0.6284349486508578	1234
20130815	123	123	123	4.069284750283428	1234
20130815	123	123	123	11.374402722294283	1234
20130815	123	123	123	14.84996323788537	1234
20130815	123	123	123	7.6025290697293935	1234
20130815	123	123	123	11.153180742492538	1234
20130815	123	123	123	14.789580582632162	1234
20130815	123	123	123	187.22664066316028	1234
20130815	123	123	123	200.03846153846155	1234
20130815	123	123	123	213.0769230769231	1234
20130815	123	123	123	249.73404215712026	1234
20130815	123	123	123	320.6108035184084	1234
20130815	123	123	123	300.2622459258685	1234
20130815	123	123	123	313.3424924846466	1234
20130815	123	123	123	319.91006458717544	1234
20130815	123	123	123	367.92299029040885	1234
20130815	123	123	123	358.00632630772407	1234
20130815	123	123	123	359.58959687157596	1234
20130815	123	123	123	373.04246447864807	1234
20130815	123	123	123	384.8152821014189	1234
20130815	123	123	123	415.98547111951905	1234
20130815	123	123	123	419.35963762412166	1234
20130815	123	123	123	434.6464495537994	1234
20130815	123	123	123	437.4355753682038	1234
20130815	123	123	123	451.20644768459204	1234
20130815	123	123	123	469.59447321771853	1234
20130815	123	123	123	487.46957026495835	1234
20130815	123	123	123	521.5099725513179	1234
20130815	123	123	123	535.8127882930368	1234
20130815	123	123	123	519.1975788999758	1234
20130815	123	123	123	517.9230769230769	1234
20130815	123	123	123	501.3397639220159	1234
20130815	123	123	123	483.8014974919033	1234
20130815	123	123	123	485.6153846153845	1234
20130815	123	123	123	464.3920402476348	1234
20130815	123	123	123	448.83631681885373	1234
20130815	123	123	123	433.3841219795415	1234
20130815	123	123	123	434.68226354462354	1234
20130815	123	123	123	423.2342328998409	1234
20130815	123	123	123	404.9242562786044	1234
20130815	123	123	123	385.96298248843374	1234
20130815	123	123	123	384.32955107596666	1234
20130815	123	123	123	377.92233762276595	1234
20130815	123	123	123	320.9998064715971	1234
20130815	123	123	123	339.75322402114676	1234
20130815	123	123	123	338.99787557830064	1234
20130815	123	123	123	325.6039035650982	1234
20130815	123	123	123	328.693021394942	1234
20130815	123	123	123	337.60253459647925	1234
20130815	123	123	123	351.90258109008244	1234
20130815	123	123	123	348.9230769230769	1234
20130815	123	123	123	365.4996664930332	1234
20130815	123	123	123	381.73315782369406	1234
20130815	123	123	123	385.6473043931082	1234
20130815	123	123	123	392.52979084555653	1234
20130815	123	123	123	411.2058383211047	1234
20130815	123	123	123	407.8374970054243	1234
20130815	123	123	123	415.69036635166657	1234
20130815	123	123	123	426.3464647937884	1234
20130815	123	123	123	440.4349379426645	1234
20130815	123	123	123	449.54148223084906	1234
20130815	123	123	123	460.80482814783653	1234
20130815	123	123	123	476.6065476887953	1234
20130815	123	123	123	481.0797735490879	1234
20130815	123	123	123	501.6928360505668	1234
20130815	123	123	123	500.6094698349301	1234
20130815	123	123	123	525.4549491525567	1234
20130815	123	123	123	515.4318247728129	1234
20130815	123	123	123	522.7104062260902	1234
20130815	123	123	123	522.8303991801159	1234
20130815	123	123	123	516.8901951736557	1234
20130815	123	123	123	509.3988149664606	1234
20130815	123	123	123	493.14540961953617	1234
20130815	123	123	123	490.9615384615385	1234
20130815	123	123	123	476.70981225111916	1234
20130815	123	123	123	475.34615384615387	1234
20130815	123	123	123	459.07803550350224	1234
20130815	123	123	123	444.5089844047143	1234
20130815	123	123	123	430.917138843928	1234
20130815	123	123	123	430.90217872968674	1234
20130815	123	123	123	420.86785132002933	1234
20130815	123	123	123	419.1470063744522	1234
20130815	123	123	123	406.2242453494853	1234
20130815	123	123	123	380.061143031436	1234
20130815	123	123	123	382.73648228250323	1234
20130815	123	123	123	374.56669806109784	1234
20130815	123	123	123	360.99248394030695	1234
20130815	123	123	123	366.0384615384614	1234
20130815	123	123	123	326.84486419262913	1234
20130815	123	123	123	323.19427926506233	1234
20130815	123	123	123	339.4963617347889	1234
20130815	123	123	123	346.47101251524026	1234
20130815	123	123	123	343.90319762212727	1234
20130815	123	123	123	367.3888437837669	1234
20130815	123	123	123	392.9218184601454	1234
20130815	123	123	123	388.00914304151684	1234
20130815	123	123	123	408.46049434308804	1234
20130815	123	123	123	409.076923076923	1234
20130815	123	123	123	447.83894446088453	1234
20130815	123	123	123	452.0236491464153	1234
20130815	123	123	123	467.0726622987505	1234
20130815	123	123	123	500.54287399903814	1234
20130815	123	123	123	504.03596404493493	1234
20130815	123	123	123	503.22686555389373	1234
20130815	123	123	123	510.2196787521939	1234
20130815	123	123	123	528.6351366913148	1234
20130815	123	123	123	514.341718333182	1234
20130815	123	123	123	460.9161816123632	1234
20130815	123	123	123	451.8496124462834	1234
20130815	123	123	123	458.1153846153845	1234
20130815	123	123	123	445.53846153846143	1234
20130815	123	123	123	401.84748146965404	1234
20130815	123	123	123	403.25062320810525	1234
20130815	123	123	123	377.29056199318666	1234
20130815	123	123	123	362.7813263663589	1234
20130815	123	123	123	349.81792808069656	1234
20130815	123	123	123	302.24779895207945	1234
20130815	123	123	123	307.1023432587089	1234
20130815	123	123	123	277.8618956446491	1234
20130815	123	123	123	278.9398338813952	1234
20130815	123	123	123	278.2712504710572	1234
20130815	123	123	123	255.76812312053454	1234
20130815	123	123	123	238.31426029741965	1234
20130815	123	123	123	231.73076923076889	1234
20130815	123	123	123	215.5513056687767	1234
20130815	123	123	123	192.9869769019554	1234
20130815	123	123	123	194.0	1234
20130815	123	123	123	6.585575319641411	1234
20130815	123	123	123	10.585145612044467	1234
20130815	123	123	123	5.636580103559443	1234
20130815	123	123	123	11.594044823352704	1234
20130815	123	123	123	4.3828811602508555	1234
20130815	123	123	123	17.275576824084105	1234
20130815	123	123	123	6.9437828401143005	1234
20130815	123	123	123	4.400181242193703	1234
20130815	123	123	123	6.8214660107788205	1234
20130815	123	123	123	4.101884560943407	1234
20130815	123	123	123	5.379987809016525	1234
20130815	123	123	123	8.06723216088759	1234
20130815	123	123	123	8.43858920719067	1234
20130815	123	123	123	13.718447369305654	1234
20130815	123	123	123	1.844766433225531	1234
20130815	123	123	123	4.852928584946659	1234
20130815	123	123	123	7.579605458697931	1234
20130815	123	123	123	15.128114329995796	1234
20130815	123	123	123	2.123416768008468	1234
20130815	123	123	123	9.627778781511573	1234
20130815	123	123	123	11.227700041469452	1234
20130815	123	123	123	13.673230019549488	1234
20130815	123	123	123	11.716289558084764	1234
20130815	123	123	123	8.773228676853304	1234
20130815	123	123	123	7.353095358353581	1234
20130815	123	123	123	0.42494612216713135	1234
20130815	123	123	123	7.107567689860394	1234
20130815	123	123	123	10.232569292375278	1234
20130815	123	123	123	19.32580012158937	1234
20130815	123	123	123	0.9103989941433599	1234