time startPrice highestPrice lowestPrice endPrice transactionCount
20130815	123	123	123	14.005750765510614	1234
20130815	123	123	123	11.580274295902313	1234
20130815	123	123	123	13.133101053229662	1234
20130815	123	123	123	11.091759457278023	1234
20130815	123	123	123	12.0380423754363	1234
20130815	123	123	123	14.246842697120321	1234
20130815	123	123	123	6.446431926805653	1234
20130815	123	123	123	13.91137959828814	1234
20130815	123	123	123	19.696371737733994	1234
20130815	123	123	123	5.891308366656853	1234
20130815	123	123	123	6.343360676331491	1234
20130815	123	123	123	3.1862058870935206	1234
20130815	123	123	123	2.8493683606490006	1234
20130815	123	123	123	3.266080890860703	1234
20130815	123	123	123	14.567925097440668	1234
20130815	123	123	123	8.612893559169324	1234
20130815	123	123	123	12.607218842681156	1234
20130815	123	123	123	6.520634489563912	1234
20130815	123	123	123	4.124877977454751	1234
20130815	123	123	123	8.714819387690698	1234
20130815	123	123	123	0.7480286460611496	1234
20130815	123	123	123	9.206654221838708	1234
20130815	123	123	123	11.749246900011265	1234
20130815	123	123	123	0.9739985592446576	1234
20130815	123	123	123	10.034568304413344	1234
20130815	123	123	123	11.158342432896838	1234
20130815	123	123	123	12.66771121934244	1234
20130815	123	123	123	19.64437507602634	1234
20130815	123	123	123	15.381488999682361	1234
20130815	123	123	123	7.869093840175772	1234
20130815	123	123	123	187.0	1234
20130815	123	123	123	207.4552619850749	1234
20130815	123	123	123	213.0769230769231	1234
20130815	123	123	123	229.96172080270463	1234
20130815	123	123	123	251.2740796360219	1234
20130815	123	123	123	278.85214148708343	1234
20130815	123	123	123	292.46196732858874	1234
20130815	123	123	123	294.1249234499502	1234
20130815	123	123	123	297.7961442737443	1234
20130815	123	123	123	312.81453853397284	1234
20130815	123	123	123	336.6572962849348	1234
20130815	123	123	123	350.22008242918724	1234
20130815	123	123	123	346.99446261058046	1234
20130815	123	123	123	356.96535349238655	1234
20130815	123	123	123	401.73340331282037	1234
20130815	123	123	123	457.808974321933	1234
20130815	123	123	123	426.43838707421685	1234
20130815	123	123	123	434.7307692307694	1234
20130815	123	123	123	447.76923076923094	1234
20130815	123	123	123	502.33927989075266	1234
20130815	123	123	123	508.88406148271173	1234
20130815	123	123	123	511.84523170035294	1234
20130815	123	123	123	518.404952185385	1234
20130815	123	123	123	518.4182198977053	1234
20130815	123	123	123	503.91919202306116	1234
20130815	123	123	123	500.902282952503	1234
20130815	123	123	123	497.4132231524221	1234
20130815	123	123	123	486.1658104717007	1234
20130815	123	123	123	476.9526772085812	1234
20130815	123	123	123	464.39631171610733	1234
20130815	123	123	123	444.0142339039254	1234
20130815	123	123	123	432.18679839814286	1234
20130815	123	123	123	438.41409976698264	1234
20130815	123	123	123	419.25952469911107	1234
20130815	123	123	123	404.8461538461536	1234
20130815	123	123	123	394.7901332108781	1234
20130815	123	123	123	383.6160473575391	1234
20130815	123	123	123	370.5142178267152	1234
20130815	123	123	123	363.5821074651766	1234
20130815	123	123	123	325.3762954263172	1234
20130815	123	123	123	339.2751572995206	1234
20130815	123	123	123	327.41466374063674	1234
20130815	123	123	123	323.72779279637496	1234
20130815	123	123	123	325.40159415846506	1234
20130815	123	123	123	332.46153846153845	1234
20130815	123	123	123	347.70798759524774	1234
20130815	123	123	123	350.866601276083	1234
20130815	123	123	123	374.6662463494655	1234
20130815	123	123	123	379.1146770341877	1234
20130815	123	123	123	381.8461538461538	1234
20130815	123	123	123	407.08520256236335	1234
20130815	123	123	123	446.96363854348635	1234
20130815	123	123	123	443.4898125070871	1234
20130815	123	123	123	450.6269566468869	1234
20130815	123	123	123	464.6320269346742	1234
20130815	123	123	123	462.3968643607783	1234
20130815	123	123	123	477.46156006743234	1234
20130815	123	123	123	480.6153846153845	1234
20130815	123	123	123	492.7565226748816	1234
20130815	123	123	123	509.4753000268401	1234
20130815	123	123	123	512.4064769246773	1234
20130815	123	123	123	517.8594599141095	1234
20130815	123	123	123	526.4690358937561	1234
20130815	123	123	123	517.003175833797	1234
20130815	123	123	123	513.2772752947113	1234
20130815	123	123	123	502.427929948528	1234
20130815	123	123	123	484.94885386991774	1234
20130815	123	123	123	482.87378819392205	1234
20130815	123	123	123	469.2846194415448	1234
20130815	123	123	123	467.53846153846155	1234
20130815	123	123	123	454.4027425756498	1234
20130815	123	123	123	426.9925390029999	1234
20130815	123	123	123	429.3350136427818	1234
20130815	123	123	123	427.72437885232114	1234
20130815	123	123	123	417.80072921140396	1234
20130815	123	123	123	400.60714578603495	1234
20130815	123	123	123	392.78507800829715	1234
20130815	123	123	123	384.01003597417167	1234
20130815	123	123	123	354.5235568800459	1234
20130815	123	123	123	343.39923459880725	1234
20130815	123	123	123	336.07669154662403	1234
20130815	123	123	123	334.8076923076921	1234
20130815	123	123	123	333.89505904603135	1234
20130815	123	123	123	350.0704927984281	1234
20130815	123	123	123	345.93741736325006	1234
20130815	123	123	123	377.6793008123499	1234
20130815	123	123	123	369.3569610120548	1234
20130815	123	123	123	381.2309933329211	1234
20130815	123	123	123	386.79997105124227	1234
20130815	123	123	123	394.1538461538461	1234
20130815	123	123	123	412.04269453788584	1234
20130815	123	123	123	412.4024478404697	1234
20130815	123	123	123	423.47040732433874	1234
20130815	123	123	123	429.0198305843741	1234
20130815	123	123	123	454.88489548127535	1234
20130815	123	123	123	467.22726956562684	1234
20130815	123	123	123	471.33271172126246	1234
20130815	123	123	123	514.49693021602	1234
20130815	123	123	123	500.3934779166214	1234
20130815	123	123	123	525.8579747247647	1234
20130815	123	123	123	495.9428619347036	1234
20130815	123	123	123	507.48022825608814	1234
20130815	123	123	123	492.23408587827237	1234
20130815	123	123	123	470.7868237535736	1234
20130815	123	123	123	458.6218352903594	1234
20130815	123	123	123	435.64298181202355	1234
20130815	123	123	123	415.77058714078504	1234
20130815	123	123	123	406.2455286553055	1234
20130815	123	123	123	312.716454464179	1234
20130815	123	123	123	343.0867004240302	1234
20130815	123	123	123	314.4277859624575	1234
20130815	123	123	123	316.7726387273273	1234
20130815	123	123	123	291.8428129394429	1234
20130815	123	123	123	287.50937368436684	1234
20130815	123	123	123	250.9051182111303	1234
20130815	123	123	123	250.85546922643434	1234
20130815	123	123	123	185.26025981333984	1234
20130815	123	123	123	218.68101235819032	1234
20130815	123	123	123	188.40923504840887	1234
20130815	123	123	123	194.0	1234
20130815	123	123	123	18.191948747467396	1234
20130815	123	123	123	0.7759010668775468	1234
20130815	123	123	123	1.7744938298595292	1234
20130815	123	123	123	3.833416414609465	1234
20130815	123	123	123	0.6880262424964423	1234
20130815	123	123	123	4.388977901758615	1234
20130815	123	123	123	7.909361574525844	1234
20130815	123	123	123	9.295626918518238	1234
20130815	123	123	123	17.594804902590916	1234
20130815	123	123	123	2.27399585878451	1234
20130815	123	123	123	0.7101235544990803	1234
20130815	123	123	123	9.944499515634071	1234
20130815	123	123	123	16.418240222639533	1234
20130815	123	123	123	6.55085216968927	1234
20130815	123	123	123	15.202106176095887	1234
20130815	123	123	123	7.315714729176291	1234
20130815	123	123	123	16.007363136496235	1234
20130815	123	123	123	8.908502020596874	1234
20130815	123	123	123	16.656946319697163	1234
20130815	123	123	123	14.011605149565987	1234
20130815	123	123	123	15.921633664466658	1234
20130815	123	123	123	3.3547313886512553	1234
20130815	123	123	123	17.49310500364233	1234
20130815	123	123	123	12.320346036057277	1234
20130815	123	123	123	5.328268850372964	1234
20130815	123	123	123	16.34151610975656	1234
20130815	123	123	123	10.106806196816283	1234
20130815	123	123	123	7.4144058332451035	1234
20130815	123	123	123	5.622045127530962	1234
20130815	123	123	123	7.291478262943678	1234