time startPrice highestPrice lowestPrice endPrice transactionCount
20130815	123	123	123	11.54776295992333	1234
20130815	123	123	123	4.6862479426416765	1234
20130815	123	123	123	3.2654262638496867	1234
20130815	123	123	123	14.762182964807245	1234
20130815	123	123	123	14.254860127245351	1234
20130815	123	123	123	6.289805149023797	1234
20130815	123	123	123	9.62264600537285	1234
20130815	123	123	123	7.464046873839791	1234
20130815	123	123	123	0.5150382634140604	1234
20130815	123	123	123	10.936346210456868	1234
20130815	123	123	123	14.856984006311487	1234
20130815	123	123	123	18.577319958556743	1234
20130815	123	123	123	3.5886557096415928	1234
20130815	123	123	123	1.4837123507190952	1234
20130815	123	123	123	2.2715375574982533	1234
20130815	123	123	123	4.218216773479466	1234
20130815	123	123	123	12.669759964703978	1234
20130815	123	123	123	17.468895224263463	1234
20130815	123	123	123	11.943162120155378	1234
20130815	123	123	123	0.3355768513905488	1234
20130815	123	123	123	17.107862351634257	1234
20130815	123	123	123	4.891418872788982	1234
20130815	123	123	123	2.181840508874582	1234
20130815	123	123	123	10.688949894600652	1234
20130815	123	123	123	16.75362230748378	1234
20130815	123	123	123	6.204029676076956	1234
20130815	123	123	123	3.4704678062016447	1234
20130815	123	123	123	15.123404191680653	1234
20130815	123	123	123	3.079919924963397	1234
20130815	123	123	123	6.729567485655783	1234
20130815	123	123	123	188.99737002652367	1234
20130815	123	123	123	232.81429348622282	1234
20130815	123	123	123	227.57508768835294	1234
20130815	123	123	123	245.96154125450036	1234
20130815	123	123	123	254.43315814982262	1234
20130815	123	123	123	282.34353459833915	1234
20130815	123	123	123	289.5175694502477	1234
20130815	123	123	123	294.06216803576456	1234
20130815	123	123	123	306.43416972958295	1234
20130815	123	123	123	317.3846153846155	1234
20130815	123	123	123	356.5000000000001	1234
20130815	123	123	123	416.2755989752999	1234
20130815	123	123	123	411.0080930729681	1234
20130815	123	123	123	421.69230769230785	1234
20130815	123	123	123	443.23399710910724	1234
20130815	123	123	123	468.8980279439175	1234
20130815	123	123	123	471.9073198250621	1234
20130815	123	123	123	487.705435443918	1234
20130815	123	123	123	486.8846153846156	1234
20130815	123	123	123	511.9159349150458	1234
20130815	123	123	123	526.0	1234
20130815	123	123	123	513.3462879928998	1234
20130815	123	123	123	507.1246809589165	1234
20130815	123	123	123	496.3433228398541	1234
20130815	123	123	123	475.9605310278315	1234
20130815	123	123	123	485.6153846153845	1234
20130815	123	123	123	464.1700457973223	1234
20130815	123	123	123	461.99258633440496	1234
20130815	123	123	123	450.25416394087375	1234
20130815	123	123	123	453.30769230769215	1234
20130815	123	123	123	424.5356226518448	1234
20130815	123	123	123	399.6944037890867	1234
20130815	123	123	123	402.4249674089383	1234
20130815	123	123	123	400.9405192526717	1234
20130815	123	123	123	379.62706926575487	1234
20130815	123	123	123	383.92846762195984	1234
20130815	123	123	123	367.6496822160631	1234
20130815	123	123	123	361.3064432711294	1234
20130815	123	123	123	347.48866853484736	1234
20130815	123	123	123	342.99421996607214	1234
20130815	123	123	123	324.0856297728305	1234
20130815	123	123	123	331.63409348801827	1234
20130815	123	123	123	319.08330554278797	1234
20130815	123	123	123	316.41297011035886	1234
20130815	123	123	123	324.2307692307692	1234
20130815	123	123	123	356.36536428436926	1234
20130815	123	123	123	352.24124441152856	1234
20130815	123	123	123	371.9323485256195	1234
20130815	123	123	123	371.2609675365163	1234
20130815	123	123	123	390.34542103957256	1234
20130815	123	123	123	399.80998181420136	1234
20130815	123	123	123	411.3801729607949	1234
20130815	123	123	123	418.40749609213816	1234
20130815	123	123	123	428.89811614411406	1234
20130815	123	123	123	453.29257786141807	1234
20130815	123	123	123	456.30451356629135	1234
20130815	123	123	123	478.3139490714492	1234
20130815	123	123	123	472.78217389824624	1234
20130815	123	123	123	516.0113653741085	1234
20130815	123	123	123	512.6154543229175	1234
20130815	123	123	123	522.7309783652381	1234
20130815	123	123	123	532.5778772657718	1234
20130815	123	123	123	511.8431533899055	1234
20130815	123	123	123	501.10691573015987	1234
20130815	123	123	123	497.9189108792312	1234
20130815	123	123	123	490.9924485773093	1234
20130815	123	123	123	476.85705414023386	1234
20130815	123	123	123	468.6295943729427	1234
20130815	123	123	123	472.94077252893345	1234
20130815	123	123	123	449.9299510088333	1234
20130815	123	123	123	433.3304050221947	1234
20130815	123	123	123	444.1153846153846	1234
20130815	123	123	123	428.895440649525	1234
20130815	123	123	123	426.57960309761967	1234
20130815	123	123	123	420.6923076923076	1234
20130815	123	123	123	388.979082271343	1234
20130815	123	123	123	390.36699318851106	1234
20130815	123	123	123	382.32442201407446	1234
20130815	123	123	123	381.653846153846	1234
20130815	123	123	123	347.1015304300888	1234
20130815	123	123	123	341.8308790169062	1234
20130815	123	123	123	332.1423633442554	1234
20130815	123	123	123	335.41555774062437	1234
20130815	123	123	123	375.3043692441463	1234
20130815	123	123	123	368.7246609202873	1234
20130815	123	123	123	376.0047927149013	1234
20130815	123	123	123	383.1318928468034	1234
20130815	123	123	123	401.6153846153845	1234
20130815	123	123	123	409.076923076923	1234
20130815	123	123	123	426.4031926452566	1234
20130815	123	123	123	429.3211165007617	1234
20130815	123	123	123	433.4338384634405	1234
20130815	123	123	123	446.0154712846592	1234
20130815	123	123	123	448.3977587429029	1234
20130815	123	123	123	453.8461538461537	1234
20130815	123	123	123	462.2321332980685	1234
20130815	123	123	123	474.49107830413243	1234
20130815	123	123	123	476.23076923076906	1234
20130815	123	123	123	501.82850781850897	1234
20130815	123	123	123	493.83819165900337	1234
20130815	123	123	123	506.81500950061053	1234
20130815	123	123	123	534.0145740442126	1234
20130815	123	123	123	464.52223172115833	1234
20130815	123	123	123	476.6380777856087	1234
20130815	123	123	123	467.3459531533459	1234
20130815	123	123	123	397.70648491535394	1234
20130815	123	123	123	405.57574401106365	1234
20130815	123	123	123	387.9853595858156	1234
20130815	123	123	123	364.28267232145214	1234
20130815	123	123	123	368.1150463527715	1234
20130815	123	123	123	334.81951425479144	1234
20130815	123	123	123	323.80359206546945	1234
20130815	123	123	123	332.3461538461536	1234
20130815	123	123	123	299.8801409644086	1234
20130815	123	123	123	291.2651937671821	1234
20130815	123	123	123	280.9610287154268	1234
20130815	123	123	123	269.4615384615381	1234
20130815	123	123	123	203.89042397198645	1234
20130815	123	123	123	198.35954936113765	1234
20130815	123	123	123	194.0	1234
20130815	123	123	123	8.179115424067493	1234
20130815	123	123	123	16.83064089588427	1234
20130815	123	123	123	18.796223145603538	1234
20130815	123	123	123	5.695549391805632	1234
20130815	123	123	123	6.476746466558396	1234
20130815	123	123	123	5.821140390446999	1234
20130815	123	123	123	19.865545786252074	1234
20130815	123	123	123	10.175645340356674	1234
20130815	123	123	123	9.117261806965448	1234
20130815	123	123	123	2.4922240497718695	1234
20130815	123	123	123	13.149703084835402	1234
20130815	123	123	123	18.44989158997073	1234
20130815	123	123	123	11.155670414348755	1234
20130815	123	123	123	19.96208915850332	1234
20130815	123	123	123	5.349983305833108	1234
20130815	123	123	123	5.643135636153369	1234
20130815	123	123	123	7.154062986230468	1234
20130815	123	123	123	6.750000709514854	1234
20130815	123	123	123	14.476754931906603	1234
20130815	123	123	123	8.973866315583566	1234
20130815	123	123	123	8.066001456461983	1234
20130815	123	123	123	2.418008555254465	1234
20130815	123	123	123	3.772930708483637	1234
20130815	123	123	123	12.543240442309717	1234
20130815	123	123	123	12.74182069917651	1234
20130815	123	123	123	17.94969792459932	1234
20130815	123	123	123	19.832630780273234	1234
20130815	123	123	123	12.316771621874402	1234
20130815	123	123	123	12.876254399402395	1234
20130815	123	123	123	19.926640608430446	1234