time startPrice highestPrice lowestPrice endPrice transactionCount
20130815	123	123	123	14.119189834675696	1234
20130815	123	123	123	13.295834309882238	1234
20130815	123	123	123	15.77813890927205	1234
20130815	123	123	123	3.7422490927961127	1234
20130815	123	123	123	12.710243671304209	1234
20130815	123	123	123	19.01663109004072	1234
20130815	123	123	123	14.114916587466414	1234
20130815	123	123	123	5.149399953127078	1234
20130815	123	123	123	3.854271284861568	1234
20130815	123	123	123	7.5276232936912635	1234
20130815	123	123	123	17.230062907517855	1234
20130815	123	123	123	19.216391343180025	1234
20130815	123	123	123	3.6591227079470867	1234
20130815	123	123	123	3.141238230277963	1234
20130815	123	123	123	18.414922587450747	1234
20130815	123	123	123	19.876252032004544	1234
20130815	123	123	123	12.89417191937277	1234
20130815	123	123	123	19.030440316750248	1234
20130815	123	123	123	3.6276348068497843	1234
20130815	123	123	123	8.342268429253387	1234
20130815	123	123	123	12.925006261659393	1234
20130815	123	123	123	1.9266236148196092	1234
20130815	123	123	123	0.1286763914251976	1234
20130815	123	123	123	5.5800490726905565	1234
20130815	123	123	123	12.516895478448888	1234
20130815	123	123	123	2.111485824455346	1234
20130815	123	123	123	13.572157600288904	1234
20130815	123	123	123	19.362204742604657	1234
20130815	123	123	123	17.30696334295528	1234
20130815	123	123	123	15.507689562425215	1234
20130815	123	123	123	219.09408013300674	1234
20130815	123	123	123	211.03529762196493	1234
20130815	123	123	123	229.12678301332517	1234
20130815	123	123	123	267.0137310771148	1234
20130815	123	123	123	289.3421649577779	1234
20130815	123	123	123	280.8924151741327	1234
20130815	123	123	123	291.3076923076924	1234
20130815	123	123	123	334.00632526324995	1234
20130815	123	123	123	330.82939875083565	1234
20130815	123	123	123	356.76857301707423	1234
20130815	123	123	123	367.2973485465198	1234
20130815	123	123	123	369.53846153846166	1234
20130815	123	123	123	389.9012741521884	1234
20130815	123	123	123	400.2181617270447	1234
20130815	123	123	123	448.7584901793678	1234
20130815	123	123	123	470.3027995918253	1234
20130815	123	123	123	481.2265652536327	1234
20130815	123	123	123	488.1156643825331	1234
20130815	123	123	123	533.408593026832	1234
20130815	123	123	123	527.9678205135423	1234
20130815	123	123	123	510.58051397507006	1234
20130815	123	123	123	509.8461538461538	1234
20130815	123	123	123	487.06006577918254	1234
20130815	123	123	123	488.4560357141887	1234
20130815	123	123	123	476.169064656033	1234
20130815	123	123	123	454.06998806532005	1234
20130815	123	123	123	452.60245584372024	1234
20130815	123	123	123	437.91595091987625	1234
20130815	123	123	123	421.4154907983176	1234
20130815	123	123	123	420.1655761871237	1234
20130815	123	123	123	410.28516339417064	1234
20130815	123	123	123	376.64238830893026	1234
20130815	123	123	123	392.39065469868297	1234
20130815	123	123	123	382.4973280814171	1234
20130815	123	123	123	373.0850803799298	1234
20130815	123	123	123	367.9961269939018	1234
20130815	123	123	123	336.67882633616784	1234
20130815	123	123	123	326.87932963638025	1234
20130815	123	123	123	413.3639558000557	1234
20130815	123	123	123	367.6966783617734	1234
20130815	123	123	123	389.02518723775995	1234
20130815	123	123	123	392.37162947281365	1234
20130815	123	123	123	391.8931389236924	1234
20130815	123	123	123	418.1671429471628	1234
20130815	123	123	123	421.35223596065833	1234
20130815	123	123	123	432.7939741438228	1234
20130815	123	123	123	440.6860774890189	1234
20130815	123	123	123	444.83867839467985	1234
20130815	123	123	123	459.7076282111824	1234
20130815	123	123	123	466.54138352210475	1234
20130815	123	123	123	464.54831759231575	1234
20130815	123	123	123	475.84548882673903	1234
20130815	123	123	123	491.9037947657352	1234
20130815	123	123	123	497.076923076923	1234
20130815	123	123	123	505.5522558575261	1234
20130815	123	123	123	524.4241491785392	1234
20130815	123	123	123	517.2224340487878	1234
20130815	123	123	123	522.1923076923077	1234
20130815	123	123	123	493.7944549479741	1234
20130815	123	123	123	481.23450988183066	1234
20130815	123	123	123	475.34615384615387	1234
20130815	123	123	123	450.9659629919549	1234
20130815	123	123	123	447.3126497323886	1234
20130815	123	123	123	437.30355343178644	1234
20130815	123	123	123	431.18511402014536	1234
20130815	123	123	123	423.24679644722426	1234
20130815	123	123	123	406.1910176010727	1234
20130815	123	123	123	398.6291035683138	1234
20130815	123	123	123	397.26923076923066	1234
20130815	123	123	123	376.7758986161213	1234
20130815	123	123	123	370.44819563502557	1234
20130815	123	123	123	360.48311866272905	1234
20130815	123	123	123	355.33765044996824	1234
20130815	123	123	123	343.6353556381979	1234
20130815	123	123	123	334.43280539677124	1234
20130815	123	123	123	327.0	1234
20130815	123	123	123	339.74870353730455	1234
20130815	123	123	123	357.91833615095845	1234
20130815	123	123	123	350.14781183393507	1234
20130815	123	123	123	366.9951778529254	1234
20130815	123	123	123	368.983858881506	1234
20130815	123	123	123	380.9016204096147	1234
20130815	123	123	123	382.59497650154015	1234
20130815	123	123	123	390.0411953742975	1234
20130815	123	123	123	394.1538461538461	1234
20130815	123	123	123	457.8448399036663	1234
20130815	123	123	123	425.3609714490303	1234
20130815	123	123	123	438.46441621451953	1234
20130815	123	123	123	442.4589067628372	1234
20130815	123	123	123	451.86400600696385	1234
20130815	123	123	123	459.8018201069016	1234
20130815	123	123	123	467.013512039794	1234
20130815	123	123	123	480.4830824735455	1234
20130815	123	123	123	492.3849604893781	1234
20130815	123	123	123	487.00827381236013	1234
20130815	123	123	123	497.70927422757177	1234
20130815	123	123	123	499.8568541327145	1234
20130815	123	123	123	506.07692307692287	1234
20130815	123	123	123	513.5384615384613	1234
20130815	123	123	123	520.2650028371474	1234
20130815	123	123	123	484.98005549622513	1234
20130815	123	123	123	484.5444268036059	1234
20130815	123	123	123	461.06046610342696	1234
20130815	123	123	123	409.04627439255563	1234
20130815	123	123	123	429.4362919039543	1234
20130815	123	123	123	404.9889848760164	1234
20130815	123	123	123	404.7011920564389	1234
20130815	123	123	123	370.47027513102194	1234
20130815	123	123	123	363.2059208808068	1234
20130815	123	123	123	368.3785342590838	1234
20130815	123	123	123	308.73172721500794	1234
20130815	123	123	123	297.67580726883375	1234
20130815	123	123	123	294.32246316562754	1234
20130815	123	123	123	251.5472364181086	1234
20130815	123	123	123	248.5416301777317	1234
20130815	123	123	123	222.81825369096177	1234
20130815	123	123	123	226.85985312091663	1234
20130815	123	123	123	215.38725992406793	1234
20130815	123	123	123	206.31887564742448	1234
20130815	123	123	123	194.0	1234
20130815	123	123	123	8.370376140765277	1234
20130815	123	123	123	14.556155782244396	1234
20130815	123	123	123	15.561399264238087	1234
20130815	123	123	123	5.395779393850835	1234
20130815	123	123	123	12.028042638597432	1234
20130815	123	123	123	2.5807363023595697	1234
20130815	123	123	123	8.775446930907442	1234
20130815	123	123	123	10.132477314068662	1234
20130815	123	123	123	13.146489761086617	1234
20130815	123	123	123	1.377421342576819	1234
20130815	123	123	123	3.7403128434849497	1234
20130815	123	123	123	0.21813145605333872	1234
20130815	123	123	123	14.927094051085856	1234
20130815	123	123	123	0.7771532823168648	1234
20130815	123	123	123	3.892555457512623	1234
20130815	123	123	123	3.158755242246336	1234
20130815	123	123	123	1.2570367299328433	1234
20130815	123	123	123	19.80391406531231	1234
20130815	123	123	123	12.077898819978456	1234
20130815	123	123	123	7.790749127445773	1234
20130815	123	123	123	10.839441241999046	1234
20130815	123	123	123	2.2413288645180174	1234
20130815	123	123	123	4.302851246585182	1234
20130815	123	123	123	11.084048961801521	1234
20130815	123	123	123	16.333829386856436	1234
20130815	123	123	123	4.698756061103673	1234
20130815	123	123	123	14.61388322974811	1234
20130815	123	123	123	19.912103972712593	1234
20130815	123	123	123	10.101745245956494	1234
20130815	123	123	123	7.448468966471548	1234