time startPrice highestPrice lowestPrice endPrice transactionCount
20130815	123	123	123	10.114785641003035	1234
20130815	123	123	123	0.8399810739556957	1234
20130815	123	123	123	16.067559664537956	1234
20130815	123	123	123	9.62718956428583	1234
20130815	123	123	123	17.346060224651662	1234
20130815	123	123	123	7.721995425685844	1234
20130815	123	123	123	10.446986951290988	1234
20130815	123	123	123	7.54615614581017	1234
20130815	123	123	123	9.860009443165154	1234
20130815	123	123	123	6.982483886194255	1234
20130815	123	123	123	18.200995117329196	1234
20130815	123	123	123	7.202355711916466	1234
20130815	123	123	123	17.730831752920665	1234
20130815	123	123	123	17.472286396311226	1234
20130815	123	123	123	10.461286030988479	1234
20130815	123	123	123	8.797121453863962	1234
20130815	123	123	123	7.225395242734923	1234
20130815	123	123	123	12.405732124976051	1234
20130815	123	123	123	11.391156507736039	1234
20130815	123	123	123	7.009062273899285	1234
20130815	123	123	123	0.2652257965777127	1234
20130815	123	123	123	4.307630458585832	1234
20130815	123	123	123	10.671827791985056	1234
20130815	123	123	123	5.806295092399867	1234
20130815	123	123	123	17.767526128073218	1234
20130815	123	123	123	7.580905053550104	1234
20130815	123	123	123	14.993840674627169	1234
20130815	123	123	123	1.7695090593769525	1234
20130815	123	123	123	4.368279642823114	1234
20130815	123	123	123	4.327800473513155	1234
20130815	123	123	123	195.1803061132557	1234
20130815	123	123	123	209.08753848114884	1234
20130815	123	123	123	218.62231817641194	1234
20130815	123	123	123	238.08352144000784	1234
20130815	123	123	123	259.74577108112254	1234
20130815	123	123	123	264.64345454423443	1234
20130815	123	123	123	265.2307692307693	1234
20130815	123	123	123	299.72393671549725	1234
20130815	123	123	123	318.59209106515283	1234
20130815	123	123	123	336.14538489640785	1234
20130815	123	123	123	347.0332829529826	1234
20130815	123	123	123	358.5716647880824	1234
20130815	123	123	123	382.62117855078327	1234
20130815	123	123	123	432.7254768527861	1234
20130815	123	123	123	408.6538461538463	1234
20130815	123	123	123	437.20354722685147	1234
20130815	123	123	123	435.3131575617513	1234
20130815	123	123	123	458.32247776289256	1234
20130815	123	123	123	460.8076923076925	1234
20130815	123	123	123	473.84615384615404	1234
20130815	123	123	123	508.87422005879944	1234
20130815	123	123	123	521.8097827223487	1234
20130815	123	123	123	519.2463725005598	1234
20130815	123	123	123	512.5262480447103	1234
20130815	123	123	123	509.8461538461538	1234
20130815	123	123	123	499.2013080615486	1234
20130815	123	123	123	458.9483982551568	1234
20130815	123	123	123	466.97583192991186	1234
20130815	123	123	123	446.90147075082695	1234
20130815	123	123	123	449.0488797498839	1234
20130815	123	123	123	440.70293498645384	1234
20130815	123	123	123	436.1674500743403	1234
20130815	123	123	123	399.5854465222969	1234
20130815	123	123	123	391.9603821562999	1234
20130815	123	123	123	383.11589468456003	1234
20130815	123	123	123	378.2988917772592	1234
20130815	123	123	123	372.1196926396391	1234
20130815	123	123	123	364.4615384615381	1234
20130815	123	123	123	338.37335832669794	1234
20130815	123	123	123	326.87960329714036	1234
20130815	123	123	123	310.9206143554462	1234
20130815	123	123	123	320.7916340029965	1234
20130815	123	123	123	329.7760303984937	1234
20130815	123	123	123	332.46153846153845	1234
20130815	123	123	123	346.44423880796506	1234
20130815	123	123	123	362.49925825612377	1234
20130815	123	123	123	387.05510624657865	1234
20130815	123	123	123	392.69994657699135	1234
20130815	123	123	123	395.51086001106404	1234
20130815	123	123	123	403.0718693897795	1234
20130815	123	123	123	418.48668647597964	1234
20130815	123	123	123	431.4756457796328	1234
20130815	123	123	123	423.4905724101747	1234
20130815	123	123	123	442.5680885858983	1234
20130815	123	123	123	439.6136814168428	1234
20130815	123	123	123	455.92307692307685	1234
20130815	123	123	123	474.07155838875866	1234
20130815	123	123	123	488.9076093504135	1234
20130815	123	123	123	495.833936476408	1234
20130815	123	123	123	505.64112301117746	1234
20130815	123	123	123	507.6004458621657	1234
20130815	123	123	123	515.6258951044096	1234
20130815	123	123	123	530.1268787741657	1234
20130815	123	123	123	507.75483893190955	1234
20130815	123	123	123	504.03834627667777	1234
20130815	123	123	123	498.76923076923083	1234
20130815	123	123	123	483.21054196839253	1234
20130815	123	123	123	468.8945654971373	1234
20130815	123	123	123	459.36333270935717	1234
20130815	123	123	123	455.52210113640115	1234
20130815	123	123	123	441.720520074625	1234
20130815	123	123	123	418.5587290172388	1234
20130815	123	123	123	420.0784417067179	1234
20130815	123	123	123	407.3866451057387	1234
20130815	123	123	123	395.14938224440164	1234
20130815	123	123	123	391.1702253988064	1234
20130815	123	123	123	389.46153846153834	1234
20130815	123	123	123	368.9669987888804	1234
20130815	123	123	123	364.87265511575157	1234
20130815	123	123	123	349.98352173035573	1234
20130815	123	123	123	335.85689060289417	1234
20130815	123	123	123	327.9264411442192	1234
20130815	123	123	123	348.71446045014824	1234
20130815	123	123	123	341.9230769230769	1234
20130815	123	123	123	367.3937670449582	1234
20130815	123	123	123	367.00047996800845	1234
20130815	123	123	123	377.88844581252226	1234
20130815	123	123	123	389.73536378460665	1234
20130815	123	123	123	404.3975331677292	1234
20130815	123	123	123	432.9146062388421	1234
20130815	123	123	123	443.1351810316114	1234
20130815	123	123	123	446.38461538461524	1234
20130815	123	123	123	457.96314693041745	1234
20130815	123	123	123	479.6594988330489	1234
20130815	123	123	123	483.6923076923075	1234
20130815	123	123	123	496.4184428206802	1234
20130815	123	123	123	515.4692867999931	1234
20130815	123	123	123	517.6443294006233	1234
20130815	123	123	123	513.5384615384613	1234
20130815	123	123	123	517.7952216043433	1234
20130815	123	123	123	486.4452843627023	1234
20130815	123	123	123	455.11552418593635	1234
20130815	123	123	123	440.3138626287772	1234
20130815	123	123	123	436.6422958457295	1234
20130815	123	123	123	410.1195691135984	1234
20130815	123	123	123	420.38461538461524	1234
20130815	123	123	123	402.80681811959965	1234
20130815	123	123	123	373.78367236914744	1234
20130815	123	123	123	368.31697688120244	1234
20130815	123	123	123	350.5326166168031	1234
20130815	123	123	123	320.07896439937423	1234
20130815	123	123	123	329.98716301228177	1234
20130815	123	123	123	264.90624526847785	1234
20130815	123	123	123	258.1228141686359	1234
20130815	123	123	123	233.90579909590497	1234
20130815	123	123	123	239.14928523516483	1234
20130815	123	123	123	200.05867310904557	1234
20130815	123	123	123	216.77685790122996	1234
20130815	123	123	123	206.57692307692275	1234
20130815	123	123	123	194.0	1234
20130815	123	123	123	10.324154439266602	1234
20130815	123	123	123	4.654509403207106	1234
20130815	123	123	123	16.3468969576755	1234
20130815	123	123	123	2.280254950227123	1234
20130815	123	123	123	15.098476843978235	1234
20130815	123	123	123	13.70802756318243	1234
20130815	123	123	123	12.013265745385835	1234
20130815	123	123	123	15.042684242412443	1234
20130815	123	123	123	15.992276237280851	1234
20130815	123	123	123	6.160752158262848	1234
20130815	123	123	123	14.384480385761666	1234
20130815	123	123	123	14.32308247384597	1234
20130815	123	123	123	12.55281772762105	1234
20130815	123	123	123	0.3566860486787693	1234
20130815	123	123	123	19.669923907797294	1234
20130815	123	123	123	1.4259971368853774	1234
20130815	123	123	123	14.728482679647794	1234
20130815	123	123	123	10.138090601511554	1234
20130815	123	123	123	1.8997851741585325	1234
20130815	123	123	123	1.0035959261339378	1234
20130815	123	123	123	18.21053178257782	1234
20130815	123	123	123	9.390439574095076	1234
20130815	123	123	123	13.973504288510156	1234
20130815	123	123	123	13.908696029672056	1234
20130815	123	123	123	6.50637410937875	1234
20130815	123	123	123	16.061951812478828	1234
20130815	123	123	123	8.471035684567452	1234
20130815	123	123	123	17.966283277113767	1234
20130815	123	123	123	15.79232435160646	1234
20130815	123	123	123	3.50744237324377	1234