time startPrice highestPrice lowestPrice endPrice transactionCount
20130815	123	123	123	0.37080289517146925	1234
20130815	123	123	123	9.330551736296563	1234
20130815	123	123	123	6.754894764766104	1234
20130815	123	123	123	7.478019568805019	1234
20130815	123	123	123	4.330101021310888	1234
20130815	123	123	123	1.6500415311060923	1234
20130815	123	123	123	16.10515171095036	1234
20130815	123	123	123	9.255455448869597	1234
20130815	123	123	123	2.2569996607499654	1234
20130815	123	123	123	12.095320781258323	1234
20130815	123	123	123	14.518628421625227	1234
20130815	123	123	123	2.6322010991408895	1234
20130815	123	123	123	15.034186833407448	1234
20130815	123	123	123	10.079171993985536	1234
20130815	123	123	123	4.1399870579764535	1234
20130815	123	123	123	18.28450112244233	1234
20130815	123	123	123	3.0067161272075604	1234
20130815	123	123	123	3.1183343370435757	1234
20130815	123	123	123	18.49277059317114	1234
20130815	123	123	123	6.886205493736854	1234
20130815	123	123	123	3.8523510280972295	1234
20130815	123	123	123	0.04846992218328072	1234
20130815	123	123	123	19.118719303603843	1234
20130815	123	123	123	1.6250129476317432	1234
20130815	123	123	123	7.109260141348345	1234
20130815	123	123	123	6.083406528723751	1234
20130815	123	123	123	17.203594326273244	1234
20130815	123	123	123	9.781300620333065	1234
20130815	123	123	123	0.5203664336301861	1234
20130815	123	123	123	9.25783294756959	1234
20130815	123	123	123	192.64268278289765	1234
20130815	123	123	123	200.03846153846155	1234
20130815	123	123	123	240.24454244876725	1234
20130815	123	123	123	256.375057367913	1234
20130815	123	123	123	265.29837496059247	1234
20130815	123	123	123	296.8608617218843	1234
20130815	123	123	123	289.42757122306443	1234
20130815	123	123	123	311.6579892933341	1234
20130815	123	123	123	310.9155314508102	1234
20130815	123	123	123	339.4252116590151	1234
20130815	123	123	123	343.46153846153857	1234
20130815	123	123	123	362.7470183982182	1234
20130815	123	123	123	417.28318562060764	1234
20130815	123	123	123	406.8683301328824	1234
20130815	123	123	123	410.61710824646735	1234
20130815	123	123	123	428.8492288977352	1234
20130815	123	123	123	435.9173771460444	1234
20130815	123	123	123	472.51789231892667	1234
20130815	123	123	123	491.2381683108703	1234
20130815	123	123	123	502.9230976007221	1234
20130815	123	123	123	524.8530578696619	1234
20130815	123	123	123	512.9615384615387	1234
20130815	123	123	123	510.7026561625341	1234
20130815	123	123	123	514.6042340040548	1234
20130815	123	123	123	503.7717187443611	1234
20130815	123	123	123	489.2672787058393	1234
20130815	123	123	123	493.6923076923076	1234
20130815	123	123	123	485.6153846153845	1234
20130815	123	123	123	438.43469609222916	1234
20130815	123	123	123	429.70436272219916	1234
20130815	123	123	123	427.73331716319154	1234
20130815	123	123	123	404.0720401411338	1234
20130815	123	123	123	412.9230769230767	1234
20130815	123	123	123	403.62724051755134	1234
20130815	123	123	123	376.6027226692153	1234
20130815	123	123	123	385.3040911219764	1234
20130815	123	123	123	346.3248957234938	1234
20130815	123	123	123	355.55014030528787	1234
20130815	123	123	123	356.384615384615	1234
20130815	123	123	123	336.49894281770815	1234
20130815	123	123	123	326.1440466944696	1234
20130815	123	123	123	319.3456987815117	1234
20130815	123	123	123	317.5647637168307	1234
20130815	123	123	123	325.1749183097742	1234
20130815	123	123	123	350.18701600985383	1234
20130815	123	123	123	360.20249720749257	1234
20130815	123	123	123	369.31605075916104	1234
20130815	123	123	123	366.60780208949865	1234
20130815	123	123	123	375.69591185101643	1234
20130815	123	123	123	393.79349990690775	1234
20130815	123	123	123	398.30769230769226	1234
20130815	123	123	123	409.38954132037645	1234
20130815	123	123	123	430.7713513086387	1234
20130815	123	123	123	422.99999999999994	1234
20130815	123	123	123	469.1988530913487	1234
20130815	123	123	123	454.43216575753104	1234
20130815	123	123	123	480.6153846153845	1234
20130815	123	123	123	488.84615384615375	1234
20130815	123	123	123	513.0178804210548	1234
20130815	123	123	123	513.8501665040187	1234
20130815	123	123	123	529.8712385720048	1234
20130815	123	123	123	521.3816147328363	1234
20130815	123	123	123	522.1923076923077	1234
20130815	123	123	123	503.981901348152	1234
20130815	123	123	123	480.85866260242096	1234
20130815	123	123	123	462.93767671382795	1234
20130815	123	123	123	460.3441944077142	1234
20130815	123	123	123	459.7307692307692	1234
20130815	123	123	123	451.9230769230769	1234
20130815	123	123	123	443.5341409462383	1234
20130815	123	123	123	425.93327800916046	1234
20130815	123	123	123	415.3693419332294	1234
20130815	123	123	123	405.3608601661681	1234
20130815	123	123	123	401.1534274134116	1234
20130815	123	123	123	395.8591421797398	1234
20130815	123	123	123	389.81282081885274	1234
20130815	123	123	123	382.1431567256358	1234
20130815	123	123	123	346.38514161737737	1234
20130815	123	123	123	358.23076923076906	1234
20130815	123	123	123	341.4367069255655	1234
20130815	123	123	123	339.7258105946081	1234
20130815	123	123	123	324.0300259561499	1234
20130815	123	123	123	327.0	1234
20130815	123	123	123	369.56380856338467	1234
20130815	123	123	123	362.51778774626484	1234
20130815	123	123	123	365.9829233827114	1234
20130815	123	123	123	377.4429762765812	1234
20130815	123	123	123	394.42881187705194	1234
20130815	123	123	123	394.25395453443105	1234
20130815	123	123	123	394.1538461538461	1234
20130815	123	123	123	413.89390047291306	1234
20130815	123	123	123	424.41541229514365	1234
20130815	123	123	123	438.45725431487904	1234
20130815	123	123	123	438.43179932935453	1234
20130815	123	123	123	444.54556020149425	1234
20130815	123	123	123	485.7819679824801	1234
20130815	123	123	123	461.30769230769215	1234
20130815	123	123	123	474.5145827056265	1234
20130815	123	123	123	499.8081704687199	1234
20130815	123	123	123	491.15384615384596	1234
20130815	123	123	123	509.2031828429649	1234
20130815	123	123	123	499.86663817267623	1234
20130815	123	123	123	508.4230769230769	1234
20130815	123	123	123	485.82699208903125	1234
20130815	123	123	123	482.502567168633	1234
20130815	123	123	123	466.5286213908975	1234
20130815	123	123	123	456.12739884776556	1234
20130815	123	123	123	439.0085603691729	1234
20130815	123	123	123	397.0893502426092	1234
20130815	123	123	123	394.6106560835441	1234
20130815	123	123	123	367.3483425688309	1234
20130815	123	123	123	346.62086832855846	1234
20130815	123	123	123	276.22233811334047	1234
20130815	123	123	123	258.6975681605225	1234
20130815	123	123	123	249.99967281844687	1234
20130815	123	123	123	213.53543639457646	1234
20130815	123	123	123	227.5738358364198	1234
20130815	123	123	123	217.33510131365495	1234
20130815	123	123	123	206.57692307692275	1234
20130815	123	123	123	194.0	1234
20130815	123	123	123	12.116401497430305	1234
20130815	123	123	123	18.50444525289951	1234
20130815	123	123	123	12.67006204328144	1234
20130815	123	123	123	6.015295562691572	1234
20130815	123	123	123	12.1677947957507	1234
20130815	123	123	123	14.706665051688084	1234
20130815	123	123	123	18.830392689226404	1234
20130815	123	123	123	0.05098974043852289	1234
20130815	123	123	123	19.397349566637267	1234
20130815	123	123	123	1.9045953754370504	1234
20130815	123	123	123	12.5002476893853	1234
20130815	123	123	123	12.99149819427194	1234
20130815	123	123	123	19.82831401750493	1234
20130815	123	123	123	7.873940441507115	1234
20130815	123	123	123	13.812466219676873	1234
20130815	123	123	123	8.091288514662525	1234
20130815	123	123	123	3.3823342059986095	1234
20130815	123	123	123	16.142727484992875	1234
20130815	123	123	123	7.8002048279290275	1234
20130815	123	123	123	8.848433070145862	1234
20130815	123	123	123	3.525566372991167	1234
20130815	123	123	123	1.6338237635017228	1234
20130815	123	123	123	0.4553001610026408	1234
20130815	123	123	123	13.289676761482614	1234
20130815	123	123	123	15.721496892465671	1234
20130815	123	123	123	6.177543029809847	1234
20130815	123	123	123	8.577770231327024	1234
20130815	123	123	123	1.6476278046486859	1234
20130815	123	123	123	5.894689983446111	1234
20130815	123	123	123	13.150326659232638	1234