time startPrice highestPrice lowestPrice endPrice transactionCount
20130815	123	123	123	1.1080102457151941	1234
20130815	123	123	123	18.880047982490737	1234
20130815	123	123	123	15.060435438565971	1234
20130815	123	123	123	6.542773576707194	1234
20130815	123	123	123	19.89798608098123	1234
20130815	123	123	123	3.6133014754212334	1234
20130815	123	123	123	17.786843378969763	1234
20130815	123	123	123	19.258302751445147	1234
20130815	123	123	123	4.119232006636066	1234
20130815	123	123	123	5.500442663572949	1234
20130815	123	123	123	11.166653806548489	1234
20130815	123	123	123	5.852185796987614	1234
20130815	123	123	123	18.396265776396163	1234
20130815	123	123	123	15.619077878958725	1234
20130815	123	123	123	11.28809075124713	1234
20130815	123	123	123	1.2842348658634872	1234
20130815	123	123	123	10.971459126039615	1234
20130815	123	123	123	7.526327693735633	1234
20130815	123	123	123	16.48006392169556	1234
20130815	123	123	123	17.214469964484955	1234
20130815	123	123	123	9.847629143647953	1234
20130815	123	123	123	16.012888539249573	1234
20130815	123	123	123	15.634372007160938	1234
20130815	123	123	123	19.426124514195834	1234
20130815	123	123	123	3.8545817741456423	1234
20130815	123	123	123	18.194527395800304	1234
20130815	123	123	123	5.796648612346602	1234
20130815	123	123	123	6.445038747481801	1234
20130815	123	123	123	12.080163607435919	1234
20130815	123	123	123	6.011453598564376	1234
20130815	123	123	123	221.91164637978767	1234
20130815	123	123	123	221.88716701963344	1234
20130815	123	123	123	236.33932541337595	1234
20130815	123	123	123	239.1538461538462	1234
20130815	123	123	123	262.66949467413576	1234
20130815	123	123	123	267.0923758241054	1234
20130815	123	123	123	290.9123695249954	1234
20130815	123	123	123	291.3076923076924	1234
20130815	123	123	123	308.8254102972037	1234
20130815	123	123	123	335.1096879154024	1234
20130815	123	123	123	337.64028906606273	1234
20130815	123	123	123	346.7226607071836	1234
20130815	123	123	123	389.6968283738694	1234
20130815	123	123	123	373.5484224247093	1234
20130815	123	123	123	401.8113219920214	1234
20130815	123	123	123	400.64274039942075	1234
20130815	123	123	123	413.85369081431975	1234
20130815	123	123	123	422.9080663991799	1234
20130815	123	123	123	445.22484003859654	1234
20130815	123	123	123	449.3189618793422	1234
20130815	123	123	123	473.4202619073791	1234
20130815	123	123	123	493.18558177710565	1234
20130815	123	123	123	491.69209294613114	1234
20130815	123	123	123	523.9377167277835	1234
20130815	123	123	123	522.4044205205715	1234
20130815	123	123	123	521.8797355518443	1234
20130815	123	123	123	485.1803798693849	1234
20130815	123	123	123	498.3934330268529	1234
20130815	123	123	123	480.1655580031621	1234
20130815	123	123	123	483.2595675713663	1234
20130815	123	123	123	459.22625327076156	1234
20130815	123	123	123	446.7954343014716	1234
20130815	123	123	123	431.1280701851991	1234
20130815	123	123	123	424.89750402869913	1234
20130815	123	123	123	421.1593186167451	1234
20130815	123	123	123	420.9999999999998	1234
20130815	123	123	123	403.03886103733487	1234
20130815	123	123	123	403.685644694244	1234
20130815	123	123	123	396.7692307692305	1234
20130815	123	123	123	381.78134768920137	1234
20130815	123	123	123	377.0819432756922	1234
20130815	123	123	123	363.9587066837987	1234
20130815	123	123	123	356.55027300219353	1234
20130815	123	123	123	355.41190534353535	1234
20130815	123	123	123	335.59008291757635	1234
20130815	123	123	123	323.6013912893712	1234
20130815	123	123	123	330.3171434896273	1234
20130815	123	123	123	327.00349901257397	1234
20130815	123	123	123	334.47070847223887	1234
20130815	123	123	123	345.1499707511858	1234
20130815	123	123	123	356.25145816135887	1234
20130815	123	123	123	374.7768586373946	1234
20130815	123	123	123	375.9221109115603	1234
20130815	123	123	123	392.8250930475126	1234
20130815	123	123	123	395.7269066144515	1234
20130815	123	123	123	417.22355884813976	1234
20130815	123	123	123	434.8108917111063	1234
20130815	123	123	123	443.21090248721106	1234
20130815	123	123	123	454.9354319495734	1234
20130815	123	123	123	457.5297656507433	1234
20130815	123	123	123	458.41745572528845	1234
20130815	123	123	123	467.66835357249266	1234
20130815	123	123	123	489.3613516986241	1234
20130815	123	123	123	480.6153846153845	1234
20130815	123	123	123	504.8063768351584	1234
20130815	123	123	123	515.9002462370069	1234
20130815	123	123	123	528.8404736824015	1234
20130815	123	123	123	527.792200556193	1234
20130815	123	123	123	516.3517203660222	1234
20130815	123	123	123	492.5941970597299	1234
20130815	123	123	123	489.1119865341224	1234
20130815	123	123	123	484.11783008040805	1234
20130815	123	123	123	476.07264692992817	1234
20130815	123	123	123	471.3988455853215	1234
20130815	123	123	123	467.53846153846155	1234
20130815	123	123	123	437.9953699559549	1234
20130815	123	123	123	435.3267715851669	1234
20130815	123	123	123	430.7816114785459	1234
20130815	123	123	123	434.39919276360007	1234
20130815	123	123	123	428.4371212980882	1234
20130815	123	123	123	414.3834951778906	1234
20130815	123	123	123	398.4170409455331	1234
20130815	123	123	123	375.50182157081235	1234
20130815	123	123	123	373.39622553287694	1234
20130815	123	123	123	371.5567678593122	1234
20130815	123	123	123	336.5030888684638	1234
20130815	123	123	123	334.8076923076921	1234
20130815	123	123	123	343.08773676740924	1234
20130815	123	123	123	366.7482052293534	1234
20130815	123	123	123	368.58536916542505	1234
20130815	123	123	123	373.2623104197701	1234
20130815	123	123	123	391.4191020327924	1234
20130815	123	123	123	391.8748519704725	1234
20130815	123	123	123	413.1466304311159	1234
20130815	123	123	123	412.77216918502967	1234
20130815	123	123	123	416.53846153846143	1234
20130815	123	123	123	509.97874123746936	1234
20130815	123	123	123	514.2064303056163	1234
20130815	123	123	123	516.7304452402883	1234
20130815	123	123	123	516.7126400449831	1234
20130815	123	123	123	497.6714771189422	1234
20130815	123	123	123	488.53835740313605	1234
20130815	123	123	123	460.84346711870666	1234
20130815	123	123	123	425.36468115295764	1234
20130815	123	123	123	410.7265629780893	1234
20130815	123	123	123	406.3788385394421	1234
20130815	123	123	123	362.8647772229166	1234
20130815	123	123	123	362.8512704323046	1234
20130815	123	123	123	352.5691393427861	1234
20130815	123	123	123	321.28462878915275	1234
20130815	123	123	123	319.0130605513313	1234
20130815	123	123	123	310.91871043454245	1234
20130815	123	123	123	288.0838931453563	1234
20130815	123	123	123	292.59952896667806	1234
20130815	123	123	123	282.0384615384612	1234
20130815	123	123	123	231.26485301227962	1234
20130815	123	123	123	221.2581722391239	1234
20130815	123	123	123	201.69692596490597	1234
20130815	123	123	123	206.57692307692275	1234
20130815	123	123	123	194.0	1234
20130815	123	123	123	11.73417861980467	1234
20130815	123	123	123	16.52157421342855	1234
20130815	123	123	123	19.422773478859785	1234
20130815	123	123	123	12.428648553509621	1234
20130815	123	123	123	18.567622501182214	1234
20130815	123	123	123	9.92634497505816	1234
20130815	123	123	123	3.463708366594742	1234
20130815	123	123	123	4.977905113009458	1234
20130815	123	123	123	10.057591363938226	1234
20130815	123	123	123	1.4212142348175205	1234
20130815	123	123	123	18.424100951689198	1234
20130815	123	123	123	9.754980476084024	1234
20130815	123	123	123	9.765920198852827	1234
20130815	123	123	123	13.80216313032669	1234
20130815	123	123	123	15.66263752559488	1234
20130815	123	123	123	16.582921508453605	1234
20130815	123	123	123	10.065393567810144	1234
20130815	123	123	123	7.570798320287606	1234
20130815	123	123	123	6.986631704067299	1234
20130815	123	123	123	1.7752763426557805	1234
20130815	123	123	123	4.850588331088154	1234
20130815	123	123	123	14.07640825276443	1234
20130815	123	123	123	16.990445842936058	1234
20130815	123	123	123	8.780565786722473	1234
20130815	123	123	123	15.806394673385675	1234
20130815	123	123	123	19.880654742777946	1234
20130815	123	123	123	3.7016576193439654	1234
20130815	123	123	123	8.962044990756535	1234
20130815	123	123	123	19.219697795031024	1234
20130815	123	123	123	18.632120985408754	1234