time startPrice highestPrice lowestPrice endPrice transactionCount
20130815	123	123	123	15.682272807476007	1234
20130815	123	123	123	11.415893303759258	1234
20130815	123	123	123	2.423150690964835	1234
20130815	123	123	123	18.496568222247255	1234
20130815	123	123	123	15.857971867076175	1234
20130815	123	123	123	13.482527405604758	1234
20130815	123	123	123	15.367945518248057	1234
20130815	123	123	123	6.342057648525323	1234
20130815	123	123	123	18.798794241734925	1234
20130815	123	123	123	10.6496808192094	1234
20130815	123	123	123	4.8787943508468645	1234
20130815	123	123	123	4.191698474248726	1234
20130815	123	123	123	1.9630635935175134	1234
20130815	123	123	123	3.3906442693874306	1234
20130815	123	123	123	13.533234281634206	1234
20130815	123	123	123	15.204441420968758	1234
20130815	123	123	123	13.161691661485772	1234
20130815	123	123	123	6.4748054962074075	1234
20130815	123	123	123	11.093917981914744	1234
20130815	123	123	123	19.895375975151595	1234
20130815	123	123	123	1.77753860588181	1234
20130815	123	123	123	7.31584546475635	1234
20130815	123	123	123	1.2013502070166338	1234
20130815	123	123	123	11.029156807933926	1234
20130815	123	123	123	18.493326049335764	1234
20130815	123	123	123	19.60231735355924	1234
20130815	123	123	123	15.617227117317222	1234
20130815	123	123	123	10.867648382253352	1234
20130815	123	123	123	9.019427005040697	1234
20130815	123	123	123	6.6130757372292575	1234
20130815	123	123	123	187.0	1234
20130815	123	123	123	221.46361157910215	1234
20130815	123	123	123	239.1538461538462	1234
20130815	123	123	123	252.45537160323036	1234
20130815	123	123	123	277.6726020251296	1234
20130815	123	123	123	285.50425179811754	1234
20130815	123	123	123	297.47422495487723	1234
20130815	123	123	123	309.22602976342057	1234
20130815	123	123	123	322.9925292452486	1234
20130815	123	123	123	338.64753934273625	1234
20130815	123	123	123	353.66902296772366	1234
20130815	123	123	123	363.35644703753184	1234
20130815	123	123	123	447.52782930949274	1234
20130815	123	123	123	416.42122467162295	1234
20130815	123	123	123	438.00707356416984	1234
20130815	123	123	123	466.2626004073013	1234
20130815	123	123	123	481.519524628411	1234
20130815	123	123	123	487.25302314613435	1234
20130815	123	123	123	506.0782338575751	1234
20130815	123	123	123	503.78763711176794	1234
20130815	123	123	123	531.2015508343541	1234
20130815	123	123	123	524.0746436458562	1234
20130815	123	123	123	516.3515695953378	1234
20130815	123	123	123	495.8626486378074	1234
20130815	123	123	123	493.6923076923076	1234
20130815	123	123	123	426.1373788719947	1234
20130815	123	123	123	428.6174190488535	1234
20130815	123	123	123	418.76604682877485	1234
20130815	123	123	123	411.60262827083005	1234
20130815	123	123	123	403.1898660460254	1234
20130815	123	123	123	373.8799118092684	1234
20130815	123	123	123	355.9186588535294	1234
20130815	123	123	123	363.93279425826506	1234
20130815	123	123	123	344.7424717963557	1234
20130815	123	123	123	325.3430634794736	1234
20130815	123	123	123	320.7709480287867	1234
20130815	123	123	123	324.07692307692264	1234
20130815	123	123	123	319.1532211536424	1234
20130815	123	123	123	330.91221748167806	1234
20130815	123	123	123	353.5348753765125	1234
20130815	123	123	123	346.411127492265	1234
20130815	123	123	123	366.4758267818507	1234
20130815	123	123	123	373.29997677948154	1234
20130815	123	123	123	380.8309442546372	1234
20130815	123	123	123	411.12278113989174	1234
20130815	123	123	123	418.2881071182451	1234
20130815	123	123	123	418.41427799501304	1234
20130815	123	123	123	445.151487198979	1234
20130815	123	123	123	436.35202298548285	1234
20130815	123	123	123	452.3753509368247	1234
20130815	123	123	123	454.88829787756697	1234
20130815	123	123	123	468.2846702153891	1234
20130815	123	123	123	470.1257191335246	1234
20130815	123	123	123	490.5111982712745	1234
20130815	123	123	123	489.3067714312617	1234
20130815	123	123	123	500.3010901071297	1234
20130815	123	123	123	517.0790556845539	1234
20130815	123	123	123	502.9857190703514	1234
20130815	123	123	123	499.91736254529144	1234
20130815	123	123	123	493.971021135367	1234
20130815	123	123	123	474.3877298976169	1234
20130815	123	123	123	465.89547638375143	1234
20130815	123	123	123	452.883424342874	1234
20130815	123	123	123	452.6628003248095	1234
20130815	123	123	123	436.5232252998504	1234
20130815	123	123	123	440.1944376304777	1234
20130815	123	123	123	419.02651138549106	1234
20130815	123	123	123	409.94817068395895	1234
20130815	123	123	123	407.5012283923342	1234
20130815	123	123	123	396.5635510172817	1234
20130815	123	123	123	389.449656254596	1234
20130815	123	123	123	374.4383459820666	1234
20130815	123	123	123	381.653846153846	1234
20130815	123	123	123	362.441940925676	1234
20130815	123	123	123	361.50958351938874	1234
20130815	123	123	123	357.8965810235986	1234
20130815	123	123	123	347.40923504925826	1234
20130815	123	123	123	340.8124346553914	1234
20130815	123	123	123	328.2829607384132	1234
20130815	123	123	123	329.9280453632688	1234
20130815	123	123	123	349.4463571519079	1234
20130815	123	123	123	363.54323282762834	1234
20130815	123	123	123	372.68914785032405	1234
20130815	123	123	123	371.7692307692307	1234
20130815	123	123	123	385.30727227593337	1234
20130815	123	123	123	387.969235179118	1234
20130815	123	123	123	394.1548429023718	1234
20130815	123	123	123	416.282111147743	1234
20130815	123	123	123	423.65417785286456	1234
20130815	123	123	123	426.95934499335135	1234
20130815	123	123	123	436.8907912866946	1234
20130815	123	123	123	443.94659289596115	1234
20130815	123	123	123	459.1277835878894	1234
20130815	123	123	123	463.043522647536	1234
20130815	123	123	123	527.1250748760806	1234
20130815	123	123	123	519.7294521957588	1234
20130815	123	123	123	518.8459288517126	1234
20130815	123	123	123	517.7120278142812	1234
20130815	123	123	123	502.5334895113743	1234
20130815	123	123	123	455.8922286914548	1234
20130815	123	123	123	443.6339540015999	1234
20130815	123	123	123	455.10605218286156	1234
20130815	123	123	123	445.53846153846143	1234
20130815	123	123	123	431.9219428577524	1234
20130815	123	123	123	418.32864316035545	1234
20130815	123	123	123	393.9962579882368	1234
20130815	123	123	123	383.7094623165854	1234
20130815	123	123	123	360.81316938374965	1234
20130815	123	123	123	366.6270553360287	1234
20130815	123	123	123	357.26790403859076	1234
20130815	123	123	123	327.15107067963373	1234
20130815	123	123	123	229.07277610004974	1234
20130815	123	123	123	263.1320880910682	1234
20130815	123	123	123	263.4178054241375	1234
20130815	123	123	123	247.43422216825493	1234
20130815	123	123	123	216.3507152121491	1234
20130815	123	123	123	223.95583834515116	1234
20130815	123	123	123	208.6136367312349	1234
20130815	123	123	123	202.76099791647778	1234
20130815	123	123	123	194.0	1234
20130815	123	123	123	18.589786939384542	1234
20130815	123	123	123	3.5824627805416664	1234
20130815	123	123	123	2.254278608381546	1234
20130815	123	123	123	7.467673435919937	1234
20130815	123	123	123	12.916493468684674	1234
20130815	123	123	123	11.05321234604875	1234
20130815	123	123	123	1.3765622075624306	1234
20130815	123	123	123	16.534511377347233	1234
20130815	123	123	123	11.408271404179182	1234
20130815	123	123	123	3.8074584875853534	1234
20130815	123	123	123	7.559701020692846	1234
20130815	123	123	123	1.317167803063528	1234
20130815	123	123	123	12.713426990647474	1234
20130815	123	123	123	10.518493963710672	1234
20130815	123	123	123	0.3156337612202065	1234
20130815	123	123	123	17.36200715196491	1234
20130815	123	123	123	18.838289422417898	1234
20130815	123	123	123	9.262258270935067	1234
20130815	123	123	123	5.916229794255048	1234
20130815	123	123	123	10.077806531286516	1234
20130815	123	123	123	13.205512535515755	1234
20130815	123	123	123	11.644825801129828	1234
20130815	123	123	123	5.907113936947317	1234
20130815	123	123	123	2.8308082779993238	1234
20130815	123	123	123	2.7198896365941616	1234
20130815	123	123	123	6.9470841087028035	1234
20130815	123	123	123	11.42007977163618	1234
20130815	123	123	123	18.276258567501678	1234
20130815	123	123	123	15.065434236639522	1234
20130815	123	123	123	17.593357154149373	1234