time startPrice highestPrice lowestPrice endPrice transactionCount
20130815	123	123	123	6.274013426766767	1234
20130815	123	123	123	19.29476184958262	1234
20130815	123	123	123	4.304302063808341	1234
20130815	123	123	123	18.916607030217495	1234
20130815	123	123	123	6.654736139667268	1234
20130815	123	123	123	3.3121836246808467	1234
20130815	123	123	123	9.082900051146282	1234
20130815	123	123	123	8.568693954774245	1234
20130815	123	123	123	7.35219255513938	1234
20130815	123	123	123	2.4981127692974203	1234
20130815	123	123	123	11.43857975831361	1234
20130815	123	123	123	10.904245707319237	1234
20130815	123	123	123	0.9480536644026238	1234
20130815	123	123	123	4.760868926865587	1234
20130815	123	123	123	17.94984928611225	1234
20130815	123	123	123	4.755371750888497	1234
20130815	123	123	123	18.24224606640606	1234
20130815	123	123	123	3.0535731880012795	1234
20130815	123	123	123	6.4266942547896395	1234
20130815	123	123	123	18.61516183900987	1234
20130815	123	123	123	2.763421134034838	1234
20130815	123	123	123	4.533138131857751	1234
20130815	123	123	123	3.371537441753123	1234
20130815	123	123	123	2.8449000432474647	1234
20130815	123	123	123	11.735365443667312	1234
20130815	123	123	123	4.789851881571989	1234
20130815	123	123	123	14.565140338277649	1234
20130815	123	123	123	19.853781120281283	1234
20130815	123	123	123	13.775836656890148	1234
20130815	123	123	123	13.991420393730055	1234
20130815	123	123	123	191.1718861126391	1234
20130815	123	123	123	203.1958227805462	1234
20130815	123	123	123	231.76051844081377	1234
20130815	123	123	123	245.15285647240765	1234
20130815	123	123	123	256.3364891750009	1234
20130815	123	123	123	306.3206681178563	1234
20130815	123	123	123	300.46970730771994	1234
20130815	123	123	123	304.3461538461539	1234
20130815	123	123	123	332.64047545188004	1234
20130815	123	123	123	364.2717784602639	1234
20130815	123	123	123	369.8219134456475	1234
20130815	123	123	123	375.26854501374453	1234
20130815	123	123	123	384.9131324286224	1234
20130815	123	123	123	399.94881149450566	1234
20130815	123	123	123	437.1655980857315	1234
20130815	123	123	123	425.2616361510914	1234
20130815	123	123	123	437.73310968665885	1234
20130815	123	123	123	478.20013103638115	1234
20130815	123	123	123	469.7842687516102	1234
20130815	123	123	123	489.04953535011975	1234
20130815	123	123	123	486.8846153846156	1234
20130815	123	123	123	518.9159539207532	1234
20130815	123	123	123	523.9743350682193	1234
20130815	123	123	123	523.3693725411098	1234
20130815	123	123	123	509.47167741304486	1234
20130815	123	123	123	509.8461538461538	1234
20130815	123	123	123	501.7692307692307	1234
20130815	123	123	123	493.0371410070473	1234
20130815	123	123	123	480.65337727040446	1234
20130815	123	123	123	466.00355296724734	1234
20130815	123	123	123	458.8615584142308	1234
20130815	123	123	123	427.60816207584327	1234
20130815	123	123	123	417.7807056785822	1234
20130815	123	123	123	412.33738445860536	1234
20130815	123	123	123	391.6183129332782	1234
20130815	123	123	123	384.8386939460656	1234
20130815	123	123	123	363.9092198172766	1234
20130815	123	123	123	369.607825118091	1234
20130815	123	123	123	364.4615384615381	1234
20130815	123	123	123	329.1836826731716	1234
20130815	123	123	123	331.62798146978895	1234
20130815	123	123	123	315.745676512879	1234
20130815	123	123	123	330.3253080832586	1234
20130815	123	123	123	328.71072527042764	1234
20130815	123	123	123	339.21730938250596	1234
20130815	123	123	123	356.74740924686523	1234
20130815	123	123	123	366.1245380620136	1234
20130815	123	123	123	380.18950692738326	1234
20130815	123	123	123	398.2726564135645	1234
20130815	123	123	123	401.7393710867559	1234
20130815	123	123	123	413.24365589661215	1234
20130815	123	123	123	415.84286303448454	1234
20130815	123	123	123	435.91550405924204	1234
20130815	123	123	123	436.78040087444634	1234
20130815	123	123	123	441.71446795717776	1234
20130815	123	123	123	455.84598730366406	1234
20130815	123	123	123	466.0219036753359	1234
20130815	123	123	123	466.2133633367593	1234
20130815	123	123	123	477.9633662777208	1234
20130815	123	123	123	490.6131219221624	1234
20130815	123	123	123	490.1041487840799	1234
20130815	123	123	123	505.49728438481486	1234
20130815	123	123	123	514.9027850362779	1234
20130815	123	123	123	519.460614523365	1234
20130815	123	123	123	509.18776776720597	1234
20130815	123	123	123	510.0681462064521	1234
20130815	123	123	123	504.1795756338166	1234
20130815	123	123	123	494.97088395810647	1234
20130815	123	123	123	472.4823713834367	1234
20130815	123	123	123	460.0998198032656	1234
20130815	123	123	123	452.72513652016943	1234
20130815	123	123	123	440.95661856537066	1234
20130815	123	123	123	436.1039953119375	1234
20130815	123	123	123	431.97942220200997	1234
20130815	123	123	123	409.8091732474437	1234
20130815	123	123	123	386.5669161274931	1234
20130815	123	123	123	340.43607105920574	1234
20130815	123	123	123	358.23076923076906	1234
20130815	123	123	123	350.42307692307674	1234
20130815	123	123	123	339.2881655911712	1234
20130815	123	123	123	329.47417738238136	1234
20130815	123	123	123	366.6005927616831	1234
20130815	123	123	123	356.8461538461538	1234
20130815	123	123	123	374.4467557164449	1234
20130815	123	123	123	379.3788666645506	1234
20130815	123	123	123	380.5736800389719	1234
20130815	123	123	123	420.34496236023296	1234
20130815	123	123	123	430.1018390587474	1234
20130815	123	123	123	437.40316382386834	1234
20130815	123	123	123	462.6215638822866	1234
20130815	123	123	123	471.3029176592575	1234
20130815	123	123	123	461.5668012719178	1234
20130815	123	123	123	476.88742266977465	1234
20130815	123	123	123	489.20307478577644	1234
20130815	123	123	123	492.35035651264315	1234
20130815	123	123	123	498.6153846153844	1234
20130815	123	123	123	515.5737331726147	1234
20130815	123	123	123	505.6364712319582	1234
20130815	123	123	123	492.806991775689	1234
20130815	123	123	123	474.0573413723027	1234
20130815	123	123	123	478.71347387154424	1234
20130815	123	123	123	453.1722626705594	1234
20130815	123	123	123	458.1153846153845	1234
20130815	123	123	123	435.29213543887784	1234
20130815	123	123	123	416.03681676519545	1234
20130815	123	123	123	403.4654579330517	1234
20130815	123	123	123	399.8287757606631	1234
20130815	123	123	123	390.7534696601829	1234
20130815	123	123	123	379.37132950093456	1234
20130815	123	123	123	350.4588979470376	1234
20130815	123	123	123	337.4352672111928	1234
20130815	123	123	123	313.32642548504793	1234
20130815	123	123	123	292.94140555216256	1234
20130815	123	123	123	279.326609477392	1234
20130815	123	123	123	273.9598876758283	1234
20130815	123	123	123	269.4615384615381	1234
20130815	123	123	123	232.38951882209514	1234
20130815	123	123	123	194.34894046213765	1234
20130815	123	123	123	197.71855011365227	1234
20130815	123	123	123	194.0	1234
20130815	123	123	123	7.6965175375954775	1234
20130815	123	123	123	11.565711081749473	1234
20130815	123	123	123	16.670715654357405	1234
20130815	123	123	123	13.75800655698037	1234
20130815	123	123	123	13.084830492985207	1234
20130815	123	123	123	2.022923677528985	1234
20130815	123	123	123	14.757788882560266	1234
20130815	123	123	123	13.682439923890922	1234
20130815	123	123	123	18.795149642109745	1234
20130815	123	123	123	19.636295626490657	1234
20130815	123	123	123	14.770856172105038	1234
20130815	123	123	123	4.632448701241838	1234
20130815	123	123	123	9.828863280220236	1234
20130815	123	123	123	18.37741013315172	1234
20130815	123	123	123	1.4362848496899772	1234
20130815	123	123	123	12.319398656363958	1234
20130815	123	123	123	17.57342927273004	1234
20130815	123	123	123	0.11756445325215692	1234
20130815	123	123	123	19.680533144054564	1234
20130815	123	123	123	19.09070752633204	1234
20130815	123	123	123	5.325068215678643	1234
20130815	123	123	123	11.35408146109751	1234
20130815	123	123	123	18.99856017595577	1234
20130815	123	123	123	4.5007277761818205	1234
20130815	123	123	123	18.451902160166743	1234
20130815	123	123	123	6.72443514003076	1234
20130815	123	123	123	7.349466456839662	1234
20130815	123	123	123	15.937579417527756	1234
20130815	123	123	123	13.643949427787753	1234
20130815	123	123	123	18.993861592641167	1234