time startPrice highestPrice lowestPrice endPrice transactionCount
20130815	123	123	123	4.837204458725202	1234
20130815	123	123	123	12.792690285792943	1234
20130815	123	123	123	6.28548707550258	1234
20130815	123	123	123	11.500553085353765	1234
20130815	123	123	123	15.282993446651613	1234
20130815	123	123	123	13.582501041180059	1234
20130815	123	123	123	4.4414349722922335	1234
20130815	123	123	123	3.1972436323214137	1234
20130815	123	123	123	3.827675695084638	1234
20130815	123	123	123	1.6017512889382357	1234
20130815	123	123	123	1.5791982015148465	1234
20130815	123	123	123	18.892858155385486	1234
20130815	123	123	123	5.241298664952929	1234
20130815	123	123	123	3.5350947369727015	1234
20130815	123	123	123	12.776274075883578	1234
20130815	123	123	123	12.110457116359491	1234
20130815	123	123	123	14.40653491115285	1234
20130815	123	123	123	5.866823717179006	1234
20130815	123	123	123	2.235834388692315	1234
20130815	123	123	123	0.3161944062547106	1234
20130815	123	123	123	17.01200057670311	1234
20130815	123	123	123	11.314470027651257	1234
20130815	123	123	123	7.57963462775709	1234
20130815	123	123	123	4.2763210647440815	1234
20130815	123	123	123	4.713588411984199	1234
20130815	123	123	123	2.53941673209088	1234
20130815	123	123	123	17.377562256691526	1234
20130815	123	123	123	3.0520984691594366	1234
20130815	123	123	123	5.333285870053115	1234
20130815	123	123	123	0.7401109349996848	1234
20130815	123	123	123	190.94801989947288	1234
20130815	123	123	123	212.83187139794856	1234
20130815	123	123	123	216.60843028967352	1234
20130815	123	123	123	238.77834121207295	1234
20130815	123	123	123	245.08305331580704	1234
20130815	123	123	123	266.32217398267596	1234
20130815	123	123	123	265.2307692307693	1234
20130815	123	123	123	296.35538584551585	1234
20130815	123	123	123	307.9924659167925	1234
20130815	123	123	123	310.8209554327785	1234
20130815	123	123	123	317.3846153846155	1234
20130815	123	123	123	354.10688255478306	1234
20130815	123	123	123	371.9356838283058	1234
20130815	123	123	123	389.4326100347338	1234
20130815	123	123	123	402.32781365433493	1234
20130815	123	123	123	405.0779676037033	1234
20130815	123	123	123	445.6848245408657	1234
20130815	123	123	123	439.08159879037686	1234
20130815	123	123	123	471.5877658183274	1234
20130815	123	123	123	483.2826322671504	1234
20130815	123	123	123	517.1883671127179	1234
20130815	123	123	123	519.1591009653283	1234
20130815	123	123	123	504.8117159562479	1234
20130815	123	123	123	498.75660482570777	1234
20130815	123	123	123	492.355578244496	1234
20130815	123	123	123	473.86101875489294	1234
20130815	123	123	123	465.247542305559	1234
20130815	123	123	123	451.7336813457677	1234
20130815	123	123	123	444.2355450825778	1234
20130815	123	123	123	443.10633771972635	1234
20130815	123	123	123	414.250178020443	1234
20130815	123	123	123	419.1455484580387	1234
20130815	123	123	123	381.391003871735	1234
20130815	123	123	123	395.2801974255139	1234
20130815	123	123	123	379.52862575308785	1234
20130815	123	123	123	365.68641817634295	1234
20130815	123	123	123	352.8846699536669	1234
20130815	123	123	123	353.6188044547478	1234
20130815	123	123	123	330.760655408754	1234
20130815	123	123	123	349.92349619031603	1234
20130815	123	123	123	342.44097601864655	1234
20130815	123	123	123	361.2597000118905	1234
20130815	123	123	123	362.62160305264575	1234
20130815	123	123	123	380.24322701340895	1234
20130815	123	123	123	381.7525558630723	1234
20130815	123	123	123	381.8461538461538	1234
20130815	123	123	123	432.4882568332457	1234
20130815	123	123	123	410.238224633311	1234
20130815	123	123	123	414.7692307692307	1234
20130815	123	123	123	429.08014201437027	1234
20130815	123	123	123	437.8883078460318	1234
20130815	123	123	123	446.95517201641854	1234
20130815	123	123	123	464.88797973927126	1234
20130815	123	123	123	472.6179244696225	1234
20130815	123	123	123	479.90747409670706	1234
20130815	123	123	123	489.75806726450026	1234
20130815	123	123	123	497.076923076923	1234
20130815	123	123	123	513.7996961860271	1234
20130815	123	123	123	521.4712158292432	1234
20130815	123	123	123	524.514958272763	1234
20130815	123	123	123	530.0	1234
20130815	123	123	123	518.8487682016677	1234
20130815	123	123	123	502.42388015218427	1234
20130815	123	123	123	502.69695435293494	1234
20130815	123	123	123	481.634761914223	1234
20130815	123	123	123	490.9615384615385	1234
20130815	123	123	123	473.7786597420813	1234
20130815	123	123	123	416.2493764472566	1234
20130815	123	123	123	423.73140324603906	1234
20130815	123	123	123	436.30769230769226	1234
20130815	123	123	123	420.6328016078499	1234
20130815	123	123	123	415.1234953815699	1234
20130815	123	123	123	407.22290399682805	1234
20130815	123	123	123	404.1615342062804	1234
20130815	123	123	123	391.8066191828301	1234
20130815	123	123	123	389.46153846153834	1234
20130815	123	123	123	369.85713830660023	1234
20130815	123	123	123	349.8629285573726	1234
20130815	123	123	123	350.42307692307674	1234
20130815	123	123	123	342.02612861449035	1234
20130815	123	123	123	322.72313300895814	1234
20130815	123	123	123	327.0	1234
20130815	123	123	123	366.8131941367745	1234
20130815	123	123	123	360.3189159625478	1234
20130815	123	123	123	367.5094687602478	1234
20130815	123	123	123	381.1659864952963	1234
20130815	123	123	123	400.1261372035617	1234
20130815	123	123	123	400.70578162000106	1234
20130815	123	123	123	401.6153846153845	1234
20130815	123	123	123	417.03890505516455	1234
20130815	123	123	123	425.9333969567555	1234
20130815	123	123	123	436.2737335857051	1234
20130815	123	123	123	444.0136053939136	1234
20130815	123	123	123	443.32265680409506	1234
20130815	123	123	123	460.4017507497398	1234
20130815	123	123	123	468.0243293178195	1234
20130815	123	123	123	484.850923787832	1234
20130815	123	123	123	486.3531585003811	1234
20130815	123	123	123	535.0961648216589	1234
20130815	123	123	123	525.569939414397	1234
20130815	123	123	123	512.5981741860355	1234
20130815	123	123	123	500.1685809456401	1234
20130815	123	123	123	459.00316025543265	1234
20130815	123	123	123	467.39742693334273	1234
20130815	123	123	123	445.50374934198476	1234
20130815	123	123	123	445.53846153846143	1234
20130815	123	123	123	416.2164474586262	1234
20130815	123	123	123	404.2049253853257	1234
20130815	123	123	123	395.23076923076906	1234
20130815	123	123	123	374.03446299342767	1234
20130815	123	123	123	349.1562507384054	1234
20130815	123	123	123	310.9221155166654	1234
20130815	123	123	123	305.73967621421656	1234
20130815	123	123	123	291.32193500208547	1234
20130815	123	123	123	252.99559682643465	1234
20130815	123	123	123	218.16468810359981	1234
20130815	123	123	123	231.64496934142306	1234
20130815	123	123	123	201.8223366458428	1234
20130815	123	123	123	197.15124212792696	1234
20130815	123	123	123	194.0	1234
20130815	123	123	123	10.813357733717252	1234
20130815	123	123	123	1.8964222986296009	1234
20130815	123	123	123	16.10633080672017	1234
20130815	123	123	123	8.08112971543048	1234
20130815	123	123	123	19.889950928918015	1234
20130815	123	123	123	8.226098172553742	1234
20130815	123	123	123	18.553989219974536	1234
20130815	123	123	123	2.3839941295557066	1234
20130815	123	123	123	9.206762812727769	1234
20130815	123	123	123	16.878887985006	1234
20130815	123	123	123	17.250614307110514	1234
20130815	123	123	123	10.1033025312335	1234
20130815	123	123	123	6.095224443243064	1234
20130815	123	123	123	0.024573498940125837	1234
20130815	123	123	123	1.5700896653384477	1234
20130815	123	123	123	19.334385731970244	1234
20130815	123	123	123	14.777678470922513	1234
20130815	123	123	123	19.384472484915474	1234
20130815	123	123	123	19.438126873475575	1234
20130815	123	123	123	8.446367498584015	1234
20130815	123	123	123	12.218726678360827	1234
20130815	123	123	123	8.823971293046073	1234
20130815	123	123	123	15.183327980114916	1234
20130815	123	123	123	17.907150393125796	1234
20130815	123	123	123	10.466999686377234	1234
20130815	123	123	123	13.917809051994983	1234
20130815	123	123	123	19.77130396712998	1234
20130815	123	123	123	2.964519163462107	1234
20130815	123	123	123	0.5392253615718468	1234
20130815	123	123	123	1.7480018983589685	1234