time startPrice highestPrice lowestPrice endPrice transactionCount
20130815	123	123	123	9.179618533770808	1234
20130815	123	123	123	16.39857212115694	1234
20130815	123	123	123	3.391206029474656	1234
20130815	123	123	123	0.03120083516829908	1234
20130815	123	123	123	18.535788010223907	1234
20130815	123	123	123	11.380808362673395	1234
20130815	123	123	123	11.298843811181206	1234
20130815	123	123	123	8.581275606248708	1234
20130815	123	123	123	0.772420854157323	1234
20130815	123	123	123	10.510088983497193	1234
20130815	123	123	123	12.090918578760277	1234
20130815	123	123	123	7.682581672079052	1234
20130815	123	123	123	9.544633941820123	1234
20130815	123	123	123	5.74494779178957	1234
20130815	123	123	123	14.799786049967768	1234
20130815	123	123	123	2.1157538683609145	1234
20130815	123	123	123	5.23340164915232	1234
20130815	123	123	123	3.1033883700792475	1234
20130815	123	123	123	10.0291486388136	1234
20130815	123	123	123	18.325577750990632	1234
20130815	123	123	123	15.642379948763619	1234
20130815	123	123	123	18.449356495344112	1234
20130815	123	123	123	9.6581919064011	1234
20130815	123	123	123	14.690925518121071	1234
20130815	123	123	123	14.12662034899721	1234
20130815	123	123	123	9.26228358996652	1234
20130815	123	123	123	1.418097361077011	1234
20130815	123	123	123	6.685534234434883	1234
20130815	123	123	123	1.81637774864436	1234
20130815	123	123	123	19.839033070745277	1234
20130815	123	123	123	202.2116505196094	1234
20130815	123	123	123	213.7311870223278	1234
20130815	123	123	123	224.2683751806297	1234
20130815	123	123	123	234.51093619980355	1234
20130815	123	123	123	248.22187722255487	1234
20130815	123	123	123	259.53149715485307	1234
20130815	123	123	123	278.54308317066517	1234
20130815	123	123	123	289.85720700716206	1234
20130815	123	123	123	305.3107368545615	1234
20130815	123	123	123	312.94920525945673	1234
20130815	123	123	123	320.16051184629833	1234
20130815	123	123	123	376.3959816888939	1234
20130815	123	123	123	400.2007869663888	1234
20130815	123	123	123	437.24149415781255	1234
20130815	123	123	123	446.5376013475104	1234
20130815	123	123	123	468.2450341891895	1234
20130815	123	123	123	475.4529333608075	1234
20130815	123	123	123	473.84615384615404	1234
20130815	123	123	123	509.28039527853343	1234
20130815	123	123	123	521.5755221431979	1234
20130815	123	123	123	526.0	1234
20130815	123	123	123	500.7478317254921	1234
20130815	123	123	123	508.87372458486567	1234
20130815	123	123	123	501.2893817605984	1234
20130815	123	123	123	481.30522107256166	1234
20130815	123	123	123	463.92869323288915	1234
20130815	123	123	123	457.13156980482813	1234
20130815	123	123	123	459.7141655416468	1234
20130815	123	123	123	425.53906641922543	1234
20130815	123	123	123	383.86658660072567	1234
20130815	123	123	123	397.2664016630597	1234
20130815	123	123	123	385.6824300139985	1234
20130815	123	123	123	377.43949309999533	1234
20130815	123	123	123	352.60971265764755	1234
20130815	123	123	123	352.80790301288823	1234
20130815	123	123	123	351.2119574472351	1234
20130815	123	123	123	335.0538694337353	1234
20130815	123	123	123	333.4815568816796	1234
20130815	123	123	123	316.064830711781	1234
20130815	123	123	123	318.4460652277327	1234
20130815	123	123	123	347.3944519952791	1234
20130815	123	123	123	335.01223296019896	1234
20130815	123	123	123	358.94142926841926	1234
20130815	123	123	123	361.8962358237206	1234
20130815	123	123	123	369.14099790799474	1234
20130815	123	123	123	370.2060406236081	1234
20130815	123	123	123	390.2713670927953	1234
20130815	123	123	123	393.860593491269	1234
20130815	123	123	123	395.93578833781095	1234
20130815	123	123	123	400.6591487292918	1234
20130815	123	123	123	435.71177359967214	1234
20130815	123	123	123	438.63843976436533	1234
20130815	123	123	123	447.20800365029385	1234
20130815	123	123	123	475.14007969045923	1234
20130815	123	123	123	473.4014466726878	1234
20130815	123	123	123	483.7389017977241	1234
20130815	123	123	123	503.6086812197666	1234
20130815	123	123	123	524.9473091034598	1234
20130815	123	123	123	486.33675906506136	1234
20130815	123	123	123	505.75888114657226	1234
20130815	123	123	123	484.12729346673603	1234
20130815	123	123	123	488.0109595344999	1234
20130815	123	123	123	479.20664487775247	1234
20130815	123	123	123	475.0662254370481	1234
20130815	123	123	123	463.75554006528046	1234
20130815	123	123	123	454.2291937872277	1234
20130815	123	123	123	447.02342428328797	1234
20130815	123	123	123	443.7737628621588	1234
20130815	123	123	123	411.83589944924705	1234
20130815	123	123	123	414.2434066005957	1234
20130815	123	123	123	410.3785882378277	1234
20130815	123	123	123	405.0221215805903	1234
20130815	123	123	123	382.2344538942045	1234
20130815	123	123	123	368.88869836894844	1234
20130815	123	123	123	372.136594755986	1234
20130815	123	123	123	327.2019543279895	1234
20130815	123	123	123	329.6699472542617	1234
20130815	123	123	123	338.88857871349256	1234
20130815	123	123	123	355.5106489687852	1234
20130815	123	123	123	350.9041981805876	1234
20130815	123	123	123	361.6980933026892	1234
20130815	123	123	123	364.30769230769226	1234
20130815	123	123	123	385.3529419410144	1234
20130815	123	123	123	384.01403044885	1234
20130815	123	123	123	387.60856961018357	1234
20130815	123	123	123	402.0810345541338	1234
20130815	123	123	123	411.3186725026423	1234
20130815	123	123	123	431.8347489684374	1234
20130815	123	123	123	453.2478283459685	1234
20130815	123	123	123	459.63334546693113	1234
20130815	123	123	123	465.9035785484466	1234
20130815	123	123	123	468.7692307692306	1234
20130815	123	123	123	476.68537541128023	1234
20130815	123	123	123	483.6923076923075	1234
20130815	123	123	123	491.15384615384596	1234
20130815	123	123	123	503.665754741476	1234
20130815	123	123	123	515.9077763384532	1234
20130815	123	123	123	514.6671077359154	1234
20130815	123	123	123	521.0	1234
20130815	123	123	123	490.53849639740866	1234
20130815	123	123	123	464.12272644774293	1234
20130815	123	123	123	457.2723443437972	1234
20130815	123	123	123	415.1227340010722	1234
20130815	123	123	123	432.96153846153834	1234
20130815	123	123	123	419.16634793911135	1234
20130815	123	123	123	402.885010881697	1234
20130815	123	123	123	395.23076923076906	1234
20130815	123	123	123	366.3486121472676	1234
20130815	123	123	123	344.7819194601391	1234
20130815	123	123	123	323.97109517322076	1234
20130815	123	123	123	307.86875093050065	1234
20130815	123	123	123	298.14607022481465	1234
20130815	123	123	123	273.1614517485689	1234
20130815	123	123	123	241.88327814766083	1234
20130815	123	123	123	249.02016790827653	1234
20130815	123	123	123	244.30769230769195	1234
20130815	123	123	123	231.73076923076889	1234
20130815	123	123	123	202.25410380301747	1234
20130815	123	123	123	197.08607434274083	1234
20130815	123	123	123	194.0	1234
20130815	123	123	123	0.8342242444011871	1234
20130815	123	123	123	11.537169027548309	1234
20130815	123	123	123	13.0406315626673	1234
20130815	123	123	123	13.725254579690061	1234
20130815	123	123	123	9.531144570299999	1234
20130815	123	123	123	9.902876989380143	1234
20130815	123	123	123	8.621337927080706	1234
20130815	123	123	123	1.6457928392360222	1234
20130815	123	123	123	18.52664010749016	1234
20130815	123	123	123	3.113178608336631	1234
20130815	123	123	123	0.4008368528402717	1234
20130815	123	123	123	5.801467284395114	1234
20130815	123	123	123	7.894654790207025	1234
20130815	123	123	123	13.698218709645833	1234
20130815	123	123	123	2.1812563395388818	1234
20130815	123	123	123	12.122181146957171	1234
20130815	123	123	123	10.056125251992128	1234
20130815	123	123	123	14.19404103589878	1234
20130815	123	123	123	7.1961409764330835	1234
20130815	123	123	123	10.913989734486826	1234
20130815	123	123	123	2.960497288891666	1234
20130815	123	123	123	14.637313402000112	1234
20130815	123	123	123	10.300960552667496	1234
20130815	123	123	123	13.310398250934202	1234
20130815	123	123	123	1.5496563460681756	1234
20130815	123	123	123	12.69198132376638	1234
20130815	123	123	123	4.26054360821526	1234
20130815	123	123	123	16.035831933041493	1234
20130815	123	123	123	1.149903431467676	1234
20130815	123	123	123	12.011494863495411	1234