time startPrice highestPrice lowestPrice endPrice transactionCount
20130815	123	123	123	15.89287096867583	1234
20130815	123	123	123	11.493062476091971	1234
20130815	123	123	123	18.248448095997972	1234
20130815	123	123	123	13.682557202317998	1234
20130815	123	123	123	12.967663883757387	1234
20130815	123	123	123	19.158890557827878	1234
20130815	123	123	123	8.28265357516157	1234
20130815	123	123	123	10.922260991681865	1234
20130815	123	123	123	9.891557562347437	1234
20130815	123	123	123	19.552800572041654	1234
20130815	123	123	123	19.288235051172883	1234
20130815	123	123	123	8.428663469965604	1234
20130815	123	123	123	14.928848016793575	1234
20130815	123	123	123	13.565632536540683	1234
20130815	123	123	123	9.115618347363748	1234
20130815	123	123	123	14.107088306741282	1234
20130815	123	123	123	7.476868665770939	1234
20130815	123	123	123	16.280680485243376	1234
20130815	123	123	123	6.585553265574095	1234
20130815	123	123	123	0.8027318349363788	1234
20130815	123	123	123	19.152294948627087	1234
20130815	123	123	123	10.725937980085398	1234
20130815	123	123	123	9.982389017325081	1234
20130815	123	123	123	9.625484161568188	1234
20130815	123	123	123	3.190684051147614	1234
20130815	123	123	123	16.400919037243174	1234
20130815	123	123	123	19.777638004753445	1234
20130815	123	123	123	16.996158186475263	1234
20130815	123	123	123	1.4005883681854492	1234
20130815	123	123	123	0.7305141160197892	1234
20130815	123	123	123	187.0	1234
20130815	123	123	123	223.54513944030793	1234
20130815	123	123	123	241.62364117332098	1234
20130815	123	123	123	255.50516575653396	1234
20130815	123	123	123	287.11791613936396	1234
20130815	123	123	123	291.3076923076924	1234
20130815	123	123	123	341.79462009457444	1234
20130815	123	123	123	320.5322752543946	1234
20130815	123	123	123	334.8547979939288	1234
20130815	123	123	123	357.41535390863316	1234
20130815	123	123	123	356.5000000000001	1234
20130815	123	123	123	381.7866247365794	1234
20130815	123	123	123	382.9438949500275	1234
20130815	123	123	123	401.3630382475175	1234
20130815	123	123	123	483.5163744995786	1234
20130815	123	123	123	489.5658056688922	1234
20130815	123	123	123	484.1376266811327	1234
20130815	123	123	123	491.36132995103065	1234
20130815	123	123	123	506.9001718454623	1234
20130815	123	123	123	524.2330742917643	1234
20130815	123	123	123	522.6160874909965	1234
20130815	123	123	123	505.8124715960893	1234
20130815	123	123	123	366.95420585685565	1234
20130815	123	123	123	412.4741001313419	1234
20130815	123	123	123	390.7172312828946	1234
20130815	123	123	123	375.46800838155247	1234
20130815	123	123	123	373.5318827688343	1234
20130815	123	123	123	368.7808320404392	1234
20130815	123	123	123	342.88432788636396	1234
20130815	123	123	123	339.45662122369833	1234
20130815	123	123	123	335.3731383359307	1234
20130815	123	123	123	332.15384615384573	1234
20130815	123	123	123	320.7319191244329	1234
20130815	123	123	123	325.40737513259575	1234
20130815	123	123	123	335.024522523457	1234
20130815	123	123	123	346.8362516212561	1234
20130815	123	123	123	353.044834643459	1234
20130815	123	123	123	353.4143834450962	1234
20130815	123	123	123	372.94662448017294	1234
20130815	123	123	123	373.6153846153846	1234
20130815	123	123	123	390.07692307692304	1234
20130815	123	123	123	419.0740921402395	1234
20130815	123	123	123	411.1980644499665	1234
20130815	123	123	123	415.01784804531235	1234
20130815	123	123	123	422.99999999999994	1234
20130815	123	123	123	441.2159626671853	1234
20130815	123	123	123	443.1745269772966	1234
20130815	123	123	123	454.3883140377621	1234
20130815	123	123	123	473.59905236156095	1234
20130815	123	123	123	483.20291973965715	1234
20130815	123	123	123	476.6358803243617	1234
20130815	123	123	123	480.6153846153845	1234
20130815	123	123	123	494.9728993847236	1234
20130815	123	123	123	497.076923076923	1234
20130815	123	123	123	505.3076923076922	1234
20130815	123	123	123	521.1522485581506	1234
20130815	123	123	123	524.2528483345243	1234
20130815	123	123	123	511.1773987795004	1234
20130815	123	123	123	502.96336874302165	1234
20130815	123	123	123	479.7248793979343	1234
20130815	123	123	123	466.08820049215154	1234
20130815	123	123	123	475.34615384615387	1234
20130815	123	123	123	460.9431507128925	1234
20130815	123	123	123	459.00916063044787	1234
20130815	123	123	123	449.8562037171039	1234
20130815	123	123	123	417.8817455482941	1234
20130815	123	123	123	407.53931652060146	1234
20130815	123	123	123	420.6923076923076	1234
20130815	123	123	123	404.18697395183534	1234
20130815	123	123	123	402.8932807248736	1234
20130815	123	123	123	377.6563788007108	1234
20130815	123	123	123	378.7564214218952	1234
20130815	123	123	123	360.4162058494008	1234
20130815	123	123	123	366.0384615384614	1234
20130815	123	123	123	342.12349347982007	1234
20130815	123	123	123	347.5856106881222	1234
20130815	123	123	123	319.07702641758306	1234
20130815	123	123	123	341.1807176038566	1234
20130815	123	123	123	347.57632519754515	1234
20130815	123	123	123	352.41828120423185	1234
20130815	123	123	123	351.5053681003875	1234
20130815	123	123	123	383.5963368137143	1234
20130815	123	123	123	398.1518495237619	1234
20130815	123	123	123	404.82962606369773	1234
20130815	123	123	123	412.6871442236671	1234
20130815	123	123	123	416.53846153846143	1234
20130815	123	123	123	425.46071929349216	1234
20130815	123	123	123	443.1452919666055	1234
20130815	123	123	123	443.29165776474065	1234
20130815	123	123	123	446.38461538461524	1234
20130815	123	123	123	471.59456479408175	1234
20130815	123	123	123	467.18378758061505	1234
20130815	123	123	123	479.92729653602817	1234
20130815	123	123	123	485.3449687292979	1234
20130815	123	123	123	483.6923076923075	1234
20130815	123	123	123	501.4383184751702	1234
20130815	123	123	123	521.3577321321807	1234
20130815	123	123	123	519.6610011085317	1234
20130815	123	123	123	498.49613319258305	1234
20130815	123	123	123	483.2692307692307	1234
20130815	123	123	123	456.2480357941952	1234
20130815	123	123	123	445.6465071933671	1234
20130815	123	123	123	445.53846153846143	1234
20130815	123	123	123	417.5232918385831	1234
20130815	123	123	123	420.38461538461524	1234
20130815	123	123	123	406.96986439235803	1234
20130815	123	123	123	366.6319681563867	1234
20130815	123	123	123	375.46310909502273	1234
20130815	123	123	123	370.07692307692287	1234
20130815	123	123	123	336.72003590360885	1234
20130815	123	123	123	343.66664880706975	1234
20130815	123	123	123	313.6401121392424	1234
20130815	123	123	123	303.6278980932255	1234
20130815	123	123	123	287.8049948239288	1234
20130815	123	123	123	277.38409056336326	1234
20130815	123	123	123	241.51212268876125	1234
20130815	123	123	123	164.55943732660074	1234
20130815	123	123	123	212.5831849852845	1234
20130815	123	123	123	205.2969246691918	1234
20130815	123	123	123	194.0	1234
20130815	123	123	123	11.905236904397274	1234
20130815	123	123	123	11.974800053491435	1234
20130815	123	123	123	12.854970868632547	1234
20130815	123	123	123	0.4460022006166864	1234
20130815	123	123	123	6.913832348109832	1234
20130815	123	123	123	5.841898436178539	1234
20130815	123	123	123	16.56907926761555	1234
20130815	123	123	123	16.8660043019327	1234
20130815	123	123	123	2.4503007850674363	1234
20130815	123	123	123	19.43848114183707	1234
20130815	123	123	123	1.6053257674824573	1234
20130815	123	123	123	4.147802308260228	1234
20130815	123	123	123	11.782647157950858	1234
20130815	123	123	123	5.431232158869079	1234
20130815	123	123	123	12.362127025551013	1234
20130815	123	123	123	2.8021252873727875	1234
20130815	123	123	123	9.449303970277615	1234
20130815	123	123	123	2.453927263321074	1234
20130815	123	123	123	4.245076002014743	1234
20130815	123	123	123	2.1121414296554186	1234
20130815	123	123	123	6.625786197509349	1234
20130815	123	123	123	5.9866314074510685	1234
20130815	123	123	123	5.485210951318027	1234
20130815	123	123	123	4.57006441458825	1234
20130815	123	123	123	3.4285413116171415	1234
20130815	123	123	123	16.869274020159274	1234
20130815	123	123	123	14.560558469945162	1234
20130815	123	123	123	13.042429668501542	1234
20130815	123	123	123	13.129755066085451	1234
20130815	123	123	123	12.506355577149304	1234