time startPrice highestPrice lowestPrice endPrice transactionCount
20130815	123	123	123	18.69805470059992	1234
20130815	123	123	123	9.324183585551477	1234
20130815	123	123	123	8.470862639419568	1234
20130815	123	123	123	3.320323451235887	1234
20130815	123	123	123	12.235261714776167	1234
20130815	123	123	123	8.518301283350416	1234
20130815	123	123	123	15.623461764990008	1234
20130815	123	123	123	15.702396655716651	1234
20130815	123	123	123	13.037793468525681	1234
20130815	123	123	123	7.847947665204522	1234
20130815	123	123	123	13.086760565515316	1234
20130815	123	123	123	9.977413212762837	1234
20130815	123	123	123	16.2052536627592	1234
20130815	123	123	123	4.181157708031873	1234
20130815	123	123	123	5.628883336402861	1234
20130815	123	123	123	17.72862262192249	1234
20130815	123	123	123	3.627006844210554	1234
20130815	123	123	123	19.99622723666291	1234
20130815	123	123	123	13.696431825357237	1234
20130815	123	123	123	8.952151928962593	1234
20130815	123	123	123	11.219280542896666	1234
20130815	123	123	123	9.012755598444116	1234
20130815	123	123	123	8.898095770570349	1234
20130815	123	123	123	14.630921709063738	1234
20130815	123	123	123	17.16532632360076	1234
20130815	123	123	123	14.965791659773451	1234
20130815	123	123	123	15.851729666322074	1234
20130815	123	123	123	7.951237146804468	1234
20130815	123	123	123	12.880435360434006	1234
20130815	123	123	123	12.124765083766174	1234
20130815	123	123	123	190.2439268556864	1234
20130815	123	123	123	228.13231200673695	1234
20130815	123	123	123	213.0769230769231	1234
20130815	123	123	123	227.6225059166	1234
20130815	123	123	123	239.1538461538462	1234
20130815	123	123	123	256.0377233548899	1234
20130815	123	123	123	273.29031723975316	1234
20130815	123	123	123	287.68138944318355	1234
20130815	123	123	123	299.58188373332183	1234
20130815	123	123	123	333.5674936542293	1234
20130815	123	123	123	352.98215077716736	1234
20130815	123	123	123	353.5250760266248	1234
20130815	123	123	123	356.5000000000001	1234
20130815	123	123	123	369.53846153846166	1234
20130815	123	123	123	385.10385861726513	1234
20130815	123	123	123	429.0828496400215	1234
20130815	123	123	123	412.6785318748297	1234
20130815	123	123	123	436.8879331994398	1234
20130815	123	123	123	439.13041928854096	1234
20130815	123	123	123	492.6054601495669	1234
20130815	123	123	123	499.92307692307713	1234
20130815	123	123	123	514.2683507477699	1234
20130815	123	123	123	500.11543014718353	1234
20130815	123	123	123	497.11028854839094	1234
20130815	123	123	123	493.68372110169014	1234
20130815	123	123	123	485.08154332543614	1234
20130815	123	123	123	484.15002684811884	1234
20130815	123	123	123	461.3260008057063	1234
20130815	123	123	123	469.46153846153834	1234
20130815	123	123	123	433.54180792517076	1234
20130815	123	123	123	431.83344596156115	1234
20130815	123	123	123	407.330959826763	1234
20130815	123	123	123	419.89367844617016	1234
20130815	123	123	123	401.82489596263275	1234
20130815	123	123	123	394.1591235204183	1234
20130815	123	123	123	387.07867255366784	1234
20130815	123	123	123	365.6594781976363	1234
20130815	123	123	123	359.9411097283519	1234
20130815	123	123	123	318.126039629184	1234
20130815	123	123	123	324.24404998599795	1234
20130815	123	123	123	323.7709223579772	1234
20130815	123	123	123	327.84249682426724	1234
20130815	123	123	123	333.14746235878675	1234
20130815	123	123	123	353.27869080056456	1234
20130815	123	123	123	417.4742884232564	1234
20130815	123	123	123	404.67672594011236	1234
20130815	123	123	123	411.31134935698464	1234
20130815	123	123	123	406.5384615384615	1234
20130815	123	123	123	419.5616718518259	1234
20130815	123	123	123	430.18309397750323	1234
20130815	123	123	123	434.6019360315689	1234
20130815	123	123	123	442.1546075586854	1234
20130815	123	123	123	459.1267860188437	1234
20130815	123	123	123	478.33675272712316	1234
20130815	123	123	123	503.8399444418746	1234
20130815	123	123	123	505.3076923076922	1234
20130815	123	123	123	524.7799073179942	1234
20130815	123	123	123	523.9850347058643	1234
20130815	123	123	123	529.6460367286444	1234
20130815	123	123	123	509.7552318370539	1234
20130815	123	123	123	505.335340190987	1234
20130815	123	123	123	503.349199282	1234
20130815	123	123	123	498.35222743105305	1234
20130815	123	123	123	484.65868176339717	1234
20130815	123	123	123	479.42104774769973	1234
20130815	123	123	123	471.2103459812566	1234
20130815	123	123	123	466.5786733805349	1234
20130815	123	123	123	453.04673272646636	1234
20130815	123	123	123	450.91466465351755	1234
20130815	123	123	123	442.8635800172316	1234
20130815	123	123	123	400.6803548263638	1234
20130815	123	123	123	387.9967397822086	1234
20130815	123	123	123	387.65753497077856	1234
20130815	123	123	123	370.5314262240457	1234
20130815	123	123	123	365.5319325601636	1234
20130815	123	123	123	333.63288376479437	1234
20130815	123	123	123	311.2421009069733	1234
20130815	123	123	123	332.5318166851869	1234
20130815	123	123	123	350.69900976196607	1234
20130815	123	123	123	349.78415861956466	1234
20130815	123	123	123	363.2206571665412	1234
20130815	123	123	123	362.49887324556056	1234
20130815	123	123	123	364.30769230769226	1234
20130815	123	123	123	395.06374068558074	1234
20130815	123	123	123	398.9066548651763	1234
20130815	123	123	123	401.6153846153845	1234
20130815	123	123	123	410.87785325465165	1234
20130815	123	123	123	442.3395139313776	1234
20130815	123	123	123	437.53206146560683	1234
20130815	123	123	123	453.27723929349634	1234
20130815	123	123	123	460.5185203188528	1234
20130815	123	123	123	504.20843978525517	1234
20130815	123	123	123	478.82010430424367	1234
20130815	123	123	123	497.37159431873755	1234
20130815	123	123	123	507.43227876443007	1234
20130815	123	123	123	523.164047245987	1234
20130815	123	123	123	524.818729788859	1234
20130815	123	123	123	488.13326613933395	1234
20130815	123	123	123	470.0395127173499	1234
20130815	123	123	123	464.23615509093344	1234
20130815	123	123	123	470.6923076923076	1234
20130815	123	123	123	411.1309317290508	1234
20130815	123	123	123	410.8158358061183	1234
20130815	123	123	123	407.7213271285764	1234
20130815	123	123	123	402.39975600430137	1234
20130815	123	123	123	387.7299832341493	1234
20130815	123	123	123	369.66652187235184	1234
20130815	123	123	123	370.07692307692287	1234
20130815	123	123	123	326.811873213576	1234
20130815	123	123	123	331.55916214860764	1234
20130815	123	123	123	295.95973383301737	1234
20130815	123	123	123	280.94030353386387	1234
20130815	123	123	123	263.8696828457631	1234
20130815	123	123	123	269.06717954883464	1234
20130815	123	123	123	247.6830982057023	1234
20130815	123	123	123	224.98474720987957	1234
20130815	123	123	123	229.6922698495907	1234
20130815	123	123	123	207.2133038200858	1234
20130815	123	123	123	203.5690591630429	1234
20130815	123	123	123	194.0	1234
20130815	123	123	123	3.8842845054405917	1234
20130815	123	123	123	3.359440935243052	1234
20130815	123	123	123	17.74002075711398	1234
20130815	123	123	123	14.38154223475437	1234
20130815	123	123	123	15.452867121009275	1234
20130815	123	123	123	17.44117084096702	1234
20130815	123	123	123	11.0503786201823	1234
20130815	123	123	123	16.079606058844437	1234
20130815	123	123	123	4.659127143348911	1234
20130815	123	123	123	8.515921586408657	1234
20130815	123	123	123	0.308148477966228	1234
20130815	123	123	123	2.229012373551089	1234
20130815	123	123	123	8.858073659284946	1234
20130815	123	123	123	12.874768781064617	1234
20130815	123	123	123	3.4859038721123747	1234
20130815	123	123	123	18.34943338254621	1234
20130815	123	123	123	9.116315608214062	1234
20130815	123	123	123	4.749269307300603	1234
20130815	123	123	123	14.897699141684393	1234
20130815	123	123	123	0.9062509928770157	1234
20130815	123	123	123	11.15364826513555	1234
20130815	123	123	123	4.38470276777299	1234
20130815	123	123	123	9.13981731513987	1234
20130815	123	123	123	18.15232463894464	1234
20130815	123	123	123	17.405796252642034	1234
20130815	123	123	123	4.000982297714264	1234
20130815	123	123	123	15.668361621477633	1234
20130815	123	123	123	18.160714418813463	1234
20130815	123	123	123	2.9750381490734923	1234
20130815	123	123	123	14.959715500480728	1234