time startPrice highestPrice lowestPrice endPrice transactionCount
20130815	123	123	123	1.2943097289454886	1234
20130815	123	123	123	0.8583296924487205	1234
20130815	123	123	123	11.361021032170992	1234
20130815	123	123	123	19.37367548895614	1234
20130815	123	123	123	15.552296433473032	1234
20130815	123	123	123	3.8993957304610993	1234
20130815	123	123	123	1.4344671343262272	1234
20130815	123	123	123	7.925827924862197	1234
20130815	123	123	123	11.572042917958674	1234
20130815	123	123	123	8.588564661779234	1234
20130815	123	123	123	3.716151429949075	1234
20130815	123	123	123	10.371062549112	1234
20130815	123	123	123	18.22570218938513	1234
20130815	123	123	123	18.412715888851384	1234
20130815	123	123	123	13.406161889330972	1234
20130815	123	123	123	16.618094559622826	1234
20130815	123	123	123	15.353906421197156	1234
20130815	123	123	123	17.501746916608557	1234
20130815	123	123	123	12.430263931153174	1234
20130815	123	123	123	14.537540653042502	1234
20130815	123	123	123	3.7249790878989253	1234
20130815	123	123	123	10.684759624059353	1234
20130815	123	123	123	7.93279822094481	1234
20130815	123	123	123	12.270123176959963	1234
20130815	123	123	123	5.1506497735439005	1234
20130815	123	123	123	10.61330183974957	1234
20130815	123	123	123	4.460307878756908	1234
20130815	123	123	123	6.3534526896955645	1234
20130815	123	123	123	9.10897089877542	1234
20130815	123	123	123	6.588496884550283	1234
20130815	123	123	123	205.37137574953368	1234
20130815	123	123	123	216.1091396204674	1234
20130815	123	123	123	218.7768385660821	1234
20130815	123	123	123	256.13895366729383	1234
20130815	123	123	123	247.36030723455153	1234
20130815	123	123	123	276.4833164845418	1234
20130815	123	123	123	268.1930053830291	1234
20130815	123	123	123	291.62964377835436	1234
20130815	123	123	123	295.37716990139387	1234
20130815	123	123	123	319.0844300341632	1234
20130815	123	123	123	342.57375951123424	1234
20130815	123	123	123	367.5903284379949	1234
20130815	123	123	123	380.4734963469922	1234
20130815	123	123	123	389.9231982941907	1234
20130815	123	123	123	408.062777777498	1234
20130815	123	123	123	415.32245658858403	1234
20130815	123	123	123	425.51643370984755	1234
20130815	123	123	123	445.5237292656228	1234
20130815	123	123	123	454.63850081421464	1234
20130815	123	123	123	470.11943790124224	1234
20130815	123	123	123	503.5390671245638	1234
20130815	123	123	123	556.9699051498682	1234
20130815	123	123	123	521.3480913156454	1234
20130815	123	123	123	517.9230769230769	1234
20130815	123	123	123	472.7811106981954	1234
20130815	123	123	123	493.05364671659424	1234
20130815	123	123	123	477.05890527176325	1234
20130815	123	123	123	477.53846153846143	1234
20130815	123	123	123	463.0190083572121	1234
20130815	123	123	123	444.1298747283828	1234
20130815	123	123	123	442.41018568216396	1234
20130815	123	123	123	426.5431985891577	1234
20130815	123	123	123	415.50492539035986	1234
20130815	123	123	123	384.1689798808355	1234
20130815	123	123	123	387.67524086262404	1234
20130815	123	123	123	370.2569978950922	1234
20130815	123	123	123	371.97054015443496	1234
20130815	123	123	123	358.61591047314147	1234
20130815	123	123	123	337.67258560734194	1234
20130815	123	123	123	340.23076923076883	1234
20130815	123	123	123	322.8524309083482	1234
20130815	123	123	123	320.7390442233627	1234
20130815	123	123	123	345.8990095034954	1234
20130815	123	123	123	357.3978186369224	1234
20130815	123	123	123	385.95193479748616	1234
20130815	123	123	123	388.85976816672064	1234
20130815	123	123	123	397.2331111405048	1234
20130815	123	123	123	394.84636361832787	1234
20130815	123	123	123	398.30769230769226	1234
20130815	123	123	123	417.7018926352488	1234
20130815	123	123	123	422.99999999999994	1234
20130815	123	123	123	436.92207889983126	1234
20130815	123	123	123	455.92307692307685	1234
20130815	123	123	123	472.2786787762219	1234
20130815	123	123	123	485.0947015672423	1234
20130815	123	123	123	502.86598562787	1234
20130815	123	123	123	512.1697522417917	1234
20130815	123	123	123	515.9958344736264	1234
20130815	123	123	123	522.546563437197	1234
20130815	123	123	123	529.6256741725883	1234
20130815	123	123	123	500.5218158766027	1234
20130815	123	123	123	494.45432745183564	1234
20130815	123	123	123	455.5715805620421	1234
20130815	123	123	123	468.6480802995859	1234
20130815	123	123	123	467.47060820880574	1234
20130815	123	123	123	442.80820621934623	1234
20130815	123	123	123	445.5922069018576	1234
20130815	123	123	123	433.8662097338003	1234
20130815	123	123	123	400.55514900313744	1234
20130815	123	123	123	392.36610889350874	1234
20130815	123	123	123	375.8293917520453	1234
20130815	123	123	123	380.7793000674354	1234
20130815	123	123	123	360.011723067849	1234
20130815	123	123	123	366.1615364597158	1234
20130815	123	123	123	361.0706772948636	1234
20130815	123	123	123	350.5248112327523	1234
20130815	123	123	123	327.7135594660822	1234
20130815	123	123	123	372.8991135073698	1234
20130815	123	123	123	367.50707671032995	1234
20130815	123	123	123	381.7805698441626	1234
20130815	123	123	123	373.0827606055927	1234
20130815	123	123	123	380.0576713700681	1234
20130815	123	123	123	395.68076646409435	1234
20130815	123	123	123	403.61498511671874	1234
20130815	123	123	123	412.3903699758169	1234
20130815	123	123	123	416.7988319366487	1234
20130815	123	123	123	440.5090766052854	1234
20130815	123	123	123	450.76280062525996	1234
20130815	123	123	123	449.41165401275765	1234
20130815	123	123	123	468.0799527233924	1234
20130815	123	123	123	467.82815773007155	1234
20130815	123	123	123	475.399127838785	1234
20130815	123	123	123	518.4181795367097	1234
20130815	123	123	123	508.00603486136276	1234
20130815	123	123	123	521.2128710866177	1234
20130815	123	123	123	515.7353210591789	1234
20130815	123	123	123	487.4781460406028	1234
20130815	123	123	123	474.42759152923577	1234
20130815	123	123	123	458.55817515741563	1234
20130815	123	123	123	440.6779150998121	1234
20130815	123	123	123	433.8222251816651	1234
20130815	123	123	123	420.9766871183843	1234
20130815	123	123	123	402.8422777702197	1234
20130815	123	123	123	374.4870153188252	1234
20130815	123	123	123	382.65384615384596	1234
20130815	123	123	123	366.77387967707307	1234
20130815	123	123	123	357.4999999999998	1234
20130815	123	123	123	333.9969487323552	1234
20130815	123	123	123	323.645423698322	1234
20130815	123	123	123	312.26441314834045	1234
20130815	123	123	123	289.4248656698448	1234
20130815	123	123	123	284.1804079549068	1234
20130815	123	123	123	282.0384615384612	1234
20130815	123	123	123	265.0933342921544	1234
20130815	123	123	123	242.9468670412522	1234
20130815	123	123	123	244.30769230769195	1234
20130815	123	123	123	220.16071990396156	1234
20130815	123	123	123	213.08449620235643	1234
20130815	123	123	123	201.56611183762584	1234
20130815	123	123	123	194.0	1234
20130815	123	123	123	17.016696836239646	1234
20130815	123	123	123	12.462429041109651	1234
20130815	123	123	123	4.666556704320808	1234
20130815	123	123	123	16.076566414746278	1234
20130815	123	123	123	8.674600644224382	1234
20130815	123	123	123	18.468466087934594	1234
20130815	123	123	123	12.058660748437237	1234
20130815	123	123	123	4.36988963399489	1234
20130815	123	123	123	16.056577987832277	1234
20130815	123	123	123	10.55788997544181	1234
20130815	123	123	123	16.97702630744628	1234
20130815	123	123	123	0.4484192502197737	1234
20130815	123	123	123	8.753618196252662	1234
20130815	123	123	123	2.3100338335638626	1234
20130815	123	123	123	12.431829575903162	1234
20130815	123	123	123	17.818913350810135	1234
20130815	123	123	123	14.62738313457901	1234
20130815	123	123	123	3.9206833104912064	1234
20130815	123	123	123	7.995469508442756	1234
20130815	123	123	123	7.957105837536909	1234
20130815	123	123	123	11.94649934465119	1234
20130815	123	123	123	4.166714159777896	1234
20130815	123	123	123	14.302338008938625	1234
20130815	123	123	123	10.950595206958143	1234
20130815	123	123	123	1.4361182610747703	1234
20130815	123	123	123	1.2428891770869321	1234
20130815	123	123	123	11.87013009010684	1234
20130815	123	123	123	3.037887349160975	1234
20130815	123	123	123	6.573886946888781	1234
20130815	123	123	123	10.261963080917518	1234