time startPrice highestPrice lowestPrice endPrice transactionCount
20130815	123	123	123	19.28850798464407	1234
20130815	123	123	123	6.971578159129875	1234
20130815	123	123	123	5.2522143088476625	1234
20130815	123	123	123	6.8917801429152075	1234
20130815	123	123	123	1.4539443558823395	1234
20130815	123	123	123	3.265868357703896	1234
20130815	123	123	123	9.423586720589652	1234
20130815	123	123	123	19.62464822256478	1234
20130815	123	123	123	16.18442564294685	1234
20130815	123	123	123	14.924950596781494	1234
20130815	123	123	123	12.98058534617236	1234
20130815	123	123	123	6.208300724217047	1234
20130815	123	123	123	13.096010545608877	1234
20130815	123	123	123	4.584664894203967	1234
20130815	123	123	123	10.367525692403811	1234
20130815	123	123	123	5.3104074887157875	1234
20130815	123	123	123	18.15834803716687	1234
20130815	123	123	123	19.346203552291012	1234
20130815	123	123	123	1.777190115187357	1234
20130815	123	123	123	1.790051306529017	1234
20130815	123	123	123	2.4181960680600323	1234
20130815	123	123	123	17.705429555657616	1234
20130815	123	123	123	8.53729999360336	1234
20130815	123	123	123	10.390172829659754	1234
20130815	123	123	123	11.112594014726396	1234
20130815	123	123	123	14.905449521789585	1234
20130815	123	123	123	6.463846681488419	1234
20130815	123	123	123	1.1165092343059868	1234
20130815	123	123	123	7.29583124064165	1234
20130815	123	123	123	7.560214005230732	1234
20130815	123	123	123	191.09211469535208	1234
20130815	123	123	123	206.51021383850568	1234
20130815	123	123	123	226.11305956961522	1234
20130815	123	123	123	239.1538461538462	1234
20130815	123	123	123	267.6615090114432	1234
20130815	123	123	123	269.53146088917686	1234
20130815	123	123	123	286.07236846433227	1234
20130815	123	123	123	293.8712621735651	1234
20130815	123	123	123	311.431508357976	1234
20130815	123	123	123	320.61589921755797	1234
20130815	123	123	123	356.52259252286535	1234
20130815	123	123	123	370.07759319300726	1234
20130815	123	123	123	379.3273697588407	1234
20130815	123	123	123	387.65229957108164	1234
20130815	123	123	123	400.6154303588283	1234
20130815	123	123	123	434.32744616240535	1234
20130815	123	123	123	447.7060748168316	1234
20130815	123	123	123	447.0514776406699	1234
20130815	123	123	123	451.33779119389925	1234
20130815	123	123	123	468.1934786529011	1234
20130815	123	123	123	483.57441094935945	1234
20130815	123	123	123	522.068882236185	1234
20130815	123	123	123	529.3607645619885	1234
20130815	123	123	123	518.9138655557418	1234
20130815	123	123	123	493.1763749721958	1234
20130815	123	123	123	507.6542480478944	1234
20130815	123	123	123	497.89883812938814	1234
20130815	123	123	123	492.03543735342504	1234
20130815	123	123	123	474.9755870380513	1234
20130815	123	123	123	475.1121749030949	1234
20130815	123	123	123	466.0300699108011	1234
20130815	123	123	123	456.5172331083704	1234
20130815	123	123	123	452.36103397003257	1234
20130815	123	123	123	445.23076923076906	1234
20130815	123	123	123	403.5875459019185	1234
20130815	123	123	123	406.16235931906647	1234
20130815	123	123	123	378.3077468645287	1234
20130815	123	123	123	360.0591783878214	1234
20130815	123	123	123	350.8639589323769	1234
20130815	123	123	123	346.5234148883514	1234
20130815	123	123	123	339.24126797986327	1234
20130815	123	123	123	332.15384615384573	1234
20130815	123	123	123	306.2413277938843	1234
20130815	123	123	123	329.98258612453327	1234
20130815	123	123	123	344.3111350878381	1234
20130815	123	123	123	351.4156232326832	1234
20130815	123	123	123	348.9230769230769	1234
20130815	123	123	123	376.9519353004703	1234
20130815	123	123	123	368.46224088435747	1234
20130815	123	123	123	384.46078181473547	1234
20130815	123	123	123	381.8461538461538	1234
20130815	123	123	123	392.45544669367945	1234
20130815	123	123	123	398.30769230769226	1234
20130815	123	123	123	423.19150697021786	1234
20130815	123	123	123	438.169849546682	1234
20130815	123	123	123	431.85304515705894	1234
20130815	123	123	123	441.14591399555934	1234
20130815	123	123	123	447.6923076923076	1234
20130815	123	123	123	464.6781640059142	1234
20130815	123	123	123	464.54415945978485	1234
20130815	123	123	123	477.75004483323386	1234
20130815	123	123	123	500.2829152312968	1234
20130815	123	123	123	491.1526021786747	1234
20130815	123	123	123	507.76883049025133	1234
20130815	123	123	123	508.20544320968787	1234
20130815	123	123	123	523.8559651130387	1234
20130815	123	123	123	524.694885883471	1234
20130815	123	123	123	529.2347008999739	1234
20130815	123	123	123	519.013671964875	1234
20130815	123	123	123	508.7734237920636	1234
20130815	123	123	123	498.76923076923083	1234
20130815	123	123	123	488.6366575627428	1234
20130815	123	123	123	471.83846141104925	1234
20130815	123	123	123	459.6869811518082	1234
20130815	123	123	123	451.2244758251332	1234
20130815	123	123	123	448.87091263264006	1234
20130815	123	123	123	400.4322478084525	1234
20130815	123	123	123	399.0369995467585	1234
20130815	123	123	123	406.44549737877907	1234
20130815	123	123	123	398.2008135710054	1234
20130815	123	123	123	364.94203583208946	1234
20130815	123	123	123	356.3150024988586	1234
20130815	123	123	123	357.301113457091	1234
20130815	123	123	123	329.00562782249744	1234
20130815	123	123	123	337.297584570304	1234
20130815	123	123	123	337.62844344830836	1234
20130815	123	123	123	350.55870419871627	1234
20130815	123	123	123	362.0738275035924	1234
20130815	123	123	123	364.30769230769226	1234
20130815	123	123	123	403.58510216504015	1234
20130815	123	123	123	389.7639646424392	1234
20130815	123	123	123	395.10214256523795	1234
20130815	123	123	123	423.006133427435	1234
20130815	123	123	123	416.53846153846143	1234
20130815	123	123	123	429.1942104608014	1234
20130815	123	123	123	443.0512755339229	1234
20130815	123	123	123	450.4931851608939	1234
20130815	123	123	123	454.17311572122543	1234
20130815	123	123	123	498.5275048298313	1234
20130815	123	123	123	488.72959470834707	1234
20130815	123	123	123	496.89828226495314	1234
20130815	123	123	123	506.1785596914499	1234
20130815	123	123	123	511.99733661399574	1234
20130815	123	123	123	513.7428644053554	1234
20130815	123	123	123	473.91851390017075	1234
20130815	123	123	123	416.02892464677046	1234
20130815	123	123	123	403.21191566792146	1234
20130815	123	123	123	388.44682102400344	1234
20130815	123	123	123	373.35160258940857	1234
20130815	123	123	123	328.3283606792702	1234
20130815	123	123	123	284.80216797588736	1234
20130815	123	123	123	264.79751116559447	1234
20130815	123	123	123	278.23857746758955	1234
20130815	123	123	123	269.4615384615381	1234
20130815	123	123	123	256.884615384615	1234
20130815	123	123	123	230.64009502189853	1234
20130815	123	123	123	216.46171298069055	1234
20130815	123	123	123	210.03931121934477	1234
20130815	123	123	123	203.58578010779027	1234
20130815	123	123	123	194.0	1234
20130815	123	123	123	16.510508320029366	1234
20130815	123	123	123	18.684016449780334	1234
20130815	123	123	123	5.2957669409485515	1234
20130815	123	123	123	13.494585764238714	1234
20130815	123	123	123	7.297281563424775	1234
20130815	123	123	123	0.07189957578860762	1234
20130815	123	123	123	3.631455397793779	1234
20130815	123	123	123	15.968963181929404	1234
20130815	123	123	123	2.480367294142556	1234
20130815	123	123	123	14.013561366499147	1234
20130815	123	123	123	14.46544598077496	1234
20130815	123	123	123	12.804204174805442	1234
20130815	123	123	123	7.429245729022796	1234
20130815	123	123	123	14.15790528941135	1234
20130815	123	123	123	7.230522922978599	1234
20130815	123	123	123	0.39525965968919996	1234
20130815	123	123	123	14.305797983483078	1234
20130815	123	123	123	13.673605852282531	1234
20130815	123	123	123	17.762063340862586	1234
20130815	123	123	123	10.199571143595634	1234
20130815	123	123	123	12.394221543966124	1234
20130815	123	123	123	13.228109530444794	1234
20130815	123	123	123	1.083602582102614	1234
20130815	123	123	123	1.008948224634183	1234
20130815	123	123	123	1.4094072932878743	1234
20130815	123	123	123	6.558283627990662	1234
20130815	123	123	123	5.934583215877591	1234
20130815	123	123	123	14.161305036552355	1234
20130815	123	123	123	19.515339711331986	1234
20130815	123	123	123	8.259786875457952	1234