time startPrice highestPrice lowestPrice endPrice transactionCount
20130815	123	123	123	5.502283500096922	1234
20130815	123	123	123	15.419362168844437	1234
20130815	123	123	123	18.739600987330835	1234
20130815	123	123	123	14.474064860089717	1234
20130815	123	123	123	19.691642791909864	1234
20130815	123	123	123	18.478265936804167	1234
20130815	123	123	123	13.747210033172868	1234
20130815	123	123	123	13.754424094237423	1234
20130815	123	123	123	0.537278304679738	1234
20130815	123	123	123	8.168878126032208	1234
20130815	123	123	123	3.6222702203853596	1234
20130815	123	123	123	11.738224513286209	1234
20130815	123	123	123	8.950660847962958	1234
20130815	123	123	123	7.21260899728523	1234
20130815	123	123	123	1.1658248011765715	1234
20130815	123	123	123	10.588422858186853	1234
20130815	123	123	123	1.1541952912349451	1234
20130815	123	123	123	14.115585394701686	1234
20130815	123	123	123	1.036446737213128	1234
20130815	123	123	123	19.307597055790293	1234
20130815	123	123	123	15.920819724567414	1234
20130815	123	123	123	15.458537821695707	1234
20130815	123	123	123	1.0429291935506102	1234
20130815	123	123	123	17.505310287406253	1234
20130815	123	123	123	3.3507244812950687	1234
20130815	123	123	123	14.59333220254992	1234
20130815	123	123	123	7.16066970440764	1234
20130815	123	123	123	2.8197466710667873	1234
20130815	123	123	123	12.27807360839261	1234
20130815	123	123	123	9.312686376325932	1234
20130815	123	123	123	196.94830999595217	1234
20130815	123	123	123	208.13451118313998	1234
20130815	123	123	123	222.22434087358445	1234
20130815	123	123	123	251.16614619402736	1234
20130815	123	123	123	239.8319114407684	1234
20130815	123	123	123	266.5155939056239	1234
20130815	123	123	123	298.7194746048957	1234
20130815	123	123	123	310.69015150325697	1234
20130815	123	123	123	341.679178586997	1234
20130815	123	123	123	350.03412475047406	1234
20130815	123	123	123	378.35177538692665	1234
20130815	123	123	123	381.40078289582857	1234
20130815	123	123	123	369.53846153846166	1234
20130815	123	123	123	389.1290220333145	1234
20130815	123	123	123	416.7589295488118	1234
20130815	123	123	123	414.7605699911446	1234
20130815	123	123	123	437.87787433326787	1234
20130815	123	123	123	453.7590517051906	1234
20130815	123	123	123	483.6226233556269	1234
20130815	123	123	123	473.84615384615404	1234
20130815	123	123	123	541.4838633372108	1234
20130815	123	123	123	544.1988629161814	1234
20130815	123	123	123	516.1384750948473	1234
20130815	123	123	123	513.5777819125719	1234
20130815	123	123	123	491.23298854997927	1234
20130815	123	123	123	487.9620264388757	1234
20130815	123	123	123	478.73471624171	1234
20130815	123	123	123	459.92683555399634	1234
20130815	123	123	123	451.6499143920738	1234
20130815	123	123	123	445.56113430223036	1234
20130815	123	123	123	428.38766329919895	1234
20130815	123	123	123	430.8024520717847	1234
20130815	123	123	123	410.0338152118298	1234
20130815	123	123	123	405.4507212788377	1234
20130815	123	123	123	394.18272405328884	1234
20130815	123	123	123	390.7134358036071	1234
20130815	123	123	123	361.3787507670905	1234
20130815	123	123	123	347.7421640284586	1234
20130815	123	123	123	342.19007025805325	1234
20130815	123	123	123	333.37521378771794	1234
20130815	123	123	123	317.6376280211287	1234
20130815	123	123	123	330.8294567791649	1234
20130815	123	123	123	334.2663603173602	1234
20130815	123	123	123	339.85053900221743	1234
20130815	123	123	123	347.92368847045293	1234
20130815	123	123	123	357.9477341294929	1234
20130815	123	123	123	377.75331889159605	1234
20130815	123	123	123	380.42091707181424	1234
20130815	123	123	123	395.4961850715951	1234
20130815	123	123	123	402.3857884979167	1234
20130815	123	123	123	432.52939725389894	1234
20130815	123	123	123	447.272313364353	1234
20130815	123	123	123	447.8199499364564	1234
20130815	123	123	123	464.1538461538461	1234
20130815	123	123	123	489.05745268360585	1234
20130815	123	123	123	495.2603784771055	1234
20130815	123	123	123	502.5818574443377	1234
20130815	123	123	123	510.05920675630045	1234
20130815	123	123	123	514.5563588412379	1234
20130815	123	123	123	523.7655326457539	1234
20130815	123	123	123	519.4006778660828	1234
20130815	123	123	123	514.8367737572523	1234
20130815	123	123	123	514.3846153846155	1234
20130815	123	123	123	506.21700218535943	1234
20130815	123	123	123	493.2833129849879	1234
20130815	123	123	123	485.1756299833026	1234
20130815	123	123	123	468.66241589526675	1234
20130815	123	123	123	458.43974729415567	1234
20130815	123	123	123	467.53846153846155	1234
20130815	123	123	123	457.08527454759025	1234
20130815	123	123	123	448.9606378129887	1234
20130815	123	123	123	442.41098670068834	1234
20130815	123	123	123	433.4233574370022	1234
20130815	123	123	123	427.489957958056	1234
20130815	123	123	123	410.3351928378659	1234
20130815	123	123	123	403.6288308762107	1234
20130815	123	123	123	373.4840551208539	1234
20130815	123	123	123	351.8969862438497	1234
20130815	123	123	123	358.23076923076906	1234
20130815	123	123	123	337.35113983134	1234
20130815	123	123	123	327.3848046314402	1234
20130815	123	123	123	335.15924845453077	1234
20130815	123	123	123	345.1048996000257	1234
20130815	123	123	123	351.324046246225	1234
20130815	123	123	123	357.2717537795578	1234
20130815	123	123	123	364.30769230769226	1234
20130815	123	123	123	380.72506607108016	1234
20130815	123	123	123	395.20281481965407	1234
20130815	123	123	123	410.31624220810636	1234
20130815	123	123	123	435.0153133933594	1234
20130815	123	123	123	438.03864748640433	1234
20130815	123	123	123	438.9230769230768	1234
20130815	123	123	123	450.2492986238797	1234
20130815	123	123	123	453.8461538461537	1234
20130815	123	123	123	464.129708684998	1234
20130815	123	123	123	489.16661628377653	1234
20130815	123	123	123	479.1052085868936	1234
20130815	123	123	123	490.58858862534015	1234
20130815	123	123	123	502.00786207934703	1234
20130815	123	123	123	510.05907561022286	1234
20130815	123	123	123	513.5384615384613	1234
20130815	123	123	123	487.4893912374537	1234
20130815	123	123	123	442.6083369099789	1234
20130815	123	123	123	451.5345807198854	1234
20130815	123	123	123	373.62994372018443	1234
20130815	123	123	123	387.7307192998986	1234
20130815	123	123	123	370.52728620994844	1234
20130815	123	123	123	368.3454087404933	1234
20130815	123	123	123	338.3818760994358	1234
20130815	123	123	123	315.9580581731778	1234
20130815	123	123	123	315.60932170914197	1234
20130815	123	123	123	290.83131893634373	1234
20130815	123	123	123	292.2104505618234	1234
20130815	123	123	123	276.5564715515133	1234
20130815	123	123	123	268.6677162241224	1234
20130815	123	123	123	251.77341661472272	1234
20130815	123	123	123	220.97000257714618	1234
20130815	123	123	123	185.86553732543854	1234
20130815	123	123	123	205.78217643720848	1234
20130815	123	123	123	194.0	1234
20130815	123	123	123	12.06973107106332	1234
20130815	123	123	123	13.593345481172445	1234
20130815	123	123	123	9.592040491528067	1234
20130815	123	123	123	1.1572478107709694	1234
20130815	123	123	123	7.266449939096042	1234
20130815	123	123	123	5.062330131975763	1234
20130815	123	123	123	14.0728610704023	1234
20130815	123	123	123	7.246873413949649	1234
20130815	123	123	123	2.179384382964613	1234
20130815	123	123	123	12.105164457374798	1234
20130815	123	123	123	9.785018742416229	1234
20130815	123	123	123	11.87061485804813	1234
20130815	123	123	123	0.224289566263427	1234
20130815	123	123	123	14.50514633653151	1234
20130815	123	123	123	19.636084085324587	1234
20130815	123	123	123	19.542553843651746	1234
20130815	123	123	123	1.3617226007426497	1234
20130815	123	123	123	11.717489956857548	1234
20130815	123	123	123	8.401133673850001	1234
20130815	123	123	123	13.828306954128957	1234
20130815	123	123	123	3.474782042652582	1234
20130815	123	123	123	13.291409895359173	1234
20130815	123	123	123	6.329081316474959	1234
20130815	123	123	123	6.96965556682839	1234
20130815	123	123	123	0.7633891075440769	1234
20130815	123	123	123	18.382879490392355	1234
20130815	123	123	123	19.388663652151145	1234
20130815	123	123	123	4.182431080719038	1234
20130815	123	123	123	6.355431853518048	1234
20130815	123	123	123	13.203882237735456	1234