time startPrice highestPrice lowestPrice endPrice transactionCount
20130815	123	123	123	8.467978386922612	1234
20130815	123	123	123	15.026079105740015	1234
20130815	123	123	123	4.571736844868058	1234
20130815	123	123	123	19.298946923010533	1234
20130815	123	123	123	10.878478985063033	1234
20130815	123	123	123	0.09270202261268734	1234
20130815	123	123	123	6.099183644971746	1234
20130815	123	123	123	16.05321226651065	1234
20130815	123	123	123	12.424377516115182	1234
20130815	123	123	123	12.003165842034914	1234
20130815	123	123	123	1.0425540046536241	1234
20130815	123	123	123	2.050004356189228	1234
20130815	123	123	123	9.73831422126671	1234
20130815	123	123	123	19.53430120771149	1234
20130815	123	123	123	19.6644151133247	1234
20130815	123	123	123	9.803498379757622	1234
20130815	123	123	123	1.052560832452496	1234
20130815	123	123	123	19.130256454830693	1234
20130815	123	123	123	13.712776995256316	1234
20130815	123	123	123	19.55626439124021	1234
20130815	123	123	123	8.236863723846437	1234
20130815	123	123	123	4.503742988864248	1234
20130815	123	123	123	12.496764031436921	1234
20130815	123	123	123	19.693325050553238	1234
20130815	123	123	123	9.00499140527822	1234
20130815	123	123	123	15.836075660763193	1234
20130815	123	123	123	9.735543777641002	1234
20130815	123	123	123	17.889336061504572	1234
20130815	123	123	123	12.906321658196433	1234
20130815	123	123	123	16.10346289745105	1234
20130815	123	123	123	191.7313088666023	1234
20130815	123	123	123	222.63819256105822	1234
20130815	123	123	123	231.7804384556234	1234
20130815	123	123	123	280.12734009468835	1234
20130815	123	123	123	278.2511523213946	1234
20130815	123	123	123	282.91841972614515	1234
20130815	123	123	123	313.0828513100442	1234
20130815	123	123	123	323.0141279735396	1234
20130815	123	123	123	325.1856613939074	1234
20130815	123	123	123	335.1291442789555	1234
20130815	123	123	123	343.5411256003691	1234
20130815	123	123	123	356.5000000000001	1234
20130815	123	123	123	369.53846153846166	1234
20130815	123	123	123	385.0500110252034	1234
20130815	123	123	123	396.9739140323872	1234
20130815	123	123	123	429.9234815570901	1234
20130815	123	123	123	487.9023980733649	1234
20130815	123	123	123	510.81802644083126	1234
20130815	123	123	123	530.5890866551567	1234
20130815	123	123	123	516.36751369277	1234
20130815	123	123	123	509.47601037605835	1234
20130815	123	123	123	508.55088850299745	1234
20130815	123	123	123	480.16211717541717	1234
20130815	123	123	123	464.4047837039009	1234
20130815	123	123	123	461.65823255037253	1234
20130815	123	123	123	453.62939887160366	1234
20130815	123	123	123	453.30769230769215	1234
20130815	123	123	123	428.16753277317287	1234
20130815	123	123	123	420.3398425981737	1234
20130815	123	123	123	428.2078490242289	1234
20130815	123	123	123	418.3290836156581	1234
20130815	123	123	123	406.07815763753433	1234
20130815	123	123	123	402.8421828756889	1234
20130815	123	123	123	396.7692307692305	1234
20130815	123	123	123	388.6923076923074	1234
20130815	123	123	123	374.3712115858061	1234
20130815	123	123	123	372.5384615384612	1234
20130815	123	123	123	364.40424489010087	1234
20130815	123	123	123	348.3076923076919	1234
20130815	123	123	123	340.23076923076883	1234
20130815	123	123	123	329.1190482542535	1234
20130815	123	123	123	310.70160215521395	1234
20130815	123	123	123	335.00338762483085	1234
20130815	123	123	123	340.1011199569528	1234
20130815	123	123	123	349.7179960837577	1234
20130815	123	123	123	349.6050797942476	1234
20130815	123	123	123	359.5377262503719	1234
20130815	123	123	123	365.38461538461536	1234
20130815	123	123	123	385.35975769769345	1234
20130815	123	123	123	396.18991452999734	1234
20130815	123	123	123	403.8150418940775	1234
20130815	123	123	123	407.7467513435648	1234
20130815	123	123	123	421.04123296698094	1234
20130815	123	123	123	432.6314069426357	1234
20130815	123	123	123	431.23076923076917	1234
20130815	123	123	123	439.4615384615384	1234
20130815	123	123	123	456.0582963074571	1234
20130815	123	123	123	476.3887002877169	1234
20130815	123	123	123	476.4332679713328	1234
20130815	123	123	123	496.9379888619654	1234
20130815	123	123	123	490.10983301023253	1234
20130815	123	123	123	513.7500940818308	1234
20130815	123	123	123	507.9112735548458	1234
20130815	123	123	123	532.5711938816215	1234
20130815	123	123	123	524.1525992841193	1234
20130815	123	123	123	530.0	1234
20130815	123	123	123	521.0443057218495	1234
20130815	123	123	123	505.35457537469586	1234
20130815	123	123	123	498.76923076923083	1234
20130815	123	123	123	490.9615384615385	1234
20130815	123	123	123	477.3651912242067	1234
20130815	123	123	123	455.48826576064573	1234
20130815	123	123	123	451.315397422364	1234
20130815	123	123	123	438.75710929514554	1234
20130815	123	123	123	391.96308010522165	1234
20130815	123	123	123	409.9106740796636	1234
20130815	123	123	123	387.54744877700784	1234
20130815	123	123	123	384.659487832242	1234
20130815	123	123	123	376.4788811828694	1234
20130815	123	123	123	373.8461538461537	1234
20130815	123	123	123	361.1912407939195	1234
20130815	123	123	123	357.43819387533534	1234
20130815	123	123	123	350.31180761946564	1234
20130815	123	123	123	332.9985642396516	1234
20130815	123	123	123	331.9301137093928	1234
20130815	123	123	123	346.2696810229887	1234
20130815	123	123	123	345.1141211887477	1234
20130815	123	123	123	361.2880654001704	1234
20130815	123	123	123	375.170626169308	1234
20130815	123	123	123	371.7692307692307	1234
20130815	123	123	123	410.0497036893212	1234
20130815	123	123	123	464.51091763201276	1234
20130815	123	123	123	435.730198030924	1234
20130815	123	123	123	445.176418750221	1234
20130815	123	123	123	452.2231070813502	1234
20130815	123	123	123	478.96915470930287	1234
20130815	123	123	123	551.9326547827375	1234
20130815	123	123	123	503.80901247225495	1234
20130815	123	123	123	512.7112131039036	1234
20130815	123	123	123	494.7874520032685	1234
20130815	123	123	123	487.3216349588358	1234
20130815	123	123	123	470.9841527772103	1234
20130815	123	123	123	468.94904748604563	1234
20130815	123	123	123	385.2321425777337	1234
20130815	123	123	123	389.4045701222043	1234
20130815	123	123	123	403.6440799998706	1234
20130815	123	123	123	395.23076923076906	1234
20130815	123	123	123	378.9964262502989	1234
20130815	123	123	123	365.824285964705	1234
20130815	123	123	123	331.8344225490993	1234
20130815	123	123	123	326.4137752484157	1234
20130815	123	123	123	328.3920287642518	1234
20130815	123	123	123	303.2913357264067	1234
20130815	123	123	123	283.472470686059	1234
20130815	123	123	123	261.5345198573114	1234
20130815	123	123	123	256.22478265794706	1234
20130815	123	123	123	233.3843244197909	1234
20130815	123	123	123	216.04602580161415	1234
20130815	123	123	123	193.78312978751407	1234
20130815	123	123	123	194.0	1234
20130815	123	123	123	1.8769269026173174	1234
20130815	123	123	123	18.924567628971175	1234
20130815	123	123	123	9.660203585647952	1234
20130815	123	123	123	0.9046767354858143	1234
20130815	123	123	123	7.585951338003818	1234
20130815	123	123	123	0.5155022791474795	1234
20130815	123	123	123	6.457242791915581	1234
20130815	123	123	123	5.137876639077879	1234
20130815	123	123	123	10.232679101843908	1234
20130815	123	123	123	2.041041726848789	1234
20130815	123	123	123	12.043064155418648	1234
20130815	123	123	123	4.972025215376428	1234
20130815	123	123	123	0.4623335439052001	1234
20130815	123	123	123	12.70545057846558	1234
20130815	123	123	123	19.716501739886375	1234
20130815	123	123	123	6.780983205308666	1234
20130815	123	123	123	14.30980912303638	1234
20130815	123	123	123	5.4643356103826335	1234
20130815	123	123	123	8.815591026912461	1234
20130815	123	123	123	6.0560328454107815	1234
20130815	123	123	123	3.824505695353344	1234
20130815	123	123	123	10.9501110262042	1234
20130815	123	123	123	4.831124216287819	1234
20130815	123	123	123	8.785233195494055	1234
20130815	123	123	123	1.8003251952666233	1234
20130815	123	123	123	1.6685557177747246	1234
20130815	123	123	123	11.978952315024408	1234
20130815	123	123	123	15.385663375039108	1234
20130815	123	123	123	9.959593544938993	1234
20130815	123	123	123	0.8982206841732965	1234