time startPrice highestPrice lowestPrice endPrice transactionCount
20130815	123	123	123	2.5365783853028145	1234
20130815	123	123	123	13.665812031904341	1234
20130815	123	123	123	3.6814949347536885	1234
20130815	123	123	123	5.1998287804006305	1234
20130815	123	123	123	9.250414777273468	1234
20130815	123	123	123	0.2624363226561832	1234
20130815	123	123	123	17.79222079685691	1234
20130815	123	123	123	17.44880647605608	1234
20130815	123	123	123	19.4206024720858	1234
20130815	123	123	123	4.681418577265806	1234
20130815	123	123	123	2.729646870886908	1234
20130815	123	123	123	0.7851126431755584	1234
20130815	123	123	123	2.276132693591655	1234
20130815	123	123	123	1.6952970362341335	1234
20130815	123	123	123	2.7858087786328323	1234
20130815	123	123	123	0.47329535852379756	1234
20130815	123	123	123	18.76514481300399	1234
20130815	123	123	123	17.256330629046634	1234
20130815	123	123	123	19.294750845434226	1234
20130815	123	123	123	2.7565956717383533	1234
20130815	123	123	123	0.5124034278765599	1234
20130815	123	123	123	8.916915899469885	1234
20130815	123	123	123	19.79116071388143	1234
20130815	123	123	123	1.3648287885485355	1234
20130815	123	123	123	2.0729161920217654	1234
20130815	123	123	123	0.4801380684771961	1234
20130815	123	123	123	10.483763532382692	1234
20130815	123	123	123	17.863302467436778	1234
20130815	123	123	123	19.55116223955192	1234
20130815	123	123	123	0.9860541882553986	1234
20130815	123	123	123	205.9000972653111	1234
20130815	123	123	123	202.32490543452155	1234
20130815	123	123	123	217.627700228146	1234
20130815	123	123	123	247.62003647389318	1234
20130815	123	123	123	255.29307223564527	1234
20130815	123	123	123	265.63459367271025	1234
20130815	123	123	123	285.63782802702406	1234
20130815	123	123	123	291.3076923076924	1234
20130815	123	123	123	327.9415082667489	1234
20130815	123	123	123	354.49533557309536	1234
20130815	123	123	123	358.5859071385594	1234
20130815	123	123	123	356.5000000000001	1234
20130815	123	123	123	374.692945714713	1234
20130815	123	123	123	512.3474772875729	1234
20130815	123	123	123	455.22735446864027	1234
20130815	123	123	123	456.58120963948795	1234
20130815	123	123	123	498.76258617734584	1234
20130815	123	123	123	497.03157203990094	1234
20130815	123	123	123	531.6251700302398	1234
20130815	123	123	123	520.4018815696647	1234
20130815	123	123	123	507.0505248065971	1234
20130815	123	123	123	507.10225699542167	1234
20130815	123	123	123	497.9614813470016	1234
20130815	123	123	123	488.0014068541107	1234
20130815	123	123	123	454.2508946918998	1234
20130815	123	123	123	460.0246385071671	1234
20130815	123	123	123	453.30769230769215	1234
20130815	123	123	123	441.26388649574415	1234
20130815	123	123	123	428.5887828894569	1234
20130815	123	123	123	419.3559164965054	1234
20130815	123	123	123	404.44977943752576	1234
20130815	123	123	123	396.7443794058493	1234
20130815	123	123	123	388.50517658651984	1234
20130815	123	123	123	384.21785721042454	1234
20130815	123	123	123	374.1161354547161	1234
20130815	123	123	123	362.3836864517527	1234
20130815	123	123	123	354.6947860984481	1234
20130815	123	123	123	347.7372875971135	1234
20130815	123	123	123	317.43991429571406	1234
20130815	123	123	123	324.72718414889187	1234
20130815	123	123	123	332.30812181589494	1234
20130815	123	123	123	340.13231366916654	1234
20130815	123	123	123	355.49790308753546	1234
20130815	123	123	123	373.8484287283581	1234
20130815	123	123	123	373.6153846153846	1234
20130815	123	123	123	387.38384115477726	1234
20130815	123	123	123	400.0551582425252	1234
20130815	123	123	123	400.3823360891714	1234
20130815	123	123	123	410.02906460487776	1234
20130815	123	123	123	418.3453653409592	1234
20130815	123	123	123	428.8718036480823	1234
20130815	123	123	123	446.1411474584683	1234
20130815	123	123	123	451.4292764568477	1234
20130815	123	123	123	467.42490557892256	1234
20130815	123	123	123	471.35805204644345	1234
20130815	123	123	123	475.20102111939616	1234
20130815	123	123	123	486.3101004156131	1234
20130815	123	123	123	488.84615384615375	1234
20130815	123	123	123	534.3531937604199	1234
20130815	123	123	123	527.7994081147309	1234
20130815	123	123	123	524.7170677994621	1234
20130815	123	123	123	516.8954480851914	1234
20130815	123	123	123	503.79592818033666	1234
20130815	123	123	123	492.8029629572939	1234
20130815	123	123	123	473.6623955237622	1234
20130815	123	123	123	456.86724360343527	1234
20130815	123	123	123	451.9230769230769	1234
20130815	123	123	123	437.56903646405544	1234
20130815	123	123	123	415.1624253559721	1234
20130815	123	123	123	420.6923076923076	1234
20130815	123	123	123	381.653846153846	1234
20130815	123	123	123	365.6651716867907	1234
20130815	123	123	123	361.2765795565486	1234
20130815	123	123	123	343.8442941913399	1234
20130815	123	123	123	343.894931162622	1234
20130815	123	123	123	334.8076923076921	1234
20130815	123	123	123	329.2338504236838	1234
20130815	123	123	123	337.1021031434969	1234
20130815	123	123	123	344.1445974048051	1234
20130815	123	123	123	351.368339517151	1234
20130815	123	123	123	356.8461538461538	1234
20130815	123	123	123	366.38466190804974	1234
20130815	123	123	123	373.8519591676823	1234
20130815	123	123	123	395.79397984798703	1234
20130815	123	123	123	407.48501214664793	1234
20130815	123	123	123	427.7110911361074	1234
20130815	123	123	123	418.2773430031982	1234
20130815	123	123	123	433.5596755139975	1234
20130815	123	123	123	437.94021658175905	1234
20130815	123	123	123	438.9230769230768	1234
20130815	123	123	123	446.38461538461524	1234
20130815	123	123	123	455.2641211718664	1234
20130815	123	123	123	463.64360276994074	1234
20130815	123	123	123	468.7692307692306	1234
20130815	123	123	123	477.3648249865196	1234
20130815	123	123	123	488.02328673761724	1234
20130815	123	123	123	491.15384615384596	1234
20130815	123	123	123	516.8101373914909	1234
20130815	123	123	123	509.28640361165213	1234
20130815	123	123	123	508.4230769230769	1234
20130815	123	123	123	447.68869497378716	1234
20130815	123	123	123	417.76517284876275	1234
20130815	123	123	123	426.65131941461283	1234
20130815	123	123	123	396.10142514441515	1234
20130815	123	123	123	399.0708778248107	1234
20130815	123	123	123	384.8938672540622	1234
20130815	123	123	123	367.62054945729466	1234
20130815	123	123	123	337.0092939445609	1234
20130815	123	123	123	326.0506379511677	1234
20130815	123	123	123	292.0664224654131	1234
20130815	123	123	123	306.5612603696044	1234
20130815	123	123	123	292.73150749901066	1234
20130815	123	123	123	277.05627417977115	1234
20130815	123	123	123	260.3329100349031	1234
20130815	123	123	123	234.71959687360106	1234
20130815	123	123	123	243.01463297425832	1234
20130815	123	123	123	216.30651226221696	1234
20130815	123	123	123	217.6655779577999	1234
20130815	123	123	123	194.84926483310716	1234
20130815	123	123	123	194.0	1234
20130815	123	123	123	3.443017323667359	1234
20130815	123	123	123	15.606567565103644	1234
20130815	123	123	123	6.096784812065039	1234
20130815	123	123	123	19.486944961099685	1234
20130815	123	123	123	1.4065467179570512	1234
20130815	123	123	123	4.9709525450313485	1234
20130815	123	123	123	5.354025557268811	1234
20130815	123	123	123	6.53745118134715	1234
20130815	123	123	123	17.73466481183647	1234
20130815	123	123	123	3.574980891427164	1234
20130815	123	123	123	7.633573076681211	1234
20130815	123	123	123	10.923144182074402	1234
20130815	123	123	123	6.802244009352101	1234
20130815	123	123	123	9.356947981002328	1234
20130815	123	123	123	10.391912045155593	1234
20130815	123	123	123	15.873748491430488	1234
20130815	123	123	123	0.9920866470281853	1234
20130815	123	123	123	6.664057716831886	1234
20130815	123	123	123	14.544659717367415	1234
20130815	123	123	123	12.854894720732716	1234
20130815	123	123	123	14.458871921750568	1234
20130815	123	123	123	15.91771458972347	1234
20130815	123	123	123	11.206785631763989	1234
20130815	123	123	123	3.0049210870075327	1234
20130815	123	123	123	0.9616467963492514	1234
20130815	123	123	123	15.954683301370238	1234
20130815	123	123	123	9.644016793958862	1234
20130815	123	123	123	6.380917752783848	1234
20130815	123	123	123	3.316745650924824	1234
20130815	123	123	123	14.804019440058715	1234