time startPrice highestPrice lowestPrice endPrice transactionCount
20130815	123	123	123	13.780394690975823	1234
20130815	123	123	123	12.225730147709521	1234
20130815	123	123	123	16.199212063084868	1234
20130815	123	123	123	11.996682492231647	1234
20130815	123	123	123	17.569158060321385	1234
20130815	123	123	123	0.05583902959791276	1234
20130815	123	123	123	14.140747309269297	1234
20130815	123	123	123	19.743105397583644	1234
20130815	123	123	123	17.47485201404738	1234
20130815	123	123	123	10.22966869108119	1234
20130815	123	123	123	14.690046297573303	1234
20130815	123	123	123	10.963249920743742	1234
20130815	123	123	123	8.77228080415538	1234
20130815	123	123	123	6.601162869742019	1234
20130815	123	123	123	8.262289547982851	1234
20130815	123	123	123	7.972508378268719	1234
20130815	123	123	123	13.963537569268611	1234
20130815	123	123	123	7.152718510225132	1234
20130815	123	123	123	4.438038853519375	1234
20130815	123	123	123	6.598058988226048	1234
20130815	123	123	123	10.67043878519977	1234
20130815	123	123	123	16.072267449333697	1234
20130815	123	123	123	6.136230760449823	1234
20130815	123	123	123	5.962370088010969	1234
20130815	123	123	123	13.424294324529676	1234
20130815	123	123	123	12.248607573884282	1234
20130815	123	123	123	18.41602349139515	1234
20130815	123	123	123	4.149368786038929	1234
20130815	123	123	123	12.754512969536567	1234
20130815	123	123	123	19.153848202101496	1234
20130815	123	123	123	198.0083012506502	1234
20130815	123	123	123	270.64726063100665	1234
20130815	123	123	123	293.62790030104	1234
20130815	123	123	123	281.62640375860764	1234
20130815	123	123	123	306.0065973594338	1234
20130815	123	123	123	311.3482703026385	1234
20130815	123	123	123	339.8513224706413	1234
20130815	123	123	123	331.9594906912834	1234
20130815	123	123	123	402.0550852655268	1234
20130815	123	123	123	385.6847272842837	1234
20130815	123	123	123	476.7398113132076	1234
20130815	123	123	123	448.80073651010485	1234
20130815	123	123	123	458.45463183282396	1234
20130815	123	123	123	503.2596140929932	1234
20130815	123	123	123	490.42662316530516	1234
20130815	123	123	123	537.9845136954995	1234
20130815	123	123	123	513.8207147275591	1234
20130815	123	123	123	515.9581516666321	1234
20130815	123	123	123	503.8786289193663	1234
20130815	123	123	123	496.7921622923428	1234
20130815	123	123	123	492.99546286016243	1234
20130815	123	123	123	484.5868948615478	1234
20130815	123	123	123	477.2418997098747	1234
20130815	123	123	123	469.0190933508208	1234
20130815	123	123	123	441.25765369390365	1234
20130815	123	123	123	438.16176319395447	1234
20130815	123	123	123	441.6212449974909	1234
20130815	123	123	123	436.8337729463051	1234
20130815	123	123	123	422.18488305182626	1234
20130815	123	123	123	410.37020599749894	1234
20130815	123	123	123	404.8130954818493	1234
20130815	123	123	123	363.86270211792237	1234
20130815	123	123	123	374.28401707662204	1234
20130815	123	123	123	355.1994379836751	1234
20130815	123	123	123	361.4910453174813	1234
20130815	123	123	123	310.9044537831333	1234
20130815	123	123	123	321.8079553729398	1234
20130815	123	123	123	312.1050356759778	1234
20130815	123	123	123	320.4744241524045	1234
20130815	123	123	123	334.3882788206853	1234
20130815	123	123	123	344.4775234404507	1234
20130815	123	123	123	340.6923076923077	1234
20130815	123	123	123	383.0776489081812	1234
20130815	123	123	123	377.5400548964422	1234
20130815	123	123	123	398.9724279255998	1234
20130815	123	123	123	390.07692307692304	1234
20130815	123	123	123	405.22550554321583	1234
20130815	123	123	123	411.43007674875076	1234
20130815	123	123	123	419.2713004175904	1234
20130815	123	123	123	422.99999999999994	1234
20130815	123	123	123	439.5067162517787	1234
20130815	123	123	123	439.9680429517095	1234
20130815	123	123	123	447.6923076923076	1234
20130815	123	123	123	457.54798169929495	1234
20130815	123	123	123	473.82251254147116	1234
20130815	123	123	123	493.2520885186262	1234
20130815	123	123	123	503.252441953248	1234
20130815	123	123	123	512.361394844806	1234
20130815	123	123	123	512.7148412988682	1234
20130815	123	123	123	517.4363780360839	1234
20130815	123	123	123	529.2395772161047	1234
20130815	123	123	123	522.1923076923077	1234
20130815	123	123	123	507.66332727952573	1234
20130815	123	123	123	495.3593558757571	1234
20130815	123	123	123	495.87615414036713	1234
20130815	123	123	123	487.5252013633699	1234
20130815	123	123	123	446.84430093141395	1234
20130815	123	123	123	444.157678981981	1234
20130815	123	123	123	448.7761857518334	1234
20130815	123	123	123	437.4709494829699	1234
20130815	123	123	123	386.55222887253933	1234
20130815	123	123	123	387.11027533402546	1234
20130815	123	123	123	378.0523590394528	1234
20130815	123	123	123	367.77419973954443	1234
20130815	123	123	123	362.1807706731592	1234
20130815	123	123	123	343.2347529695644	1234
20130815	123	123	123	328.81963183073384	1234
20130815	123	123	123	334.8076923076921	1234
20130815	123	123	123	327.0	1234
20130815	123	123	123	343.8888471662339	1234
20130815	123	123	123	353.82876963684856	1234
20130815	123	123	123	384.57088919979714	1234
20130815	123	123	123	387.4781068999054	1234
20130815	123	123	123	388.454245457571	1234
20130815	123	123	123	394.3232713287295	1234
20130815	123	123	123	411.618154476272	1234
20130815	123	123	123	452.12771181555917	1234
20130815	123	123	123	438.253508963969	1234
20130815	123	123	123	452.2147213702087	1234
20130815	123	123	123	453.5086254695687	1234
20130815	123	123	123	465.0796324732623	1234
20130815	123	123	123	481.25713431081186	1234
20130815	123	123	123	483.6923076923075	1234
20130815	123	123	123	495.7720898096691	1234
20130815	123	123	123	504.9541441627842	1234
20130815	123	123	123	506.07692307692287	1234
20130815	123	123	123	520.6000755125232	1234
20130815	123	123	123	491.42915417576853	1234
20130815	123	123	123	493.7791900252157	1234
20130815	123	123	123	469.6200433852594	1234
20130815	123	123	123	462.8514637403021	1234
20130815	123	123	123	458.1153846153845	1234
20130815	123	123	123	444.17124762856736	1234
20130815	123	123	123	367.9445577602013	1234
20130815	123	123	123	392.34966986849304	1234
20130815	123	123	123	387.1541024986324	1234
20130815	123	123	123	361.0552491415918	1234
20130815	123	123	123	356.2853323507874	1234
20130815	123	123	123	326.5532440625449	1234
20130815	123	123	123	309.7714200231728	1234
20130815	123	123	123	304.9858154169309	1234
20130815	123	123	123	279.583602601356	1234
20130815	123	123	123	281.7002626241967	1234
20130815	123	123	123	246.4224800307387	1234
20130815	123	123	123	238.15747056491153	1234
20130815	123	123	123	244.30769230769195	1234
20130815	123	123	123	219.47127354662106	1234
20130815	123	123	123	201.414153411695	1234
20130815	123	123	123	201.49564123118373	1234
20130815	123	123	123	194.0	1234
20130815	123	123	123	13.95155631211017	1234
20130815	123	123	123	7.192847649709638	1234
20130815	123	123	123	18.043936124926326	1234
20130815	123	123	123	13.054509092558355	1234
20130815	123	123	123	4.3526015989336635	1234
20130815	123	123	123	17.361843012276818	1234
20130815	123	123	123	6.810198352247383	1234
20130815	123	123	123	16.590445349449706	1234
20130815	123	123	123	16.75798609549615	1234
20130815	123	123	123	13.3778704986878	1234
20130815	123	123	123	12.388826832213379	1234
20130815	123	123	123	12.983451870360078	1234
20130815	123	123	123	8.507567499219416	1234
20130815	123	123	123	9.984062028216874	1234
20130815	123	123	123	4.435191794752225	1234
20130815	123	123	123	2.4850319289441014	1234
20130815	123	123	123	9.202460391262505	1234
20130815	123	123	123	7.196407293295344	1234
20130815	123	123	123	12.228828691194236	1234
20130815	123	123	123	7.14549275169418	1234
20130815	123	123	123	19.09210893565447	1234
20130815	123	123	123	10.602450214456605	1234
20130815	123	123	123	9.45505909372189	1234
20130815	123	123	123	12.584173088724356	1234
20130815	123	123	123	15.480711665101088	1234
20130815	123	123	123	3.23296021134444	1234
20130815	123	123	123	0.9552439742615593	1234
20130815	123	123	123	16.163269523593314	1234
20130815	123	123	123	4.724407995734554	1234
20130815	123	123	123	16.81724251963074	1234