time startPrice highestPrice lowestPrice endPrice transactionCount
20130815	123	123	123	10.93875845585928	1234
20130815	123	123	123	1.8958743756461205	1234
20130815	123	123	123	8.87876918262133	1234
20130815	123	123	123	6.110176244388137	1234
20130815	123	123	123	3.7124099952459977	1234
20130815	123	123	123	5.059578710793755	1234
20130815	123	123	123	15.647066661730243	1234
20130815	123	123	123	13.611547390564276	1234
20130815	123	123	123	6.001365891737416	1234
20130815	123	123	123	10.254797818141581	1234
20130815	123	123	123	17.851748191482663	1234
20130815	123	123	123	0.49123404004450366	1234
20130815	123	123	123	4.266129675211716	1234
20130815	123	123	123	14.194127829368641	1234
20130815	123	123	123	5.935781916901872	1234
20130815	123	123	123	13.587757474056392	1234
20130815	123	123	123	14.369351683987801	1234
20130815	123	123	123	18.711623915045767	1234
20130815	123	123	123	0.869118480248452	1234
20130815	123	123	123	6.91903181354861	1234
20130815	123	123	123	6.460524279171532	1234
20130815	123	123	123	7.2228944645920645	1234
20130815	123	123	123	9.045638721020001	1234
20130815	123	123	123	0.8012687902592197	1234
20130815	123	123	123	5.615929325076234	1234
20130815	123	123	123	8.934007252784678	1234
20130815	123	123	123	7.768424395513862	1234
20130815	123	123	123	18.845179004506395	1234
20130815	123	123	123	15.463449924313375	1234
20130815	123	123	123	17.721205284291795	1234
20130815	123	123	123	206.19508961908497	1234
20130815	123	123	123	226.1872908418709	1234
20130815	123	123	123	237.93001017026532	1234
20130815	123	123	123	244.0796148172225	1234
20130815	123	123	123	256.11904253779437	1234
20130815	123	123	123	270.97966927359914	1234
20130815	123	123	123	278.26923076923083	1234
20130815	123	123	123	336.1566945214831	1234
20130815	123	123	123	329.7744034329223	1234
20130815	123	123	123	353.5082533612282	1234
20130815	123	123	123	357.2315505887415	1234
20130815	123	123	123	356.5000000000001	1234
20130815	123	123	123	383.50109837469665	1234
20130815	123	123	123	396.97355488660014	1234
20130815	123	123	123	410.84803355380024	1234
20130815	123	123	123	421.69230769230785	1234
20130815	123	123	123	447.98554846518755	1234
20130815	123	123	123	477.44889838763663	1234
20130815	123	123	123	498.14641974311274	1234
20130815	123	123	123	510.4977240862296	1234
20130815	123	123	123	502.0838260579648	1234
20130815	123	123	123	491.6814635756918	1234
20130815	123	123	123	476.5834985659009	1234
20130815	123	123	123	485.6153846153845	1234
20130815	123	123	123	469.1400284273363	1234
20130815	123	123	123	460.611101574336	1234
20130815	123	123	123	442.85781700301175	1234
20130815	123	123	123	441.30704100723574	1234
20130815	123	123	123	430.8951854083949	1234
20130815	123	123	123	423.4072000621494	1234
20130815	123	123	123	410.81377959529254	1234
20130815	123	123	123	394.3473618558432	1234
20130815	123	123	123	380.37129313133005	1234
20130815	123	123	123	374.46884171100345	1234
20130815	123	123	123	362.2024340479891	1234
20130815	123	123	123	335.9911127245829	1234
20130815	123	123	123	335.01232257668005	1234
20130815	123	123	123	316.07410926193074	1234
20130815	123	123	123	321.06079463356724	1234
20130815	123	123	123	327.4505419175529	1234
20130815	123	123	123	334.6940059853207	1234
20130815	123	123	123	335.38540844417906	1234
20130815	123	123	123	349.5193886924538	1234
20130815	123	123	123	362.7469215669986	1234
20130815	123	123	123	370.50606829078936	1234
20130815	123	123	123	376.0066442238626	1234
20130815	123	123	123	396.21507351888255	1234
20130815	123	123	123	408.93568270820884	1234
20130815	123	123	123	503.4024281049941	1234
20130815	123	123	123	457.65884396735714	1234
20130815	123	123	123	471.7660022900251	1234
20130815	123	123	123	490.42873580790325	1234
20130815	123	123	123	517.2124606991918	1234
20130815	123	123	123	501.1011088257193	1234
20130815	123	123	123	507.4110687720379	1234
20130815	123	123	123	513.6716539899633	1234
20130815	123	123	123	506.1966038273774	1234
20130815	123	123	123	488.7897532095228	1234
20130815	123	123	123	483.49511559524063	1234
20130815	123	123	123	482.18924818320704	1234
20130815	123	123	123	466.9791841438703	1234
20130815	123	123	123	465.4510521480872	1234
20130815	123	123	123	446.9172912451616	1234
20130815	123	123	123	443.09941738050986	1234
20130815	123	123	123	438.91517920843495	1234
20130815	123	123	123	436.30769230769226	1234
20130815	123	123	123	427.80479482822005	1234
20130815	123	123	123	415.83374500391517	1234
20130815	123	123	123	405.6383290297357	1234
20130815	123	123	123	401.5280410949566	1234
20130815	123	123	123	383.6649835738893	1234
20130815	123	123	123	384.99008752423964	1234
20130815	123	123	123	368.8079530136596	1234
20130815	123	123	123	373.8461538461537	1234
20130815	123	123	123	356.13397835903504	1234
20130815	123	123	123	348.99346800739676	1234
20130815	123	123	123	332.9913157936063	1234
20130815	123	123	123	328.539040129334	1234
20130815	123	123	123	328.1002543771741	1234
20130815	123	123	123	336.28431062580887	1234
20130815	123	123	123	343.5187553419223	1234
20130815	123	123	123	354.2446476706411	1234
20130815	123	123	123	357.28908620326735	1234
20130815	123	123	123	365.2376149316607	1234
20130815	123	123	123	409.076923076923	1234
20130815	123	123	123	416.53846153846143	1234
20130815	123	123	123	428.6662830805715	1234
20130815	123	123	123	446.8613337327515	1234
20130815	123	123	123	453.8461538461537	1234
20130815	123	123	123	466.2676515929324	1234
20130815	123	123	123	474.17879633837134	1234
20130815	123	123	123	479.61112639333544	1234
20130815	123	123	123	483.6923076923075	1234
20130815	123	123	123	491.15384615384596	1234
20130815	123	123	123	509.39907997081144	1234
20130815	123	123	123	513.6316090977115	1234
20130815	123	123	123	494.55909120316596	1234
20130815	123	123	123	504.05838380453895	1234
20130815	123	123	123	473.348479176681	1234
20130815	123	123	123	473.2659523280449	1234
20130815	123	123	123	422.44521128650734	1234
20130815	123	123	123	419.70488215723503	1234
20130815	123	123	123	419.7677585583739	1234
20130815	123	123	123	402.0878987361887	1234
20130815	123	123	123	395.23076923076906	1234
20130815	123	123	123	365.12040828311456	1234
20130815	123	123	123	367.85812610977865	1234
20130815	123	123	123	354.700549186445	1234
20130815	123	123	123	344.9230769230767	1234
20130815	123	123	123	321.77266175831994	1234
20130815	123	123	123	312.69599408660144	1234
20130815	123	123	123	298.1474849684658	1234
20130815	123	123	123	288.5477342120245	1234
20130815	123	123	123	267.49709090690993	1234
20130815	123	123	123	245.14141493042587	1234
20130815	123	123	123	244.30769230769195	1234
20130815	123	123	123	198.70974539981992	1234
20130815	123	123	123	205.5761893474883	1234
20130815	123	123	123	197.2320547716758	1234
20130815	123	123	123	194.0	1234
20130815	123	123	123	8.44554356870487	1234
20130815	123	123	123	3.4721667691759173	1234
20130815	123	123	123	17.588275326382032	1234
20130815	123	123	123	7.07608905195791	1234
20130815	123	123	123	14.247447084380111	1234
20130815	123	123	123	11.62837163355719	1234
20130815	123	123	123	18.20691491679762	1234
20130815	123	123	123	15.10856989677695	1234
20130815	123	123	123	1.7309844345333225	1234
20130815	123	123	123	1.5345732092564424	1234
20130815	123	123	123	5.41336248730977	1234
20130815	123	123	123	4.322566714036238	1234
20130815	123	123	123	11.81394616037349	1234
20130815	123	123	123	18.595127909906047	1234
20130815	123	123	123	5.242646445178137	1234
20130815	123	123	123	9.727057727285523	1234
20130815	123	123	123	14.487956023314418	1234
20130815	123	123	123	13.999258885744654	1234
20130815	123	123	123	2.863411434403147	1234
20130815	123	123	123	15.817777802829907	1234
20130815	123	123	123	13.786427563709857	1234
20130815	123	123	123	3.083187492432331	1234
20130815	123	123	123	6.402584728899161	1234
20130815	123	123	123	8.062488143999449	1234
20130815	123	123	123	4.77822502845739	1234
20130815	123	123	123	12.181736145576174	1234
20130815	123	123	123	15.221585226734105	1234
20130815	123	123	123	7.745411606155419	1234
20130815	123	123	123	2.7365582584791026	1234
20130815	123	123	123	12.48320232057849	1234