time startPrice highestPrice lowestPrice endPrice transactionCount
20130815	123	123	123	9.578094492803517	1234
20130815	123	123	123	10.328999957378485	1234
20130815	123	123	123	4.542470036103305	1234
20130815	123	123	123	5.611194831558799	1234
20130815	123	123	123	3.659822368678012	1234
20130815	123	123	123	10.785583033868384	1234
20130815	123	123	123	10.235529485279024	1234
20130815	123	123	123	5.112965615607454	1234
20130815	123	123	123	12.267211269988284	1234
20130815	123	123	123	15.551678150788153	1234
20130815	123	123	123	16.64159830576552	1234
20130815	123	123	123	2.9299757697340034	1234
20130815	123	123	123	8.501522311735592	1234
20130815	123	123	123	0.8767240127879017	1234
20130815	123	123	123	0.8685443029395357	1234
20130815	123	123	123	10.397757622385953	1234
20130815	123	123	123	19.357477942584353	1234
20130815	123	123	123	8.727854728930684	1234
20130815	123	123	123	0.7653680683039887	1234
20130815	123	123	123	17.989267233761133	1234
20130815	123	123	123	15.525765659625883	1234
20130815	123	123	123	9.219895729867796	1234
20130815	123	123	123	19.61824762216658	1234
20130815	123	123	123	9.032543971111085	1234
20130815	123	123	123	17.704582117338703	1234
20130815	123	123	123	19.62901766612823	1234
20130815	123	123	123	6.280490348934142	1234
20130815	123	123	123	4.779172677578143	1234
20130815	123	123	123	12.802173378363564	1234
20130815	123	123	123	2.9081286063815637	1234
20130815	123	123	123	187.0	1234
20130815	123	123	123	208.23891949495402	1234
20130815	123	123	123	223.80846476854424	1234
20130815	123	123	123	238.43794781570259	1234
20130815	123	123	123	291.3076923076924	1234
20130815	123	123	123	333.3604473672678	1234
20130815	123	123	123	353.39823651169525	1234
20130815	123	123	123	343.65020130418304	1234
20130815	123	123	123	364.1976431745244	1234
20130815	123	123	123	411.205015654067	1234
20130815	123	123	123	421.0130408802869	1234
20130815	123	123	123	440.36206991837844	1234
20130815	123	123	123	428.84626918783067	1234
20130815	123	123	123	434.7307692307694	1234
20130815	123	123	123	452.2538608008956	1234
20130815	123	123	123	479.52080712330945	1234
20130815	123	123	123	479.1184024473984	1234
20130815	123	123	123	513.1044293577008	1234
20130815	123	123	123	513.0765801963679	1234
20130815	123	123	123	522.3415192473668	1234
20130815	123	123	123	525.409305471857	1234
20130815	123	123	123	496.4007217468236	1234
20130815	123	123	123	493.6923076923076	1234
20130815	123	123	123	479.4120276906236	1234
20130815	123	123	123	470.9895175580048	1234
20130815	123	123	123	457.547426431988	1234
20130815	123	123	123	450.5490172990299	1234
20130815	123	123	123	453.30769230769215	1234
20130815	123	123	123	426.88050830853024	1234
20130815	123	123	123	431.47752728365333	1234
20130815	123	123	123	426.54418804480446	1234
20130815	123	123	123	413.8325830713502	1234
20130815	123	123	123	392.1930700988546	1234
20130815	123	123	123	403.9088940851778	1234
20130815	123	123	123	384.2025623735757	1234
20130815	123	123	123	382.22268087502573	1234
20130815	123	123	123	373.42114437385396	1234
20130815	123	123	123	337.47248808894847	1234
20130815	123	123	123	346.5955310615336	1234
20130815	123	123	123	339.2728011175265	1234
20130815	123	123	123	321.6228130237991	1234
20130815	123	123	123	322.25665836006044	1234
20130815	123	123	123	328.56053488784977	1234
20130815	123	123	123	346.33222775029265	1234
20130815	123	123	123	349.48304751688397	1234
20130815	123	123	123	353.6269390346553	1234
20130815	123	123	123	362.12132040031975	1234
20130815	123	123	123	398.0904308476309	1234
20130815	123	123	123	385.84744901628164	1234
20130815	123	123	123	406.2293127791236	1234
20130815	123	123	123	411.4725990015001	1234
20130815	123	123	123	420.39066093296805	1234
20130815	123	123	123	443.5703102042241	1234
20130815	123	123	123	448.32383576692115	1234
20130815	123	123	123	464.26467883871834	1234
20130815	123	123	123	480.30767814834485	1234
20130815	123	123	123	511.44469214606727	1234
20130815	123	123	123	516.6902636826125	1234
20130815	123	123	123	521.7692307692307	1234
20130815	123	123	123	524.6983160896874	1234
20130815	123	123	123	504.49367904651	1234
20130815	123	123	123	494.65145474595454	1234
20130815	123	123	123	484.7006504318448	1234
20130815	123	123	123	408.2339430752717	1234
20130815	123	123	123	435.4194704738699	1234
20130815	123	123	123	443.901387452262	1234
20130815	123	123	123	426.32928058948966	1234
20130815	123	123	123	408.2193290533131	1234
20130815	123	123	123	406.44007769463536	1234
20130815	123	123	123	393.905816268999	1234
20130815	123	123	123	384.473806104895	1234
20130815	123	123	123	379.09186163408026	1234
20130815	123	123	123	370.03578885693275	1234
20130815	123	123	123	353.3431343716092	1234
20130815	123	123	123	339.5359368992121	1234
20130815	123	123	123	336.6929298745967	1234
20130815	123	123	123	331.66775792571644	1234
20130815	123	123	123	340.86862555595707	1234
20130815	123	123	123	341.9230769230769	1234
20130815	123	123	123	359.23777262354093	1234
20130815	123	123	123	361.45041414266535	1234
20130815	123	123	123	368.8712324920341	1234
20130815	123	123	123	380.2743168140101	1234
20130815	123	123	123	384.4073306750901	1234
20130815	123	123	123	407.79378361104455	1234
20130815	123	123	123	409.076923076923	1234
20130815	123	123	123	420.3030480669976	1234
20130815	123	123	123	445.8919979425846	1234
20130815	123	123	123	455.49879376131133	1234
20130815	123	123	123	456.42355372470723	1234
20130815	123	123	123	453.8461538461537	1234
20130815	123	123	123	476.64847797359204	1234
20130815	123	123	123	469.40965047607216	1234
20130815	123	123	123	487.1791679011162	1234
20130815	123	123	123	491.4355161288832	1234
20130815	123	123	123	506.2308282901589	1234
20130815	123	123	123	506.07692307692287	1234
20130815	123	123	123	512.0492318805681	1234
20130815	123	123	123	475.2448758950268	1234
20130815	123	123	123	464.39300909687216	1234
20130815	123	123	123	470.6923076923076	1234
20130815	123	123	123	452.2577200478582	1234
20130815	123	123	123	445.0286097675126	1234
20130815	123	123	123	432.96153846153834	1234
20130815	123	123	123	382.96731931405026	1234
20130815	123	123	123	382.4875417196707	1234
20130815	123	123	123	359.9022763595326	1234
20130815	123	123	123	344.47026924183206	1234
20130815	123	123	123	344.1455868141442	1234
20130815	123	123	123	301.82954322176084	1234
20130815	123	123	123	315.3456371103274	1234
20130815	123	123	123	299.0340350279037	1234
20130815	123	123	123	271.76995150772336	1234
20130815	123	123	123	282.0384615384612	1234
20130815	123	123	123	243.3189511075899	1234
20130815	123	123	123	217.8588850722532	1234
20130815	123	123	123	230.98601832479417	1234
20130815	123	123	123	215.67961936253755	1234
20130815	123	123	123	203.55543959859148	1234
20130815	123	123	123	194.0	1234
20130815	123	123	123	7.448423385309386	1234
20130815	123	123	123	18.39984369123371	1234
20130815	123	123	123	0.85373004204498	1234
20130815	123	123	123	19.969759684709818	1234
20130815	123	123	123	10.299163059419204	1234
20130815	123	123	123	3.393460018698242	1234
20130815	123	123	123	14.04241761078961	1234
20130815	123	123	123	19.474843116492508	1234
20130815	123	123	123	18.335116704215	1234
20130815	123	123	123	17.931399569604164	1234
20130815	123	123	123	2.9057090699745847	1234
20130815	123	123	123	16.4634433873016	1234
20130815	123	123	123	11.033967405902274	1234
20130815	123	123	123	10.818690997235251	1234
20130815	123	123	123	11.624608895910262	1234
20130815	123	123	123	16.88616096054774	1234
20130815	123	123	123	8.781804694071173	1234
20130815	123	123	123	7.039029400891539	1234
20130815	123	123	123	4.234755963576973	1234
20130815	123	123	123	8.942569040424107	1234
20130815	123	123	123	18.570970674962986	1234
20130815	123	123	123	11.260699415496118	1234
20130815	123	123	123	16.664801076161467	1234
20130815	123	123	123	4.105730649859853	1234
20130815	123	123	123	13.073091354896182	1234
20130815	123	123	123	16.215641985883263	1234
20130815	123	123	123	15.698859074724915	1234
20130815	123	123	123	10.80945960768753	1234
20130815	123	123	123	15.951673586590541	1234
20130815	123	123	123	19.52405150150954	1234