time startPrice highestPrice lowestPrice endPrice transactionCount
20130815	123	123	123	17.183348686894714	1234
20130815	123	123	123	12.752927285275163	1234
20130815	123	123	123	13.531317123721054	1234
20130815	123	123	123	12.251027527151088	1234
20130815	123	123	123	14.058391678314168	1234
20130815	123	123	123	1.5293090716859759	1234
20130815	123	123	123	11.816399841415022	1234
20130815	123	123	123	8.055064246079436	1234
20130815	123	123	123	11.288181014406957	1234
20130815	123	123	123	5.9672745245802155	1234
20130815	123	123	123	18.366574494251452	1234
20130815	123	123	123	4.102575312475887	1234
20130815	123	123	123	2.022907158230134	1234
20130815	123	123	123	0.9135007694416242	1234
20130815	123	123	123	13.256778875533408	1234
20130815	123	123	123	18.420209375455613	1234
20130815	123	123	123	7.660901209029878	1234
20130815	123	123	123	4.656629104203516	1234
20130815	123	123	123	14.981640280974792	1234
20130815	123	123	123	4.034488824583466	1234
20130815	123	123	123	9.224130809686928	1234
20130815	123	123	123	13.37672567861185	1234
20130815	123	123	123	17.019316618287036	1234
20130815	123	123	123	10.35041027027475	1234
20130815	123	123	123	10.080381709772428	1234
20130815	123	123	123	14.506275640182542	1234
20130815	123	123	123	3.6317252849329473	1234
20130815	123	123	123	9.517324343080503	1234
20130815	123	123	123	9.761266652658488	1234
20130815	123	123	123	10.475490076177136	1234
20130815	123	123	123	191.84254580675503	1234
20130815	123	123	123	207.99983175651624	1234
20130815	123	123	123	249.8014828441516	1234
20130815	123	123	123	241.32491060947456	1234
20130815	123	123	123	254.71925594232277	1234
20130815	123	123	123	280.1193316225134	1234
20130815	123	123	123	302.62429191076484	1234
20130815	123	123	123	304.3461538461539	1234
20130815	123	123	123	317.3846153846155	1234
20130815	123	123	123	337.39159084697593	1234
20130815	123	123	123	350.7905791370051	1234
20130815	123	123	123	374.62189519671836	1234
20130815	123	123	123	369.53846153846166	1234
20130815	123	123	123	391.42910811512695	1234
20130815	123	123	123	398.8167332963206	1234
20130815	123	123	123	421.6912419059534	1234
20130815	123	123	123	423.39942911827376	1234
20130815	123	123	123	444.73624283720153	1234
20130815	123	123	123	453.20989221588394	1234
20130815	123	123	123	467.2634666360542	1234
20130815	123	123	123	480.81280188736696	1234
20130815	123	123	123	491.0375867226761	1234
20130815	123	123	123	507.56877897579994	1234
20130815	123	123	123	521.1691985067303	1234
20130815	123	123	123	526.0	1234
20130815	123	123	123	509.896678488759	1234
20130815	123	123	123	502.7117039089737	1234
20130815	123	123	123	491.04795725409883	1234
20130815	123	123	123	469.6186582972621	1234
20130815	123	123	123	452.2068058895218	1234
20130815	123	123	123	432.48511722373337	1234
20130815	123	123	123	390.1470766423319	1234
20130815	123	123	123	405.89554178364773	1234
20130815	123	123	123	404.7398931432942	1234
20130815	123	123	123	388.6633745708679	1234
20130815	123	123	123	382.111929344382	1234
20130815	123	123	123	373.7638971502966	1234
20130815	123	123	123	370.89633824091004	1234
20130815	123	123	123	348.3076923076919	1234
20130815	123	123	123	340.23076923076883	1234
20130815	123	123	123	327.21553964601026	1234
20130815	123	123	123	323.4698108971101	1234
20130815	123	123	123	319.1521857094199	1234
20130815	123	123	123	330.465177513824	1234
20130815	123	123	123	357.5498848361386	1234
20130815	123	123	123	355.83225639429253	1234
20130815	123	123	123	393.3086013242715	1234
20130815	123	123	123	410.47959419086516	1234
20130815	123	123	123	408.0199933078677	1234
20130815	123	123	123	440.2224960495744	1234
20130815	123	123	123	439.5270259619949	1234
20130815	123	123	123	462.11931238863	1234
20130815	123	123	123	456.62664683648376	1234
20130815	123	123	123	464.1538461538461	1234
20130815	123	123	123	472.3846153846153	1234
20130815	123	123	123	484.4471199725268	1234
20130815	123	123	123	493.1936052293685	1234
20130815	123	123	123	499.5333661458417	1234
20130815	123	123	123	509.54178733011065	1234
20130815	123	123	123	521.8200320862749	1234
20130815	123	123	123	519.7924581072307	1234
20130815	123	123	123	510.62315518532375	1234
20130815	123	123	123	491.74504406999654	1234
20130815	123	123	123	481.6573956931776	1234
20130815	123	123	123	471.72195256774484	1234
20130815	123	123	123	464.19706778500324	1234
20130815	123	123	123	449.2625747475598	1234
20130815	123	123	123	442.83068540267766	1234
20130815	123	123	123	440.89874740870783	1234
20130815	123	123	123	434.0955157393666	1234
20130815	123	123	123	427.70429786229533	1234
20130815	123	123	123	419.3493604069074	1234
20130815	123	123	123	412.8846153846153	1234
20130815	123	123	123	389.46153846153834	1234
20130815	123	123	123	361.0248612265154	1234
20130815	123	123	123	351.33764510578146	1234
20130815	123	123	123	343.39278894766403	1234
20130815	123	123	123	329.1744535297477	1234
20130815	123	123	123	329.07917535175335	1234
20130815	123	123	123	327.9040879458228	1234
20130815	123	123	123	354.1234898730757	1234
20130815	123	123	123	354.06810451340584	1234
20130815	123	123	123	364.145668354783	1234
20130815	123	123	123	369.9350971229686	1234
20130815	123	123	123	374.4589977468476	1234
20130815	123	123	123	380.78404551541587	1234
20130815	123	123	123	419.19051357393977	1234
20130815	123	123	123	414.7532565570175	1234
20130815	123	123	123	435.5525668391921	1234
20130815	123	123	123	439.9922491390068	1234
20130815	123	123	123	481.70309652082216	1234
20130815	123	123	123	487.20575746356093	1234
20130815	123	123	123	493.04985038764426	1234
20130815	123	123	123	499.46598303759174	1234
20130815	123	123	123	525.1086468051045	1234
20130815	123	123	123	516.9683120033347	1234
20130815	123	123	123	506.1575479977866	1234
20130815	123	123	123	502.71275411272865	1234
20130815	123	123	123	477.6579585257319	1234
20130815	123	123	123	473.2692549222997	1234
20130815	123	123	123	455.686889483432	1234
20130815	123	123	123	445.53846153846143	1234
20130815	123	123	123	423.93064358568404	1234
20130815	123	123	123	406.7767357266718	1234
20130815	123	123	123	383.7531836884739	1234
20130815	123	123	123	380.5701101803307	1234
20130815	123	123	123	370.5858976005236	1234
20130815	123	123	123	332.85675594762597	1234
20130815	123	123	123	328.8817469318791	1234
20130815	123	123	123	306.43679046370875	1234
20130815	123	123	123	303.01257823289075	1234
20130815	123	123	123	273.42186145331607	1234
20130815	123	123	123	274.5769481215048	1234
20130815	123	123	123	262.5702179847239	1234
20130815	123	123	123	248.50949804570243	1234
20130815	123	123	123	238.8359220754462	1234
20130815	123	123	123	231.73076923076889	1234
20130815	123	123	123	204.2392107208365	1234
20130815	123	123	123	203.42817590857118	1234
20130815	123	123	123	194.0	1234
20130815	123	123	123	19.85539081843306	1234
20130815	123	123	123	0.7880737215804401	1234
20130815	123	123	123	9.816615463554943	1234
20130815	123	123	123	19.41235768984079	1234
20130815	123	123	123	5.891041609936147	1234
20130815	123	123	123	17.537529629262384	1234
20130815	123	123	123	6.962204833492032	1234
20130815	123	123	123	12.590535229516851	1234
20130815	123	123	123	4.478983777289402	1234
20130815	123	123	123	1.3918183224520453	1234
20130815	123	123	123	16.21918958062565	1234
20130815	123	123	123	19.765820187454676	1234
20130815	123	123	123	11.351204036700853	1234
20130815	123	123	123	15.829688801511516	1234
20130815	123	123	123	7.310009555620354	1234
20130815	123	123	123	3.014611533135767	1234
20130815	123	123	123	3.4800461698419682	1234
20130815	123	123	123	7.652628599173057	1234
20130815	123	123	123	11.266942808314493	1234
20130815	123	123	123	7.2854189781785506	1234
20130815	123	123	123	7.597213351468017	1234
20130815	123	123	123	8.880490503365381	1234
20130815	123	123	123	1.0258984676896943	1234
20130815	123	123	123	1.597133254715748	1234
20130815	123	123	123	2.3357628366875316	1234
20130815	123	123	123	3.9145485631527066	1234
20130815	123	123	123	9.719425845197492	1234
20130815	123	123	123	8.66543134552254	1234
20130815	123	123	123	1.351656763055542	1234
20130815	123	123	123	7.220056109396207	1234