time startPrice highestPrice lowestPrice endPrice transactionCount
20130815	123	123	123	15.206610714496499	1234
20130815	123	123	123	13.940492591874856	1234
20130815	123	123	123	12.327370631283403	1234
20130815	123	123	123	9.436217951193433	1234
20130815	123	123	123	2.6512336533137804	1234
20130815	123	123	123	3.412382759002306	1234
20130815	123	123	123	2.9878033497363643	1234
20130815	123	123	123	8.453388255663661	1234
20130815	123	123	123	2.5899911364092176	1234
20130815	123	123	123	6.896481916092874	1234
20130815	123	123	123	1.2183578221058444	1234
20130815	123	123	123	11.3244665870333	1234
20130815	123	123	123	19.679674439844355	1234
20130815	123	123	123	3.233149626270624	1234
20130815	123	123	123	15.41087626036705	1234
20130815	123	123	123	2.036100716223961	1234
20130815	123	123	123	6.37270122134905	1234
20130815	123	123	123	13.76206447879041	1234
20130815	123	123	123	5.2341269584079875	1234
20130815	123	123	123	9.104696149426296	1234
20130815	123	123	123	16.885618792841868	1234
20130815	123	123	123	7.122870057691437	1234
20130815	123	123	123	4.095087867981566	1234
20130815	123	123	123	3.64774959340187	1234
20130815	123	123	123	16.05676587868319	1234
20130815	123	123	123	3.677797168759762	1234
20130815	123	123	123	14.183790323679215	1234
20130815	123	123	123	12.645100892336515	1234
20130815	123	123	123	9.326620060199485	1234
20130815	123	123	123	11.888425202601013	1234
20130815	123	123	123	202.05319736596073	1234
20130815	123	123	123	218.4931565680169	1234
20130815	123	123	123	270.57520526623216	1234
20130815	123	123	123	271.9305228175176	1234
20130815	123	123	123	298.3174435561952	1234
20130815	123	123	123	295.03834264418543	1234
20130815	123	123	123	317.4607438582423	1234
20130815	123	123	123	339.42423348683894	1234
20130815	123	123	123	337.5479271676608	1234
20130815	123	123	123	348.45880340409724	1234
20130815	123	123	123	378.8963887108771	1234
20130815	123	123	123	398.5899791278484	1234
20130815	123	123	123	415.00372067822525	1234
20130815	123	123	123	425.1432007279583	1234
20130815	123	123	123	446.51324631953935	1234
20130815	123	123	123	451.3770775046299	1234
20130815	123	123	123	488.6661723450183	1234
20130815	123	123	123	536.8219564723906	1234
20130815	123	123	123	541.4847075468471	1234
20130815	123	123	123	511.83291034553883	1234
20130815	123	123	123	515.8730392737002	1234
20130815	123	123	123	505.12623784587595	1234
20130815	123	123	123	501.7692307692307	1234
20130815	123	123	123	493.6923076923076	1234
20130815	123	123	123	485.6153846153845	1234
20130815	123	123	123	461.6069647411074	1234
20130815	123	123	123	434.811555987725	1234
20130815	123	123	123	445.23076923076906	1234
20130815	123	123	123	434.50140874339024	1234
20130815	123	123	123	408.8105407886467	1234
20130815	123	123	123	411.76184559687965	1234
20130815	123	123	123	396.9931245655317	1234
20130815	123	123	123	404.8461538461536	1234
20130815	123	123	123	386.50475119961044	1234
20130815	123	123	123	379.56088813979477	1234
20130815	123	123	123	366.6676800726637	1234
20130815	123	123	123	358.1354158396274	1234
20130815	123	123	123	349.4655810702782	1234
20130815	123	123	123	321.8723884931256	1234
20130815	123	123	123	317.43613385576276	1234
20130815	123	123	123	330.23359093534134	1234
20130815	123	123	123	339.0696653482083	1234
20130815	123	123	123	346.15189722426277	1234
20130815	123	123	123	366.38187038202733	1234
20130815	123	123	123	379.2494507506373	1234
20130815	123	123	123	373.6153846153846	1234
20130815	123	123	123	391.08987130047393	1234
20130815	123	123	123	400.74626517060017	1234
20130815	123	123	123	405.57841454204174	1234
20130815	123	123	123	451.37661277735543	1234
20130815	123	123	123	438.95898936029437	1234
20130815	123	123	123	453.2113128510937	1234
20130815	123	123	123	452.0353806802893	1234
20130815	123	123	123	459.4584802589088	1234
20130815	123	123	123	464.8226961019043	1234
20130815	123	123	123	513.5384615384614	1234
20130815	123	123	123	533.6541405778502	1234
20130815	123	123	123	525.7510264123949	1234
20130815	123	123	123	516.3901075060999	1234
20130815	123	123	123	506.58630054164155	1234
20130815	123	123	123	501.22608663192534	1234
20130815	123	123	123	470.1377034691084	1234
20130815	123	123	123	453.904594410546	1234
20130815	123	123	123	439.0488420755991	1234
20130815	123	123	123	432.5529877128004	1234
20130815	123	123	123	424.9578719359542	1234
20130815	123	123	123	411.5333220387564	1234
20130815	123	123	123	406.3170680824975	1234
20130815	123	123	123	412.8183112353544	1234
20130815	123	123	123	401.9121015311874	1234
20130815	123	123	123	397.1189872579846	1234
20130815	123	123	123	389.46153846153834	1234
20130815	123	123	123	381.653846153846	1234
20130815	123	123	123	367.41032799552124	1234
20130815	123	123	123	365.37787502110876	1234
20130815	123	123	123	352.62764464744004	1234
20130815	123	123	123	343.78842037649247	1234
20130815	123	123	123	327.74618271627537	1234
20130815	123	123	123	329.266546019488	1234
20130815	123	123	123	334.6358227214094	1234
20130815	123	123	123	341.9230769230769	1234
20130815	123	123	123	361.29702871375616	1234
20130815	123	123	123	367.2965160365853	1234
20130815	123	123	123	376.3741809021107	1234
20130815	123	123	123	388.58495231496755	1234
20130815	123	123	123	401.66838385170865	1234
20130815	123	123	123	416.53846153846143	1234
20130815	123	123	123	439.226846224419	1234
20130815	123	123	123	435.7909689956392	1234
20130815	123	123	123	452.56974173862403	1234
20130815	123	123	123	462.1194270860759	1234
20130815	123	123	123	470.9830276776682	1234
20130815	123	123	123	469.2647694875175	1234
20130815	123	123	123	478.8346082294871	1234
20130815	123	123	123	490.33534645410293	1234
20130815	123	123	123	518.9432056516933	1234
20130815	123	123	123	524.8760795951282	1234
20130815	123	123	123	513.102985733307	1234
20130815	123	123	123	500.9133906265971	1234
20130815	123	123	123	470.9293286281382	1234
20130815	123	123	123	465.8937567428701	1234
20130815	123	123	123	453.79624966954714	1234
20130815	123	123	123	425.45571313980645	1234
20130815	123	123	123	421.377597770132	1234
20130815	123	123	123	412.15331475161906	1234
20130815	123	123	123	378.8310230431275	1234
20130815	123	123	123	365.2391919203296	1234
20130815	123	123	123	365.658793977194	1234
20130815	123	123	123	357.4999999999998	1234
20130815	123	123	123	330.9062710284248	1234
20130815	123	123	123	306.92310176771963	1234
20130815	123	123	123	319.7692307692305	1234
20130815	123	123	123	305.2654900028849	1234
20130815	123	123	123	282.2083688998482	1234
20130815	123	123	123	282.0384615384612	1234
20130815	123	123	123	262.9925789552849	1234
20130815	123	123	123	236.40718915700342	1234
20130815	123	123	123	207.11579104448296	1234
20130815	123	123	123	194.6830155914523	1234
20130815	123	123	123	194.0	1234
20130815	123	123	123	19.290324384606148	1234
20130815	123	123	123	15.005451570604206	1234
20130815	123	123	123	8.7657568671464	1234
20130815	123	123	123	11.576388546448243	1234
20130815	123	123	123	3.3365068075353377	1234
20130815	123	123	123	7.213671628155403	1234
20130815	123	123	123	11.891754037905942	1234
20130815	123	123	123	19.72049391428474	1234
20130815	123	123	123	8.44362652784195	1234
20130815	123	123	123	12.619555260723843	1234
20130815	123	123	123	4.9577768252473176	1234
20130815	123	123	123	13.290369886275627	1234
20130815	123	123	123	15.36158030210398	1234
20130815	123	123	123	3.8388565787833673	1234
20130815	123	123	123	10.461994360746036	1234
20130815	123	123	123	0.5894312651877742	1234
20130815	123	123	123	1.2136292187311026	1234
20130815	123	123	123	11.272585427070767	1234
20130815	123	123	123	19.81837618636114	1234
20130815	123	123	123	7.677586313740122	1234
20130815	123	123	123	4.764895340474307	1234
20130815	123	123	123	2.4106984786586505	1234
20130815	123	123	123	6.445827746213522	1234
20130815	123	123	123	19.666781785568336	1234
20130815	123	123	123	7.801648926793394	1234
20130815	123	123	123	16.37148249006033	1234
20130815	123	123	123	1.9740281100580992	1234
20130815	123	123	123	8.03013492906172	1234
20130815	123	123	123	2.7123139352939485	1234
20130815	123	123	123	6.038078863422385	1234